2146.00000	   0.00000	   0.00000	   0.00000
   1.39531	   2.11956	   7.50000	       11B
   1.39531	   6.38029	   7.50000	       11B
   1.39531	  10.64102	   7.50000	       11B
   4.18594	   2.11956	   7.50000	       11B
   4.18594	   6.38029	   7.50000	       11B
   4.18594	  10.64102	   7.50000	       10B
   6.97656	   2.11956	   7.50000	       11B
   6.97656	   6.38029	   7.50000	       11B
   6.97656	  10.64102	   7.50000	       11B
   9.76719	   2.11956	   7.50000	       11B
   9.76719	   6.38029	   7.50000	       10B
   9.76719	  10.64102	   7.50000	       11B
  12.55781	   2.11956	   7.50000	       11B
  12.55781	   6.38029	   7.50000	       11B
  12.55781	  10.64102	   7.50000	       11B
  15.34844	   2.11956	   7.50000	       11B
  15.34844	   6.38029	   7.50000	       11B
  15.34844	  10.64102	   7.50000	       11B
  18.13906	   2.11956	   7.50000	       11B
  18.13906	   6.38029	   7.50000	       11B
  18.13906	  10.64102	   7.50000	       10B
  20.92969	   2.11956	   7.50000	       11B
  20.92969	   6.38029	   7.50000	       11B
  20.92969	  10.64102	   7.50000	       11B
  23.72031	   2.11956	   7.50000	       11B
  23.72031	   6.38029	   7.50000	       11B
  23.72031	  10.64102	   7.50000	       11B
   0.00000	   4.24992	   7.50000	       11B
   0.00000	   8.51065	   7.50000	       11B
   0.00000	  12.77138	   7.50000	       10B
   2.79062	   4.24992	   7.50000	       11B
   2.79062	   8.51065	   7.50000	       11B
   2.79062	  12.77138	   7.50000	       11B
   5.58125	   4.24992	   7.50000	       11B
   5.58125	   8.51065	   7.50000	       10B
   5.58125	  12.77138	   7.50000	       10B
   8.37187	   4.24992	   7.50000	       11B
   8.37187	   8.51065	   7.50000	       11B
   8.37187	  12.77138	   7.50000	       11B
  11.16250	   4.24992	   7.50000	       11B
  11.16250	   8.51065	   7.50000	       11B
  11.16250	  12.77138	   7.50000	       10B
  13.95313	   4.24992	   7.50000	       11B
  13.95313	   8.51065	   7.50000	       11B
  13.95313	  12.77138	   7.50000	       11B
  16.74375	   4.24992	   7.50000	       11B
  16.74375	   8.51065	   7.50000	       11B
  16.74375	  12.77138	   7.50000	       11B
  19.53438	   4.24992	   7.50000	       11B
  19.53438	   8.51065	   7.50000	       11B
  19.53438	  12.77138	   7.50000	       11B
  22.32500	   4.24992	   7.50000	       11B
  22.32500	   8.51065	   7.50000	       11B
  22.32500	  12.77138	   7.50000	       11B
   1.39531	   3.56383	   7.50000	       14N
   1.39531	   7.82456	   7.50000	       14N
   1.39531	  12.08529	   7.50000	       14N
   4.18594	   3.56383	   7.50000	       14N
   4.18594	   7.82456	   7.50000	       14N
   4.18594	  12.08529	   7.50000	       14N
   6.97656	   3.56383	   7.50000	       14N
   6.97656	   7.82456	   7.50000	       14N
   6.97656	  12.08529	   7.50000	       14N
   9.76719	   3.56383	   7.50000	       14N
   9.76719	   7.82456	   7.50000	       14N
   9.76719	  12.08529	   7.50000	       14N
  12.55781	   3.56383	   7.50000	       14N
  12.55781	   7.82456	   7.50000	       14N
  12.55781	  12.08529	   7.50000	       14N
  15.34844	   3.56383	   7.50000	       14N
  15.34844	   7.82456	   7.50000	       14N
  15.34844	  12.08529	   7.50000	       14N
  18.13906	   3.56383	   7.50000	       14N
  18.13906	   7.82456	   7.50000	       14N
  18.13906	  12.08529	   7.50000	       14N
  20.92969	   3.56383	   7.50000	       14N
  20.92969	   7.82456	   7.50000	       14N
  20.92969	  12.08529	   7.50000	       14N
  23.72031	   3.56383	   7.50000	       14N
  23.72031	   7.82456	   7.50000	       14N
  23.72031	  12.08529	   7.50000	       14N
   0.00000	   1.43346	   7.50000	       14N
   0.00000	   5.69419	   7.50000	       14N
   0.00000	   9.95492	   7.50000	       14N
   2.79062	   1.43346	   7.50000	       14N
   2.79062	   5.69419	   7.50000	       14N
   2.79062	   9.95492	   7.50000	       14N
   5.58125	   1.43346	   7.50000	       14N
   5.58125	   5.69419	   7.50000	       14N
   5.58125	   9.95492	   7.50000	       14N
   8.37187	   1.43346	   7.50000	       14N
   8.37187	   5.69419	   7.50000	       14N
   8.37187	   9.95492	   7.50000	       14N
  11.16250	   1.43346	   7.50000	       14N
  11.16250	   5.69419	   7.50000	       14N
  11.16250	   9.95492	   7.50000	       14N
  13.95313	   1.43346	   7.50000	       14N
  13.95313	   5.69419	   7.50000	       14N
  13.95313	   9.95492	   7.50000	       14N
  16.74375	   1.43346	   7.50000	       14N
  16.74375	   5.69419	   7.50000	       14N
  16.74375	   9.95492	   7.50000	       14N
  19.53438	   1.43346	   7.50000	       14N
  19.53438	   5.69419	   7.50000	       14N
  19.53438	   9.95492	   7.50000	       14N
  22.32500	   1.43346	   7.50000	       14N
  22.32500	   5.69419	   7.50000	       14N
  22.32500	   9.95492	   7.50000	       14N
   1.39531	  14.90175	   7.50000	       10B
   1.39531	  19.16247	   7.50000	       11B
   1.39531	  23.42320	   7.50000	       11B
   4.18594	  14.90175	   7.50000	       11B
   4.18594	  19.16247	   7.50000	       10B
   4.18594	  23.42320	   7.50000	       11B
   6.97656	  14.90175	   7.50000	       11B
   6.97656	  19.16247	   7.50000	       11B
   6.97656	  23.42320	   7.50000	       11B
   9.76719	  14.90175	   7.50000	       10B
   9.76719	  19.16247	   7.50000	       11B
   9.76719	  23.42320	   7.50000	       10B
  12.55781	  14.90175	   7.50000	       10B
  12.55781	  19.16247	   7.50000	       11B
  12.55781	  23.42320	   7.50000	       11B
  15.34844	  14.90175	   7.50000	       11B
  15.34844	  19.16247	   7.50000	       11B
  15.34844	  23.42320	   7.50000	       11B
  18.13906	  14.90175	   7.50000	       11B
  18.13906	  19.16247	   7.50000	       11B
  18.13906	  23.42320	   7.50000	       11B
  20.92969	  14.90175	   7.50000	       11B
  20.92969	  19.16247	   7.50000	       11B
  20.92969	  23.42320	   7.50000	       11B
  23.72031	  14.90175	   7.50000	       11B
  23.72031	  19.16247	   7.50000	       11B
  23.72031	  23.42320	   7.50000	       11B
   0.00000	  17.03211	   7.50000	       11B
   0.00000	  21.29284	   7.50000	       11B
   0.00000	  25.55356	   7.50000	       11B
   2.79062	  17.03211	   7.50000	       11B
   2.79062	  21.29284	   7.50000	       11B
   2.79062	  25.55356	   7.50000	       11B
   5.58125	  17.03211	   7.50000	       11B
   5.58125	  21.29284	   7.50000	       11B
   5.58125	  25.55356	   7.50000	       11B
   8.37187	  17.03211	   7.50000	       11B
   8.37187	  21.29284	   7.50000	       11B
   8.37187	  25.55356	   7.50000	       11B
  11.16250	  17.03211	   7.50000	       10B
  11.16250	  21.29284	   7.50000	       11B
  11.16250	  25.55356	   7.50000	       11B
  13.95313	  17.03211	   7.50000	       11B
  13.95313	  21.29284	   7.50000	       11B
  13.95313	  25.55356	   7.50000	       10B
  16.74375	  17.03211	   7.50000	       10B
  16.74375	  21.29284	   7.50000	       11B
  16.74375	  25.55356	   7.50000	       11B
  19.53438	  17.03211	   7.50000	       11B
  19.53438	  21.29284	   7.50000	       11B
  19.53438	  25.55356	   7.50000	       11B
  22.32500	  17.03211	   7.50000	       11B
  22.32500	  21.29284	   7.50000	       11B
  22.32500	  25.55356	   7.50000	       11B
   1.39531	  16.34601	   7.50000	       14N
   1.39531	  20.60674	   7.50000	       14N
   1.39531	  24.86747	   7.50000	       14N
   4.18594	  16.34601	   7.50000	       14N
   4.18594	  20.60674	   7.50000	       14N
   4.18594	  24.86747	   7.50000	       14N
   6.97656	  16.34601	   7.50000	       14N
   6.97656	  20.60674	   7.50000	       14N
   6.97656	  24.86747	   7.50000	       14N
   9.76719	  16.34601	   7.50000	       14N
   9.76719	  20.60674	   7.50000	       14N
   9.76719	  24.86747	   7.50000	       14N
  12.55781	  16.34601	   7.50000	       14N
  12.55781	  20.60674	   7.50000	       14N
  12.55781	  24.86747	   7.50000	       14N
  15.34844	  16.34601	   7.50000	       14N
  15.34844	  20.60674	   7.50000	       14N
  15.34844	  24.86747	   7.50000	       14N
  18.13906	  16.34601	   7.50000	       14N
  18.13906	  20.60674	   7.50000	       14N
  18.13906	  24.86747	   7.50000	       14N
  20.92969	  16.34601	   7.50000	       14N
  20.92969	  20.60674	   7.50000	       14N
  20.92969	  24.86747	   7.50000	       14N
  23.72031	  16.34601	   7.50000	       14N
  23.72031	  20.60674	   7.50000	       14N
  23.72031	  24.86747	   7.50000	       14N
   0.00000	  14.21565	   7.50000	       14N
   0.00000	  18.47637	   7.50000	       14N
   0.00000	  22.73710	   7.50000	       14N
   2.79062	  14.21565	   7.50000	       14N
   2.79062	  18.47637	   7.50000	       14N
   2.79062	  22.73710	   7.50000	       14N
   5.58125	  14.21565	   7.50000	       14N
   5.58125	  18.47637	   7.50000	       14N
   5.58125	  22.73710	   7.50000	       14N
   8.37187	  14.21565	   7.50000	       14N
   8.37187	  18.47637	   7.50000	       14N
   8.37187	  22.73710	   7.50000	       14N
  11.16250	  14.21565	   7.50000	       14N
  11.16250	  18.47637	   7.50000	       14N
  11.16250	  22.73710	   7.50000	       14N
  13.95313	  14.21565	   7.50000	       14N
  13.95313	  18.47637	   7.50000	       14N
  13.95313	  22.73710	   7.50000	       14N
  16.74375	  14.21565	   7.50000	       14N
  16.74375	  18.47637	   7.50000	       14N
  16.74375	  22.73710	   7.50000	       14N
  19.53438	  14.21565	   7.50000	       14N
  19.53438	  18.47637	   7.50000	       14N
  19.53438	  22.73710	   7.50000	       14N
  22.32500	  14.21565	   7.50000	       14N
  22.32500	  18.47637	   7.50000	       14N
  22.32500	  22.73710	   7.50000	       14N
   1.39531	  27.68393	   7.50000	       11B
   1.39531	  31.94466	   7.50000	       11B
   1.39531	  36.20539	   7.50000	       10B
   4.18594	  27.68393	   7.50000	       11B
   4.18594	  31.94466	   7.50000	       10B
   4.18594	  36.20539	   7.50000	       11B
   6.97656	  27.68393	   7.50000	       11B
   6.97656	  31.94466	   7.50000	       11B
   6.97656	  36.20539	   7.50000	       10B
   9.76719	  27.68393	   7.50000	       11B
   9.76719	  31.94466	   7.50000	       11B
   9.76719	  36.20539	   7.50000	       11B
  12.55781	  27.68393	   7.50000	       10B
  12.55781	  31.94466	   7.50000	       10B
  12.55781	  36.20539	   7.50000	       10B
  15.34844	  27.68393	   7.50000	       11B
  15.34844	  31.94466	   7.50000	       11B
  15.34844	  36.20539	   7.50000	       11B
  18.13906	  27.68393	   7.50000	       10B
  18.13906	  31.94466	   7.50000	       11B
  18.13906	  36.20539	   7.50000	       11B
  20.92969	  27.68393	   7.50000	       11B
  20.92969	  31.94466	   7.50000	       11B
  20.92969	  36.20539	   7.50000	       11B
  23.72031	  27.68393	   7.50000	       11B
  23.72031	  31.94466	   7.50000	       11B
  23.72031	  36.20539	   7.50000	       10B
   0.00000	  29.81429	   7.50000	       11B
   0.00000	  34.07502	   7.50000	       11B
   0.00000	  38.33575	   7.50000	       11B
   2.79062	  29.81429	   7.50000	       11B
   2.79062	  34.07502	   7.50000	       11B
   2.79062	  38.33575	   7.50000	       11B
   5.58125	  29.81429	   7.50000	       11B
   5.58125	  34.07502	   7.50000	       10B
   5.58125	  38.33575	   7.50000	       10B
   8.37187	  29.81429	   7.50000	       11B
   8.37187	  34.07502	   7.50000	       11B
   8.37187	  38.33575	   7.50000	       10B
  11.16250	  29.81429	   7.50000	       11B
  11.16250	  34.07502	   7.50000	       11B
  11.16250	  38.33575	   7.50000	       11B
  13.95313	  29.81429	   7.50000	       11B
  13.95313	  34.07502	   7.50000	       11B
  13.95313	  38.33575	   7.50000	       10B
  16.74375	  29.81429	   7.50000	       11B
  16.74375	  34.07502	   7.50000	       11B
  16.74375	  38.33575	   7.50000	       11B
  19.53438	  29.81429	   7.50000	       11B
  19.53438	  34.07502	   7.50000	       10B
  19.53438	  38.33575	   7.50000	       10B
  22.32500	  29.81429	   7.50000	       11B
  22.32500	  34.07502	   7.50000	       11B
  22.32500	  38.33575	   7.50000	       11B
   1.39531	  29.12820	   7.50000	       14N
   1.39531	  33.38893	   7.50000	       14N
   1.39531	  37.64966	   7.50000	       14N
   4.18594	  29.12820	   7.50000	       14N
   4.18594	  33.38893	   7.50000	       14N
   4.18594	  37.64966	   7.50000	       14N
   6.97656	  29.12820	   7.50000	       14N
   6.97656	  33.38893	   7.50000	       14N
   6.97656	  37.64966	   7.50000	       14N
   9.76719	  29.12820	   7.50000	       14N
   9.76719	  33.38893	   7.50000	       14N
   9.76719	  37.64966	   7.50000	       14N
  12.55781	  29.12820	   7.50000	       14N
  12.55781	  33.38893	   7.50000	       14N
  12.55781	  37.64966	   7.50000	       14N
  15.34844	  29.12820	   7.50000	       14N
  15.34844	  33.38893	   7.50000	       14N
  15.34844	  37.64966	   7.50000	       14N
  18.13906	  29.12820	   7.50000	       14N
  18.13906	  33.38893	   7.50000	       14N
  18.13906	  37.64966	   7.50000	       14N
  20.92969	  29.12820	   7.50000	       14N
  20.92969	  33.38893	   7.50000	       14N
  20.92969	  37.64966	   7.50000	       14N
  23.72031	  29.12820	   7.50000	       14N
  23.72031	  33.38893	   7.50000	       14N
  23.72031	  37.64966	   7.50000	       14N
   0.00000	  26.99783	   7.50000	       14N
   0.00000	  31.25856	   7.50000	       14N
   0.00000	  35.51929	   7.50000	       14N
   2.79062	  26.99783	   7.50000	       14N
   2.79062	  31.25856	   7.50000	       14N
   2.79062	  35.51929	   7.50000	       14N
   5.58125	  26.99783	   7.50000	       14N
   5.58125	  31.25856	   7.50000	       14N
   5.58125	  35.51929	   7.50000	       14N
   8.37187	  26.99783	   7.50000	       14N
   8.37187	  31.25856	   7.50000	       14N
   8.37187	  35.51929	   7.50000	       14N
  11.16250	  26.99783	   7.50000	       14N
  11.16250	  31.25856	   7.50000	       14N
  11.16250	  35.51929	   7.50000	       14N
  13.95313	  26.99783	   7.50000	       14N
  13.95313	  31.25856	   7.50000	       14N
  13.95313	  35.51929	   7.50000	       14N
  16.74375	  26.99783	   7.50000	       14N
  16.74375	  31.25856	   7.50000	       14N
  16.74375	  35.51929	   7.50000	       14N
  19.53438	  26.99783	   7.50000	       14N
  19.53438	  31.25856	   7.50000	       14N
  19.53438	  35.51929	   7.50000	       14N
  22.32500	  26.99783	   7.50000	       14N
  22.32500	  31.25856	   7.50000	       14N
  22.32500	  35.51929	   7.50000	       14N
   1.39531	  40.46612	   7.50000	       11B
   1.39531	  44.72684	   7.50000	       10B
   1.39531	  48.98757	   7.50000	       11B
   4.18594	  40.46612	   7.50000	       11B
   4.18594	  44.72684	   7.50000	       11B
   4.18594	  48.98757	   7.50000	       11B
   6.97656	  40.46612	   7.50000	       11B
   6.97656	  44.72684	   7.50000	       10B
   6.97656	  48.98757	   7.50000	       10B
   9.76719	  40.46612	   7.50000	       11B
   9.76719	  44.72684	   7.50000	       11B
   9.76719	  48.98757	   7.50000	       11B
  12.55781	  40.46612	   7.50000	       11B
  12.55781	  44.72684	   7.50000	       11B
  12.55781	  48.98757	   7.50000	       11B
  15.34844	  40.46612	   7.50000	       11B
  15.34844	  44.72684	   7.50000	       11B
  15.34844	  48.98757	   7.50000	       11B
  18.13906	  40.46612	   7.50000	       11B
  18.13906	  44.72684	   7.50000	       11B
  18.13906	  48.98757	   7.50000	       10B
  20.92969	  40.46612	   7.50000	       11B
  20.92969	  44.72684	   7.50000	       11B
  20.92969	  48.98757	   7.50000	       11B
  23.72031	  40.46612	   7.50000	       10B
  23.72031	  44.72684	   7.50000	       10B
  23.72031	  48.98757	   7.50000	       11B
   0.00000	  42.59648	   7.50000	       11B
   0.00000	  46.85721	   7.50000	       11B
   0.00000	  51.11793	   7.50000	       11B
   2.79062	  42.59648	   7.50000	       11B
   2.79062	  46.85721	   7.50000	       11B
   2.79062	  51.11793	   7.50000	       10B
   5.58125	  42.59648	   7.50000	       10B
   5.58125	  46.85721	   7.50000	       10B
   5.58125	  51.11793	   7.50000	       11B
   8.37187	  42.59648	   7.50000	       11B
   8.37187	  46.85721	   7.50000	       11B
   8.37187	  51.11793	   7.50000	       11B
  11.16250	  42.59648	   7.50000	       11B
  11.16250	  46.85721	   7.50000	       10B
  11.16250	  51.11793	   7.50000	       10B
  13.95313	  42.59648	   7.50000	       10B
  13.95313	  46.85721	   7.50000	       10B
  13.95313	  51.11793	   7.50000	       11B
  16.74375	  42.59648	   7.50000	       11B
  16.74375	  46.85721	   7.50000	       11B
  16.74375	  51.11793	   7.50000	       11B
  19.53438	  42.59648	   7.50000	       11B
  19.53438	  46.85721	   7.50000	       11B
  19.53438	  51.11793	   7.50000	       11B
  22.32500	  42.59648	   7.50000	       11B
  22.32500	  46.85721	   7.50000	       10B
  22.32500	  51.11793	   7.50000	       11B
   1.39531	  41.91038	   7.50000	       14N
   1.39531	  46.17111	   7.50000	       14N
   1.39531	  50.43184	   7.50000	       14N
   4.18594	  41.91038	   7.50000	       14N
   4.18594	  46.17111	   7.50000	       14N
   4.18594	  50.43184	   7.50000	       14N
   6.97656	  41.91038	   7.50000	       14N
   6.97656	  46.17111	   7.50000	       14N
   6.97656	  50.43184	   7.50000	       14N
   9.76719	  41.91038	   7.50000	       14N
   9.76719	  46.17111	   7.50000	       14N
   9.76719	  50.43184	   7.50000	       14N
  12.55781	  41.91038	   7.50000	       14N
  12.55781	  46.17111	   7.50000	       14N
  12.55781	  50.43184	   7.50000	       14N
  15.34844	  41.91038	   7.50000	       14N
  15.34844	  46.17111	   7.50000	       14N
  15.34844	  50.43184	   7.50000	       14N
  18.13906	  41.91038	   7.50000	       14N
  18.13906	  46.17111	   7.50000	       14N
  18.13906	  50.43184	   7.50000	       14N
  20.92969	  41.91038	   7.50000	       14N
  20.92969	  46.17111	   7.50000	       14N
  20.92969	  50.43184	   7.50000	       14N
  23.72031	  41.91038	   7.50000	       14N
  23.72031	  46.17111	   7.50000	       14N
  23.72031	  50.43184	   7.50000	       14N
   0.00000	  39.78002	   7.50000	       14N
   0.00000	  44.04074	   7.50000	       14N
   0.00000	  48.30147	   7.50000	       14N
   2.79062	  39.78002	   7.50000	       14N
   2.79062	  44.04074	   7.50000	       14N
   2.79062	  48.30147	   7.50000	       14N
   5.58125	  39.78002	   7.50000	       14N
   5.58125	  44.04074	   7.50000	       14N
   5.58125	  48.30147	   7.50000	       14N
   8.37187	  39.78002	   7.50000	       14N
   8.37187	  44.04074	   7.50000	       14N
   8.37187	  48.30147	   7.50000	       14N
  11.16250	  39.78002	   7.50000	       14N
  11.16250	  44.04074	   7.50000	       14N
  11.16250	  48.30147	   7.50000	       14N
  13.95313	  39.78002	   7.50000	       14N
  13.95313	  44.04074	   7.50000	       14N
  13.95313	  48.30147	   7.50000	       14N
  16.74375	  39.78002	   7.50000	       14N
  16.74375	  44.04074	   7.50000	       14N
  16.74375	  48.30147	   7.50000	       14N
  19.53438	  39.78002	   7.50000	       14N
  19.53438	  44.04074	   7.50000	       14N
  19.53438	  48.30147	   7.50000	       14N
  22.32500	  39.78002	   7.50000	       14N
  22.32500	  44.04074	   7.50000	       14N
  22.32500	  48.30147	   7.50000	       14N
   1.39531	  53.24830	   7.50000	       10B
   1.39531	  57.50903	   7.50000	       11B
   1.39531	  61.76976	   7.50000	       11B
   4.18594	  53.24830	   7.50000	       10B
   4.18594	  57.50903	   7.50000	       11B
   4.18594	  61.76976	   7.50000	       11B
   6.97656	  53.24830	   7.50000	       11B
   6.97656	  57.50903	   7.50000	       11B
   6.97656	  61.76976	   7.50000	       10B
   9.76719	  53.24830	   7.50000	       11B
   9.76719	  57.50903	   7.50000	       11B
   9.76719	  61.76976	   7.50000	       11B
  12.55781	  53.24830	   7.50000	       11B
  12.55781	  57.50903	   7.50000	       11B
  12.55781	  61.76976	   7.50000	       11B
  15.34844	  53.24830	   7.50000	       11B
  15.34844	  57.50903	   7.50000	       10B
  15.34844	  61.76976	   7.50000	       10B
  18.13906	  53.24830	   7.50000	       11B
  18.13906	  57.50903	   7.50000	       11B
  18.13906	  61.76976	   7.50000	       11B
  20.92969	  53.24830	   7.50000	       11B
  20.92969	  57.50903	   7.50000	       11B
  20.92969	  61.76976	   7.50000	       11B
  23.72031	  53.24830	   7.50000	       11B
  23.72031	  57.50903	   7.50000	       11B
  23.72031	  61.76976	   7.50000	       11B
   0.00000	  55.37866	   7.50000	       11B
   0.00000	  59.63939	   7.50000	       11B
   0.00000	  63.90012	   7.50000	       11B
   2.79062	  55.37866	   7.50000	       11B
   2.79062	  59.63939	   7.50000	       11B
   2.79062	  63.90012	   7.50000	       11B
   5.58125	  55.37866	   7.50000	       11B
   5.58125	  59.63939	   7.50000	       11B
   5.58125	  63.90012	   7.50000	       11B
   8.37187	  55.37866	   7.50000	       11B
   8.37187	  59.63939	   7.50000	       11B
   8.37187	  63.90012	   7.50000	       11B
  11.16250	  55.37866	   7.50000	       11B
  11.16250	  59.63939	   7.50000	       11B
  11.16250	  63.90012	   7.50000	       10B
  13.95313	  55.37866	   7.50000	       11B
  13.95313	  59.63939	   7.50000	       11B
  13.95313	  63.90012	   7.50000	       11B
  16.74375	  55.37866	   7.50000	       11B
  16.74375	  59.63939	   7.50000	       11B
  16.74375	  63.90012	   7.50000	       11B
  19.53438	  55.37866	   7.50000	       10B
  19.53438	  59.63939	   7.50000	       11B
  19.53438	  63.90012	   7.50000	       10B
  22.32500	  55.37866	   7.50000	       11B
  22.32500	  59.63939	   7.50000	       11B
  22.32500	  63.90012	   7.50000	       11B
   1.39531	  54.69257	   7.50000	       14N
   1.39531	  58.95330	   7.50000	       14N
   1.39531	  63.21403	   7.50000	       14N
   4.18594	  54.69257	   7.50000	       14N
   4.18594	  58.95330	   7.50000	       14N
   4.18594	  63.21403	   7.50000	       14N
   6.97656	  54.69257	   7.50000	       14N
   6.97656	  58.95330	   7.50000	       14N
   6.97656	  63.21403	   7.50000	       14N
   9.76719	  54.69257	   7.50000	       14N
   9.76719	  58.95330	   7.50000	       14N
   9.76719	  63.21403	   7.50000	       14N
  12.55781	  54.69257	   7.50000	       14N
  12.55781	  58.95330	   7.50000	       14N
  12.55781	  63.21403	   7.50000	       14N
  15.34844	  54.69257	   7.50000	       14N
  15.34844	  58.95330	   7.50000	       14N
  15.34844	  63.21403	   7.50000	       14N
  18.13906	  54.69257	   7.50000	       14N
  18.13906	  58.95330	   7.50000	       14N
  18.13906	  63.21403	   7.50000	       14N
  20.92969	  54.69257	   7.50000	       14N
  20.92969	  58.95330	   7.50000	       14N
  20.92969	  63.21403	   7.50000	       14N
  23.72031	  54.69257	   7.50000	       14N
  23.72031	  58.95330	   7.50000	       14N
  23.72031	  63.21403	   7.50000	       14N
   0.00000	  52.56220	   7.50000	       14N
   0.00000	  56.82293	   7.50000	       14N
   0.00000	  61.08366	   7.50000	       14N
   2.79062	  52.56220	   7.50000	       14N
   2.79062	  56.82293	   7.50000	       14N
   2.79062	  61.08366	   7.50000	       14N
   5.58125	  52.56220	   7.50000	       14N
   5.58125	  56.82293	   7.50000	       14N
   5.58125	  61.08366	   7.50000	       14N
   8.37187	  52.56220	   7.50000	       14N
   8.37187	  56.82293	   7.50000	       14N
   8.37187	  61.08366	   7.50000	       14N
  11.16250	  52.56220	   7.50000	       14N
  11.16250	  56.82293	   7.50000	       14N
  11.16250	  61.08366	   7.50000	       14N
  13.95313	  52.56220	   7.50000	       14N
  13.95313	  56.82293	   7.50000	       14N
  13.95313	  61.08366	   7.50000	       14N
  16.74375	  52.56220	   7.50000	       14N
  16.74375	  56.82293	   7.50000	       14N
  16.74375	  61.08366	   7.50000	       14N
  19.53438	  52.56220	   7.50000	       14N
  19.53438	  56.82293	   7.50000	       14N
  19.53438	  61.08366	   7.50000	       14N
  22.32500	  52.56220	   7.50000	       14N
  22.32500	  56.82293	   7.50000	       14N
  22.32500	  61.08366	   7.50000	       14N
   1.39531	  66.03049	   7.50000	       10B
   1.39531	  70.29122	   7.50000	       11B
   1.39531	  74.55194	   7.50000	       11B
   4.18594	  66.03049	   7.50000	       11B
   4.18594	  70.29122	   7.50000	       11B
   4.18594	  74.55194	   7.50000	       11B
   6.97656	  66.03049	   7.50000	       11B
   6.97656	  70.29122	   7.50000	       11B
   6.97656	  74.55194	   7.50000	       11B
   9.76719	  66.03049	   7.50000	       11B
   9.76719	  70.29122	   7.50000	       11B
   9.76719	  74.55194	   7.50000	       11B
  12.55781	  66.03049	   7.50000	       11B
  12.55781	  70.29122	   7.50000	       11B
  12.55781	  74.55194	   7.50000	       10B
  15.34844	  66.03049	   7.50000	       11B
  15.34844	  70.29122	   7.50000	       11B
  15.34844	  74.55194	   7.50000	       11B
  18.13906	  66.03049	   7.50000	       11B
  18.13906	  70.29122	   7.50000	       10B
  18.13906	  74.55194	   7.50000	       11B
  20.92969	  66.03049	   7.50000	       11B
  20.92969	  70.29122	   7.50000	       10B
  20.92969	  74.55194	   7.50000	       11B
  23.72031	  66.03049	   7.50000	       10B
  23.72031	  70.29122	   7.50000	       11B
  23.72031	  74.55194	   7.50000	       11B
   0.00000	  68.16085	   7.50000	       11B
   0.00000	  72.42158	   7.50000	       11B
   0.00000	  76.68230	   7.50000	       11B
   2.79062	  68.16085	   7.50000	       10B
   2.79062	  72.42158	   7.50000	       11B
   2.79062	  76.68230	   7.50000	       11B
   5.58125	  68.16085	   7.50000	       11B
   5.58125	  72.42158	   7.50000	       11B
   5.58125	  76.68230	   7.50000	       10B
   8.37187	  68.16085	   7.50000	       10B
   8.37187	  72.42158	   7.50000	       11B
   8.37187	  76.68230	   7.50000	       11B
  11.16250	  68.16085	   7.50000	       11B
  11.16250	  72.42158	   7.50000	       11B
  11.16250	  76.68230	   7.50000	       11B
  13.95313	  68.16085	   7.50000	       11B
  13.95313	  72.42158	   7.50000	       10B
  13.95313	  76.68230	   7.50000	       11B
  16.74375	  68.16085	   7.50000	       10B
  16.74375	  72.42158	   7.50000	       11B
  16.74375	  76.68230	   7.50000	       10B
  19.53438	  68.16085	   7.50000	       11B
  19.53438	  72.42158	   7.50000	       11B
  19.53438	  76.68230	   7.50000	       11B
  22.32500	  68.16085	   7.50000	       11B
  22.32500	  72.42158	   7.50000	       11B
  22.32500	  76.68230	   7.50000	       11B
   1.39531	  67.47475	   7.50000	       14N
   1.39531	  71.73548	   7.50000	       14N
   1.39531	  75.99621	   7.50000	       14N
   4.18594	  67.47475	   7.50000	       14N
   4.18594	  71.73548	   7.50000	       14N
   4.18594	  75.99621	   7.50000	       14N
   6.97656	  67.47475	   7.50000	       14N
   6.97656	  71.73548	   7.50000	       14N
   6.97656	  75.99621	   7.50000	       14N
   9.76719	  67.47475	   7.50000	       14N
   9.76719	  71.73548	   7.50000	       14N
   9.76719	  75.99621	   7.50000	       14N
  12.55781	  67.47475	   7.50000	       14N
  12.55781	  71.73548	   7.50000	       14N
  12.55781	  75.99621	   7.50000	       14N
  15.34844	  67.47475	   7.50000	       14N
  15.34844	  71.73548	   7.50000	       14N
  15.34844	  75.99621	   7.50000	       14N
  18.13906	  67.47475	   7.50000	       14N
  18.13906	  71.73548	   7.50000	       14N
  18.13906	  75.99621	   7.50000	       14N
  20.92969	  67.47475	   7.50000	       14N
  20.92969	  71.73548	   7.50000	       14N
  20.92969	  75.99621	   7.50000	       14N
  23.72031	  67.47475	   7.50000	       14N
  23.72031	  71.73548	   7.50000	       14N
  23.72031	  75.99621	   7.50000	       14N
   0.00000	  65.34439	   7.50000	       14N
   0.00000	  69.60511	   7.50000	       14N
   0.00000	  73.86584	   7.50000	       14N
   2.79062	  65.34439	   7.50000	       14N
   2.79062	  69.60511	   7.50000	       14N
   2.79062	  73.86584	   7.50000	       14N
   5.58125	  65.34439	   7.50000	       14N
   5.58125	  69.60511	   7.50000	       14N
   5.58125	  73.86584	   7.50000	       14N
   8.37187	  65.34439	   7.50000	       14N
   8.37187	  69.60511	   7.50000	       14N
   8.37187	  73.86584	   7.50000	       14N
  11.16250	  65.34439	   7.50000	       14N
  11.16250	  69.60511	   7.50000	       14N
  11.16250	  73.86584	   7.50000	       14N
  13.95313	  65.34439	   7.50000	       14N
  13.95313	  69.60511	   7.50000	       14N
  13.95313	  73.86584	   7.50000	       14N
  16.74375	  65.34439	   7.50000	       14N
  16.74375	  69.60511	   7.50000	       14N
  16.74375	  73.86584	   7.50000	       14N
  19.53438	  65.34439	   7.50000	       14N
  19.53438	  69.60511	   7.50000	       14N
  19.53438	  73.86584	   7.50000	       14N
  22.32500	  65.34439	   7.50000	       14N
  22.32500	  69.60511	   7.50000	       14N
  22.32500	  73.86584	   7.50000	       14N
   1.39531	  78.81267	   7.50000	       11B
   4.18594	  78.81267	   7.50000	       10B
   6.97656	  78.81267	   7.50000	       11B
   9.76719	  78.81267	   7.50000	       11B
  12.55781	  78.81267	   7.50000	       11B
  15.34844	  78.81267	   7.50000	       11B
  18.13906	  78.81267	   7.50000	       11B
  20.92969	  78.81267	   7.50000	       11B
  23.72031	  78.81267	   7.50000	       11B
   0.00000	  78.12657	   7.50000	       14N
   2.79062	  78.12657	   7.50000	       14N
   5.58125	  78.12657	   7.50000	       14N
   8.37187	  78.12657	   7.50000	       14N
  11.16250	  78.12657	   7.50000	       14N
  13.95313	  78.12657	   7.50000	       14N
  16.74375	  78.12657	   7.50000	       14N
  19.53438	  78.12657	   7.50000	       15N
  22.32500	  78.12657	   7.50000	       14N
  26.51094	   2.11956	   7.50000	       11B
  26.51094	   6.38029	   7.50000	       11B
  26.51094	  10.64102	   7.50000	       11B
  29.30156	   2.11956	   7.50000	       11B
  29.30156	   6.38029	   7.50000	       11B
  29.30156	  10.64102	   7.50000	       11B
  32.09219	   2.11956	   7.50000	       11B
  32.09219	   6.38029	   7.50000	       11B
  32.09219	  10.64102	   7.50000	       10B
  34.88281	   2.11956	   7.50000	       11B
  34.88281	   6.38029	   7.50000	       10B
  34.88281	  10.64102	   7.50000	       11B
  37.67344	   2.11956	   7.50000	       11B
  37.67344	   6.38029	   7.50000	       10B
  37.67344	  10.64102	   7.50000	       10B
  40.46406	   2.11956	   7.50000	       11B
  40.46406	   6.38029	   7.50000	       11B
  40.46406	  10.64102	   7.50000	       10B
  43.25469	   2.11956	   7.50000	       11B
  43.25469	   6.38029	   7.50000	       10B
  43.25469	  10.64102	   7.50000	       11B
  46.04531	   2.11956	   7.50000	       11B
  46.04531	   6.38029	   7.50000	       11B
  46.04531	  10.64102	   7.50000	       11B
  48.83594	   2.11956	   7.50000	       11B
  48.83594	   6.38029	   7.50000	       11B
  48.83594	  10.64102	   7.50000	       11B
  25.11563	   4.24992	   7.50000	       11B
  25.11563	   8.51065	   7.50000	       11B
  25.11563	  12.77138	   7.50000	       11B
  27.90625	   4.24992	   7.50000	       11B
  27.90625	   8.51065	   7.50000	       11B
  27.90625	  12.77138	   7.50000	       11B
  30.69687	   4.24992	   7.50000	       11B
  30.69687	   8.51065	   7.50000	       11B
  30.69687	  12.77138	   7.50000	       11B
  33.48750	   4.24992	   7.50000	       11B
  33.48750	   8.51065	   7.50000	       11B
  33.48750	  12.77138	   7.50000	       10B
  36.27812	   4.24992	   7.50000	       11B
  36.27812	   8.51065	   7.50000	       11B
  36.27812	  12.77138	   7.50000	       11B
  39.06875	   4.24992	   7.50000	       11B
  39.06875	   8.51065	   7.50000	       11B
  39.06875	  12.77138	   7.50000	       11B
  41.85938	   4.24992	   7.50000	       10B
  41.85938	   8.51065	   7.50000	       11B
  41.85938	  12.77138	   7.50000	       11B
  44.65000	   4.24992	   7.50000	       11B
  44.65000	   8.51065	   7.50000	       11B
  44.65000	  12.77138	   7.50000	       11B
  47.44063	   4.24992	   7.50000	       11B
  47.44063	   8.51065	   7.50000	       10B
  47.44063	  12.77138	   7.50000	       11B
  26.51094	   3.56383	   7.50000	       14N
  26.51094	   7.82456	   7.50000	       14N
  26.51094	  12.08529	   7.50000	       14N
  29.30156	   3.56383	   7.50000	       14N
  29.30156	   7.82456	   7.50000	       14N
  29.30156	  12.08529	   7.50000	       14N
  32.09219	   3.56383	   7.50000	       14N
  32.09219	   7.82456	   7.50000	       14N
  32.09219	  12.08529	   7.50000	       14N
  34.88281	   3.56383	   7.50000	       14N
  34.88281	   7.82456	   7.50000	       14N
  34.88281	  12.08529	   7.50000	       14N
  37.67344	   3.56383	   7.50000	       14N
  37.67344	   7.82456	   7.50000	       14N
  37.67344	  12.08529	   7.50000	       14N
  40.46406	   3.56383	   7.50000	       14N
  40.46406	   7.82456	   7.50000	       14N
  40.46406	  12.08529	   7.50000	       14N
  43.25469	   3.56383	   7.50000	       14N
  43.25469	   7.82456	   7.50000	       14N
  43.25469	  12.08529	   7.50000	       14N
  46.04531	   3.56383	   7.50000	       14N
  46.04531	   7.82456	   7.50000	       14N
  46.04531	  12.08529	   7.50000	       14N
  48.83594	   3.56383	   7.50000	       14N
  48.83594	   7.82456	   7.50000	       14N
  48.83594	  12.08529	   7.50000	       14N
  25.11563	   1.43346	   7.50000	       14N
  25.11563	   5.69419	   7.50000	       14N
  25.11563	   9.95492	   7.50000	       14N
  27.90625	   1.43346	   7.50000	       14N
  27.90625	   5.69419	   7.50000	       15N
  27.90625	   9.95492	   7.50000	       14N
  30.69687	   1.43346	   7.50000	       14N
  30.69687	   5.69419	   7.50000	       14N
  30.69687	   9.95492	   7.50000	       14N
  33.48750	   1.43346	   7.50000	       14N
  33.48750	   5.69419	   7.50000	       14N
  33.48750	   9.95492	   7.50000	       14N
  36.27812	   1.43346	   7.50000	       14N
  36.27812	   5.69419	   7.50000	       14N
  36.27812	   9.95492	   7.50000	       14N
  39.06875	   1.43346	   7.50000	       14N
  39.06875	   5.69419	   7.50000	       14N
  39.06875	   9.95492	   7.50000	       14N
  41.85938	   1.43346	   7.50000	       14N
  41.85938	   5.69419	   7.50000	       14N
  41.85938	   9.95492	   7.50000	       14N
  44.65000	   1.43346	   7.50000	       14N
  44.65000	   5.69419	   7.50000	       14N
  44.65000	   9.95492	   7.50000	       14N
  47.44063	   1.43346	   7.50000	       14N
  47.44063	   5.69419	   7.50000	       14N
  47.44063	   9.95492	   7.50000	       14N
  26.51094	  14.90175	   7.50000	       11B
  26.51094	  19.16247	   7.50000	       10B
  26.51094	  23.42320	   7.50000	       11B
  29.30156	  14.90175	   7.50000	       11B
  29.30156	  19.16247	   7.50000	       11B
  29.30156	  23.42320	   7.50000	       11B
  32.09219	  14.90175	   7.50000	       11B
  32.09219	  19.16247	   7.50000	       11B
  32.09219	  23.42320	   7.50000	       10B
  34.88281	  14.90175	   7.50000	       11B
  34.88281	  19.16247	   7.50000	       11B
  34.88281	  23.42320	   7.50000	       11B
  37.67344	  14.90175	   7.50000	       10B
  37.67344	  19.16247	   7.50000	       10B
  37.67344	  23.42320	   7.50000	       11B
  40.46406	  14.90175	   7.50000	       11B
  40.46406	  19.16247	   7.50000	       11B
  40.46406	  23.42320	   7.50000	       11B
  43.25469	  14.90175	   7.50000	       10B
  43.25469	  19.16247	   7.50000	       11B
  43.25469	  23.42320	   7.50000	       11B
  46.04531	  14.90175	   7.50000	       11B
  46.04531	  19.16247	   7.50000	       11B
  46.04531	  23.42320	   7.50000	       11B
  48.83594	  14.90175	   7.50000	       10B
  48.83594	  19.16247	   7.50000	       11B
  48.83594	  23.42320	   7.50000	       11B
  25.11563	  17.03211	   7.50000	       11B
  25.11563	  21.29284	   7.50000	       11B
  25.11563	  25.55356	   7.50000	       10B
  27.90625	  17.03211	   7.50000	       11B
  27.90625	  21.29284	   7.50000	       11B
  27.90625	  25.55356	   7.50000	       11B
  30.69687	  17.03211	   7.50000	       11B
  30.69687	  21.29284	   7.50000	       11B
  30.69687	  25.55356	   7.50000	       10B
  33.48750	  17.03211	   7.50000	       11B
  33.48750	  21.29284	   7.50000	       11B
  33.48750	  25.55356	   7.50000	       10B
  36.27812	  17.03211	   7.50000	       10B
  36.27812	  21.29284	   7.50000	       11B
  36.27812	  25.55356	   7.50000	       11B
  39.06875	  17.03211	   7.50000	       11B
  39.06875	  21.29284	   7.50000	       11B
  39.06875	  25.55356	   7.50000	       11B
  41.85938	  17.03211	   7.50000	       11B
  41.85938	  21.29284	   7.50000	       11B
  41.85938	  25.55356	   7.50000	       11B
  44.65000	  17.03211	   7.50000	       11B
  44.65000	  21.29284	   7.50000	       11B
  44.65000	  25.55356	   7.50000	       11B
  47.44063	  17.03211	   7.50000	       11B
  47.44063	  21.29284	   7.50000	       11B
  47.44063	  25.55356	   7.50000	       11B
  26.51094	  16.34601	   7.50000	       14N
  26.51094	  20.60674	   7.50000	       14N
  26.51094	  24.86747	   7.50000	       14N
  29.30156	  16.34601	   7.50000	       14N
  29.30156	  20.60674	   7.50000	       14N
  29.30156	  24.86747	   7.50000	       14N
  32.09219	  16.34601	   7.50000	       14N
  32.09219	  20.60674	   7.50000	       14N
  32.09219	  24.86747	   7.50000	       14N
  34.88281	  16.34601	   7.50000	       14N
  34.88281	  20.60674	   7.50000	       14N
  34.88281	  24.86747	   7.50000	       14N
  37.67344	  16.34601	   7.50000	       14N
  37.67344	  20.60674	   7.50000	       14N
  37.67344	  24.86747	   7.50000	       14N
  40.46406	  16.34601	   7.50000	       14N
  40.46406	  20.60674	   7.50000	       14N
  40.46406	  24.86747	   7.50000	       14N
  43.25469	  16.34601	   7.50000	       14N
  43.25469	  20.60674	   7.50000	       14N
  43.25469	  24.86747	   7.50000	       14N
  46.04531	  16.34601	   7.50000	       14N
  46.04531	  20.60674	   7.50000	       14N
  46.04531	  24.86747	   7.50000	       14N
  48.83594	  16.34601	   7.50000	       14N
  48.83594	  20.60674	   7.50000	       14N
  48.83594	  24.86747	   7.50000	       14N
  25.11563	  14.21565	   7.50000	       14N
  25.11563	  18.47637	   7.50000	       14N
  25.11563	  22.73710	   7.50000	       14N
  27.90625	  14.21565	   7.50000	       14N
  27.90625	  18.47637	   7.50000	       14N
  27.90625	  22.73710	   7.50000	       14N
  30.69687	  14.21565	   7.50000	       14N
  30.69687	  18.47637	   7.50000	       14N
  30.69687	  22.73710	   7.50000	       14N
  33.48750	  14.21565	   7.50000	       14N
  33.48750	  18.47637	   7.50000	       14N
  33.48750	  22.73710	   7.50000	       14N
  36.27812	  14.21565	   7.50000	       14N
  36.27812	  18.47637	   7.50000	       14N
  36.27812	  22.73710	   7.50000	       14N
  39.06875	  14.21565	   7.50000	       14N
  39.06875	  18.47637	   7.50000	       14N
  39.06875	  22.73710	   7.50000	       14N
  41.85938	  14.21565	   7.50000	       14N
  41.85938	  18.47637	   7.50000	       14N
  41.85938	  22.73710	   7.50000	       14N
  44.65000	  14.21565	   7.50000	       14N
  44.65000	  18.47637	   7.50000	       14N
  44.65000	  22.73710	   7.50000	       14N
  47.44063	  14.21565	   7.50000	       14N
  47.44063	  18.47637	   7.50000	       14N
  47.44063	  22.73710	   7.50000	       14N
  26.51094	  27.68393	   7.50000	       10B
  26.51094	  31.94466	   7.50000	       10B
  26.51094	  36.20539	   7.50000	       11B
  29.30156	  27.68393	   7.50000	       11B
  29.30156	  31.94466	   7.50000	       11B
  29.30156	  36.20539	   7.50000	       11B
  32.09219	  27.68393	   7.50000	       11B
  32.09219	  31.94466	   7.50000	       11B
  32.09219	  36.20539	   7.50000	       11B
  34.88281	  27.68393	   7.50000	       11B
  34.88281	  31.94466	   7.50000	       11B
  34.88281	  36.20539	   7.50000	       11B
  37.67344	  27.68393	   7.50000	       11B
  37.67344	  31.94466	   7.50000	       10B
  37.67344	  36.20539	   7.50000	       11B
  40.46406	  27.68393	   7.50000	       10B
  40.46406	  31.94466	   7.50000	       11B
  40.46406	  36.20539	   7.50000	       10B
  43.25469	  27.68393	   7.50000	       11B
  43.25469	  31.94466	   7.50000	       10B
  43.25469	  36.20539	   7.50000	       11B
  46.04531	  27.68393	   7.50000	       11B
  46.04531	  31.94466	   7.50000	       10B
  46.04531	  36.20539	   7.50000	       11B
  48.83594	  27.68393	   7.50000	       10B
  48.83594	  31.94466	   7.50000	       11B
  48.83594	  36.20539	   7.50000	       11B
  25.11563	  29.81429	   7.50000	       11B
  25.11563	  34.07502	   7.50000	       11B
  25.11563	  38.33575	   7.50000	       11B
  27.90625	  29.81429	   7.50000	       11B
  27.90625	  34.07502	   7.50000	       11B
  27.90625	  38.33575	   7.50000	       11B
  30.69687	  29.81429	   7.50000	       11B
  30.69687	  34.07502	   7.50000	       11B
  30.69687	  38.33575	   7.50000	       10B
  33.48750	  29.81429	   7.50000	       10B
  33.48750	  34.07502	   7.50000	       11B
  33.48750	  38.33575	   7.50000	       11B
  36.27812	  29.81429	   7.50000	       11B
  36.27812	  34.07502	   7.50000	       11B
  36.27812	  38.33575	   7.50000	       11B
  39.06875	  29.81429	   7.50000	       10B
  39.06875	  34.07502	   7.50000	       11B
  39.06875	  38.33575	   7.50000	       11B
  41.85938	  29.81429	   7.50000	       11B
  41.85938	  34.07502	   7.50000	       11B
  41.85938	  38.33575	   7.50000	       10B
  44.65000	  29.81429	   7.50000	       11B
  44.65000	  34.07502	   7.50000	       10B
  44.65000	  38.33575	   7.50000	       11B
  47.44063	  29.81429	   7.50000	       11B
  47.44063	  34.07502	   7.50000	       11B
  47.44063	  38.33575	   7.50000	       11B
  26.51094	  29.12820	   7.50000	       14N
  26.51094	  33.38893	   7.50000	       14N
  26.51094	  37.64966	   7.50000	       14N
  29.30156	  29.12820	   7.50000	       14N
  29.30156	  33.38893	   7.50000	       14N
  29.30156	  37.64966	   7.50000	       14N
  32.09219	  29.12820	   7.50000	       14N
  32.09219	  33.38893	   7.50000	       14N
  32.09219	  37.64966	   7.50000	       14N
  34.88281	  29.12820	   7.50000	       14N
  34.88281	  33.38893	   7.50000	       14N
  34.88281	  37.64966	   7.50000	       14N
  37.67344	  29.12820	   7.50000	       14N
  37.67344	  33.38893	   7.50000	       14N
  37.67344	  37.64966	   7.50000	       14N
  40.46406	  29.12820	   7.50000	       14N
  40.46406	  33.38893	   7.50000	       14N
  40.46406	  37.64966	   7.50000	       14N
  43.25469	  29.12820	   7.50000	       14N
  43.25469	  33.38893	   7.50000	       14N
  43.25469	  37.64966	   7.50000	       14N
  46.04531	  29.12820	   7.50000	       14N
  46.04531	  33.38893	   7.50000	       14N
  46.04531	  37.64966	   7.50000	       14N
  48.83594	  29.12820	   7.50000	       14N
  48.83594	  33.38893	   7.50000	       14N
  48.83594	  37.64966	   7.50000	       14N
  25.11563	  26.99783	   7.50000	       14N
  25.11563	  31.25856	   7.50000	       14N
  25.11563	  35.51929	   7.50000	       14N
  27.90625	  26.99783	   7.50000	       14N
  27.90625	  31.25856	   7.50000	       14N
  27.90625	  35.51929	   7.50000	       14N
  30.69687	  26.99783	   7.50000	       14N
  30.69687	  31.25856	   7.50000	       14N
  30.69687	  35.51929	   7.50000	       14N
  33.48750	  26.99783	   7.50000	       14N
  33.48750	  31.25856	   7.50000	       14N
  33.48750	  35.51929	   7.50000	       14N
  36.27812	  26.99783	   7.50000	       14N
  36.27812	  31.25856	   7.50000	       14N
  36.27812	  35.51929	   7.50000	       14N
  39.06875	  26.99783	   7.50000	       14N
  39.06875	  31.25856	   7.50000	       14N
  39.06875	  35.51929	   7.50000	       14N
  41.85938	  26.99783	   7.50000	       14N
  41.85938	  31.25856	   7.50000	       14N
  41.85938	  35.51929	   7.50000	       14N
  44.65000	  26.99783	   7.50000	       14N
  44.65000	  31.25856	   7.50000	       14N
  44.65000	  35.51929	   7.50000	       14N
  47.44063	  26.99783	   7.50000	       14N
  47.44063	  31.25856	   7.50000	       14N
  47.44063	  35.51929	   7.50000	       14N
  26.50233	  40.45199	   7.50000	       10B
  26.49784	  44.71653	   7.50000	       11B
  26.50335	  48.97654	   7.50000	       10B
  29.27459	  40.45327	   7.50000	       10B
  29.25634	  44.72152	   7.50000	       11B
  29.28123	  48.98095	   7.50000	       11B
  32.05105	  40.45696	   7.50000	       10B
  31.99750	  44.73047	   7.50000	       11B
  32.06908	  48.99002	   7.50000	       11B
  34.84339	  40.47401	   7.50000	       11B
  34.70202	  44.74099	   7.50000	       11B
  34.87635	  48.99361	   7.50000	       10B
  37.67344	  40.53555	   7.50000	       10B
  37.67344	  48.99294	   7.50000	       11B
  40.50349	  40.47401	   7.50000	       11B
  40.64485	  44.74099	   7.50000	       11B
  40.47053	  48.99361	   7.50000	       10B
  43.29582	  40.45696	   7.50000	       11B
  43.34937	  44.73047	   7.50000	       11B
  43.27780	  48.99002	   7.50000	       11B
  46.07229	  40.45327	   7.50000	       10B
  46.09053	  44.72152	   7.50000	       11B
  46.06564	  48.98095	   7.50000	       10B
  48.84455	  40.45199	   7.50000	       10B
  48.84904	  44.71653	   7.50000	       11B
  48.84352	  48.97654	   7.50000	       10B
  25.11563	  42.58297	   7.50000	       11B
  25.11563	  46.84684	   7.50000	       11B
  25.11563	  51.10443	   7.50000	       11B
  27.88197	  42.58479	   7.50000	       10B
  27.88692	  46.85052	   7.50000	       11B
  27.89247	  51.10561	   7.50000	       10B
  30.64516	  42.58798	   7.50000	       10B
  30.66173	  46.85910	   7.50000	       11B
  30.67287	  51.10982	   7.50000	       11B
  33.40626	  42.59518	   7.50000	       10B
  33.44946	  46.87151	   7.50000	       11B
  33.46742	  51.11715	   7.50000	       11B
  36.22181	  42.64632	   7.50000	       11B
  36.29291	  46.82641	   7.50000	       11B
  36.27718	  51.14631	   7.50000	       11B
  39.12507	  42.64632	   7.50000	       10B
  39.05396	  46.82641	   7.50000	       11B
  39.06970	  51.14631	   7.50000	       11B
  41.94061	  42.59518	   7.50000	       11B
  41.89742	  46.87151	   7.50000	       10B
  41.87946	  51.11715	   7.50000	       11B
  44.70172	  42.58798	   7.50000	       11B
  44.68514	  46.85910	   7.50000	       10B
  44.67400	  51.10982	   7.50000	       11B
  47.46490	  42.58479	   7.50000	       10B
  47.45995	  46.85052	   7.50000	       11B
  47.45440	  51.10561	   7.50000	       11B
  26.49758	  41.89604	   7.50000	       14N
  26.49761	  46.16120	   7.50000	       14N
  26.50112	  50.42058	   7.50000	       14N
  29.26032	  41.89697	   7.50000	       14N
  29.26061	  46.16710	   7.50000	       14N
  29.27480	  50.42461	   7.50000	       14N
  32.02151	  41.89718	   7.50000	       14N
  32.02279	  46.17842	   7.50000	       14N
  32.05887	  50.43382	   7.50000	       14N
  34.79127	  41.90162	   7.50000	       14N
  34.79315	  46.18958	   7.50000	       14N
  34.86773	  50.44583	   7.50000	       14N
  37.67344	  41.98470	   7.50000	       14N
  37.67344	  50.45186	   7.50000	       14N
  40.55561	  41.90162	   7.50000	       14N
  40.55372	  46.18958	   7.50000	       14N
  40.47915	  50.44583	   7.50000	       14N
  43.32536	  41.89718	   7.50000	       14N
  43.32408	  46.17842	   7.50000	       14N
  43.28801	  50.43382	   7.50000	       14N
  46.08656	  41.89697	   7.50000	       14N
  46.08627	  46.16710	   7.50000	       14N
  46.07207	  50.42461	   7.50000	       14N
  48.84929	  41.89604	   7.50000	       14N
  48.84926	  46.16120	   7.50000	       14N
  48.84575	  50.42058	   7.50000	       14N
  25.11563	  39.76626	   7.50000	       14N
  25.11563	  44.02766	   7.50000	       14N
  25.11563	  48.29112	   7.50000	       14N
  27.88509	  39.76709	   7.50000	       14N
  27.87334	  44.02970	   7.50000	       14N
  27.88502	  48.29454	   7.50000	       14N
  30.65737	  39.76961	   7.50000	       14N
  30.62025	  44.03369	   7.50000	       14N
  30.65929	  48.30425	   7.50000	       14N
  33.44330	  39.77553	   7.50000	       14N
  33.33279	  44.03805	   7.50000	       14N
  33.44715	  48.31988	   7.50000	       14N
  36.26518	  39.81278	   7.50000	       14N
  36.26145	  48.30950	   7.50000	       14N
  39.08169	  39.81278	   7.50000	       14N
  39.08542	  48.30950	   7.50000	       14N
  41.90358	  39.77553	   7.50000	       14N
  42.01409	  44.03805	   7.50000	       14N
  41.89973	  48.31988	   7.50000	       14N
  44.68951	  39.76961	   7.50000	       14N
  44.72663	  44.03369	   7.50000	       14N
  44.68758	  48.30425	   7.50000	       14N
  47.46178	  39.76709	   7.50000	       14N
  47.47354	  44.02970	   7.50000	       14N
  47.46185	  48.29454	   7.50000	       14N
  39.43218	  43.99460	   7.50000	       14N
  35.91469	  43.99460	   7.50000	       14N
  37.67344	  46.27887	   7.50000	       14N
  26.51094	  53.24830	   7.50000	       11B
  26.51094	  57.50903	   7.50000	       11B
  26.51094	  61.76976	   7.50000	       11B
  29.30156	  53.24830	   7.50000	       10B
  29.30156	  57.50903	   7.50000	       11B
  29.30156	  61.76976	   7.50000	       11B
  32.09219	  53.24830	   7.50000	       11B
  32.09219	  57.50903	   7.50000	       10B
  32.09219	  61.76976	   7.50000	       10B
  34.88281	  53.24830	   7.50000	       11B
  34.88281	  57.50903	   7.50000	       11B
  34.88281	  61.76976	   7.50000	       10B
  37.67344	  53.24830	   7.50000	       11B
  37.67344	  57.50903	   7.50000	       11B
  37.67344	  61.76976	   7.50000	       11B
  40.46406	  53.24830	   7.50000	       11B
  40.46406	  57.50903	   7.50000	       11B
  40.46406	  61.76976	   7.50000	       11B
  43.25469	  53.24830	   7.50000	       11B
  43.25469	  57.50903	   7.50000	       10B
  43.25469	  61.76976	   7.50000	       10B
  46.04531	  53.24830	   7.50000	       11B
  46.04531	  57.50903	   7.50000	       10B
  46.04531	  61.76976	   7.50000	       11B
  48.83594	  53.24830	   7.50000	       10B
  48.83594	  57.50903	   7.50000	       11B
  48.83594	  61.76976	   7.50000	       10B
  25.11563	  55.37866	   7.50000	       11B
  25.11563	  59.63939	   7.50000	       11B
  25.11563	  63.90012	   7.50000	       11B
  27.90625	  55.37866	   7.50000	       11B
  27.90625	  59.63939	   7.50000	       11B
  27.90625	  63.90012	   7.50000	       11B
  30.69687	  55.37866	   7.50000	       11B
  30.69687	  59.63939	   7.50000	       11B
  30.69687	  63.90012	   7.50000	       11B
  33.48750	  55.37866	   7.50000	       11B
  33.48750	  59.63939	   7.50000	       11B
  33.48750	  63.90012	   7.50000	       11B
  36.27812	  55.37866	   7.50000	       11B
  36.27812	  59.63939	   7.50000	       11B
  36.27812	  63.90012	   7.50000	       11B
  39.06875	  55.37866	   7.50000	       11B
  39.06875	  59.63939	   7.50000	       11B
  39.06875	  63.90012	   7.50000	       11B
  41.85938	  55.37866	   7.50000	       10B
  41.85938	  59.63939	   7.50000	       11B
  41.85938	  63.90012	   7.50000	       11B
  44.65000	  55.37866	   7.50000	       10B
  44.65000	  59.63939	   7.50000	       10B
  44.65000	  63.90012	   7.50000	       11B
  47.44063	  55.37866	   7.50000	       11B
  47.44063	  59.63939	   7.50000	       11B
  47.44063	  63.90012	   7.50000	       11B
  26.51094	  54.69257	   7.50000	       14N
  26.51094	  58.95330	   7.50000	       14N
  26.51094	  63.21403	   7.50000	       14N
  29.30156	  54.69257	   7.50000	       14N
  29.30156	  58.95330	   7.50000	       14N
  29.30156	  63.21403	   7.50000	       14N
  32.09219	  54.69257	   7.50000	       14N
  32.09219	  58.95330	   7.50000	       14N
  32.09219	  63.21403	   7.50000	       14N
  34.88281	  54.69257	   7.50000	       14N
  34.88281	  58.95330	   7.50000	       14N
  34.88281	  63.21403	   7.50000	       14N
  37.67344	  54.69257	   7.50000	       14N
  37.67344	  58.95330	   7.50000	       14N
  37.67344	  63.21403	   7.50000	       14N
  40.46406	  54.69257	   7.50000	       14N
  40.46406	  58.95330	   7.50000	       14N
  40.46406	  63.21403	   7.50000	       14N
  43.25469	  54.69257	   7.50000	       14N
  43.25469	  58.95330	   7.50000	       14N
  43.25469	  63.21403	   7.50000	       14N
  46.04531	  54.69257	   7.50000	       14N
  46.04531	  58.95330	   7.50000	       14N
  46.04531	  63.21403	   7.50000	       14N
  48.83594	  54.69257	   7.50000	       14N
  48.83594	  58.95330	   7.50000	       14N
  48.83594	  63.21403	   7.50000	       14N
  25.11563	  52.56220	   7.50000	       14N
  25.11563	  56.82293	   7.50000	       14N
  25.11563	  61.08366	   7.50000	       14N
  27.90625	  52.56220	   7.50000	       14N
  27.90625	  56.82293	   7.50000	       14N
  27.90625	  61.08366	   7.50000	       14N
  30.69687	  52.56220	   7.50000	       14N
  30.69687	  56.82293	   7.50000	       14N
  30.69687	  61.08366	   7.50000	       14N
  33.48750	  52.56220	   7.50000	       14N
  33.48750	  56.82293	   7.50000	       14N
  33.48750	  61.08366	   7.50000	       14N
  36.27812	  52.56220	   7.50000	       14N
  36.27812	  56.82293	   7.50000	       14N
  36.27812	  61.08366	   7.50000	       14N
  39.06875	  52.56220	   7.50000	       14N
  39.06875	  56.82293	   7.50000	       14N
  39.06875	  61.08366	   7.50000	       14N
  41.85938	  52.56220	   7.50000	       14N
  41.85938	  56.82293	   7.50000	       14N
  41.85938	  61.08366	   7.50000	       14N
  44.65000	  52.56220	   7.50000	       14N
  44.65000	  56.82293	   7.50000	       14N
  44.65000	  61.08366	   7.50000	       14N
  47.44063	  52.56220	   7.50000	       14N
  47.44063	  56.82293	   7.50000	       14N
  47.44063	  61.08366	   7.50000	       14N
  26.51094	  66.03049	   7.50000	       11B
  26.51094	  70.29122	   7.50000	       10B
  26.51094	  74.55194	   7.50000	       11B
  29.30156	  66.03049	   7.50000	       11B
  29.30156	  70.29122	   7.50000	       10B
  29.30156	  74.55194	   7.50000	       11B
  32.09219	  66.03049	   7.50000	       11B
  32.09219	  70.29122	   7.50000	       11B
  32.09219	  74.55194	   7.50000	       11B
  34.88281	  66.03049	   7.50000	       11B
  34.88281	  70.29122	   7.50000	       10B
  34.88281	  74.55194	   7.50000	       11B
  37.67344	  66.03049	   7.50000	       11B
  37.67344	  70.29122	   7.50000	       11B
  37.67344	  74.55194	   7.50000	       10B
  40.46406	  66.03049	   7.50000	       11B
  40.46406	  70.29122	   7.50000	       11B
  40.46406	  74.55194	   7.50000	       11B
  43.25469	  66.03049	   7.50000	       11B
  43.25469	  70.29122	   7.50000	       11B
  43.25469	  74.55194	   7.50000	       11B
  46.04531	  66.03049	   7.50000	       10B
  46.04531	  70.29122	   7.50000	       11B
  46.04531	  74.55194	   7.50000	       11B
  48.83594	  66.03049	   7.50000	       10B
  48.83594	  70.29122	   7.50000	       11B
  48.83594	  74.55194	   7.50000	       11B
  25.11563	  68.16085	   7.50000	       11B
  25.11563	  72.42158	   7.50000	       11B
  25.11563	  76.68230	   7.50000	       11B
  27.90625	  68.16085	   7.50000	       11B
  27.90625	  72.42158	   7.50000	       11B
  27.90625	  76.68230	   7.50000	       11B
  30.69687	  68.16085	   7.50000	       11B
  30.69687	  72.42158	   7.50000	       11B
  30.69687	  76.68230	   7.50000	       10B
  33.48750	  68.16085	   7.50000	       11B
  33.48750	  72.42158	   7.50000	       11B
  33.48750	  76.68230	   7.50000	       11B
  36.27812	  68.16085	   7.50000	       11B
  36.27812	  72.42158	   7.50000	       10B
  36.27812	  76.68230	   7.50000	       11B
  39.06875	  68.16085	   7.50000	       11B
  39.06875	  72.42158	   7.50000	       11B
  39.06875	  76.68230	   7.50000	       11B
  41.85938	  68.16085	   7.50000	       11B
  41.85938	  72.42158	   7.50000	       11B
  41.85938	  76.68230	   7.50000	       11B
  44.65000	  68.16085	   7.50000	       11B
  44.65000	  72.42158	   7.50000	       11B
  44.65000	  76.68230	   7.50000	       11B
  47.44063	  68.16085	   7.50000	       11B
  47.44063	  72.42158	   7.50000	       11B
  47.44063	  76.68230	   7.50000	       11B
  26.51094	  67.47475	   7.50000	       14N
  26.51094	  71.73548	   7.50000	       14N
  26.51094	  75.99621	   7.50000	       14N
  29.30156	  67.47475	   7.50000	       14N
  29.30156	  71.73548	   7.50000	       14N
  29.30156	  75.99621	   7.50000	       14N
  32.09219	  67.47475	   7.50000	       14N
  32.09219	  71.73548	   7.50000	       14N
  32.09219	  75.99621	   7.50000	       14N
  34.88281	  67.47475	   7.50000	       14N
  34.88281	  71.73548	   7.50000	       14N
  34.88281	  75.99621	   7.50000	       14N
  37.67344	  67.47475	   7.50000	       14N
  37.67344	  71.73548	   7.50000	       14N
  37.67344	  75.99621	   7.50000	       14N
  40.46406	  67.47475	   7.50000	       14N
  40.46406	  71.73548	   7.50000	       14N
  40.46406	  75.99621	   7.50000	       14N
  43.25469	  67.47475	   7.50000	       14N
  43.25469	  71.73548	   7.50000	       14N
  43.25469	  75.99621	   7.50000	       14N
  46.04531	  67.47475	   7.50000	       14N
  46.04531	  71.73548	   7.50000	       14N
  46.04531	  75.99621	   7.50000	       14N
  48.83594	  67.47475	   7.50000	       14N
  48.83594	  71.73548	   7.50000	       14N
  48.83594	  75.99621	   7.50000	       14N
  25.11563	  65.34439	   7.50000	       14N
  25.11563	  69.60511	   7.50000	       14N
  25.11563	  73.86584	   7.50000	       14N
  27.90625	  65.34439	   7.50000	       14N
  27.90625	  69.60511	   7.50000	       14N
  27.90625	  73.86584	   7.50000	       14N
  30.69687	  65.34439	   7.50000	       14N
  30.69687	  69.60511	   7.50000	       14N
  30.69687	  73.86584	   7.50000	       14N
  33.48750	  65.34439	   7.50000	       14N
  33.48750	  69.60511	   7.50000	       14N
  33.48750	  73.86584	   7.50000	       14N
  36.27812	  65.34439	   7.50000	       14N
  36.27812	  69.60511	   7.50000	       14N
  36.27812	  73.86584	   7.50000	       14N
  39.06875	  65.34439	   7.50000	       14N
  39.06875	  69.60511	   7.50000	       14N
  39.06875	  73.86584	   7.50000	       14N
  41.85938	  65.34439	   7.50000	       14N
  41.85938	  69.60511	   7.50000	       14N
  41.85938	  73.86584	   7.50000	       14N
  44.65000	  65.34439	   7.50000	       14N
  44.65000	  69.60511	   7.50000	       14N
  44.65000	  73.86584	   7.50000	       14N
  47.44063	  65.34439	   7.50000	       14N
  47.44063	  69.60511	   7.50000	       14N
  47.44063	  73.86584	   7.50000	       14N
  26.51094	  78.81267	   7.50000	       10B
  29.30156	  78.81267	   7.50000	       11B
  32.09219	  78.81267	   7.50000	       11B
  34.88281	  78.81267	   7.50000	       11B
  37.67344	  78.81267	   7.50000	       11B
  40.46406	  78.81267	   7.50000	       11B
  43.25469	  78.81267	   7.50000	       11B
  46.04531	  78.81267	   7.50000	       11B
  48.83594	  78.81267	   7.50000	       10B
  25.11563	  78.12657	   7.50000	       14N
  27.90625	  78.12657	   7.50000	       14N
  30.69687	  78.12657	   7.50000	       14N
  33.48750	  78.12657	   7.50000	       14N
  36.27812	  78.12657	   7.50000	       14N
  39.06875	  78.12657	   7.50000	       14N
  41.85938	  78.12657	   7.50000	       14N
  44.65000	  78.12657	   7.50000	       14N
  47.44063	  78.12657	   7.50000	       14N
  51.62656	   2.11956	   7.50000	       10B
  51.62656	   6.38029	   7.50000	       11B
  51.62656	  10.64102	   7.50000	       11B
  54.41719	   2.11956	   7.50000	       11B
  54.41719	   6.38029	   7.50000	       11B
  54.41719	  10.64102	   7.50000	       11B
  57.20781	   2.11956	   7.50000	       11B
  57.20781	   6.38029	   7.50000	       11B
  57.20781	  10.64102	   7.50000	       11B
  59.99844	   2.11956	   7.50000	       11B
  59.99844	   6.38029	   7.50000	       11B
  59.99844	  10.64102	   7.50000	       11B
  62.78906	   2.11956	   7.50000	       11B
  62.78906	   6.38029	   7.50000	       11B
  62.78906	  10.64102	   7.50000	       11B
  65.57969	   2.11956	   7.50000	       11B
  65.57969	   6.38029	   7.50000	       11B
  65.57969	  10.64102	   7.50000	       11B
  68.37031	   2.11956	   7.50000	       11B
  68.37031	   6.38029	   7.50000	       11B
  68.37031	  10.64102	   7.50000	       11B
  71.16094	   2.11956	   7.50000	       11B
  71.16094	   6.38029	   7.50000	       10B
  71.16094	  10.64102	   7.50000	       11B
  73.95156	   2.11956	   7.50000	       11B
  73.95156	   6.38029	   7.50000	       11B
  73.95156	  10.64102	   7.50000	       11B
  50.23125	   4.24992	   7.50000	       10B
  50.23125	   8.51065	   7.50000	       10B
  50.23125	  12.77138	   7.50000	       11B
  53.02187	   4.24992	   7.50000	       11B
  53.02187	   8.51065	   7.50000	       11B
  53.02187	  12.77138	   7.50000	       11B
  55.81250	   4.24992	   7.50000	       11B
  55.81250	   8.51065	   7.50000	       10B
  55.81250	  12.77138	   7.50000	       11B
  58.60312	   4.24992	   7.50000	       11B
  58.60312	   8.51065	   7.50000	       11B
  58.60312	  12.77138	   7.50000	       11B
  61.39375	   4.24992	   7.50000	       11B
  61.39375	   8.51065	   7.50000	       11B
  61.39375	  12.77138	   7.50000	       11B
  64.18438	   4.24992	   7.50000	       11B
  64.18438	   8.51065	   7.50000	       11B
  64.18438	  12.77138	   7.50000	       11B
  66.97500	   4.24992	   7.50000	       11B
  66.97500	   8.51065	   7.50000	       11B
  66.97500	  12.77138	   7.50000	       11B
  69.76563	   4.24992	   7.50000	       11B
  69.76563	   8.51065	   7.50000	       11B
  69.76563	  12.77138	   7.50000	       11B
  72.55625	   4.24992	   7.50000	       11B
  72.55625	   8.51065	   7.50000	       11B
  72.55625	  12.77138	   7.50000	       11B
  51.62656	   3.56383	   7.50000	       14N
  51.62656	   7.82456	   7.50000	       14N
  51.62656	  12.08529	   7.50000	       14N
  54.41719	   3.56383	   7.50000	       14N
  54.41719	   7.82456	   7.50000	       14N
  54.41719	  12.08529	   7.50000	       14N
  57.20781	   3.56383	   7.50000	       14N
  57.20781	   7.82456	   7.50000	       14N
  57.20781	  12.08529	   7.50000	       14N
  59.99844	   3.56383	   7.50000	       14N
  59.99844	   7.82456	   7.50000	       14N
  59.99844	  12.08529	   7.50000	       14N
  62.78906	   3.56383	   7.50000	       14N
  62.78906	   7.82456	   7.50000	       14N
  62.78906	  12.08529	   7.50000	       14N
  65.57969	   3.56383	   7.50000	       14N
  65.57969	   7.82456	   7.50000	       14N
  65.57969	  12.08529	   7.50000	       14N
  68.37031	   3.56383	   7.50000	       14N
  68.37031	   7.82456	   7.50000	       14N
  68.37031	  12.08529	   7.50000	       14N
  71.16094	   3.56383	   7.50000	       14N
  71.16094	   7.82456	   7.50000	       14N
  71.16094	  12.08529	   7.50000	       14N
  73.95156	   3.56383	   7.50000	       14N
  73.95156	   7.82456	   7.50000	       14N
  73.95156	  12.08529	   7.50000	       14N
  50.23125	   1.43346	   7.50000	       14N
  50.23125	   5.69419	   7.50000	       14N
  50.23125	   9.95492	   7.50000	       14N
  53.02187	   1.43346	   7.50000	       14N
  53.02187	   5.69419	   7.50000	       14N
  53.02187	   9.95492	   7.50000	       14N
  55.81250	   1.43346	   7.50000	       15N
  55.81250	   5.69419	   7.50000	       14N
  55.81250	   9.95492	   7.50000	       14N
  58.60312	   1.43346	   7.50000	       14N
  58.60312	   5.69419	   7.50000	       14N
  58.60312	   9.95492	   7.50000	       14N
  61.39375	   1.43346	   7.50000	       14N
  61.39375	   5.69419	   7.50000	       14N
  61.39375	   9.95492	   7.50000	       14N
  64.18438	   1.43346	   7.50000	       14N
  64.18438	   5.69419	   7.50000	       14N
  64.18438	   9.95492	   7.50000	       14N
  66.97500	   1.43346	   7.50000	       14N
  66.97500	   5.69419	   7.50000	       14N
  66.97500	   9.95492	   7.50000	       14N
  69.76563	   1.43346	   7.50000	       14N
  69.76563	   5.69419	   7.50000	       14N
  69.76563	   9.95492	   7.50000	       14N
  72.55625	   1.43346	   7.50000	       14N
  72.55625	   5.69419	   7.50000	       14N
  72.55625	   9.95492	   7.50000	       14N
  51.62656	  14.90175	   7.50000	       11B
  51.62656	  19.16247	   7.50000	       10B
  51.62656	  23.42320	   7.50000	       11B
  54.41719	  14.90175	   7.50000	       11B
  54.41719	  19.16247	   7.50000	       10B
  54.41719	  23.42320	   7.50000	       11B
  57.20781	  14.90175	   7.50000	       11B
  57.20781	  19.16247	   7.50000	       11B
  57.20781	  23.42320	   7.50000	       10B
  59.99844	  14.90175	   7.50000	       11B
  59.99844	  19.16247	   7.50000	       11B
  59.99844	  23.42320	   7.50000	       11B
  62.78906	  14.90175	   7.50000	       11B
  62.78906	  19.16247	   7.50000	       11B
  62.78906	  23.42320	   7.50000	       11B
  65.57969	  14.90175	   7.50000	       11B
  65.57969	  19.16247	   7.50000	       11B
  65.57969	  23.42320	   7.50000	       10B
  68.37031	  14.90175	   7.50000	       10B
  68.37031	  19.16247	   7.50000	       11B
  68.37031	  23.42320	   7.50000	       11B
  71.16094	  14.90175	   7.50000	       11B
  71.16094	  19.16247	   7.50000	       11B
  71.16094	  23.42320	   7.50000	       11B
  73.95156	  14.90175	   7.50000	       11B
  73.95156	  19.16247	   7.50000	       11B
  73.95156	  23.42320	   7.50000	       11B
  50.23125	  17.03211	   7.50000	       11B
  50.23125	  21.29284	   7.50000	       11B
  50.23125	  25.55356	   7.50000	       10B
  53.02187	  17.03211	   7.50000	       11B
  53.02187	  21.29284	   7.50000	       11B
  53.02187	  25.55356	   7.50000	       11B
  55.81250	  17.03211	   7.50000	       10B
  55.81250	  21.29284	   7.50000	       10B
  55.81250	  25.55356	   7.50000	       10B
  58.60312	  17.03211	   7.50000	       11B
  58.60312	  21.29284	   7.50000	       11B
  58.60312	  25.55356	   7.50000	       10B
  61.39375	  17.03211	   7.50000	       11B
  61.39375	  21.29284	   7.50000	       11B
  61.39375	  25.55356	   7.50000	       10B
  64.18438	  17.03211	   7.50000	       11B
  64.18438	  21.29284	   7.50000	       11B
  64.18438	  25.55356	   7.50000	       11B
  66.97500	  17.03211	   7.50000	       10B
  66.97500	  21.29284	   7.50000	       11B
  66.97500	  25.55356	   7.50000	       11B
  69.76563	  17.03211	   7.50000	       11B
  69.76563	  21.29284	   7.50000	       11B
  69.76563	  25.55356	   7.50000	       11B
  72.55625	  17.03211	   7.50000	       10B
  72.55625	  21.29284	   7.50000	       11B
  72.55625	  25.55356	   7.50000	       11B
  51.62656	  16.34601	   7.50000	       14N
  51.62656	  20.60674	   7.50000	       14N
  51.62656	  24.86747	   7.50000	       14N
  54.41719	  16.34601	   7.50000	       14N
  54.41719	  20.60674	   7.50000	       14N
  54.41719	  24.86747	   7.50000	       14N
  57.20781	  16.34601	   7.50000	       14N
  57.20781	  20.60674	   7.50000	       14N
  57.20781	  24.86747	   7.50000	       14N
  59.99844	  16.34601	   7.50000	       14N
  59.99844	  20.60674	   7.50000	       14N
  59.99844	  24.86747	   7.50000	       14N
  62.78906	  16.34601	   7.50000	       14N
  62.78906	  20.60674	   7.50000	       14N
  62.78906	  24.86747	   7.50000	       14N
  65.57969	  16.34601	   7.50000	       14N
  65.57969	  20.60674	   7.50000	       14N
  65.57969	  24.86747	   7.50000	       14N
  68.37031	  16.34601	   7.50000	       14N
  68.37031	  20.60674	   7.50000	       14N
  68.37031	  24.86747	   7.50000	       14N
  71.16094	  16.34601	   7.50000	       14N
  71.16094	  20.60674	   7.50000	       14N
  71.16094	  24.86747	   7.50000	       14N
  73.95156	  16.34601	   7.50000	       14N
  73.95156	  20.60674	   7.50000	       14N
  73.95156	  24.86747	   7.50000	       14N
  50.23125	  14.21565	   7.50000	       14N
  50.23125	  18.47637	   7.50000	       14N
  50.23125	  22.73710	   7.50000	       14N
  53.02187	  14.21565	   7.50000	       14N
  53.02187	  18.47637	   7.50000	       14N
  53.02187	  22.73710	   7.50000	       14N
  55.81250	  14.21565	   7.50000	       14N
  55.81250	  18.47637	   7.50000	       14N
  55.81250	  22.73710	   7.50000	       14N
  58.60312	  14.21565	   7.50000	       14N
  58.60312	  18.47637	   7.50000	       14N
  58.60312	  22.73710	   7.50000	       14N
  61.39375	  14.21565	   7.50000	       14N
  61.39375	  18.47637	   7.50000	       14N
  61.39375	  22.73710	   7.50000	       14N
  64.18438	  14.21565	   7.50000	       14N
  64.18438	  18.47637	   7.50000	       14N
  64.18438	  22.73710	   7.50000	       14N
  66.97500	  14.21565	   7.50000	       14N
  66.97500	  18.47637	   7.50000	       14N
  66.97500	  22.73710	   7.50000	       14N
  69.76563	  14.21565	   7.50000	       14N
  69.76563	  18.47637	   7.50000	       14N
  69.76563	  22.73710	   7.50000	       14N
  72.55625	  14.21565	   7.50000	       14N
  72.55625	  18.47637	   7.50000	       14N
  72.55625	  22.73710	   7.50000	       14N
  51.62656	  27.68393	   7.50000	       10B
  51.62656	  31.94466	   7.50000	       11B
  51.62656	  36.20539	   7.50000	       11B
  54.41719	  27.68393	   7.50000	       10B
  54.41719	  31.94466	   7.50000	       11B
  54.41719	  36.20539	   7.50000	       11B
  57.20781	  27.68393	   7.50000	       11B
  57.20781	  31.94466	   7.50000	       10B
  57.20781	  36.20539	   7.50000	       11B
  59.99844	  27.68393	   7.50000	       11B
  59.99844	  31.94466	   7.50000	       11B
  59.99844	  36.20539	   7.50000	       10B
  62.78906	  27.68393	   7.50000	       10B
  62.78906	  31.94466	   7.50000	       11B
  62.78906	  36.20539	   7.50000	       11B
  65.57969	  27.68393	   7.50000	       10B
  65.57969	  31.94466	   7.50000	       11B
  65.57969	  36.20539	   7.50000	       11B
  68.37031	  27.68393	   7.50000	       11B
  68.37031	  31.94466	   7.50000	       11B
  68.37031	  36.20539	   7.50000	       11B
  71.16094	  27.68393	   7.50000	       11B
  71.16094	  31.94466	   7.50000	       11B
  71.16094	  36.20539	   7.50000	       11B
  73.95156	  27.68393	   7.50000	       11B
  73.95156	  31.94466	   7.50000	       11B
  73.95156	  36.20539	   7.50000	       11B
  50.23125	  29.81429	   7.50000	       10B
  50.23125	  34.07502	   7.50000	       10B
  50.23125	  38.33575	   7.50000	       11B
  53.02187	  29.81429	   7.50000	       11B
  53.02187	  34.07502	   7.50000	       11B
  53.02187	  38.33575	   7.50000	       11B
  55.81250	  29.81429	   7.50000	       11B
  55.81250	  34.07502	   7.50000	       11B
  55.81250	  38.33575	   7.50000	       11B
  58.60312	  29.81429	   7.50000	       11B
  58.60312	  34.07502	   7.50000	       10B
  58.60312	  38.33575	   7.50000	       10B
  61.39375	  29.81429	   7.50000	       10B
  61.39375	  34.07502	   7.50000	       11B
  61.39375	  38.33575	   7.50000	       10B
  64.18438	  29.81429	   7.50000	       11B
  64.18438	  34.07502	   7.50000	       11B
  64.18438	  38.33575	   7.50000	       11B
  66.97500	  29.81429	   7.50000	       11B
  66.97500	  34.07502	   7.50000	       11B
  66.97500	  38.33575	   7.50000	       11B
  69.76563	  29.81429	   7.50000	       11B
  69.76563	  34.07502	   7.50000	       11B
  69.76563	  38.33575	   7.50000	       10B
  72.55625	  29.81429	   7.50000	       11B
  72.55625	  34.07502	   7.50000	       11B
  72.55625	  38.33575	   7.50000	       11B
  51.62656	  29.12820	   7.50000	       14N
  51.62656	  33.38893	   7.50000	       14N
  51.62656	  37.64966	   7.50000	       14N
  54.41719	  29.12820	   7.50000	       14N
  54.41719	  33.38893	   7.50000	       14N
  54.41719	  37.64966	   7.50000	       14N
  57.20781	  29.12820	   7.50000	       14N
  57.20781	  33.38893	   7.50000	       14N
  57.20781	  37.64966	   7.50000	       14N
  59.99844	  29.12820	   7.50000	       14N
  59.99844	  33.38893	   7.50000	       14N
  59.99844	  37.64966	   7.50000	       14N
  62.78906	  29.12820	   7.50000	       14N
  62.78906	  33.38893	   7.50000	       14N
  62.78906	  37.64966	   7.50000	       14N
  65.57969	  29.12820	   7.50000	       14N
  65.57969	  33.38893	   7.50000	       14N
  65.57969	  37.64966	   7.50000	       14N
  68.37031	  29.12820	   7.50000	       14N
  68.37031	  33.38893	   7.50000	       14N
  68.37031	  37.64966	   7.50000	       14N
  71.16094	  29.12820	   7.50000	       14N
  71.16094	  33.38893	   7.50000	       14N
  71.16094	  37.64966	   7.50000	       14N
  73.95156	  29.12820	   7.50000	       14N
  73.95156	  33.38893	   7.50000	       14N
  73.95156	  37.64966	   7.50000	       14N
  50.23125	  26.99783	   7.50000	       14N
  50.23125	  31.25856	   7.50000	       14N
  50.23125	  35.51929	   7.50000	       14N
  53.02187	  26.99783	   7.50000	       14N
  53.02187	  31.25856	   7.50000	       14N
  53.02187	  35.51929	   7.50000	       14N
  55.81250	  26.99783	   7.50000	       14N
  55.81250	  31.25856	   7.50000	       14N
  55.81250	  35.51929	   7.50000	       14N
  58.60312	  26.99783	   7.50000	       14N
  58.60312	  31.25856	   7.50000	       14N
  58.60312	  35.51929	   7.50000	       14N
  61.39375	  26.99783	   7.50000	       14N
  61.39375	  31.25856	   7.50000	       14N
  61.39375	  35.51929	   7.50000	       14N
  64.18438	  26.99783	   7.50000	       14N
  64.18438	  31.25856	   7.50000	       14N
  64.18438	  35.51929	   7.50000	       14N
  66.97500	  26.99783	   7.50000	       14N
  66.97500	  31.25856	   7.50000	       14N
  66.97500	  35.51929	   7.50000	       14N
  69.76563	  26.99783	   7.50000	       14N
  69.76563	  31.25856	   7.50000	       14N
  69.76563	  35.51929	   7.50000	       14N
  72.55625	  26.99783	   7.50000	       14N
  72.55625	  31.25856	   7.50000	       14N
  72.55625	  35.51929	   7.50000	       14N
  51.62656	  40.46612	   7.50000	       11B
  51.62656	  44.72684	   7.50000	       11B
  51.62656	  48.98757	   7.50000	       11B
  54.41719	  40.46612	   7.50000	       11B
  54.41719	  44.72684	   7.50000	       11B
  54.41719	  48.98757	   7.50000	       11B
  57.20781	  40.46612	   7.50000	       11B
  57.20781	  44.72684	   7.50000	       11B
  57.20781	  48.98757	   7.50000	       10B
  59.99844	  40.46612	   7.50000	       11B
  59.99844	  44.72684	   7.50000	       11B
  59.99844	  48.98757	   7.50000	       10B
  62.78906	  40.46612	   7.50000	       10B
  62.78906	  44.72684	   7.50000	       11B
  62.78906	  48.98757	   7.50000	       11B
  65.57969	  40.46612	   7.50000	       10B
  65.57969	  44.72684	   7.50000	       11B
  65.57969	  48.98757	   7.50000	       11B
  68.37031	  40.46612	   7.50000	       11B
  68.37031	  44.72684	   7.50000	       11B
  68.37031	  48.98757	   7.50000	       11B
  71.16094	  40.46612	   7.50000	       10B
  71.16094	  44.72684	   7.50000	       11B
  71.16094	  48.98757	   7.50000	       11B
  73.95156	  40.46612	   7.50000	       10B
  73.95156	  44.72684	   7.50000	       10B
  73.95156	  48.98757	   7.50000	       11B
  50.23125	  42.59648	   7.50000	       11B
  50.23125	  46.85721	   7.50000	       11B
  50.23125	  51.11793	   7.50000	       11B
  53.02187	  42.59648	   7.50000	       10B
  53.02187	  46.85721	   7.50000	       11B
  53.02187	  51.11793	   7.50000	       11B
  55.81250	  42.59648	   7.50000	       11B
  55.81250	  46.85721	   7.50000	       10B
  55.81250	  51.11793	   7.50000	       11B
  58.60312	  42.59648	   7.50000	       10B
  58.60312	  46.85721	   7.50000	       10B
  58.60312	  51.11793	   7.50000	       10B
  61.39375	  42.59648	   7.50000	       11B
  61.39375	  46.85721	   7.50000	       10B
  61.39375	  51.11793	   7.50000	       11B
  64.18438	  42.59648	   7.50000	       11B
  64.18438	  46.85721	   7.50000	       11B
  64.18438	  51.11793	   7.50000	       11B
  66.97500	  42.59648	   7.50000	       11B
  66.97500	  46.85721	   7.50000	       10B
  66.97500	  51.11793	   7.50000	       11B
  69.76563	  42.59648	   7.50000	       11B
  69.76563	  46.85721	   7.50000	       11B
  69.76563	  51.11793	   7.50000	       11B
  72.55625	  42.59648	   7.50000	       11B
  72.55625	  46.85721	   7.50000	       11B
  72.55625	  51.11793	   7.50000	       10B
  51.62656	  41.91038	   7.50000	       14N
  51.62656	  46.17111	   7.50000	       14N
  51.62656	  50.43184	   7.50000	       14N
  54.41719	  41.91038	   7.50000	       14N
  54.41719	  46.17111	   7.50000	       14N
  54.41719	  50.43184	   7.50000	       14N
  57.20781	  41.91038	   7.50000	       14N
  57.20781	  46.17111	   7.50000	       14N
  57.20781	  50.43184	   7.50000	       14N
  59.99844	  41.91038	   7.50000	       14N
  59.99844	  46.17111	   7.50000	       14N
  59.99844	  50.43184	   7.50000	       14N
  62.78906	  41.91038	   7.50000	       14N
  62.78906	  46.17111	   7.50000	       14N
  62.78906	  50.43184	   7.50000	       15N
  65.57969	  41.91038	   7.50000	       14N
  65.57969	  46.17111	   7.50000	       14N
  65.57969	  50.43184	   7.50000	       14N
  68.37031	  41.91038	   7.50000	       14N
  68.37031	  46.17111	   7.50000	       14N
  68.37031	  50.43184	   7.50000	       14N
  71.16094	  41.91038	   7.50000	       14N
  71.16094	  46.17111	   7.50000	       14N
  71.16094	  50.43184	   7.50000	       14N
  73.95156	  41.91038	   7.50000	       14N
  73.95156	  46.17111	   7.50000	       14N
  73.95156	  50.43184	   7.50000	       14N
  50.23125	  39.78002	   7.50000	       14N
  50.23125	  44.04074	   7.50000	       14N
  50.23125	  48.30147	   7.50000	       14N
  53.02187	  39.78002	   7.50000	       14N
  53.02187	  44.04074	   7.50000	       14N
  53.02187	  48.30147	   7.50000	       14N
  55.81250	  39.78002	   7.50000	       14N
  55.81250	  44.04074	   7.50000	       14N
  55.81250	  48.30147	   7.50000	       14N
  58.60312	  39.78002	   7.50000	       14N
  58.60312	  44.04074	   7.50000	       14N
  58.60312	  48.30147	   7.50000	       14N
  61.39375	  39.78002	   7.50000	       14N
  61.39375	  44.04074	   7.50000	       14N
  61.39375	  48.30147	   7.50000	       14N
  64.18438	  39.78002	   7.50000	       14N
  64.18438	  44.04074	   7.50000	       14N
  64.18438	  48.30147	   7.50000	       14N
  66.97500	  39.78002	   7.50000	       14N
  66.97500	  44.04074	   7.50000	       14N
  66.97500	  48.30147	   7.50000	       14N
  69.76563	  39.78002	   7.50000	       14N
  69.76563	  44.04074	   7.50000	       14N
  69.76563	  48.30147	   7.50000	       14N
  72.55625	  39.78002	   7.50000	       14N
  72.55625	  44.04074	   7.50000	       14N
  72.55625	  48.30147	   7.50000	       14N
  51.62656	  53.24830	   7.50000	       11B
  51.62656	  57.50903	   7.50000	       11B
  51.62656	  61.76976	   7.50000	       11B
  54.41719	  53.24830	   7.50000	       10B
  54.41719	  57.50903	   7.50000	       11B
  54.41719	  61.76976	   7.50000	       11B
  57.20781	  53.24830	   7.50000	       10B
  57.20781	  57.50903	   7.50000	       11B
  57.20781	  61.76976	   7.50000	       11B
  59.99844	  53.24830	   7.50000	       11B
  59.99844	  57.50903	   7.50000	       11B
  59.99844	  61.76976	   7.50000	       11B
  62.78906	  53.24830	   7.50000	       11B
  62.78906	  57.50903	   7.50000	       11B
  62.78906	  61.76976	   7.50000	       11B
  65.57969	  53.24830	   7.50000	       11B
  65.57969	  57.50903	   7.50000	       11B
  65.57969	  61.76976	   7.50000	       10B
  68.37031	  53.24830	   7.50000	       11B
  68.37031	  57.50903	   7.50000	       11B
  68.37031	  61.76976	   7.50000	       11B
  71.16094	  53.24830	   7.50000	       11B
  71.16094	  57.50903	   7.50000	       11B
  71.16094	  61.76976	   7.50000	       11B
  73.95156	  53.24830	   7.50000	       10B
  73.95156	  57.50903	   7.50000	       11B
  73.95156	  61.76976	   7.50000	       11B
  50.23125	  55.37866	   7.50000	       11B
  50.23125	  59.63939	   7.50000	       11B
  50.23125	  63.90012	   7.50000	       10B
  53.02187	  55.37866	   7.50000	       11B
  53.02187	  59.63939	   7.50000	       11B
  53.02187	  63.90012	   7.50000	       10B
  55.81250	  55.37866	   7.50000	       11B
  55.81250	  59.63939	   7.50000	       11B
  55.81250	  63.90012	   7.50000	       10B
  58.60312	  55.37866	   7.50000	       11B
  58.60312	  59.63939	   7.50000	       11B
  58.60312	  63.90012	   7.50000	       11B
  61.39375	  55.37866	   7.50000	       11B
  61.39375	  59.63939	   7.50000	       11B
  61.39375	  63.90012	   7.50000	       11B
  64.18438	  55.37866	   7.50000	       10B
  64.18438	  59.63939	   7.50000	       10B
  64.18438	  63.90012	   7.50000	       11B
  66.97500	  55.37866	   7.50000	       11B
  66.97500	  59.63939	   7.50000	       11B
  66.97500	  63.90012	   7.50000	       11B
  69.76563	  55.37866	   7.50000	       11B
  69.76563	  59.63939	   7.50000	       11B
  69.76563	  63.90012	   7.50000	       11B
  72.55625	  55.37866	   7.50000	       11B
  72.55625	  59.63939	   7.50000	       11B
  72.55625	  63.90012	   7.50000	       11B
  51.62656	  54.69257	   7.50000	       14N
  51.62656	  58.95330	   7.50000	       14N
  51.62656	  63.21403	   7.50000	       14N
  54.41719	  54.69257	   7.50000	       14N
  54.41719	  58.95330	   7.50000	       14N
  54.41719	  63.21403	   7.50000	       14N
  57.20781	  54.69257	   7.50000	       14N
  57.20781	  58.95330	   7.50000	       14N
  57.20781	  63.21403	   7.50000	       14N
  59.99844	  54.69257	   7.50000	       14N
  59.99844	  58.95330	   7.50000	       14N
  59.99844	  63.21403	   7.50000	       14N
  62.78906	  54.69257	   7.50000	       14N
  62.78906	  58.95330	   7.50000	       14N
  62.78906	  63.21403	   7.50000	       14N
  65.57969	  54.69257	   7.50000	       14N
  65.57969	  58.95330	   7.50000	       14N
  65.57969	  63.21403	   7.50000	       14N
  68.37031	  54.69257	   7.50000	       14N
  68.37031	  58.95330	   7.50000	       14N
  68.37031	  63.21403	   7.50000	       14N
  71.16094	  54.69257	   7.50000	       14N
  71.16094	  58.95330	   7.50000	       14N
  71.16094	  63.21403	   7.50000	       14N
  73.95156	  54.69257	   7.50000	       14N
  73.95156	  58.95330	   7.50000	       14N
  73.95156	  63.21403	   7.50000	       14N
  50.23125	  52.56220	   7.50000	       14N
  50.23125	  56.82293	   7.50000	       14N
  50.23125	  61.08366	   7.50000	       14N
  53.02187	  52.56220	   7.50000	       14N
  53.02187	  56.82293	   7.50000	       14N
  53.02187	  61.08366	   7.50000	       14N
  55.81250	  52.56220	   7.50000	       14N
  55.81250	  56.82293	   7.50000	       14N
  55.81250	  61.08366	   7.50000	       14N
  58.60312	  52.56220	   7.50000	       14N
  58.60312	  56.82293	   7.50000	       14N
  58.60312	  61.08366	   7.50000	       14N
  61.39375	  52.56220	   7.50000	       14N
  61.39375	  56.82293	   7.50000	       15N
  61.39375	  61.08366	   7.50000	       14N
  64.18438	  52.56220	   7.50000	       14N
  64.18438	  56.82293	   7.50000	       14N
  64.18438	  61.08366	   7.50000	       14N
  66.97500	  52.56220	   7.50000	       14N
  66.97500	  56.82293	   7.50000	       14N
  66.97500	  61.08366	   7.50000	       14N
  69.76563	  52.56220	   7.50000	       14N
  69.76563	  56.82293	   7.50000	       14N
  69.76563	  61.08366	   7.50000	       14N
  72.55625	  52.56220	   7.50000	       14N
  72.55625	  56.82293	   7.50000	       14N
  72.55625	  61.08366	   7.50000	       14N
  51.62656	  66.03049	   7.50000	       10B
  51.62656	  70.29122	   7.50000	       11B
  51.62656	  74.55194	   7.50000	       11B
  54.41719	  66.03049	   7.50000	       11B
  54.41719	  70.29122	   7.50000	       11B
  54.41719	  74.55194	   7.50000	       10B
  57.20781	  66.03049	   7.50000	       11B
  57.20781	  70.29122	   7.50000	       11B
  57.20781	  74.55194	   7.50000	       11B
  59.99844	  66.03049	   7.50000	       11B
  59.99844	  70.29122	   7.50000	       10B
  59.99844	  74.55194	   7.50000	       11B
  62.78906	  66.03049	   7.50000	       11B
  62.78906	  70.29122	   7.50000	       11B
  62.78906	  74.55194	   7.50000	       10B
  65.57969	  66.03049	   7.50000	       10B
  65.57969	  70.29122	   7.50000	       11B
  65.57969	  74.55194	   7.50000	       11B
  68.37031	  66.03049	   7.50000	       10B
  68.37031	  70.29122	   7.50000	       11B
  68.37031	  74.55194	   7.50000	       11B
  71.16094	  66.03049	   7.50000	       11B
  71.16094	  70.29122	   7.50000	       11B
  71.16094	  74.55194	   7.50000	       11B
  73.95156	  66.03049	   7.50000	       10B
  73.95156	  70.29122	   7.50000	       11B
  73.95156	  74.55194	   7.50000	       11B
  50.23125	  68.16085	   7.50000	       11B
  50.23125	  72.42158	   7.50000	       10B
  50.23125	  76.68230	   7.50000	       11B
  53.02187	  68.16085	   7.50000	       11B
  53.02187	  72.42158	   7.50000	       11B
  53.02187	  76.68230	   7.50000	       11B
  55.81250	  68.16085	   7.50000	       11B
  55.81250	  72.42158	   7.50000	       11B
  55.81250	  76.68230	   7.50000	       11B
  58.60312	  68.16085	   7.50000	       11B
  58.60312	  72.42158	   7.50000	       11B
  58.60312	  76.68230	   7.50000	       11B
  61.39375	  68.16085	   7.50000	       11B
  61.39375	  72.42158	   7.50000	       11B
  61.39375	  76.68230	   7.50000	       11B
  64.18438	  68.16085	   7.50000	       11B
  64.18438	  72.42158	   7.50000	       11B
  64.18438	  76.68230	   7.50000	       11B
  66.97500	  68.16085	   7.50000	       10B
  66.97500	  72.42158	   7.50000	       11B
  66.97500	  76.68230	   7.50000	       11B
  69.76563	  68.16085	   7.50000	       10B
  69.76563	  72.42158	   7.50000	       11B
  69.76563	  76.68230	   7.50000	       11B
  72.55625	  68.16085	   7.50000	       11B
  72.55625	  72.42158	   7.50000	       11B
  72.55625	  76.68230	   7.50000	       10B
  51.62656	  67.47475	   7.50000	       14N
  51.62656	  71.73548	   7.50000	       14N
  51.62656	  75.99621	   7.50000	       14N
  54.41719	  67.47475	   7.50000	       14N
  54.41719	  71.73548	   7.50000	       14N
  54.41719	  75.99621	   7.50000	       14N
  57.20781	  67.47475	   7.50000	       14N
  57.20781	  71.73548	   7.50000	       14N
  57.20781	  75.99621	   7.50000	       14N
  59.99844	  67.47475	   7.50000	       14N
  59.99844	  71.73548	   7.50000	       14N
  59.99844	  75.99621	   7.50000	       14N
  62.78906	  67.47475	   7.50000	       14N
  62.78906	  71.73548	   7.50000	       14N
  62.78906	  75.99621	   7.50000	       14N
  65.57969	  67.47475	   7.50000	       14N
  65.57969	  71.73548	   7.50000	       14N
  65.57969	  75.99621	   7.50000	       14N
  68.37031	  67.47475	   7.50000	       14N
  68.37031	  71.73548	   7.50000	       14N
  68.37031	  75.99621	   7.50000	       14N
  71.16094	  67.47475	   7.50000	       14N
  71.16094	  71.73548	   7.50000	       14N
  71.16094	  75.99621	   7.50000	       14N
  73.95156	  67.47475	   7.50000	       14N
  73.95156	  71.73548	   7.50000	       14N
  73.95156	  75.99621	   7.50000	       14N
  50.23125	  65.34439	   7.50000	       14N
  50.23125	  69.60511	   7.50000	       14N
  50.23125	  73.86584	   7.50000	       14N
  53.02187	  65.34439	   7.50000	       14N
  53.02187	  69.60511	   7.50000	       14N
  53.02187	  73.86584	   7.50000	       14N
  55.81250	  65.34439	   7.50000	       14N
  55.81250	  69.60511	   7.50000	       14N
  55.81250	  73.86584	   7.50000	       14N
  58.60312	  65.34439	   7.50000	       14N
  58.60312	  69.60511	   7.50000	       14N
  58.60312	  73.86584	   7.50000	       14N
  61.39375	  65.34439	   7.50000	       14N
  61.39375	  69.60511	   7.50000	       14N
  61.39375	  73.86584	   7.50000	       14N
  64.18438	  65.34439	   7.50000	       14N
  64.18438	  69.60511	   7.50000	       14N
  64.18438	  73.86584	   7.50000	       14N
  66.97500	  65.34439	   7.50000	       14N
  66.97500	  69.60511	   7.50000	       14N
  66.97500	  73.86584	   7.50000	       14N
  69.76563	  65.34439	   7.50000	       14N
  69.76563	  69.60511	   7.50000	       14N
  69.76563	  73.86584	   7.50000	       14N
  72.55625	  65.34439	   7.50000	       14N
  72.55625	  69.60511	   7.50000	       14N
  72.55625	  73.86584	   7.50000	       14N
  51.62656	  78.81267	   7.50000	       11B
  54.41719	  78.81267	   7.50000	       11B
  57.20781	  78.81267	   7.50000	       11B
  59.99844	  78.81267	   7.50000	       10B
  62.78906	  78.81267	   7.50000	       11B
  65.57969	  78.81267	   7.50000	       11B
  68.37031	  78.81267	   7.50000	       11B
  71.16094	  78.81267	   7.50000	       11B
  73.95156	  78.81267	   7.50000	       11B
  50.23125	  78.12657	   7.50000	       14N
  53.02187	  78.12657	   7.50000	       14N
  55.81250	  78.12657	   7.50000	       14N
  58.60312	  78.12657	   7.50000	       14N
  61.39375	  78.12657	   7.50000	       14N
  64.18438	  78.12657	   7.50000	       14N
  66.97500	  78.12657	   7.50000	       14N
  69.76563	  78.12657	   7.50000	       14N
  72.55625	  78.12657	   7.50000	       14N
  76.74219	   2.11956	   7.50000	       10B
  76.74219	   6.38029	   7.50000	       11B
  76.74219	  10.64102	   7.50000	       11B
  79.53281	   2.11956	   7.50000	       11B
  79.53281	   6.38029	   7.50000	       11B
  79.53281	  10.64102	   7.50000	       11B
  75.34688	   4.24992	   7.50000	       11B
  75.34688	   8.51065	   7.50000	       11B
  75.34688	  12.77138	   7.50000	       11B
  78.13750	   4.24992	   7.50000	       11B
  78.13750	   8.51065	   7.50000	       11B
  78.13750	  12.77138	   7.50000	       10B
  76.74219	   3.56383	   7.50000	       14N
  76.74219	   7.82456	   7.50000	       14N
  76.74219	  12.08529	   7.50000	       14N
  79.53281	   3.56383	   7.50000	       14N
  79.53281	   7.82456	   7.50000	       14N
  79.53281	  12.08529	   7.50000	       14N
  75.34688	   1.43346	   7.50000	       14N
  75.34688	   5.69419	   7.50000	       14N
  75.34688	   9.95492	   7.50000	       14N
  78.13750	   1.43346	   7.50000	       14N
  78.13750	   5.69419	   7.50000	       14N
  78.13750	   9.95492	   7.50000	       14N
  76.74219	  14.90175	   7.50000	       10B
  76.74219	  19.16247	   7.50000	       11B
  76.74219	  23.42320	   7.50000	       10B
  79.53281	  14.90175	   7.50000	       11B
  79.53281	  19.16247	   7.50000	       11B
  79.53281	  23.42320	   7.50000	       11B
  75.34688	  17.03211	   7.50000	       11B
  75.34688	  21.29284	   7.50000	       11B
  75.34688	  25.55356	   7.50000	       11B
  78.13750	  17.03211	   7.50000	       10B
  78.13750	  21.29284	   7.50000	       11B
  78.13750	  25.55356	   7.50000	       11B
  76.74219	  16.34601	   7.50000	       14N
  76.74219	  20.60674	   7.50000	       14N
  76.74219	  24.86747	   7.50000	       14N
  79.53281	  16.34601	   7.50000	       14N
  79.53281	  20.60674	   7.50000	       14N
  79.53281	  24.86747	   7.50000	       14N
  75.34688	  14.21565	   7.50000	       14N
  75.34688	  18.47637	   7.50000	       14N
  75.34688	  22.73710	   7.50000	       14N
  78.13750	  14.21565	   7.50000	       14N
  78.13750	  18.47637	   7.50000	       14N
  78.13750	  22.73710	   7.50000	       14N
  76.74219	  27.68393	   7.50000	       11B
  76.74219	  31.94466	   7.50000	       11B
  76.74219	  36.20539	   7.50000	       11B
  79.53281	  27.68393	   7.50000	       10B
  79.53281	  31.94466	   7.50000	       11B
  79.53281	  36.20539	   7.50000	       11B
  75.34688	  29.81429	   7.50000	       11B
  75.34688	  34.07502	   7.50000	       11B
  75.34688	  38.33575	   7.50000	       11B
  78.13750	  29.81429	   7.50000	       10B
  78.13750	  34.07502	   7.50000	       11B
  78.13750	  38.33575	   7.50000	       11B
  76.74219	  29.12820	   7.50000	       14N
  76.74219	  33.38893	   7.50000	       14N
  76.74219	  37.64966	   7.50000	       14N
  79.53281	  29.12820	   7.50000	       14N
  79.53281	  33.38893	   7.50000	       14N
  79.53281	  37.64966	   7.50000	       14N
  75.34688	  26.99783	   7.50000	       14N
  75.34688	  31.25856	   7.50000	       14N
  75.34688	  35.51929	   7.50000	       14N
  78.13750	  26.99783	   7.50000	       14N
  78.13750	  31.25856	   7.50000	       14N
  78.13750	  35.51929	   7.50000	       14N
  76.74219	  40.46612	   7.50000	       11B
  76.74219	  44.72684	   7.50000	       11B
  76.74219	  48.98757	   7.50000	       11B
  79.53281	  40.46612	   7.50000	       11B
  79.53281	  44.72684	   7.50000	       11B
  79.53281	  48.98757	   7.50000	       11B
  75.34688	  42.59648	   7.50000	       10B
  75.34688	  46.85721	   7.50000	       11B
  75.34688	  51.11793	   7.50000	       11B
  78.13750	  42.59648	   7.50000	       11B
  78.13750	  46.85721	   7.50000	       11B
  78.13750	  51.11793	   7.50000	       11B
  76.74219	  41.91038	   7.50000	       14N
  76.74219	  46.17111	   7.50000	       14N
  76.74219	  50.43184	   7.50000	       14N
  79.53281	  41.91038	   7.50000	       14N
  79.53281	  46.17111	   7.50000	       14N
  79.53281	  50.43184	   7.50000	       14N
  75.34688	  39.78002	   7.50000	       14N
  75.34688	  44.04074	   7.50000	       14N
  75.34688	  48.30147	   7.50000	       14N
  78.13750	  39.78002	   7.50000	       14N
  78.13750	  44.04074	   7.50000	       14N
  78.13750	  48.30147	   7.50000	       14N
  76.74219	  53.24830	   7.50000	       10B
  76.74219	  57.50903	   7.50000	       10B
  76.74219	  61.76976	   7.50000	       11B
  79.53281	  53.24830	   7.50000	       10B
  79.53281	  57.50903	   7.50000	       10B
  79.53281	  61.76976	   7.50000	       11B
  75.34688	  55.37866	   7.50000	       11B
  75.34688	  59.63939	   7.50000	       11B
  75.34688	  63.90012	   7.50000	       11B
  78.13750	  55.37866	   7.50000	       11B
  78.13750	  59.63939	   7.50000	       11B
  78.13750	  63.90012	   7.50000	       11B
  76.74219	  54.69257	   7.50000	       14N
  76.74219	  58.95330	   7.50000	       14N
  76.74219	  63.21403	   7.50000	       14N
  79.53281	  54.69257	   7.50000	       14N
  79.53281	  58.95330	   7.50000	       14N
  79.53281	  63.21403	   7.50000	       14N
  75.34688	  52.56220	   7.50000	       14N
  75.34688	  56.82293	   7.50000	       14N
  75.34688	  61.08366	   7.50000	       14N
  78.13750	  52.56220	   7.50000	       14N
  78.13750	  56.82293	   7.50000	       14N
  78.13750	  61.08366	   7.50000	       14N
  76.74219	  66.03049	   7.50000	       11B
  76.74219	  70.29122	   7.50000	       10B
  76.74219	  74.55194	   7.50000	       10B
  79.53281	  66.03049	   7.50000	       11B
  79.53281	  70.29122	   7.50000	       11B
  79.53281	  74.55194	   7.50000	       11B
  75.34688	  68.16085	   7.50000	       11B
  75.34688	  72.42158	   7.50000	       11B
  75.34688	  76.68230	   7.50000	       11B
  78.13750	  68.16085	   7.50000	       11B
  78.13750	  72.42158	   7.50000	       11B
  78.13750	  76.68230	   7.50000	       11B
  76.74219	  67.47475	   7.50000	       14N
  76.74219	  71.73548	   7.50000	       14N
  76.74219	  75.99621	   7.50000	       14N
  79.53281	  67.47475	   7.50000	       14N
  79.53281	  71.73548	   7.50000	       14N
  79.53281	  75.99621	   7.50000	       14N
  75.34688	  65.34439	   7.50000	       14N
  75.34688	  69.60511	   7.50000	       14N
  75.34688	  73.86584	   7.50000	       14N
  78.13750	  65.34439	   7.50000	       14N
  78.13750	  69.60511	   7.50000	       14N
  78.13750	  73.86584	   7.50000	       14N
  76.74219	  78.81267	   7.50000	       10B
  79.53281	  78.81267	   7.50000	       11B
  75.34688	  78.12657	   7.50000	       14N
  78.13750	  78.12657	   7.50000	       14N
