--------------------------------------------------------------------------------------------------------------------------------------------------------------------------
  AtomName	    r_1i_X	    r_1i_Y	    r_1i_Z	     EFGxx	     EFGxy	     EFGxz	     EFGyx	     EFGyy	     EFGyz	     EFGzx	     EFGzy	     EFGzz	[Hatree/Bohr_radius^2]
--------------------------------------------------------------------------------------------------------------------------------------------------------------------------
10B  eQ___:	  8.459000	[Q/milibarn]*(10^-1)
11B  eQ___:	  4.059000	[Q/milibarn]*(10^-1)
14N  eQ___:	  2.044000	[Q/milibarn]*(10^-1)
15N  eQ___:	  0.000000	[Q/milibarn]*(10^-1)
10B  etc____:	---       	---       	---       	  -0.12514	  -0.00000	  -0.00000	  -0.00000	  -0.19534	   0.00000	  -0.00000	   0.00000	   0.32047
11B  etc____:	---       	---       	---       	  -0.12514	  -0.00000	  -0.00000	  -0.00000	  -0.19534	   0.00000	  -0.00000	   0.00000	   0.32047
14N  etc____:	---       	---       	---       	   0.25096	   0.00000	  -0.00000	   0.00000	  -0.15347	   0.00000	  -0.00000	   0.00000	  -0.09749
15N  etc____:	---       	---       	---       	   0.25096	   0.00000	  -0.00000	   0.00000	  -0.15347	   0.00000	  -0.00000	   0.00000	  -0.09749
MinDif[A]:	 -12.55781	  -6.39190	   0.00000
MaxDif[A]:	  11.17586	   6.36113	   0.00000
--------------------------------------------------------------------------------------------------------------------------------------------------------------------------
B         	 -11.17111	  -4.30403	   0.00000	  -0.12468	   0.00351	  -0.00000	   0.00351	  -0.19567	  -0.00000	  -0.00000	  -0.00000	   0.32035
B         	 -11.17560	  -0.03949	   0.00000	  -0.12572	   0.00438	  -0.00000	   0.00438	  -0.19594	  -0.00000	  -0.00000	  -0.00000	   0.32165
B         	 -11.17009	   4.22052	   0.00000	  -0.12560	   0.00467	  -0.00000	   0.00467	  -0.19512	  -0.00000	  -0.00000	  -0.00000	   0.32072
B         	  -8.39885	  -4.30275	   0.00000	  -0.12363	   0.00876	  -0.00000	   0.00876	  -0.19585	  -0.00000	  -0.00000	  -0.00000	   0.31948
B         	  -8.41709	  -0.03450	   0.00000	  -0.12685	   0.01246	  -0.00000	   0.01246	  -0.19580	  -0.00000	  -0.00000	  -0.00000	   0.32264
B         	  -8.39221	   4.22493	   0.00000	  -0.12549	   0.01403	   0.00000	   0.01403	  -0.19445	   0.00000	   0.00000	   0.00000	   0.31993
B         	  -5.62239	  -4.29906	   0.00000	  -0.11696	   0.01168	  -0.00000	   0.01168	  -0.19880	  -0.00000	  -0.00000	  -0.00000	   0.31575
B         	  -5.67594	  -0.02555	   0.00000	  -0.13079	   0.02355	  -0.00000	   0.02355	  -0.19531	  -0.00000	  -0.00000	  -0.00000	   0.32611
B         	  -5.60436	   4.23400	   0.00000	  -0.12428	   0.02245	   0.00000	   0.02245	  -0.19287	   0.00000	   0.00000	   0.00000	   0.31714
B         	  -2.83005	  -4.28201	   0.00000	  -0.10157	   0.01378	   0.00000	   0.01378	  -0.20571	  -0.00000	   0.00000	  -0.00000	   0.30728
B         	  -2.97141	  -0.01503	   0.00000	  -0.11872	   0.05048	   0.00000	   0.05048	  -0.20589	  -0.00000	   0.00000	  -0.00000	   0.32459
B         	  -2.79709	   4.23759	   0.00000	  -0.12177	   0.02327	   0.00000	   0.02327	  -0.18862	   0.00000	   0.00000	   0.00000	   0.31039
B         	   0.00000	  -4.22047	   0.00000	  -0.08927	  -0.00000	  -0.00000	  -0.00000	  -0.20848	  -0.00000	  -0.00000	  -0.00000	   0.29775
B         	   0.00000	   4.23692	   0.00000	  -0.12542	   0.00000	   0.00000	   0.00000	  -0.18180	   0.00000	   0.00000	   0.00000	   0.30721
B         	   2.83005	  -4.28201	   0.00000	  -0.10157	  -0.01378	   0.00000	  -0.01378	  -0.20571	  -0.00000	   0.00000	  -0.00000	   0.30728
B         	   2.97141	  -0.01503	   0.00000	  -0.11872	  -0.05048	  -0.00000	  -0.05048	  -0.20589	   0.00000	  -0.00000	   0.00000	   0.32459
B         	   2.79709	   4.23759	   0.00000	  -0.12177	  -0.02327	   0.00000	  -0.02327	  -0.18862	  -0.00000	   0.00000	  -0.00000	   0.31039
B         	   5.62239	  -4.29906	   0.00000	  -0.11696	  -0.01168	   0.00000	  -0.01168	  -0.19880	  -0.00000	   0.00000	  -0.00000	   0.31575
B         	   5.67594	  -0.02555	   0.00000	  -0.13079	  -0.02355	  -0.00000	  -0.02355	  -0.19531	   0.00000	  -0.00000	   0.00000	   0.32611
B         	   5.60436	   4.23400	   0.00000	  -0.12428	  -0.02245	   0.00000	  -0.02245	  -0.19287	  -0.00000	   0.00000	  -0.00000	   0.31714
B         	   8.39885	  -4.30275	   0.00000	  -0.12363	  -0.00876	   0.00000	  -0.00876	  -0.19585	  -0.00000	   0.00000	  -0.00000	   0.31948
B         	   8.41709	  -0.03450	   0.00000	  -0.12685	  -0.01246	  -0.00000	  -0.01246	  -0.19580	   0.00000	  -0.00000	   0.00000	   0.32264
B         	   8.39221	   4.22493	   0.00000	  -0.12549	  -0.01403	   0.00000	  -0.01403	  -0.19445	  -0.00000	   0.00000	  -0.00000	   0.31993
B         	  11.17111	  -4.30403	   0.00000	  -0.12468	  -0.00351	  -0.00000	  -0.00351	  -0.19567	  -0.00000	  -0.00000	  -0.00000	   0.32035
B         	  11.17560	  -0.03949	   0.00000	  -0.12572	  -0.00438	  -0.00000	  -0.00438	  -0.19594	  -0.00000	  -0.00000	  -0.00000	   0.32165
B         	  11.17009	   4.22052	   0.00000	  -0.12560	  -0.00467	  -0.00000	  -0.00467	  -0.19512	  -0.00000	  -0.00000	  -0.00000	   0.32072
B         	 -12.55781	  -2.17305	   0.00000	  -0.12503	  -0.00000	  -0.00000	  -0.00000	  -0.19575	   0.00000	  -0.00000	   0.00000	   0.32080
B         	 -12.55781	   2.09082	   0.00000	  -0.12583	  -0.00000	  -0.00000	  -0.00000	  -0.19543	   0.00000	  -0.00000	   0.00000	   0.32125
B         	 -12.55781	   6.34841	   0.00000	  -0.12514	  -0.00000	  -0.00000	  -0.00000	  -0.19534	   0.00000	  -0.00000	   0.00000	   0.32047
B         	  -9.79146	  -2.17123	   0.00000	  -0.12488	   0.00636	   0.00000	   0.00636	  -0.19577	  -0.00000	   0.00000	  -0.00000	   0.32065
B         	  -9.78652	   2.09450	   0.00000	  -0.12567	   0.01083	  -0.00000	   0.01083	  -0.19543	   0.00000	  -0.00000	   0.00000	   0.32112
B         	  -9.78096	   6.34959	   0.00000	  -0.12482	   0.00781	   0.00000	   0.00781	  -0.19522	  -0.00000	   0.00000	  -0.00000	   0.32004
B         	  -7.02828	  -2.16804	   0.00000	  -0.12394	   0.01228	   0.00000	   0.01228	  -0.19554	   0.00000	   0.00000	   0.00000	   0.31949
B         	  -7.01170	   2.10308	   0.00000	  -0.12663	   0.02514	  -0.00000	   0.02514	  -0.19340	   0.00000	  -0.00000	   0.00000	   0.32002
B         	  -7.00056	   6.35380	   0.00000	  -0.12228	   0.01307	   0.00000	   0.01307	  -0.19604	   0.00000	   0.00000	   0.00000	   0.31831
B         	  -4.26717	  -2.16084	   0.00000	  -0.11593	   0.01904	  -0.00000	   0.01904	  -0.19572	  -0.00000	  -0.00000	  -0.00000	   0.31165
B         	  -4.22398	   2.11549	   0.00000	  -0.12647	   0.04446	   0.00000	   0.04446	  -0.18655	   0.00000	   0.00000	   0.00000	   0.31304
B         	  -4.20602	   6.36113	   0.00000	  -0.11673	   0.01429	   0.00000	   0.01429	  -0.19815	   0.00000	   0.00000	   0.00000	   0.31487
B         	  -1.45163	  -2.10970	   0.00000	  -0.06862	   0.07350	  -0.00000	   0.07350	  -0.20494	   0.00000	  -0.00000	   0.00000	   0.27357
B         	  -1.38052	   2.07039	   0.00000	  -0.14714	   0.04815	   0.00000	   0.04815	  -0.13816	  -0.00000	   0.00000	  -0.00000	   0.28530
B         	  -1.39626	  -6.39190	   0.00000	  -0.11050	   0.00957	   0.00000	   0.00957	  -0.19792	  -0.00000	   0.00000	  -0.00000	   0.30843
B         	   1.45163	  -2.10970	   0.00000	  -0.06862	  -0.07350	  -0.00000	  -0.07350	  -0.20494	   0.00000	  -0.00000	   0.00000	   0.27357
B         	   1.38052	   2.07039	   0.00000	  -0.14714	  -0.04815	  -0.00000	  -0.04815	  -0.13816	  -0.00000	  -0.00000	  -0.00000	   0.28530
B         	   1.39626	  -6.39190	   0.00000	  -0.11050	  -0.00957	   0.00000	  -0.00957	  -0.19792	  -0.00000	   0.00000	  -0.00000	   0.30843
B         	   4.26717	  -2.16084	   0.00000	  -0.11593	  -0.01904	   0.00000	  -0.01904	  -0.19572	  -0.00000	   0.00000	  -0.00000	   0.31165
B         	   4.22398	   2.11549	   0.00000	  -0.12647	  -0.04446	  -0.00000	  -0.04446	  -0.18655	   0.00000	  -0.00000	   0.00000	   0.31304
B         	   4.20602	   6.36113	   0.00000	  -0.11673	  -0.01429	   0.00000	  -0.01429	  -0.19815	  -0.00000	   0.00000	  -0.00000	   0.31487
B         	   7.02828	  -2.16804	   0.00000	  -0.12394	  -0.01228	  -0.00000	  -0.01228	  -0.19554	  -0.00000	  -0.00000	  -0.00000	   0.31949
B         	   7.01170	   2.10308	   0.00000	  -0.12663	  -0.02514	  -0.00000	  -0.02514	  -0.19340	   0.00000	  -0.00000	   0.00000	   0.32002
B         	   7.00056	   6.35380	   0.00000	  -0.12228	  -0.01307	   0.00000	  -0.01307	  -0.19604	   0.00000	   0.00000	   0.00000	   0.31831
B         	   9.79146	  -2.17123	   0.00000	  -0.12488	  -0.00636	   0.00000	  -0.00636	  -0.19577	  -0.00000	   0.00000	  -0.00000	   0.32065
B         	   9.78652	   2.09450	   0.00000	  -0.12567	  -0.01083	  -0.00000	  -0.01083	  -0.19543	   0.00000	  -0.00000	   0.00000	   0.32112
B         	   9.78096	   6.34959	   0.00000	  -0.12482	  -0.00781	  -0.00000	  -0.00781	  -0.19522	   0.00000	  -0.00000	   0.00000	   0.32004
N         	 -11.17586	  -2.85998	   0.00000	   0.24292	  -0.00324	   0.00000	  -0.00324	  -0.14889	   0.00000	   0.00000	   0.00000	  -0.09402
N         	 -11.17583	   1.40518	   0.00000	   0.24613	   0.00203	  -0.00000	   0.00203	  -0.14601	   0.00000	  -0.00000	   0.00000	  -0.10012
N         	 -11.17232	   5.66456	   0.00000	   0.25518	  -0.00023	   0.00000	  -0.00023	  -0.15479	  -0.00000	   0.00000	  -0.00000	  -0.10039
N         	  -8.41312	  -2.85905	   0.00000	   0.23894	  -0.01311	   0.00000	  -0.01311	  -0.14904	  -0.00000	   0.00000	  -0.00000	  -0.08990
N         	  -8.41283	   1.41108	   0.00000	   0.24667	   0.00890	  -0.00000	   0.00890	  -0.14368	   0.00000	  -0.00000	   0.00000	  -0.10299
N         	  -8.39863	   5.66859	   0.00000	   0.26102	  -0.00065	  -0.00000	  -0.00065	  -0.15935	  -0.00000	  -0.00000	  -0.00000	  -0.10167
N         	  -5.65192	  -2.85884	   0.00000	   0.23734	  -0.02941	   0.00000	  -0.02941	  -0.15387	  -0.00000	   0.00000	  -0.00000	  -0.08346
N         	  -5.65064	   1.42240	   0.00000	   0.25510	   0.02936	  -0.00000	   0.02936	  -0.14101	  -0.00000	  -0.00000	  -0.00000	  -0.11409
N         	  -5.61457	   5.67780	   0.00000	   0.27615	   0.00051	   0.00000	   0.00051	  -0.16814	   0.00000	   0.00000	   0.00000	  -0.10802
N         	  -2.88217	  -2.85440	   0.00000	   0.29819	   0.01359	  -0.00000	   0.01359	  -0.15527	  -0.00000	  -0.00000	  -0.00000	  -0.14293
N         	  -2.88029	   1.43356	   0.00000	   0.29421	   0.06915	  -0.00000	   0.06915	  -0.13840	   0.00000	  -0.00000	   0.00000	  -0.15580
N         	  -2.80571	   5.68981	   0.00000	   0.28720	   0.00538	   0.00000	   0.00538	  -0.15551	  -0.00000	   0.00000	  -0.00000	  -0.13170
N         	   0.00000	  -2.77132	   0.00000	   0.37136	   0.00000	   0.00000	   0.00000	  -0.15412	   0.00000	   0.00000	   0.00000	  -0.21725
N         	   0.00000	   5.69584	   0.00000	   0.27590	  -0.00000	   0.00000	  -0.00000	  -0.14365	  -0.00000	   0.00000	  -0.00000	  -0.13225
N         	   2.88217	  -2.85440	   0.00000	   0.29819	  -0.01359	   0.00000	  -0.01359	  -0.15527	   0.00000	   0.00000	   0.00000	  -0.14293
N         	   2.88029	   1.43356	   0.00000	   0.29421	  -0.06915	   0.00000	  -0.06915	  -0.13840	   0.00000	   0.00000	   0.00000	  -0.15580
N         	   2.80571	   5.68981	   0.00000	   0.28720	  -0.00538	  -0.00000	  -0.00538	  -0.15551	  -0.00000	  -0.00000	  -0.00000	  -0.13169
N         	   5.65192	  -2.85884	   0.00000	   0.23734	   0.02941	  -0.00000	   0.02941	  -0.15387	   0.00000	  -0.00000	   0.00000	  -0.08346
N         	   5.65064	   1.42240	   0.00000	   0.25510	  -0.02936	  -0.00000	  -0.02936	  -0.14101	   0.00000	  -0.00000	   0.00000	  -0.11409
N         	   5.61457	   5.67780	   0.00000	   0.27615	  -0.00051	   0.00000	  -0.00051	  -0.16814	  -0.00000	   0.00000	  -0.00000	  -0.10802
N         	   8.41312	  -2.85905	   0.00000	   0.23894	   0.01311	   0.00000	   0.01311	  -0.14904	  -0.00000	   0.00000	  -0.00000	  -0.08990
N         	   8.41283	   1.41108	   0.00000	   0.24667	  -0.00890	  -0.00000	  -0.00890	  -0.14368	   0.00000	  -0.00000	   0.00000	  -0.10299
N         	   8.39863	   5.66859	   0.00000	   0.26102	   0.00065	   0.00000	   0.00065	  -0.15935	  -0.00000	   0.00000	  -0.00000	  -0.10167
N         	  11.17586	  -2.85998	   0.00000	   0.24292	   0.00324	   0.00000	   0.00324	  -0.14889	  -0.00000	   0.00000	  -0.00000	  -0.09402
N         	  11.17583	   1.40518	   0.00000	   0.24613	  -0.00203	  -0.00000	  -0.00203	  -0.14601	   0.00000	  -0.00000	   0.00000	  -0.10012
N         	  11.17232	   5.66456	   0.00000	   0.25518	   0.00023	  -0.00000	   0.00023	  -0.15479	  -0.00000	  -0.00000	  -0.00000	  -0.10039
N         	 -12.55781	  -4.98976	   0.00000	   0.25096	   0.00000	  -0.00000	   0.00000	  -0.15347	   0.00000	  -0.00000	   0.00000	  -0.09749
N         	 -12.55781	  -0.72836	   0.00000	   0.23855	   0.00000	   0.00000	   0.00000	  -0.14342	   0.00000	   0.00000	   0.00000	  -0.09513
N         	 -12.55781	   3.53510	   0.00000	   0.25285	   0.00000	  -0.00000	   0.00000	  -0.15129	   0.00000	  -0.00000	   0.00000	  -0.10156
N         	  -9.78835	  -4.98893	   0.00000	   0.25095	  -0.00570	   0.00000	  -0.00570	  -0.15482	  -0.00000	   0.00000	  -0.00000	  -0.09614
N         	  -9.80010	  -0.72632	   0.00000	   0.23174	  -0.00303	  -0.00000	  -0.00303	  -0.13981	   0.00000	  -0.00000	   0.00000	  -0.09192
N         	  -9.78841	   3.53852	   0.00000	   0.25574	   0.00346	   0.00000	   0.00346	  -0.15300	   0.00000	   0.00000	   0.00000	  -0.10273
N         	  -7.01607	  -4.98641	   0.00000	   0.25592	  -0.01311	   0.00000	  -0.01311	  -0.16141	   0.00000	   0.00000	   0.00000	  -0.09451
N         	  -7.05319	  -0.72233	   0.00000	   0.20912	  -0.00889	  -0.00000	  -0.00889	  -0.12665	  -0.00000	  -0.00000	  -0.00000	  -0.08247
N         	  -7.01414	   3.54823	   0.00000	   0.26722	   0.01082	  -0.00000	   0.01082	  -0.15709	   0.00000	  -0.00000	   0.00000	  -0.11013
N         	  -4.23014	  -4.98049	   0.00000	   0.27347	  -0.01440	  -0.00000	  -0.01440	  -0.16343	  -0.00000	  -0.00000	  -0.00000	  -0.11004
N         	  -4.34065	  -0.71797	   0.00000	   0.16796	  -0.00511	  -0.00000	  -0.00511	  -0.10193	  -0.00000	  -0.00000	  -0.00000	  -0.06603
N         	  -4.22629	   3.56386	   0.00000	   0.28898	   0.01993	  -0.00000	   0.01993	  -0.16405	   0.00000	  -0.00000	   0.00000	  -0.12493
N         	  -1.40826	  -4.94324	   0.00000	   0.29630	   0.01765	   0.00000	   0.01765	  -0.14763	  -0.00000	   0.00000	  -0.00000	  -0.14867
N         	  -1.41199	   3.55348	   0.00000	   0.27717	  -0.00740	  -0.00000	  -0.00740	  -0.11488	   0.00000	  -0.00000	   0.00000	  -0.16230
N         	   1.40826	  -4.94324	   0.00000	   0.29630	  -0.01765	   0.00000	  -0.01765	  -0.14763	   0.00000	   0.00000	   0.00000	  -0.14867
N         	   1.41199	   3.55348	   0.00000	   0.27717	   0.00740	  -0.00000	   0.00740	  -0.11488	  -0.00000	  -0.00000	  -0.00000	  -0.16230
N         	   4.23014	  -4.98049	   0.00000	   0.27347	   0.01440	   0.00000	   0.01440	  -0.16343	   0.00000	   0.00000	   0.00000	  -0.11004
N         	   4.34065	  -0.71797	   0.00000	   0.16796	   0.00511	  -0.00000	   0.00511	  -0.10193	   0.00000	  -0.00000	   0.00000	  -0.06603
N         	   4.22629	   3.56386	   0.00000	   0.28898	  -0.01993	  -0.00000	  -0.01993	  -0.16405	  -0.00000	  -0.00000	  -0.00000	  -0.12493
N         	   7.01607	  -4.98641	   0.00000	   0.25592	   0.01311	   0.00000	   0.01311	  -0.16141	  -0.00000	   0.00000	  -0.00000	  -0.09451
N         	   7.05319	  -0.72233	   0.00000	   0.20912	   0.00889	   0.00000	   0.00889	  -0.12665	   0.00000	   0.00000	   0.00000	  -0.08247
N         	   7.01414	   3.54823	   0.00000	   0.26722	  -0.01082	  -0.00000	  -0.01082	  -0.15709	   0.00000	  -0.00000	   0.00000	  -0.11013
N         	   9.78835	  -4.98893	   0.00000	   0.25095	   0.00570	  -0.00000	   0.00570	  -0.15482	  -0.00000	  -0.00000	  -0.00000	  -0.09614
N         	   9.80010	  -0.72632	   0.00000	   0.23174	   0.00303	   0.00000	   0.00303	  -0.13981	   0.00000	   0.00000	   0.00000	  -0.09192
N         	   9.78841	   3.53852	   0.00000	   0.25574	  -0.00346	  -0.00000	  -0.00346	  -0.15300	   0.00000	  -0.00000	   0.00000	  -0.10273
N         	   1.75875	  -0.76142	   0.00000	   0.19327	  -0.25097	   0.00000	  -0.25097	  -0.05200	  -0.00000	   0.00000	  -0.00000	  -0.14126
N         	  -1.75875	  -0.76142	   0.00000	   0.19326	   0.25097	   0.00000	   0.25097	  -0.05201	   0.00000	   0.00000	   0.00000	  -0.14126
N         	   0.00000	   1.52285	   0.00000	   0.10576	   0.00000	  -0.00000	   0.00000	   0.20242	   0.00000	  -0.00000	   0.00000	  -0.30818
