--------------------------------------------------------------------------------------------------------------------------------------------------------------------------
  AtomName	    r_1i_X	    r_1i_Y	    r_1i_Z	  iso[MHz]	       Axx	       Axy	       Axz	       Ayx	       Ayy	       Ayz	       Azx	       Azy	       Azz
--------------------------------------------------------------------------------------------------------------------------------------------------------------------------
10B  g-factor___:   0.600215 [No-unit]
11B  g-factor___:   1.792433 [No-unit]
14N  g-factor___:   0.403761 [No-unit]
15N  g-factor___:  -0.566378 [No-unit]
10B  etc____:	---       	---       	---       	   0.00000
11B  etc____:	---       	---       	---       	   0.00000
14N  etc____:	---       	---       	---       	   0.00000
15N  etc____:	---       	---       	---       	   0.00000
MinDif[A]:	 -12.55781	  -6.39190	   0.00000
MaxDif[A]:	  11.17586	   6.36113	   0.00000
--------------------------------------------------------------------------------------------------------------------------------------------------------------------------
B         	 -11.17111	  -4.30403	   0.00000	  -0.00000	   0.06098	   0.00000	  -0.00000	   0.00000	  -0.01525	   0.00000	  -0.00000	   0.00000	  -0.03049
B         	 -11.17560	  -0.03949	   0.00000	   0.01525	   0.07623	  -0.00000	  -0.00000	  -0.00000	  -0.03049	  -0.00000	  -0.00000	  -0.00000	  -0.04574
B         	 -11.17009	   4.22052	   0.00000	  -0.00000	   0.06098	  -0.00000	   0.00000	  -0.00000	  -0.01525	   0.00000	   0.00000	   0.00000	  -0.03049
B         	  -8.39885	  -4.30275	   0.00000	  -0.01525	   0.07623	   0.03049	   0.00000	   0.03049	  -0.01525	  -0.00000	   0.00000	  -0.00000	  -0.06098
B         	  -8.41709	  -0.03450	   0.00000	   0.24392	   0.13721	  -0.03049	  -0.00000	  -0.03049	  -0.04574	   0.00000	  -0.00000	   0.00000	  -0.09147
B         	  -8.39221	   4.22493	   0.00000	  -0.00000	   0.06098	  -0.01525	  -0.00000	  -0.01525	  -0.00000	  -0.00000	  -0.00000	  -0.00000	  -0.06098
B         	  -5.62239	  -4.29906	   0.00000	  -0.19819	   0.13721	   0.09147	  -0.00000	   0.09147	   0.09147	   0.00000	  -0.00000	   0.00000	  -0.21343
B         	  -5.67594	  -0.02555	   0.00000	   2.68315	   0.53358	  -0.36588	   0.00000	  -0.36588	  -0.09147	  -0.00000	   0.00000	  -0.00000	  -0.44211
B         	  -5.60436	   4.23400	   0.00000	   0.06098	   0.07623	  -0.12196	   0.00000	  -0.12196	   0.09147	   0.00000	   0.00000	   0.00000	  -0.16770
B         	  -2.83005	  -4.28201	   0.00000	   6.17430	  -0.74701	  -0.09147	   0.00000	  -0.09147	   1.79893	  -0.00000	   0.00000	  -0.00000	  -1.06716
B         	  -2.97141	  -0.01503	   0.00000	   3.73507	   2.39349	  -2.80511	   0.00000	  -2.80511	   1.05192	  -0.00000	   0.00000	  -0.00000	  -3.44541
B         	  -2.79709	   4.23759	   0.00000	   4.40586	   0.54883	  -0.71652	  -0.00000	  -0.71652	   0.13721	  -0.00000	  -0.00000	  -0.00000	  -0.68603
B         	   0.00000	  -4.22047	   0.00000	  -0.64030	  -0.10672	   0.00000	  -0.00000	   0.00000	   0.67079	   0.00000	  -0.00000	   0.00000	  -0.56407
B         	   0.00000	   4.23692	   0.00000	  -0.65554	  -0.35064	   0.00000	   0.00000	   0.00000	   1.25011	   0.00000	   0.00000	   0.00000	  -0.89947
B         	   2.83005	  -4.28201	   0.00000	   6.17430	  -0.74701	   0.09147	  -0.00000	   0.09147	   1.79893	  -0.00000	  -0.00000	  -0.00000	  -1.06716
B         	   2.97141	  -0.01503	   0.00000	   3.73507	   2.39349	   2.80511	  -0.00000	   2.80511	   1.05192	   0.00000	  -0.00000	   0.00000	  -3.44541
B         	   2.79709	   4.23759	   0.00000	   4.40586	   0.54883	   0.71652	   0.00000	   0.71652	   0.13721	  -0.00000	   0.00000	  -0.00000	  -0.68603
B         	   5.62239	  -4.29906	   0.00000	  -0.19819	   0.13721	  -0.09147	   0.00000	  -0.09147	   0.09147	  -0.00000	   0.00000	  -0.00000	  -0.21343
B         	   5.67594	  -0.02555	   0.00000	   2.68315	   0.53358	   0.36588	   0.00000	   0.36588	  -0.09147	   0.00000	   0.00000	   0.00000	  -0.44211
B         	   5.60436	   4.23400	   0.00000	   0.06098	   0.07623	   0.12196	  -0.00000	   0.12196	   0.09147	  -0.00000	  -0.00000	  -0.00000	  -0.16770
B         	   8.39885	  -4.30275	   0.00000	  -0.01525	   0.07623	  -0.03049	   0.00000	  -0.03049	  -0.01525	   0.00000	   0.00000	   0.00000	  -0.06098
B         	   8.41709	  -0.03450	   0.00000	   0.24392	   0.13721	   0.03049	  -0.00000	   0.03049	  -0.04574	  -0.00000	  -0.00000	  -0.00000	  -0.09147
B         	   8.39221	   4.22493	   0.00000	  -0.00000	   0.06098	   0.01525	  -0.00000	   0.01525	  -0.00000	   0.00000	  -0.00000	   0.00000	  -0.06098
B         	  11.17111	  -4.30403	   0.00000	  -0.00000	   0.06098	  -0.00000	  -0.00000	  -0.00000	  -0.01525	   0.00000	  -0.00000	   0.00000	  -0.03049
B         	  11.17560	  -0.03949	   0.00000	   0.01525	   0.07623	   0.00000	  -0.00000	   0.00000	  -0.03049	   0.00000	  -0.00000	   0.00000	  -0.04574
B         	  11.17009	   4.22052	   0.00000	  -0.00000	   0.06098	   0.00000	   0.00000	   0.00000	  -0.01525	  -0.00000	   0.00000	  -0.00000	  -0.03049
B         	 -12.55781	  -2.17305	   0.00000	  -0.00000	   0.06098	   0.00000	   0.00000	   0.00000	  -0.03049	  -0.00000	   0.00000	  -0.00000	  -0.03049
B         	 -12.55781	   2.09082	   0.00000	   0.00000	   0.06098	  -0.00000	  -0.00000	  -0.00000	  -0.03049	  -0.00000	  -0.00000	  -0.00000	  -0.03049
B         	 -12.55781	   6.34841	   0.00000	  -0.00000	   0.06098	  -0.00000	  -0.00000	  -0.00000	  -0.01525	   0.00000	  -0.00000	   0.00000	  -0.03049
B         	  -9.79146	  -2.17123	   0.00000	  -0.00000	   0.07623	   0.01525	  -0.00000	   0.01525	  -0.03049	  -0.00000	  -0.00000	  -0.00000	  -0.04574
B         	  -9.78652	   2.09450	   0.00000	  -0.00000	   0.07623	  -0.01525	   0.00000	  -0.01525	  -0.03049	  -0.00000	   0.00000	  -0.00000	  -0.04574
B         	  -9.78096	   6.34959	   0.00000	  -0.00000	   0.06098	   0.00000	   0.00000	   0.00000	  -0.01525	  -0.00000	   0.00000	  -0.00000	  -0.04574
B         	  -7.02828	  -2.16804	   0.00000	  -0.12196	   0.18294	   0.06098	   0.00000	   0.06098	  -0.04574	   0.00000	   0.00000	   0.00000	  -0.13721
B         	  -7.01170	   2.10308	   0.00000	  -0.01525	   0.12196	  -0.06098	  -0.00000	  -0.06098	  -0.01525	   0.00000	  -0.00000	   0.00000	  -0.10672
B         	  -7.00056	   6.35380	   0.00000	  -0.01525	   0.06098	  -0.00000	  -0.00000	  -0.00000	   0.03049	   0.00000	  -0.00000	   0.00000	  -0.09147
B         	  -4.26717	  -2.16084	   0.00000	  -2.04285	   0.80799	   0.39637	  -0.00000	   0.39637	   0.07623	  -0.00000	  -0.00000	  -0.00000	  -0.88422
B         	  -4.22398	   2.11549	   0.00000	  -0.50309	   0.38113	  -0.33539	  -0.00000	  -0.33539	   0.09147	  -0.00000	  -0.00000	  -0.00000	  -0.47260
B         	  -4.20602	   6.36113	   0.00000	   0.71652	  -0.06098	  -0.10672	  -0.00000	  -0.10672	   0.33539	  -0.00000	  -0.00000	  -0.00000	  -0.27441
B         	  -1.45163	  -2.10970	   0.00000	  -4.77174	  -0.83849	  -2.08859	   0.00000	  -2.08859	   5.44253	   0.00000	   0.00000	   0.00000	  -4.60405
B         	  -1.38052	   2.07039	   0.00000	  -6.99754	   4.40586	  -1.90565	  -0.00000	  -1.90565	  -0.38113	  -0.00000	  -0.00000	  -0.00000	  -4.03997
B         	  -1.39626	  -6.39190	   0.00000	  -0.12196	  -0.16770	  -0.03049	  -0.00000	  -0.03049	   0.44211	  -0.00000	  -0.00000	  -0.00000	  -0.27441
B         	   1.45163	  -2.10970	   0.00000	  -4.77174	  -0.83849	   2.08859	  -0.00000	   2.08859	   5.44253	   0.00000	  -0.00000	   0.00000	  -4.60405
B         	   1.38052	   2.07039	   0.00000	  -6.99754	   4.40586	   1.90565	   0.00000	   1.90565	  -0.38113	  -0.00000	   0.00000	  -0.00000	  -4.03997
B         	   1.39626	  -6.39190	   0.00000	  -0.12196	  -0.16770	   0.03049	   0.00000	   0.03049	   0.44211	  -0.00000	   0.00000	  -0.00000	  -0.27441
B         	   4.26717	  -2.16084	   0.00000	  -2.04285	   0.80799	  -0.39637	  -0.00000	  -0.39637	   0.07623	   0.00000	  -0.00000	   0.00000	  -0.88422
B         	   4.22398	   2.11549	   0.00000	  -0.50309	   0.38113	   0.33539	  -0.00000	   0.33539	   0.09147	   0.00000	  -0.00000	   0.00000	  -0.47260
B         	   4.20602	   6.36113	   0.00000	   0.71652	  -0.06098	   0.10672	   0.00000	   0.10672	   0.33539	  -0.00000	   0.00000	  -0.00000	  -0.27441
B         	   7.02828	  -2.16804	   0.00000	  -0.12196	   0.18294	  -0.06098	   0.00000	  -0.06098	  -0.04574	  -0.00000	   0.00000	  -0.00000	  -0.13721
B         	   7.01170	   2.10308	   0.00000	  -0.01525	   0.12196	   0.06098	  -0.00000	   0.06098	  -0.01525	  -0.00000	  -0.00000	  -0.00000	  -0.10672
B         	   7.00056	   6.35380	   0.00000	  -0.01525	   0.06098	   0.00000	  -0.00000	   0.00000	   0.03049	   0.00000	  -0.00000	   0.00000	  -0.09147
B         	   9.79146	  -2.17123	   0.00000	  -0.00000	   0.07623	  -0.01525	  -0.00000	  -0.01525	  -0.03049	  -0.00000	  -0.00000	  -0.00000	  -0.04574
B         	   9.78652	   2.09450	   0.00000	  -0.00000	   0.07623	   0.01525	   0.00000	   0.01525	  -0.03049	   0.00000	   0.00000	   0.00000	  -0.04574
B         	   9.78096	   6.34959	   0.00000	  -0.00000	   0.06098	  -0.00000	  -0.00000	  -0.00000	  -0.01525	   0.00000	  -0.00000	   0.00000	  -0.04574
N         	 -11.17586	  -2.85998	   0.00000	   0.00000	   0.06098	   0.00000	   0.00000	   0.00000	  -0.03049	  -0.00000	   0.00000	  -0.00000	  -0.04574
N         	 -11.17583	   1.40518	   0.00000	  -0.00000	   0.06098	  -0.00000	  -0.00000	  -0.00000	  -0.03049	  -0.00000	  -0.00000	  -0.00000	  -0.04574
N         	 -11.17232	   5.66456	   0.00000	   0.00000	   0.06098	  -0.00000	   0.00000	  -0.00000	  -0.01525	   0.00000	   0.00000	   0.00000	  -0.03049
N         	  -8.41312	  -2.85905	   0.00000	   0.09147	   0.10672	   0.04574	   0.00000	   0.04574	  -0.03049	   0.00000	   0.00000	   0.00000	  -0.07623
N         	  -8.41283	   1.41108	   0.00000	  -0.01525	   0.10672	  -0.03049	  -0.00000	  -0.03049	  -0.03049	   0.00000	  -0.00000	   0.00000	  -0.06098
N         	  -8.39863	   5.66859	   0.00000	   0.01525	   0.06098	   0.00000	   0.00000	   0.00000	   0.00000	   0.00000	   0.00000	   0.00000	  -0.06098
N         	  -5.65192	  -2.85884	   0.00000	   1.57025	   0.32015	   0.57932	  -0.00000	   0.57932	   0.15245	  -0.00000	  -0.00000	  -0.00000	  -0.47260
N         	  -5.65064	   1.42240	   0.00000	  -0.13721	   0.25917	  -0.10672	  -0.00000	  -0.10672	  -0.01525	  -0.00000	  -0.00000	  -0.00000	  -0.24392
N         	  -5.61457	   5.67780	   0.00000	   0.18294	  -0.01525	   0.07623	   0.00000	   0.07623	   0.24392	   0.00000	   0.00000	   0.00000	  -0.21343
N         	  -2.88217	  -2.85440	   0.00000	  48.49494	   1.75320	  11.63208	   0.00000	  11.63208	   5.96087	   0.00000	   0.00000	   0.00000	  -7.71406
N         	  -2.88029	   1.43356	   0.00000	   5.80842	  -1.08241	   0.41162	  -0.00000	   0.41162	   4.39061	   0.00000	  -0.00000	   0.00000	  -3.30821
N         	  -2.80571	   5.68981	   0.00000	   2.68315	  -0.10672	  -0.39637	  -0.00000	  -0.39637	   0.57932	  -0.00000	  -0.00000	  -0.00000	  -0.47260
N         	   0.00000	  -2.77132	   0.00000	   9.84839	   4.14669	   0.00000	  -0.00000	   0.00000	  -0.73177	  -0.00000	  -0.00000	  -0.00000	  -3.41492
N         	   0.00000	   5.69584	   0.00000	  -0.01525	  -0.19819	   0.00000	   0.00000	   0.00000	   0.53358	  -0.00000	   0.00000	  -0.00000	  -0.32015
N         	   2.88217	  -2.85440	   0.00000	  48.49494	   1.75320	 -11.63208	  -0.00000	 -11.63208	   5.96087	   0.00000	  -0.00000	   0.00000	  -7.71406
N         	   2.88029	   1.43356	   0.00000	   5.80842	  -1.08241	  -0.41162	  -0.00000	  -0.41162	   4.39061	   0.00000	  -0.00000	   0.00000	  -3.30821
N         	   2.80571	   5.68981	   0.00000	   2.68315	  -0.10672	   0.39637	  -0.00000	   0.39637	   0.57932	  -0.00000	  -0.00000	  -0.00000	  -0.47260
N         	   5.65192	  -2.85884	   0.00000	   1.57025	   0.32015	  -0.57932	  -0.00000	  -0.57932	   0.15245	   0.00000	  -0.00000	   0.00000	  -0.47260
N         	   5.65064	   1.42240	   0.00000	  -0.13721	   0.25917	   0.10672	  -0.00000	   0.10672	  -0.01525	   0.00000	  -0.00000	   0.00000	  -0.24392
N         	   5.61457	   5.67780	   0.00000	   0.18294	  -0.01525	  -0.07623	   0.00000	  -0.07623	   0.24392	  -0.00000	   0.00000	  -0.00000	  -0.21343
N         	   8.41312	  -2.85905	   0.00000	   0.09147	   0.10672	  -0.04574	   0.00000	  -0.04574	  -0.03049	  -0.00000	   0.00000	  -0.00000	  -0.07623
N         	   8.41283	   1.41108	   0.00000	  -0.01525	   0.10672	   0.03049	  -0.00000	   0.03049	  -0.03049	  -0.00000	  -0.00000	  -0.00000	  -0.06098
N         	   8.39863	   5.66859	   0.00000	   0.01525	   0.06098	  -0.00000	   0.00000	  -0.00000	   0.00000	   0.00000	   0.00000	   0.00000	  -0.06098
N         	  11.17586	  -2.85998	   0.00000	   0.00000	   0.06098	  -0.00000	  -0.00000	  -0.00000	  -0.03049	   0.00000	  -0.00000	   0.00000	  -0.04574
N         	  11.17583	   1.40518	   0.00000	  -0.00000	   0.06098	   0.00000	  -0.00000	   0.00000	  -0.03049	   0.00000	  -0.00000	   0.00000	  -0.04574
N         	  11.17232	   5.66456	   0.00000	   0.00000	   0.06098	   0.00000	  -0.00000	   0.00000	  -0.01525	   0.00000	  -0.00000	   0.00000	  -0.03049
N         	 -12.55781	  -4.98976	   0.00000	   0.00000	   0.06098	  -0.00000	  -0.00000	  -0.00000	  -0.01525	   0.00000	  -0.00000	   0.00000	  -0.03049
N         	 -12.55781	  -0.72836	   0.00000	   0.01525	   0.07623	   0.00000	  -0.00000	   0.00000	  -0.03049	  -0.00000	  -0.00000	  -0.00000	  -0.04574
N         	 -12.55781	   3.53510	   0.00000	  -0.00000	   0.06098	   0.00000	   0.00000	   0.00000	  -0.01525	  -0.00000	   0.00000	  -0.00000	  -0.03049
N         	  -9.78835	  -4.98893	   0.00000	   0.01525	   0.06098	   0.01525	   0.00000	   0.01525	  -0.01525	  -0.00000	   0.00000	  -0.00000	  -0.04574
N         	  -9.80010	  -0.72632	   0.00000	   0.09147	   0.10672	   0.01525	   0.00000	   0.01525	  -0.04574	   0.00000	   0.00000	   0.00000	  -0.06098
N         	  -9.78841	   3.53852	   0.00000	   0.00000	   0.06098	  -0.01525	  -0.00000	  -0.01525	  -0.01525	  -0.00000	  -0.00000	  -0.00000	  -0.04574
N         	  -7.01607	  -4.98641	   0.00000	   0.19819	   0.06098	   0.10672	   0.00000	   0.10672	   0.06098	   0.00000	   0.00000	   0.00000	  -0.12196
N         	  -7.05319	  -0.72233	   0.00000	   1.40256	   0.50309	   0.19819	  -0.00000	   0.19819	  -0.19819	  -0.00000	  -0.00000	  -0.00000	  -0.30490
N         	  -7.01414	   3.54823	   0.00000	  -0.01525	   0.07623	  -0.04574	   0.00000	  -0.04574	   0.01525	   0.00000	   0.00000	   0.00000	  -0.09147
N         	  -4.23014	  -4.98049	   0.00000	   4.23816	   0.03049	   1.15863	   0.00000	   1.15863	   0.89947	  -0.00000	   0.00000	  -0.00000	  -0.92996
N         	  -4.34065	  -0.71797	   0.00000	  22.15126	   5.50351	   4.02473	  -0.00000	   4.02473	  -1.85991	   0.00000	  -0.00000	   0.00000	  -3.64360
N         	  -4.22629	   3.56386	   0.00000	   1.18912	   0.09147	  -0.36588	  -0.00000	  -0.36588	   0.30490	   0.00000	  -0.00000	   0.00000	  -0.41162
N         	  -1.40826	  -4.94324	   0.00000	   0.10672	  -0.06098	   0.13721	  -0.00000	   0.13721	   0.51834	  -0.00000	  -0.00000	  -0.00000	  -0.45736
N         	  -1.41199	   3.55348	   0.00000	  31.22214	  -2.24104	  -4.29914	  -0.00000	  -4.29914	   6.34200	  -0.00000	  -0.00000	  -0.00000	  -4.08571
N         	   1.40826	  -4.94324	   0.00000	   0.10672	  -0.06098	  -0.13721	   0.00000	  -0.13721	   0.51834	  -0.00000	   0.00000	  -0.00000	  -0.45736
N         	   1.41199	   3.55348	   0.00000	  31.22214	  -2.24104	   4.29914	   0.00000	   4.29914	   6.34200	  -0.00000	   0.00000	  -0.00000	  -4.08571
N         	   4.23014	  -4.98049	   0.00000	   4.23816	   0.03049	  -1.15863	   0.00000	  -1.15863	   0.89947	  -0.00000	   0.00000	  -0.00000	  -0.92996
N         	   4.34065	  -0.71797	   0.00000	  22.15126	   5.50351	  -4.02473	  -0.00000	  -4.02473	  -1.85991	  -0.00000	  -0.00000	  -0.00000	  -3.64360
N         	   4.22629	   3.56386	   0.00000	   1.18912	   0.09147	   0.36588	   0.00000	   0.36588	   0.30490	   0.00000	   0.00000	   0.00000	  -0.41162
N         	   7.01607	  -4.98641	   0.00000	   0.19819	   0.06098	  -0.10672	  -0.00000	  -0.10672	   0.06098	  -0.00000	  -0.00000	  -0.00000	  -0.12196
N         	   7.05319	  -0.72233	   0.00000	   1.40256	   0.50309	  -0.19819	  -0.00000	  -0.19819	  -0.19819	   0.00000	  -0.00000	   0.00000	  -0.30490
N         	   7.01414	   3.54823	   0.00000	  -0.01525	   0.07623	   0.04574	   0.00000	   0.04574	   0.01525	  -0.00000	   0.00000	  -0.00000	  -0.09147
N         	   9.78835	  -4.98893	   0.00000	   0.01525	   0.06098	  -0.01525	   0.00000	  -0.01525	  -0.01525	  -0.00000	   0.00000	  -0.00000	  -0.04574
N         	   9.80010	  -0.72632	   0.00000	   0.09147	   0.10672	  -0.01525	   0.00000	  -0.01525	  -0.04574	  -0.00000	   0.00000	  -0.00000	  -0.06098
N         	   9.78841	   3.53852	   0.00000	   0.00000	   0.06098	   0.01525	   0.00000	   0.01525	  -0.01525	   0.00000	   0.00000	   0.00000	  -0.04574
N         	   1.75875	  -0.76142	   0.00000	 212.53314	  52.74834	-103.68251	   0.00000	-103.68251	  12.83645	   0.00000	   0.00000	   0.00000	 -65.58479
N         	  -1.75875	  -0.76142	   0.00000	 212.53314	  52.74834	 103.68251	   0.00000	 103.68251	  12.83645	   0.00000	   0.00000	   0.00000	 -65.58479
N         	   0.00000	   1.52285	   0.00000	 232.93120	 -71.19502	   0.00000	  -0.00000	   0.00000	 138.19761	   0.00000	  -0.00000	   0.00000	 -67.00259
