--------------------------------------------------------------------------------------------------------------------------------------------------------------------------
  AtomName	    r_1i_X	    r_1i_Y	    r_1i_Z	     EFGxx	     EFGxy	     EFGxz	     EFGyx	     EFGyy	     EFGyz	     EFGzx	     EFGzy	     EFGzz	[Hatree/Bohr_radius^2]
--------------------------------------------------------------------------------------------------------------------------------------------------------------------------
10B  eQ___:	  8.459000	[Q/milibarn]*(10^-1)
11B  eQ___:	  4.059000	[Q/milibarn]*(10^-1)
14N  eQ___:	  2.044000	[Q/milibarn]*(10^-1)
15N  eQ___:	  0.000000	[Q/milibarn]*(10^-1)
10B  etc____:	---       	---       	---       	  -0.19764	   0.00000	  -0.00000	   0.00000	  -0.19366	   0.00026	  -0.00000	   0.00026	   0.39130
11B  etc____:	---       	---       	---       	  -0.19764	   0.00000	  -0.00000	   0.00000	  -0.19366	   0.00026	  -0.00000	   0.00026	   0.39130
14N  etc____:	---       	---       	---       	  -0.03353	  -0.00000	  -0.00000	  -0.00000	   0.00289	  -0.00007	  -0.00000	  -0.00007	   0.03064
15N  etc____:	---       	---       	---       	  -0.03353	  -0.00000	  -0.00000	  -0.00000	   0.00289	  -0.00007	  -0.00000	  -0.00007	   0.03064
MinDif[A]:	 -10.65776	  -6.49373	  -2.11566
MaxDif[A]:	   9.42385	   6.44438	   0.32724
--------------------------------------------------------------------------------------------------------------------------------------------------------------------------
B         	  -9.42243	  -4.34035	  -2.11566	  -0.19743	   0.00305	   0.00035	   0.00305	  -0.19389	  -0.00003	   0.00035	  -0.00003	   0.39132
B         	  -9.42023	  -0.02763	  -2.11566	  -0.19808	   0.00350	   0.00033	   0.00350	  -0.19297	  -0.00003	   0.00033	  -0.00003	   0.39104
B         	  -9.42154	   4.28586	  -2.11566	  -0.19811	   0.00311	   0.00036	   0.00311	  -0.19310	  -0.00003	   0.00036	  -0.00003	   0.39121
B         	  -6.95286	  -4.33733	  -2.11563	  -0.19450	   0.00751	   0.00392	   0.00751	  -0.19593	  -0.00131	   0.00392	  -0.00131	   0.39042
B         	  -6.94329	  -0.02734	  -2.11563	  -0.19794	   0.01105	   0.00341	   0.01105	  -0.19219	  -0.00098	   0.00341	  -0.00098	   0.39014
B         	  -6.95090	   4.28576	  -2.11563	  -0.19823	   0.00735	   0.00357	   0.00735	  -0.19229	  -0.00108	   0.00357	  -0.00108	   0.39053
B         	  -4.53187	  -4.33003	  -1.76488	  -0.11308	  -0.00207	  -0.19525	  -0.00207	  -0.20166	   0.04593	  -0.19525	   0.04593	   0.31474
B         	  -4.49970	  -0.02347	  -1.79387	  -0.13522	   0.01379	  -0.18221	   0.01379	  -0.18929	   0.04419	  -0.18221	   0.04419	   0.32451
B         	  -4.52654	   4.29172	  -1.76798	  -0.12529	   0.00042	  -0.19536	   0.00042	  -0.19269	   0.04166	  -0.19536	   0.04166	   0.31798
B         	  -2.34288	  -4.32617	  -0.63195	  -0.04961	   0.01264	  -0.23564	   0.01264	  -0.21275	  -0.00364	  -0.23564	  -0.00364	   0.26237
B         	  -2.24112	  -0.02396	  -0.71623	  -0.06577	   0.06221	  -0.22826	   0.06221	  -0.18018	   0.02018	  -0.22826	   0.02018	   0.24595
B         	  -2.33753	   4.29548	  -0.63794	  -0.06385	   0.01770	  -0.24958	   0.01770	  -0.18704	  -0.00923	  -0.24958	  -0.00923	   0.25089
B         	  -0.00000	  -4.33052	   0.04948	  -0.16408	   0.00001	   0.00000	   0.00001	  -0.22756	  -0.05103	   0.00000	  -0.05103	   0.39164
B         	  -0.00000	   4.30402	   0.04443	  -0.19985	  -0.00000	   0.00000	  -0.00000	  -0.19352	  -0.04149	   0.00000	  -0.04149	   0.39337
B         	   2.34288	  -4.32617	  -0.63195	  -0.04961	  -0.01264	   0.23564	  -0.01264	  -0.21275	  -0.00364	   0.23564	  -0.00364	   0.26237
B         	   2.24112	  -0.02396	  -0.71623	  -0.06577	  -0.06221	   0.22825	  -0.06221	  -0.18018	   0.02018	   0.22825	   0.02018	   0.24595
B         	   2.33753	   4.29548	  -0.63794	  -0.06385	  -0.01770	   0.24958	  -0.01770	  -0.18703	  -0.00923	   0.24958	  -0.00923	   0.25089
B         	   4.53187	  -4.33003	  -1.76488	  -0.11308	   0.00207	   0.19525	   0.00207	  -0.20166	   0.04593	   0.19525	   0.04593	   0.31474
B         	   4.49970	  -0.02347	  -1.79387	  -0.13522	  -0.01379	   0.18221	  -0.01379	  -0.18929	   0.04419	   0.18221	   0.04419	   0.32451
B         	   4.52653	   4.29172	  -1.76798	  -0.12529	  -0.00042	   0.19536	  -0.00042	  -0.19269	   0.04166	   0.19536	   0.04166	   0.31798
B         	   6.95286	  -4.33733	  -2.11563	  -0.19450	  -0.00751	  -0.00392	  -0.00751	  -0.19593	  -0.00131	  -0.00392	  -0.00131	   0.39042
B         	   6.94329	  -0.02734	  -2.11563	  -0.19794	  -0.01105	  -0.00341	  -0.01105	  -0.19219	  -0.00098	  -0.00341	  -0.00098	   0.39014
B         	   6.95090	   4.28576	  -2.11563	  -0.19823	  -0.00735	  -0.00357	  -0.00735	  -0.19229	  -0.00108	  -0.00357	  -0.00108	   0.39053
B         	   9.42243	  -4.34035	  -2.11566	  -0.19743	  -0.00305	  -0.00035	  -0.00305	  -0.19389	  -0.00003	  -0.00035	  -0.00003	   0.39132
B         	   9.42023	  -0.02763	  -2.11566	  -0.19808	  -0.00350	  -0.00033	  -0.00350	  -0.19297	  -0.00003	  -0.00033	  -0.00003	   0.39104
B         	   9.42154	   4.28586	  -2.11566	  -0.19811	  -0.00311	  -0.00036	  -0.00311	  -0.19310	  -0.00003	  -0.00036	  -0.00003	   0.39121
B         	 -10.65776	   6.44356	  -2.11566	  -0.19764	   0.00000	  -0.00000	   0.00000	  -0.19366	   0.00026	  -0.00000	   0.00026	   0.39130
B         	 -10.65776	  -2.18396	  -2.11566	  -0.19785	   0.00000	  -0.00000	   0.00000	  -0.19344	   0.00025	  -0.00000	   0.00025	   0.39129
B         	 -10.65776	   2.12822	  -2.11566	  -0.19858	   0.00000	  -0.00000	   0.00000	  -0.19251	   0.00024	  -0.00000	   0.00024	   0.39109
B         	  -8.18736	   6.44438	  -2.11566	  -0.19733	   0.00562	   0.00259	   0.00562	  -0.19344	  -0.00212	   0.00259	  -0.00212	   0.39076
B         	  -8.18529	  -2.18270	  -2.11566	  -0.19721	   0.00679	   0.00246	   0.00679	  -0.19350	  -0.00204	   0.00246	  -0.00204	   0.39071
B         	  -8.18345	   2.12851	  -2.11566	  -0.19861	   0.00645	   0.00236	   0.00645	  -0.19187	  -0.00196	   0.00236	  -0.00196	   0.39049
B         	  -5.71811	  -6.49373	  -2.11466	  -0.18650	   0.00322	  -0.06455	   0.00322	  -0.19731	   0.03247	  -0.06455	   0.03247	   0.38381
B         	  -5.71067	  -2.17932	  -2.11466	  -0.18594	   0.00839	  -0.06259	   0.00839	  -0.19709	   0.03274	  -0.06259	   0.03274	   0.38303
B         	  -5.70543	   2.13001	  -2.11466	  -0.19251	   0.00914	  -0.05976	   0.00914	  -0.19157	   0.03010	  -0.05976	   0.03010	   0.38408
B         	  -3.42323	  -6.48882	  -1.24177	  -0.04508	   0.00872	  -0.25215	   0.00872	  -0.19743	   0.00664	  -0.25215	   0.00664	   0.24252
B         	  -3.39395	  -2.17267	  -1.27222	  -0.04109	   0.00970	  -0.24478	   0.00970	  -0.20133	   0.03224	  -0.24478	   0.03224	   0.24242
B         	  -3.38066	   2.13128	  -1.28456	  -0.07125	   0.02581	  -0.24628	   0.02581	  -0.18147	   0.00243	  -0.24628	   0.00243	   0.25272
B         	  -1.21383	  -6.48420	  -0.15317	  -0.13549	   0.01380	  -0.16430	   0.01380	  -0.20556	  -0.03667	  -0.16430	  -0.03667	   0.34105
B         	  -1.18469	  -2.15967	  -0.15896	  -0.08112	   0.03164	  -0.15340	   0.03164	  -0.24426	  -0.00167	  -0.15340	  -0.00167	   0.32539
B         	  -1.19332	   2.13333	  -0.12955	  -0.14062	   0.01801	  -0.21833	   0.01801	  -0.15133	  -0.03388	  -0.21833	  -0.03388	   0.29196
B         	   1.21383	  -6.48420	  -0.15317	  -0.13549	  -0.01380	   0.16430	  -0.01380	  -0.20556	  -0.03667	   0.16430	  -0.03667	   0.34105
B         	   1.18469	  -2.15967	  -0.15896	  -0.08112	  -0.03163	   0.15340	  -0.03163	  -0.24426	  -0.00167	   0.15340	  -0.00167	   0.32539
B         	   1.19332	   2.13333	  -0.12955	  -0.14062	  -0.01801	   0.21833	  -0.01801	  -0.15133	  -0.03388	   0.21833	  -0.03388	   0.29196
B         	   3.42323	  -6.48882	  -1.24177	  -0.04508	  -0.00872	   0.25215	  -0.00872	  -0.19743	   0.00664	   0.25215	   0.00664	   0.24252
B         	   3.39396	  -2.17267	  -1.27222	  -0.04109	  -0.00970	   0.24478	  -0.00970	  -0.20133	   0.03224	   0.24478	   0.03224	   0.24242
B         	   3.38066	   2.13128	  -1.28456	  -0.07125	  -0.02581	   0.24628	  -0.02581	  -0.18147	   0.00243	   0.24628	   0.00243	   0.25272
B         	   5.71811	  -6.49373	  -2.11466	  -0.18650	  -0.00322	   0.06455	  -0.00322	  -0.19731	   0.03247	   0.06455	   0.03247	   0.38381
B         	   5.71067	  -2.17932	  -2.11466	  -0.18594	  -0.00839	   0.06259	  -0.00839	  -0.19709	   0.03274	   0.06259	   0.03274	   0.38303
B         	   5.70543	   2.13001	  -2.11466	  -0.19251	  -0.00914	   0.05976	  -0.00914	  -0.19157	   0.03010	   0.05976	   0.03010	   0.38408
B         	   8.18736	   6.44438	  -2.11566	  -0.19733	  -0.00562	  -0.00259	  -0.00562	  -0.19344	  -0.00212	  -0.00259	  -0.00212	   0.39076
B         	   8.18529	  -2.18270	  -2.11566	  -0.19721	  -0.00679	  -0.00246	  -0.00679	  -0.19350	  -0.00204	  -0.00246	  -0.00204	   0.39071
B         	   8.18345	   2.12851	  -2.11566	  -0.19861	  -0.00645	  -0.00236	  -0.00645	  -0.19187	  -0.00196	  -0.00236	  -0.00196	   0.39049
N         	  -9.42318	  -2.90458	  -2.11566	  -0.03125	  -0.00013	   0.00283	  -0.00013	   0.00213	   0.00040	   0.00283	   0.00040	   0.02912
N         	  -9.42222	   1.40833	  -2.11566	  -0.02796	  -0.00149	   0.00270	  -0.00149	  -0.00152	   0.00041	   0.00270	   0.00041	   0.02948
N         	  -9.42385	   5.72214	  -2.11566	  -0.03340	  -0.00135	   0.00297	  -0.00135	   0.00269	   0.00042	   0.00297	   0.00042	   0.03072
N         	  -6.95434	  -2.90191	  -2.11563	  -0.02945	   0.00129	  -0.05081	   0.00129	   0.00367	  -0.01399	  -0.05081	  -0.01399	   0.02577
N         	  -6.94990	   1.40997	  -2.11563	  -0.02280	  -0.00366	  -0.04897	  -0.00366	  -0.00207	  -0.01382	  -0.04897	  -0.01382	   0.02487
N         	  -6.95679	   5.72324	  -2.11563	  -0.03184	  -0.00157	  -0.05352	  -0.00157	   0.00466	  -0.01429	  -0.05352	  -0.01429	   0.02718
N         	  -4.50683	  -2.89943	  -1.84491	  -0.04551	  -0.01798	   0.02289	  -0.01798	   0.00675	   0.02810	   0.02289	   0.02810	   0.03877
N         	  -4.49269	   1.41555	  -1.86292	  -0.03373	  -0.01929	   0.03422	  -0.01929	  -0.00112	   0.02214	   0.03422	   0.02214	   0.03487
N         	  -4.51228	   5.72815	  -1.83827	  -0.04808	  -0.01940	   0.02794	  -0.01940	   0.00635	   0.02484	   0.02794	   0.02484	   0.04173
N         	  -2.35151	  -2.90038	  -0.63150	  -0.04541	   0.01315	   0.00102	   0.01315	   0.00721	  -0.01311	   0.00102	  -0.01311	   0.03819
N         	  -2.29829	   1.42144	  -0.70013	  -0.01216	   0.00370	   0.01637	   0.00370	  -0.01290	   0.00426	   0.01637	   0.00426	   0.02507
N         	  -2.36141	   5.73303	  -0.61901	  -0.03689	   0.00964	   0.00453	   0.00964	  -0.00184	  -0.02400	   0.00453	  -0.02400	   0.03873
N         	  -0.00000	  -2.92070	   0.13058	  -0.00950	   0.00000	   0.00000	   0.00000	  -0.00274	  -0.07113	   0.00000	  -0.07113	   0.01224
N         	  -0.00000	   5.73850	   0.10155	  -0.00352	  -0.00000	   0.00000	  -0.00000	  -0.00131	  -0.07714	   0.00000	  -0.07714	   0.00484
N         	   2.35151	  -2.90038	  -0.63150	  -0.04541	  -0.01315	  -0.00102	  -0.01315	   0.00722	  -0.01311	  -0.00102	  -0.01311	   0.03819
N         	   2.29829	   1.42144	  -0.70013	  -0.01216	  -0.00370	  -0.01637	  -0.00370	  -0.01290	   0.00426	  -0.01637	   0.00426	   0.02507
N         	   2.36141	   5.73303	  -0.61901	  -0.03689	  -0.00964	  -0.00453	  -0.00964	  -0.00184	  -0.02400	  -0.00453	  -0.02400	   0.03873
N         	   4.50683	  -2.89943	  -1.84491	  -0.04551	   0.01798	  -0.02289	   0.01798	   0.00675	   0.02810	  -0.02289	   0.02810	   0.03877
N         	   4.49269	   1.41555	  -1.86292	  -0.03374	   0.01929	  -0.03422	   0.01929	  -0.00112	   0.02214	  -0.03422	   0.02214	   0.03487
N         	   4.51228	   5.72815	  -1.83827	  -0.04808	   0.01940	  -0.02794	   0.01940	   0.00635	   0.02484	  -0.02794	   0.02484	   0.04173
N         	   6.95434	  -2.90191	  -2.11563	  -0.02944	  -0.00129	   0.05081	  -0.00129	   0.00367	  -0.01399	   0.05081	  -0.01399	   0.02577
N         	   6.94990	   1.40997	  -2.11563	  -0.02280	   0.00366	   0.04897	   0.00366	  -0.00207	  -0.01382	   0.04897	  -0.01382	   0.02486
N         	   6.95679	   5.72324	  -2.11563	  -0.03184	   0.00157	   0.05352	   0.00157	   0.00466	  -0.01429	   0.05352	  -0.01429	   0.02718
N         	   9.42318	  -2.90458	  -2.11566	  -0.03125	   0.00013	  -0.00283	   0.00013	   0.00213	   0.00040	  -0.00283	   0.00040	   0.02912
N         	   9.42222	   1.40833	  -2.11566	  -0.02796	   0.00149	  -0.00270	   0.00149	  -0.00152	   0.00041	  -0.00270	   0.00041	   0.02948
N         	   9.42385	   5.72214	  -2.11566	  -0.03341	   0.00136	  -0.00297	   0.00136	   0.00269	   0.00042	  -0.00297	   0.00042	   0.03072
N         	 -10.65776	  -5.06213	  -2.11566	  -0.03353	  -0.00000	  -0.00000	  -0.00000	   0.00289	  -0.00007	  -0.00000	  -0.00007	   0.03064
N         	 -10.65776	  -0.74802	  -2.11566	  -0.02782	  -0.00000	  -0.00000	  -0.00000	  -0.00050	  -0.00007	  -0.00000	  -0.00007	   0.02832
N         	 -10.65776	   3.56487	  -2.11566	  -0.03142	  -0.00000	  -0.00000	  -0.00000	   0.00086	  -0.00006	  -0.00000	  -0.00006	   0.03055
N         	  -8.19009	  -5.06113	  -2.11566	  -0.03412	  -0.00089	  -0.00069	  -0.00089	   0.00354	   0.00020	  -0.00069	   0.00020	   0.03059
N         	  -8.18576	  -0.74703	  -2.11566	  -0.02585	  -0.00084	  -0.00095	  -0.00084	  -0.00209	   0.00017	  -0.00095	   0.00017	   0.02794
N         	  -8.18870	   3.56496	  -2.11566	  -0.03102	  -0.00364	  -0.00077	  -0.00364	   0.00004	   0.00026	  -0.00077	   0.00026	   0.03098
N         	  -5.72284	  -5.05850	  -2.11466	  -0.02720	  -0.01146	  -0.02542	  -0.01146	   0.00712	   0.08440	  -0.02542	   0.08440	   0.02008
N         	  -5.71082	  -0.74415	  -2.11466	  -0.01650	  -0.00907	  -0.02088	  -0.00907	  -0.00139	   0.07779	  -0.02088	   0.07779	   0.01789
N         	  -5.71842	   3.56798	  -2.11466	  -0.02124	  -0.01474	  -0.02384	  -0.01474	   0.00179	   0.07814	  -0.02384	   0.07814	   0.01945
N         	  -3.42239	  -5.05519	  -1.24149	  -0.05213	  -0.01395	  -0.00428	  -0.01395	   0.00654	   0.01899	  -0.00428	   0.01899	   0.04559
N         	  -3.37071	  -0.73962	  -1.31678	  -0.02630	  -0.00542	   0.01095	  -0.00542	  -0.00667	   0.01403	   0.01095	   0.01403	   0.03297
N         	  -3.40786	   3.57311	  -1.26005	  -0.05062	  -0.02126	   0.00444	  -0.02126	   0.00152	   0.02321	   0.00444	   0.02321	   0.04910
N         	  -1.23471	  -5.05730	  -0.09553	  -0.02414	   0.01206	   0.01000	   0.01206	   0.00384	  -0.05609	   0.01000	  -0.05609	   0.02031
N         	  -1.23404	   3.58865	  -0.08708	  -0.01777	   0.01732	   0.00692	   0.01732	   0.02590	  -0.07249	   0.00692	  -0.07249	  -0.00814
N         	   1.23471	  -5.05730	  -0.09553	  -0.02414	  -0.01207	  -0.01000	  -0.01207	   0.00384	  -0.05609	  -0.01000	  -0.05609	   0.02031
N         	   1.23404	   3.58865	  -0.08708	  -0.01777	  -0.01733	  -0.00692	  -0.01733	   0.02591	  -0.07249	  -0.00692	  -0.07249	  -0.00814
N         	   3.42239	  -5.05519	  -1.24149	  -0.05213	   0.01395	   0.00428	   0.01395	   0.00654	   0.01899	   0.00428	   0.01899	   0.04559
N         	   3.37071	  -0.73962	  -1.31678	  -0.02630	   0.00542	  -0.01095	   0.00542	  -0.00667	   0.01403	  -0.01095	   0.01403	   0.03297
N         	   3.40786	   3.57311	  -1.26005	  -0.05062	   0.02126	  -0.00444	   0.02126	   0.00152	   0.02320	  -0.00444	   0.02320	   0.04910
N         	   5.72284	  -5.05850	  -2.11466	  -0.02720	   0.01146	   0.02542	   0.01146	   0.00712	   0.08440	   0.02542	   0.08440	   0.02008
N         	   5.71082	  -0.74415	  -2.11466	  -0.01650	   0.00907	   0.02088	   0.00907	  -0.00139	   0.07778	   0.02088	   0.07778	   0.01789
N         	   5.71842	   3.56798	  -2.11466	  -0.02124	   0.01474	   0.02384	   0.01474	   0.00179	   0.07814	   0.02384	   0.07814	   0.01945
N         	   8.19009	  -5.06113	  -2.11566	  -0.03412	   0.00089	   0.00069	   0.00089	   0.00354	   0.00020	   0.00069	   0.00020	   0.03059
N         	   8.18576	  -0.74703	  -2.11566	  -0.02585	   0.00084	   0.00095	   0.00084	  -0.00209	   0.00017	   0.00095	   0.00017	   0.02794
N         	   8.18870	   3.56496	  -2.11566	  -0.03102	   0.00364	   0.00077	   0.00364	   0.00004	   0.00026	   0.00077	   0.00026	   0.03098
N         	   1.21067	  -0.77046	  -0.16362	   0.26826	  -0.22908	   0.00826	  -0.22908	  -0.12338	  -0.02215	   0.00826	  -0.02215	  -0.14488
N         	  -1.21067	  -0.77046	  -0.16362	   0.26825	   0.22907	  -0.00826	   0.22907	  -0.12338	  -0.02216	  -0.00826	  -0.02216	  -0.14487
N         	  -0.00000	   1.54093	   0.32724	  -0.29406	   0.00000	  -0.00000	   0.00000	   0.56373	   0.29470	  -0.00000	   0.29470	  -0.26968
