--------------------------------------------------------------------------------------------------------------------------------------------------------------------------
  AtomName	    r_1i_X	    r_1i_Y	    r_1i_Z	     EFGxx	     EFGxy	     EFGxz	     EFGyx	     EFGyy	     EFGyz	     EFGzx	     EFGzy	     EFGzz	[Hatree/Bohr_radius^2]
--------------------------------------------------------------------------------------------------------------------------------------------------------------------------
10B  eQ___:	  8.459000	[Q/milibarn]*(10^-1)
11B  eQ___:	  4.059000	[Q/milibarn]*(10^-1)
14N  eQ___:	  2.044000	[Q/milibarn]*(10^-1)
15N  eQ___:	  0.000000	[Q/milibarn]*(10^-1)
10B  etc____:	---       	---       	---       	  -0.19764	   0.00000	  -0.00000	   0.00000	  -0.19366	   0.00026	  -0.00000	   0.00026	   0.39130
11B  etc____:	---       	---       	---       	  -0.19764	   0.00000	  -0.00000	   0.00000	  -0.19366	   0.00026	  -0.00000	   0.00026	   0.39130
14N  etc____:	---       	---       	---       	  -0.03353	  -0.00000	  -0.00000	  -0.00000	   0.00289	  -0.00007	  -0.00000	  -0.00007	   0.03064
15N  etc____:	---       	---       	---       	  -0.03353	  -0.00000	  -0.00000	  -0.00000	   0.00289	  -0.00007	  -0.00000	  -0.00007	   0.03064
MinDif[A]:	 -10.74768	  -6.54786	  -2.15686
MaxDif[A]:	   9.50422	   6.51197	   0.27649
--------------------------------------------------------------------------------------------------------------------------------------------------------------------------
B         	  -9.50234	  -4.37474	  -2.15686	  -0.19743	   0.00305	   0.00035	   0.00305	  -0.19389	  -0.00003	   0.00035	  -0.00003	   0.39132
B         	  -9.50071	  -0.02144	  -2.15686	  -0.19808	   0.00350	   0.00033	   0.00350	  -0.19297	  -0.00003	   0.00033	  -0.00003	   0.39104
B         	  -9.50186	   4.33251	  -2.15686	  -0.19811	   0.00311	   0.00036	   0.00311	  -0.19310	  -0.00003	   0.00036	  -0.00003	   0.39121
B         	  -7.01313	  -4.37157	  -2.15683	  -0.19450	   0.00751	   0.00392	   0.00751	  -0.19593	  -0.00131	   0.00392	  -0.00131	   0.39042
B         	  -7.00508	  -0.02010	  -2.15683	  -0.19794	   0.01105	   0.00341	   0.01105	  -0.19219	  -0.00098	   0.00341	  -0.00098	   0.39014
B         	  -7.01085	   4.33382	  -2.15683	  -0.19823	   0.00735	   0.00357	   0.00735	  -0.19229	  -0.00108	   0.00357	  -0.00108	   0.39053
B         	  -4.57051	  -4.36468	  -1.80685	  -0.11308	  -0.00207	  -0.19525	  -0.00207	  -0.20166	   0.04593	  -0.19525	   0.04593	   0.31474
B         	  -4.54577	  -0.01536	  -1.82733	  -0.13522	   0.01379	  -0.18221	   0.01379	  -0.18929	   0.04419	  -0.18221	   0.04419	   0.32451
B         	  -4.56678	   4.34044	  -1.80691	  -0.12529	   0.00042	  -0.19536	   0.00042	  -0.19269	   0.04166	  -0.19536	   0.04166	   0.31798
B         	  -2.36295	  -4.36057	  -0.66527	  -0.04961	   0.01264	  -0.23564	   0.01264	  -0.21275	  -0.00364	  -0.23564	  -0.00364	   0.26237
B         	  -2.28548	  -0.01282	  -0.71487	  -0.06577	   0.06221	  -0.22826	   0.06221	  -0.18018	   0.02018	  -0.22826	   0.02018	   0.24595
B         	  -2.35811	   4.34389	  -0.67224	  -0.06385	   0.01770	  -0.24958	   0.01770	  -0.18704	  -0.00923	  -0.24958	  -0.00923	   0.25089
B         	  -0.00000	  -4.36022	   0.01934	  -0.16408	   0.00001	   0.00000	   0.00001	  -0.22756	  -0.05103	   0.00000	  -0.05103	   0.39164
B         	  -0.00000	   4.35468	   0.00683	  -0.19985	  -0.00000	   0.00000	  -0.00000	  -0.19352	  -0.04149	   0.00000	  -0.04149	   0.39337
B         	   2.36295	  -4.36057	  -0.66527	  -0.04961	  -0.01264	   0.23564	  -0.01264	  -0.21275	  -0.00364	   0.23564	  -0.00364	   0.26237
B         	   2.28548	  -0.01282	  -0.71487	  -0.06577	  -0.06221	   0.22825	  -0.06221	  -0.18018	   0.02018	   0.22825	   0.02018	   0.24595
B         	   2.35810	   4.34389	  -0.67224	  -0.06385	  -0.01770	   0.24958	  -0.01770	  -0.18703	  -0.00923	   0.24958	  -0.00923	   0.25089
B         	   4.57051	  -4.36468	  -1.80685	  -0.11308	   0.00207	   0.19525	   0.00207	  -0.20166	   0.04593	   0.19525	   0.04593	   0.31474
B         	   4.54577	  -0.01536	  -1.82733	  -0.13522	  -0.01379	   0.18221	  -0.01379	  -0.18929	   0.04419	   0.18221	   0.04419	   0.32451
B         	   4.56678	   4.34044	  -1.80691	  -0.12529	  -0.00042	   0.19536	  -0.00042	  -0.19269	   0.04166	   0.19536	   0.04166	   0.31798
B         	   7.01313	  -4.37157	  -2.15683	  -0.19450	  -0.00751	  -0.00392	  -0.00751	  -0.19593	  -0.00131	  -0.00392	  -0.00131	   0.39042
B         	   7.00508	  -0.02010	  -2.15683	  -0.19794	  -0.01105	  -0.00341	  -0.01105	  -0.19219	  -0.00098	  -0.00341	  -0.00098	   0.39014
B         	   7.01085	   4.33382	  -2.15683	  -0.19823	  -0.00735	  -0.00357	  -0.00735	  -0.19229	  -0.00108	  -0.00357	  -0.00108	   0.39053
B         	   9.50234	  -4.37474	  -2.15686	  -0.19743	  -0.00305	  -0.00035	  -0.00305	  -0.19389	  -0.00003	  -0.00035	  -0.00003	   0.39132
B         	   9.50070	  -0.02144	  -2.15686	  -0.19808	  -0.00350	  -0.00033	  -0.00350	  -0.19297	  -0.00003	  -0.00033	  -0.00003	   0.39104
B         	   9.50186	   4.33251	  -2.15686	  -0.19811	  -0.00311	  -0.00036	  -0.00311	  -0.19310	  -0.00003	  -0.00036	  -0.00003	   0.39121
B         	 -10.74768	   6.51004	  -2.15686	  -0.19764	   0.00000	  -0.00000	   0.00000	  -0.19366	   0.00026	  -0.00000	   0.00026	   0.39130
B         	 -10.74768	  -2.19842	  -2.15686	  -0.19785	   0.00000	  -0.00000	   0.00000	  -0.19344	   0.00025	  -0.00000	   0.00025	   0.39129
B         	 -10.74768	   2.15443	  -2.15686	  -0.19858	   0.00000	  -0.00000	   0.00000	  -0.19251	   0.00024	  -0.00000	   0.00024	   0.39109
B         	  -8.25885	   6.51197	  -2.15686	  -0.19733	   0.00562	   0.00259	   0.00562	  -0.19344	  -0.00212	   0.00259	  -0.00212	   0.39076
B         	  -8.25491	  -2.19628	  -2.15686	  -0.19721	   0.00679	   0.00246	   0.00679	  -0.19350	  -0.00204	   0.00246	  -0.00204	   0.39071
B         	  -8.25316	   2.15527	  -2.15686	  -0.19861	   0.00645	   0.00236	   0.00645	  -0.19187	  -0.00196	   0.00236	  -0.00196	   0.39049
B         	  -5.76934	  -6.54786	  -2.15586	  -0.18650	   0.00322	  -0.06455	   0.00322	  -0.19731	   0.03247	  -0.06455	   0.03247	   0.38381
B         	  -5.76073	  -2.19361	  -2.15586	  -0.18594	   0.00839	  -0.06259	   0.00839	  -0.19709	   0.03274	  -0.06259	   0.03274	   0.38303
B         	  -5.75608	   2.15860	  -2.15586	  -0.19251	   0.00914	  -0.05976	   0.00914	  -0.19157	   0.03010	  -0.05976	   0.03010	   0.38408
B         	  -3.45311	  -6.54276	  -1.27790	  -0.04508	   0.00872	  -0.25215	   0.00872	  -0.19743	   0.00664	  -0.25215	   0.00664	   0.24252
B         	  -3.42771	  -2.18609	  -1.30085	  -0.04109	   0.00970	  -0.24478	   0.00970	  -0.20133	   0.03224	  -0.24478	   0.03224	   0.24242
B         	  -3.41577	   2.15945	  -1.30953	  -0.07125	   0.02581	  -0.24628	   0.02581	  -0.18147	   0.00243	  -0.24628	   0.00243	   0.25272
B         	  -1.22312	  -6.53561	  -0.18868	  -0.13549	   0.01380	  -0.16430	   0.01380	  -0.20556	  -0.03667	  -0.16430	  -0.03667	   0.34105
B         	  -1.20413	  -2.17394	  -0.16290	  -0.08112	   0.03164	  -0.15340	   0.03164	  -0.24426	  -0.00167	  -0.15340	  -0.00167	   0.32539
B         	  -1.19960	   2.15868	  -0.15386	  -0.14062	   0.01801	  -0.21833	   0.01801	  -0.15133	  -0.03388	  -0.21833	  -0.03388	   0.29196
B         	   1.22312	  -6.53561	  -0.18868	  -0.13549	  -0.01380	   0.16430	  -0.01380	  -0.20556	  -0.03667	   0.16430	  -0.03667	   0.34105
B         	   1.20413	  -2.17394	  -0.16290	  -0.08112	  -0.03163	   0.15340	  -0.03163	  -0.24426	  -0.00167	   0.15340	  -0.00167	   0.32539
B         	   1.19960	   2.15868	  -0.15386	  -0.14062	  -0.01801	   0.21833	  -0.01801	  -0.15133	  -0.03388	   0.21833	  -0.03388	   0.29196
B         	   3.45311	  -6.54276	  -1.27790	  -0.04508	  -0.00872	   0.25215	  -0.00872	  -0.19743	   0.00664	   0.25215	   0.00664	   0.24252
B         	   3.42771	  -2.18609	  -1.30085	  -0.04109	  -0.00970	   0.24478	  -0.00970	  -0.20133	   0.03224	   0.24478	   0.03224	   0.24242
B         	   3.41577	   2.15945	  -1.30953	  -0.07125	  -0.02581	   0.24628	  -0.02581	  -0.18147	   0.00243	   0.24628	   0.00243	   0.25272
B         	   5.76934	  -6.54786	  -2.15586	  -0.18650	  -0.00322	   0.06455	  -0.00322	  -0.19731	   0.03247	   0.06455	   0.03247	   0.38381
B         	   5.76072	  -2.19361	  -2.15586	  -0.18594	  -0.00839	   0.06259	  -0.00839	  -0.19709	   0.03274	   0.06259	   0.03274	   0.38303
B         	   5.75608	   2.15860	  -2.15586	  -0.19251	  -0.00914	   0.05976	  -0.00914	  -0.19157	   0.03010	   0.05976	   0.03010	   0.38408
B         	   8.25885	   6.51197	  -2.15686	  -0.19733	  -0.00562	  -0.00259	  -0.00562	  -0.19344	  -0.00212	  -0.00259	  -0.00212	   0.39076
B         	   8.25491	  -2.19628	  -2.15686	  -0.19721	  -0.00679	  -0.00246	  -0.00679	  -0.19350	  -0.00204	  -0.00246	  -0.00204	   0.39071
B         	   8.25316	   2.15527	  -2.15686	  -0.19861	  -0.00645	  -0.00236	  -0.00645	  -0.19187	  -0.00196	  -0.00236	  -0.00196	   0.39049
N         	  -9.50298	  -2.92552	  -2.15686	  -0.03125	  -0.00013	   0.00283	  -0.00013	   0.00213	   0.00040	   0.00283	   0.00040	   0.02912
N         	  -9.50208	   1.42783	  -2.15686	  -0.02796	  -0.00149	   0.00270	  -0.00149	  -0.00152	   0.00041	   0.00270	   0.00041	   0.02948
N         	  -9.50422	   5.78208	  -2.15686	  -0.03340	  -0.00135	   0.00297	  -0.00135	   0.00269	   0.00042	   0.00297	   0.00042	   0.03072
N         	  -7.01444	  -2.92291	  -2.15683	  -0.02945	   0.00129	  -0.05081	   0.00129	   0.00367	  -0.01399	  -0.05081	  -0.01399	   0.02577
N         	  -7.01027	   1.43031	  -2.15683	  -0.02280	  -0.00366	  -0.04897	  -0.00366	  -0.00207	  -0.01382	  -0.04897	  -0.01382	   0.02487
N         	  -7.01785	   5.78442	  -2.15683	  -0.03184	  -0.00157	  -0.05352	  -0.00157	   0.00466	  -0.01429	  -0.05352	  -0.01429	   0.02718
N         	  -4.54750	  -2.92037	  -1.88052	  -0.04551	  -0.01798	   0.02289	  -0.01798	   0.00675	   0.02810	   0.02289	   0.02810	   0.03877
N         	  -4.53671	   1.43597	  -1.89306	  -0.03373	  -0.01929	   0.03422	  -0.01929	  -0.00112	   0.02214	   0.03422	   0.02214	   0.03487
N         	  -4.55446	   5.78986	  -1.87351	  -0.04808	  -0.01940	   0.02794	  -0.01940	   0.00635	   0.02484	   0.02794	   0.02484	   0.04173
N         	  -2.37343	  -2.92170	  -0.66082	  -0.04541	   0.01315	   0.00102	   0.01315	   0.00721	  -0.01311	   0.00102	  -0.01311	   0.03819
N         	  -2.33256	   1.44348	  -0.70873	  -0.01216	   0.00370	   0.01637	   0.00370	  -0.01290	   0.00426	   0.01637	   0.00426	   0.02507
N         	  -2.38072	   5.79565	  -0.65461	  -0.03689	   0.00964	   0.00453	   0.00964	  -0.00184	  -0.02400	   0.00453	  -0.02400	   0.03873
N         	  -0.00000	  -2.93689	   0.10811	  -0.00950	   0.00000	   0.00000	   0.00000	  -0.00274	  -0.07113	   0.00000	  -0.07113	   0.01224
N         	  -0.00000	   5.80220	   0.06089	  -0.00352	  -0.00000	   0.00000	  -0.00000	  -0.00131	  -0.07714	   0.00000	  -0.07714	   0.00484
N         	   2.37343	  -2.92170	  -0.66082	  -0.04541	  -0.01315	  -0.00102	  -0.01315	   0.00722	  -0.01311	  -0.00102	  -0.01311	   0.03819
N         	   2.33256	   1.44348	  -0.70873	  -0.01216	  -0.00370	  -0.01637	  -0.00370	  -0.01290	   0.00426	  -0.01637	   0.00426	   0.02507
N         	   2.38072	   5.79565	  -0.65461	  -0.03689	  -0.00964	  -0.00453	  -0.00964	  -0.00184	  -0.02400	  -0.00453	  -0.02400	   0.03873
N         	   4.54750	  -2.92037	  -1.88052	  -0.04551	   0.01798	  -0.02289	   0.01798	   0.00675	   0.02810	  -0.02289	   0.02810	   0.03877
N         	   4.53671	   1.43597	  -1.89306	  -0.03374	   0.01929	  -0.03422	   0.01929	  -0.00112	   0.02214	  -0.03422	   0.02214	   0.03487
N         	   4.55446	   5.78986	  -1.87351	  -0.04808	   0.01940	  -0.02794	   0.01940	   0.00635	   0.02484	  -0.02794	   0.02484	   0.04173
N         	   7.01444	  -2.92291	  -2.15683	  -0.02944	  -0.00129	   0.05081	  -0.00129	   0.00367	  -0.01399	   0.05081	  -0.01399	   0.02577
N         	   7.01027	   1.43031	  -2.15683	  -0.02280	   0.00366	   0.04897	   0.00366	  -0.00207	  -0.01382	   0.04897	  -0.01382	   0.02486
N         	   7.01785	   5.78442	  -2.15683	  -0.03184	   0.00157	   0.05352	   0.00157	   0.00466	  -0.01429	   0.05352	  -0.01429	   0.02718
N         	   9.50298	  -2.92552	  -2.15686	  -0.03125	   0.00013	  -0.00283	   0.00013	   0.00213	   0.00040	  -0.00283	   0.00040	   0.02912
N         	   9.50208	   1.42783	  -2.15686	  -0.02796	   0.00149	  -0.00270	   0.00149	  -0.00152	   0.00041	  -0.00270	   0.00041	   0.02948
N         	   9.50422	   5.78208	  -2.15686	  -0.03341	   0.00136	  -0.00297	   0.00136	   0.00269	   0.00042	  -0.00297	   0.00042	   0.03072
N         	 -10.74768	  -5.10378	  -2.15686	  -0.03353	  -0.00000	  -0.00000	  -0.00000	   0.00289	  -0.00007	  -0.00000	  -0.00007	   0.03064
N         	 -10.74768	  -0.74899	  -2.15686	  -0.02782	  -0.00000	  -0.00000	  -0.00000	  -0.00050	  -0.00007	  -0.00000	  -0.00007	   0.02832
N         	 -10.74768	   3.60438	  -2.15686	  -0.03142	  -0.00000	  -0.00000	  -0.00000	   0.00086	  -0.00006	  -0.00000	  -0.00006	   0.03055
N         	  -8.26042	  -5.10235	  -2.15686	  -0.03412	  -0.00089	  -0.00069	  -0.00089	   0.00354	   0.00020	  -0.00069	   0.00020	   0.03059
N         	  -8.25652	  -0.74742	  -2.15686	  -0.02585	  -0.00084	  -0.00095	  -0.00084	  -0.00209	   0.00017	  -0.00095	   0.00017	   0.02794
N         	  -8.25866	   3.60527	  -2.15686	  -0.03102	  -0.00364	  -0.00077	  -0.00364	   0.00004	   0.00026	  -0.00077	   0.00026	   0.03098
N         	  -5.77281	  -5.09942	  -2.15586	  -0.02720	  -0.01146	  -0.02542	  -0.01146	   0.00712	   0.08440	  -0.02542	   0.08440	   0.02008
N         	  -5.76312	  -0.74496	  -2.15586	  -0.01650	  -0.00907	  -0.02088	  -0.00907	  -0.00139	   0.07779	  -0.02088	   0.07779	   0.01789
N         	  -5.76866	   3.60938	  -2.15586	  -0.02124	  -0.01474	  -0.02384	  -0.01474	   0.00179	   0.07814	  -0.02384	   0.07814	   0.01945
N         	  -3.45147	  -5.09547	  -1.28003	  -0.05213	  -0.01395	  -0.00428	  -0.01395	   0.00654	   0.01899	  -0.00428	   0.01899	   0.04559
N         	  -3.41191	  -0.73996	  -1.33804	  -0.02630	  -0.00542	   0.01095	  -0.00542	  -0.00667	   0.01403	   0.01095	   0.01403	   0.03297
N         	  -3.44034	   3.61490	  -1.29445	  -0.05062	  -0.02126	   0.00444	  -0.02126	   0.00152	   0.02321	   0.00444	   0.02321	   0.04910
N         	  -1.24304	  -5.09558	  -0.13049	  -0.02414	   0.01206	   0.01000	   0.01206	   0.00384	  -0.05609	   0.01000	  -0.05609	   0.02031
N         	  -1.24240	   3.63188	  -0.12456	  -0.01777	   0.01732	   0.00692	   0.01732	   0.02590	  -0.07249	   0.00692	  -0.07249	  -0.00814
N         	   1.24304	  -5.09558	  -0.13049	  -0.02414	  -0.01207	  -0.01000	  -0.01207	   0.00384	  -0.05609	  -0.01000	  -0.05609	   0.02031
N         	   1.24240	   3.63188	  -0.12456	  -0.01777	  -0.01733	  -0.00692	  -0.01733	   0.02591	  -0.07249	  -0.00692	  -0.07249	  -0.00814
N         	   3.45147	  -5.09547	  -1.28003	  -0.05213	   0.01395	   0.00428	   0.01395	   0.00654	   0.01899	   0.00428	   0.01899	   0.04559
N         	   3.41191	  -0.73996	  -1.33804	  -0.02630	   0.00542	  -0.01095	   0.00542	  -0.00667	   0.01403	  -0.01095	   0.01403	   0.03297
N         	   3.44033	   3.61490	  -1.29445	  -0.05062	   0.02126	  -0.00444	   0.02126	   0.00152	   0.02320	  -0.00444	   0.02320	   0.04910
N         	   5.77280	  -5.09942	  -2.15586	  -0.02720	   0.01146	   0.02542	   0.01146	   0.00712	   0.08440	   0.02542	   0.08440	   0.02008
N         	   5.76312	  -0.74496	  -2.15586	  -0.01650	   0.00907	   0.02088	   0.00907	  -0.00139	   0.07778	   0.02088	   0.07778	   0.01789
N         	   5.76866	   3.60938	  -2.15586	  -0.02124	   0.01474	   0.02384	   0.01474	   0.00179	   0.07814	   0.02384	   0.07814	   0.01945
N         	   8.26042	  -5.10235	  -2.15686	  -0.03412	   0.00089	   0.00069	   0.00089	   0.00354	   0.00020	   0.00069	   0.00020	   0.03059
N         	   8.25652	  -0.74742	  -2.15686	  -0.02585	   0.00084	   0.00095	   0.00084	  -0.00209	   0.00017	   0.00095	   0.00017	   0.02794
N         	   8.25866	   3.60527	  -2.15686	  -0.03102	   0.00364	   0.00077	   0.00364	   0.00004	   0.00026	   0.00077	   0.00026	   0.03098
N         	   1.26896	  -0.77725	  -0.13824	   0.26826	  -0.22908	   0.00826	  -0.22908	  -0.12338	  -0.02215	   0.00826	  -0.02215	  -0.14488
N         	  -1.26896	  -0.77725	  -0.13824	   0.26825	   0.22907	  -0.00826	   0.22907	  -0.12338	  -0.02216	  -0.00826	  -0.02216	  -0.14487
N         	  -0.00000	   1.55450	   0.27649	  -0.29406	   0.00000	  -0.00000	   0.00000	   0.56373	   0.29470	  -0.00000	   0.29470	  -0.26968
