--------------------------------------------------------------------------------------------------------------------------------------------------------------------------
  AtomName	    r_1i_X	    r_1i_Y	    r_1i_Z	  iso[MHz]	       Axx	       Axy	       Axz	       Ayx	       Ayy	       Ayz	       Azx	       Azy	       Azz
--------------------------------------------------------------------------------------------------------------------------------------------------------------------------
10B  g-factor___:   0.600215 [No-unit]
11B  g-factor___:   1.792433 [No-unit]
14N  g-factor___:   0.403761 [No-unit]
15N  g-factor___:  -0.566378 [No-unit]
10B  etc____:	---       	---       	---       	   0.00000
11B  etc____:	---       	---       	---       	   0.00000
14N  etc____:	---       	---       	---       	   0.00000
15N  etc____:	---       	---       	---       	   0.00000
MinDif[A]:	 -10.74768	  -6.54786	  -2.15686
MaxDif[A]:	   9.50422	   6.51197	   0.27649
--------------------------------------------------------------------------------------------------------------------------------------------------------------------------
B         	  -9.50234	  -4.37474	  -2.15686	   0.00000	   0.06098	   0.00000	   0.00000	   0.00000	  -0.01525	   0.00000	   0.00000	   0.00000	  -0.04574
B         	  -9.50071	  -0.02144	  -2.15686	   0.01525	   0.09147	  -0.00000	   0.01525	  -0.00000	  -0.04574	  -0.00000	   0.01525	  -0.00000	  -0.04574
B         	  -9.50186	   4.33251	  -2.15686	   0.00000	   0.06098	  -0.00000	   0.00000	  -0.00000	  -0.01525	  -0.00000	   0.00000	  -0.00000	  -0.04574
B         	  -7.01313	  -4.37157	  -2.15683	  -0.01525	   0.06098	   0.03049	   0.03049	   0.03049	  -0.00000	   0.01525	   0.03049	   0.01525	  -0.06098
B         	  -7.00508	  -0.02010	  -2.15683	   0.25917	   0.16770	  -0.04574	   0.06098	  -0.04574	  -0.07623	   0.00000	   0.06098	   0.00000	  -0.10672
B         	  -7.01085	   4.33382	  -2.15683	   0.00000	   0.06098	  -0.03049	   0.03049	  -0.03049	  -0.00000	  -0.01525	   0.03049	  -0.01525	  -0.06098
B         	  -4.57051	  -4.36468	  -1.80685	  -0.06098	   0.06098	   0.10672	   0.10672	   0.10672	   0.09147	   0.04574	   0.10672	   0.04574	  -0.13721
B         	  -4.54577	  -0.01536	  -1.82733	   2.78987	   0.67079	  -0.51834	   0.28966	  -0.51834	  -0.16770	  -0.03049	   0.28966	  -0.03049	  -0.50309
B         	  -4.56678	   4.34044	  -1.80691	  -0.04574	   0.04574	  -0.10672	   0.09147	  -0.10672	   0.06098	  -0.06098	   0.09147	  -0.06098	  -0.10672
B         	  -2.36295	  -4.36057	  -0.66527	   2.43923	  -0.42687	   0.12196	   0.07623	   0.12196	   1.02143	  -0.03049	   0.07623	  -0.03049	  -0.57932
B         	  -2.28548	  -0.01282	  -0.71487	   1.85991	   0.54883	  -2.50021	   3.32345	  -2.50021	   0.97569	  -2.54595	   3.32345	  -2.54595	  -1.52452
B         	  -2.35811	   4.34389	  -0.67224	   3.39968	   0.42687	  -0.68603	   0.42687	  -0.68603	   0.13721	  -0.24392	   0.42687	  -0.24392	  -0.57932
B         	  -0.00000	  -4.36022	   0.01934	  -0.76226	  -0.19819	   0.00000	  -0.00000	   0.00000	   0.71652	  -0.03049	  -0.00000	  -0.03049	  -0.51834
B         	  -0.00000	   4.35468	   0.00683	  -0.92996	  -0.33539	  -0.00000	   0.00000	  -0.00000	   1.21961	  -0.16770	   0.00000	  -0.16770	  -0.86898
B         	   2.36295	  -4.36057	  -0.66527	   2.43923	  -0.42687	  -0.12196	  -0.07623	  -0.12196	   1.02143	  -0.03049	  -0.07623	  -0.03049	  -0.57932
B         	   2.28548	  -0.01282	  -0.71487	   1.85991	   0.54883	   2.50021	  -3.32345	   2.50021	   0.97569	  -2.54595	  -3.32345	  -2.54595	  -1.52452
B         	   2.35810	   4.34389	  -0.67224	   3.39968	   0.42687	   0.68603	  -0.42687	   0.68603	   0.13721	  -0.24392	  -0.42687	  -0.24392	  -0.57932
B         	   4.57051	  -4.36468	  -1.80685	  -0.06098	   0.06098	  -0.10672	  -0.10672	  -0.10672	   0.09147	   0.04574	  -0.10672	   0.04574	  -0.13721
B         	   4.54577	  -0.01536	  -1.82733	   2.78987	   0.67079	   0.51834	  -0.28966	   0.51834	  -0.16770	  -0.03049	  -0.28966	  -0.03049	  -0.50309
B         	   4.56678	   4.34044	  -1.80691	  -0.04574	   0.04574	   0.10672	  -0.09147	   0.10672	   0.06098	  -0.06098	  -0.09147	  -0.06098	  -0.10672
B         	   7.01313	  -4.37157	  -2.15683	  -0.01525	   0.06098	  -0.03049	  -0.03049	  -0.03049	  -0.00000	   0.01525	  -0.03049	   0.01525	  -0.06098
B         	   7.00508	  -0.02010	  -2.15683	   0.25917	   0.16770	   0.04574	  -0.06098	   0.04574	  -0.07623	   0.00000	  -0.06098	   0.00000	  -0.10672
B         	   7.01085	   4.33382	  -2.15683	   0.00000	   0.06098	   0.03049	  -0.03049	   0.03049	  -0.00000	  -0.01525	  -0.03049	  -0.01525	  -0.06098
B         	   9.50234	  -4.37474	  -2.15686	   0.00000	   0.06098	  -0.00000	  -0.00000	  -0.00000	  -0.01525	   0.00000	  -0.00000	   0.00000	  -0.04574
B         	   9.50070	  -0.02144	  -2.15686	   0.01525	   0.09147	   0.00000	  -0.01525	   0.00000	  -0.04574	  -0.00000	  -0.01525	  -0.00000	  -0.04574
B         	   9.50186	   4.33251	  -2.15686	   0.00000	   0.06098	   0.00000	  -0.00000	   0.00000	  -0.01525	  -0.00000	  -0.00000	  -0.00000	  -0.04574
B         	 -10.74768	   6.51004	  -2.15686	   0.00000	   0.06098	   0.00000	   0.00000	   0.00000	  -0.01525	   0.00000	   0.00000	   0.00000	  -0.04574
B         	 -10.74768	  -2.19842	  -2.15686	   0.00000	   0.07623	   0.00000	  -0.00000	   0.00000	  -0.03049	   0.00000	  -0.00000	   0.00000	  -0.04574
B         	 -10.74768	   2.15443	  -2.15686	   0.00000	   0.07623	  -0.00000	   0.00000	  -0.00000	  -0.03049	  -0.00000	   0.00000	  -0.00000	  -0.04574
B         	  -8.25885	   6.51197	  -2.15686	   0.00000	   0.04574	   0.00000	   0.01525	   0.00000	  -0.00000	   0.00000	   0.01525	   0.00000	  -0.04574
B         	  -8.25491	  -2.19628	  -2.15686	  -0.01525	   0.09147	   0.01525	   0.03049	   0.01525	  -0.03049	   0.00000	   0.03049	   0.00000	  -0.06098
B         	  -8.25316	   2.15527	  -2.15686	   0.00000	   0.09147	  -0.01525	   0.01525	  -0.01525	  -0.03049	  -0.00000	   0.01525	  -0.00000	  -0.04574
B         	  -5.76934	  -6.54786	  -2.15586	  -0.01525	   0.03049	  -0.00000	   0.03049	  -0.00000	   0.04574	   0.00000	   0.03049	   0.00000	  -0.06098
B         	  -5.76073	  -2.19361	  -2.15586	  -0.07623	   0.15245	   0.09147	   0.12196	   0.09147	  -0.03049	   0.03049	   0.12196	   0.03049	  -0.12196
B         	  -5.75608	   2.15860	  -2.15586	   0.04574	   0.12196	  -0.09147	   0.10672	  -0.09147	  -0.04574	  -0.03049	   0.10672	  -0.03049	  -0.09147
B         	  -3.45311	  -6.54276	  -1.27790	   0.19819	  -0.06098	  -0.07623	   0.07623	  -0.07623	   0.24392	  -0.04574	   0.07623	  -0.04574	  -0.18294
B         	  -3.42771	  -2.18609	  -1.30085	  -0.88422	   0.30490	   0.47260	   0.64030	   0.47260	   0.13721	   0.27441	   0.64030	   0.27441	  -0.44211
B         	  -3.41577	   2.15945	  -1.30953	  -0.57932	   0.24392	  -0.30490	   0.41162	  -0.30490	   0.06098	  -0.16770	   0.41162	  -0.16770	  -0.30490
B         	  -1.22312	  -6.53561	  -0.18868	  -0.07623	  -0.19819	  -0.01525	   0.03049	  -0.01525	   0.44211	  -0.01525	   0.03049	  -0.01525	  -0.24392
B         	  -1.20413	  -2.17394	  -0.16290	   0.79275	  -1.55501	  -0.76226	   0.51834	  -0.76226	   5.42729	   0.19819	   0.51834	   0.19819	  -3.87228
B         	  -1.19960	   2.15868	  -0.15386	  -2.92708	   3.18624	  -2.28678	   3.24722	  -2.28678	  -0.32015	  -0.80799	   3.24722	  -0.80799	  -2.86610
B         	   1.22312	  -6.53561	  -0.18868	  -0.07623	  -0.19819	   0.01525	  -0.03049	   0.01525	   0.44211	  -0.01525	  -0.03049	  -0.01525	  -0.24392
B         	   1.20413	  -2.17394	  -0.16290	   0.79275	  -1.55501	   0.76226	  -0.51834	   0.76226	   5.42729	   0.19819	  -0.51834	   0.19819	  -3.87228
B         	   1.19960	   2.15868	  -0.15386	  -2.92708	   3.18624	   2.28678	  -3.24722	   2.28678	  -0.32015	  -0.80799	  -3.24722	  -0.80799	  -2.86610
B         	   3.45311	  -6.54276	  -1.27790	   0.19819	  -0.06098	   0.07623	  -0.07623	   0.07623	   0.24392	  -0.04574	  -0.07623	  -0.04574	  -0.18294
B         	   3.42771	  -2.18609	  -1.30085	  -0.88422	   0.30490	  -0.47260	  -0.64030	  -0.47260	   0.13721	   0.27441	  -0.64030	   0.27441	  -0.44211
B         	   3.41577	   2.15945	  -1.30953	  -0.57932	   0.24392	   0.30490	  -0.41162	   0.30490	   0.06098	  -0.16770	  -0.41162	  -0.16770	  -0.30490
B         	   5.76934	  -6.54786	  -2.15586	  -0.01525	   0.03049	   0.00000	  -0.03049	   0.00000	   0.04574	   0.00000	  -0.03049	   0.00000	  -0.06098
B         	   5.76072	  -2.19361	  -2.15586	  -0.07623	   0.15245	  -0.09147	  -0.12196	  -0.09147	  -0.03049	   0.03049	  -0.12196	   0.03049	  -0.12196
B         	   5.75608	   2.15860	  -2.15586	   0.04574	   0.12196	   0.09147	  -0.10672	   0.09147	  -0.04574	  -0.03049	  -0.10672	  -0.03049	  -0.09147
B         	   8.25885	   6.51197	  -2.15686	   0.00000	   0.04574	  -0.00000	  -0.01525	  -0.00000	  -0.00000	   0.00000	  -0.01525	   0.00000	  -0.04574
B         	   8.25491	  -2.19628	  -2.15686	  -0.01525	   0.09147	  -0.01525	  -0.03049	  -0.01525	  -0.03049	   0.00000	  -0.03049	   0.00000	  -0.06098
B         	   8.25316	   2.15527	  -2.15686	   0.00000	   0.09147	   0.01525	  -0.01525	   0.01525	  -0.03049	  -0.00000	  -0.01525	  -0.00000	  -0.04574
N         	  -9.50298	  -2.92552	  -2.15686	   0.01525	   0.07623	   0.01525	   0.01525	   0.01525	  -0.03049	   0.00000	   0.01525	   0.00000	  -0.04574
N         	  -9.50208	   1.42783	  -2.15686	   0.00000	   0.09147	  -0.00000	   0.01525	  -0.00000	  -0.03049	  -0.00000	   0.01525	  -0.00000	  -0.04574
N         	  -9.50422	   5.78208	  -2.15686	   0.00000	   0.06098	  -0.00000	   0.00000	  -0.00000	  -0.01525	  -0.00000	   0.00000	  -0.00000	  -0.03049
N         	  -7.01444	  -2.92291	  -2.15683	   0.09147	   0.12196	   0.06098	   0.06098	   0.06098	  -0.04574	   0.01525	   0.06098	   0.01525	  -0.07623
N         	  -7.01027	   1.43031	  -2.15683	   0.03049	   0.13721	  -0.03049	   0.06098	  -0.03049	  -0.06098	  -0.00000	   0.06098	  -0.00000	  -0.07623
N         	  -7.01785	   5.78442	  -2.15683	   0.01525	   0.04574	  -0.01525	   0.01525	  -0.01525	   0.00000	  -0.00000	   0.01525	  -0.00000	  -0.04574
N         	  -4.54750	  -2.92037	  -1.88052	   1.00618	   0.36588	   0.39637	   0.16770	   0.39637	  -0.04574	   0.09147	   0.16770	   0.09147	  -0.32015
N         	  -4.53671	   1.43597	  -1.89306	   0.27441	   0.32015	  -0.01525	   0.21343	  -0.01525	  -0.18294	  -0.09147	   0.21343	  -0.09147	  -0.13721
N         	  -4.55446	   5.78986	  -1.87351	   0.03049	  -0.01525	   0.00000	   0.04574	   0.00000	   0.13721	  -0.03049	   0.04574	  -0.03049	  -0.12196
N         	  -2.37343	  -2.92170	  -0.66082	  22.91351	   0.25917	   5.27483	   2.98806	   5.27483	   1.99712	   3.46066	   2.98806	   3.46066	  -2.25629
N         	  -2.33256	   1.44348	  -0.70873	   4.55831	   1.40256	   2.02761	   0.79275	   2.02761	   1.75320	   1.02143	   0.79275	   1.02143	  -3.15575
N         	  -2.38072	   5.79565	  -0.65461	   1.87516	  -0.32015	  -0.35064	   0.09147	  -0.35064	   0.79275	  -0.13721	   0.09147	  -0.13721	  -0.47260
N         	  -0.00000	  -2.93689	   0.10811	   1.11290	   3.84179	   0.00000	   0.00000	   0.00000	  -0.59456	  -0.12196	   0.00000	  -0.12196	  -3.26247
N         	  -0.00000	   5.80220	   0.06089	   0.71652	  -0.45736	   0.00000	   0.00000	   0.00000	   0.88422	   0.24392	   0.00000	   0.24392	  -0.44211
N         	   2.37343	  -2.92170	  -0.66082	  22.91351	   0.25917	  -5.27483	  -2.98806	  -5.27483	   1.99712	   3.46066	  -2.98806	   3.46066	  -2.25629
N         	   2.33256	   1.44348	  -0.70873	   4.55831	   1.40256	  -2.02761	  -0.79275	  -2.02761	   1.75320	   1.02143	  -0.79275	   1.02143	  -3.15575
N         	   2.38072	   5.79565	  -0.65461	   1.87516	  -0.32015	   0.35064	  -0.09147	   0.35064	   0.79275	  -0.13721	  -0.09147	  -0.13721	  -0.47260
N         	   4.54750	  -2.92037	  -1.88052	   1.00618	   0.36588	  -0.39637	  -0.16770	  -0.39637	  -0.04574	   0.09147	  -0.16770	   0.09147	  -0.32015
N         	   4.53671	   1.43597	  -1.89306	   0.27441	   0.32015	   0.01525	  -0.21343	   0.01525	  -0.18294	  -0.09147	  -0.21343	  -0.09147	  -0.13721
N         	   4.55446	   5.78986	  -1.87351	   0.03049	  -0.01525	  -0.00000	  -0.04574	  -0.00000	   0.13721	  -0.03049	  -0.04574	  -0.03049	  -0.12196
N         	   7.01444	  -2.92291	  -2.15683	   0.09147	   0.12196	  -0.06098	  -0.06098	  -0.06098	  -0.04574	   0.01525	  -0.06098	   0.01525	  -0.07623
N         	   7.01027	   1.43031	  -2.15683	   0.03049	   0.13721	   0.03049	  -0.06098	   0.03049	  -0.06098	  -0.00000	  -0.06098	  -0.00000	  -0.07623
N         	   7.01785	   5.78442	  -2.15683	   0.01525	   0.04574	   0.01525	  -0.01525	   0.01525	   0.00000	  -0.00000	  -0.01525	  -0.00000	  -0.04574
N         	   9.50298	  -2.92552	  -2.15686	   0.01525	   0.07623	  -0.01525	  -0.01525	  -0.01525	  -0.03049	   0.00000	  -0.01525	   0.00000	  -0.04574
N         	   9.50208	   1.42783	  -2.15686	   0.00000	   0.09147	   0.00000	  -0.01525	   0.00000	  -0.03049	  -0.00000	  -0.01525	  -0.00000	  -0.04574
N         	   9.50422	   5.78208	  -2.15686	   0.00000	   0.06098	   0.00000	  -0.00000	   0.00000	  -0.01525	  -0.00000	  -0.00000	  -0.00000	  -0.03049
N         	 -10.74768	  -5.10378	  -2.15686	   0.00000	   0.06098	  -0.00000	   0.00000	  -0.00000	  -0.01525	   0.00000	   0.00000	   0.00000	  -0.04574
N         	 -10.74768	  -0.74899	  -2.15686	   0.01525	   0.09147	   0.00000	  -0.00000	   0.00000	  -0.04574	   0.00000	  -0.00000	   0.00000	  -0.04574
N         	 -10.74768	   3.60438	  -2.15686	   0.00000	   0.06098	  -0.00000	  -0.00000	  -0.00000	  -0.03049	  -0.00000	  -0.00000	  -0.00000	  -0.04574
N         	  -8.26042	  -5.10235	  -2.15686	   0.00000	   0.06098	   0.01525	   0.01525	   0.01525	  -0.01525	   0.00000	   0.01525	   0.00000	  -0.04574
N         	  -8.25652	  -0.74742	  -2.15686	   0.13721	   0.15245	   0.01525	   0.01525	   0.01525	  -0.07623	   0.00000	   0.01525	   0.00000	  -0.07623
N         	  -8.25866	   3.60527	  -2.15686	   0.00000	   0.06098	  -0.01525	   0.01525	  -0.01525	  -0.01525	  -0.00000	   0.01525	  -0.00000	  -0.04574
N         	  -5.77281	  -5.09942	  -2.15586	   0.04574	   0.03049	   0.06098	   0.06098	   0.06098	   0.03049	   0.03049	   0.06098	   0.03049	  -0.07623
N         	  -5.76312	  -0.74496	  -2.15586	   1.53976	   0.68603	   0.18294	   0.12196	   0.18294	  -0.33539	   0.01525	   0.12196	   0.01525	  -0.36588
N         	  -5.76866	   3.60938	  -2.15586	   0.00000	   0.06098	  -0.06098	   0.06098	  -0.06098	  -0.01525	  -0.03049	   0.06098	  -0.03049	  -0.04574
N         	  -3.45147	  -5.09547	  -1.28003	   1.31109	  -0.12196	   0.45736	   0.18294	   0.45736	   0.53358	   0.24392	   0.18294	   0.24392	  -0.41162
N         	  -3.41191	  -0.73996	  -1.33804	  23.30989	   3.17100	   2.48497	   5.83891	   2.48497	  -3.41492	   1.93614	   5.83891	   1.93614	   0.24392
N         	  -3.44034	   3.61490	  -1.29445	   0.03049	   0.00000	  -0.30490	   0.12196	  -0.30490	   0.21343	   0.01525	   0.12196	   0.01525	  -0.22868
N         	  -1.24304	  -5.09558	  -0.13049	   0.32015	  -0.04574	   0.18294	   0.07623	   0.18294	   0.48785	   0.00000	   0.07623	   0.00000	  -0.44211
N         	  -1.24240	   3.63188	  -0.12456	  29.59091	  -3.99424	  -3.06428	   0.68603	  -3.06428	   8.11044	  -3.15575	   0.68603	  -3.15575	  -4.11620
N         	   1.24304	  -5.09558	  -0.13049	   0.32015	  -0.04574	  -0.18294	  -0.07623	  -0.18294	   0.48785	   0.00000	  -0.07623	   0.00000	  -0.44211
N         	   1.24240	   3.63188	  -0.12456	  29.59091	  -3.99424	   3.06428	  -0.68603	   3.06428	   8.11044	  -3.15575	  -0.68603	  -3.15575	  -4.11620
N         	   3.45147	  -5.09547	  -1.28003	   1.31109	  -0.12196	  -0.45736	  -0.18294	  -0.45736	   0.53358	   0.24392	  -0.18294	   0.24392	  -0.41162
N         	   3.41191	  -0.73996	  -1.33804	  23.30989	   3.17100	  -2.48497	  -5.83891	  -2.48497	  -3.41492	   1.93614	  -5.83891	   1.93614	   0.24392
N         	   3.44033	   3.61490	  -1.29445	   0.03049	   0.00000	   0.30490	  -0.12196	   0.30490	   0.21343	   0.01525	  -0.12196	   0.01525	  -0.22868
N         	   5.77280	  -5.09942	  -2.15586	   0.04574	   0.03049	  -0.06098	  -0.06098	  -0.06098	   0.03049	   0.03049	  -0.06098	   0.03049	  -0.07623
N         	   5.76312	  -0.74496	  -2.15586	   1.53976	   0.68603	  -0.18294	  -0.12196	  -0.18294	  -0.33539	   0.01525	  -0.12196	   0.01525	  -0.36588
N         	   5.76866	   3.60938	  -2.15586	   0.00000	   0.06098	   0.06098	  -0.06098	   0.06098	  -0.01525	  -0.03049	  -0.06098	  -0.03049	  -0.04574
N         	   8.26042	  -5.10235	  -2.15686	   0.00000	   0.06098	  -0.01525	  -0.01525	  -0.01525	  -0.01525	   0.00000	  -0.01525	   0.00000	  -0.04574
N         	   8.25652	  -0.74742	  -2.15686	   0.13721	   0.15245	  -0.01525	  -0.01525	  -0.01525	  -0.07623	   0.00000	  -0.01525	   0.00000	  -0.07623
N         	   8.25866	   3.60527	  -2.15686	   0.00000	   0.06098	   0.01525	  -0.01525	   0.01525	  -0.01525	  -0.00000	  -0.01525	  -0.00000	  -0.04574
N         	   1.26896	  -0.77725	  -0.13824	 243.31317	  74.71666	 -79.12252	 -38.58557	 -79.12252	 -23.29464	  24.05690	 -38.58557	  24.05690	 -51.40677
N         	  -1.26896	  -0.77725	  -0.13824	 243.31317	  74.71666	  79.12252	  38.58557	  79.12252	 -23.29464	  24.05690	  38.58557	  24.05690	 -51.40677
N         	  -0.00000	   1.55450	   0.27649	 186.03701	 -80.92145	  -0.00000	  -0.00000	  -0.00000	 145.88119	  48.96754	  -0.00000	  48.96754	 -64.95974
