--------------------------------------------------------------------------------------------------------------------------------------------------------------------------
  AtomName	    r_1i_X	    r_1i_Y	    r_1i_Z	  iso[MHz]	       Axx	       Axy	       Axz	       Ayx	       Ayy	       Ayz	       Azx	       Azy	       Azz
--------------------------------------------------------------------------------------------------------------------------------------------------------------------------
10B  g-factor___:   0.600215 [No-unit]
11B  g-factor___:   1.792433 [No-unit]
14N  g-factor___:   0.403761 [No-unit]
15N  g-factor___:  -0.566378 [No-unit]
10B  etc____:	---       	---       	---       	   0.00000
11B  etc____:	---       	---       	---       	   0.00000
14N  etc____:	---       	---       	---       	   0.00000
15N  etc____:	---       	---       	---       	   0.00000
MinDif[A]:	 -10.65776	  -6.49373	  -2.11566
MaxDif[A]:	   9.42385	   6.44438	   0.32724
--------------------------------------------------------------------------------------------------------------------------------------------------------------------------
B         	  -9.42243	  -4.34035	  -2.11566	   0.00000	   0.06098	   0.00000	   0.00000	   0.00000	  -0.01525	   0.00000	   0.00000	   0.00000	  -0.04574
B         	  -9.42023	  -0.02763	  -2.11566	   0.00000	   0.09147	  -0.00000	   0.01525	  -0.00000	  -0.04574	  -0.00000	   0.01525	  -0.00000	  -0.04574
B         	  -9.42154	   4.28586	  -2.11566	   0.00000	   0.06098	  -0.00000	   0.00000	  -0.00000	  -0.01525	  -0.00000	   0.00000	  -0.00000	  -0.04574
B         	  -6.95286	  -4.33733	  -2.11563	  -0.01525	   0.06098	   0.03049	   0.03049	   0.03049	  -0.00000	   0.01525	   0.03049	   0.01525	  -0.06098
B         	  -6.94329	  -0.02734	  -2.11563	   0.16770	   0.16770	  -0.03049	   0.06098	  -0.03049	  -0.07623	  -0.00000	   0.06098	  -0.00000	  -0.09147
B         	  -6.95090	   4.28576	  -2.11563	   0.00000	   0.06098	  -0.03049	   0.03049	  -0.03049	  -0.00000	  -0.01525	   0.03049	  -0.01525	  -0.06098
B         	  -4.53187	  -4.33003	  -1.76488	  -0.06098	   0.04574	   0.10672	   0.09147	   0.10672	   0.07623	   0.04574	   0.09147	   0.04574	  -0.12196
B         	  -4.49970	  -0.02347	  -1.79387	   2.25629	   0.60981	  -0.42687	   0.28966	  -0.42687	  -0.15245	  -0.03049	   0.28966	  -0.03049	  -0.45736
B         	  -4.52654	   4.29172	  -1.76798	  -0.04574	   0.04574	  -0.10672	   0.09147	  -0.10672	   0.06098	  -0.06098	   0.09147	  -0.06098	  -0.10672
B         	  -2.34288	  -4.32617	  -0.63195	   1.69222	  -0.36588	   0.13721	   0.07623	   0.13721	   0.86898	  -0.01525	   0.07623	  -0.01525	  -0.50309
B         	  -2.24112	  -0.02396	  -0.71623	   1.25011	   0.56407	  -2.71364	   3.41492	  -2.71364	   1.06716	  -2.68315	   3.41492	  -2.68315	  -1.63123
B         	  -2.33753	   4.29548	  -0.63794	   3.27772	   0.44211	  -0.70128	   0.42687	  -0.70128	   0.13721	  -0.24392	   0.42687	  -0.24392	  -0.57932
B         	  -0.00000	  -4.33052	   0.04948	  -1.02143	  -0.22868	  -0.00000	   0.00000	  -0.00000	   0.68603	  -0.04574	   0.00000	  -0.04574	  -0.47260
B         	  -0.00000	   4.30402	   0.04443	  -0.91471	  -0.48785	   0.00000	  -0.00000	   0.00000	   1.41780	  -0.25917	  -0.00000	  -0.25917	  -0.92996
B         	   2.34288	  -4.32617	  -0.63195	   1.69222	  -0.36588	  -0.13721	  -0.07623	  -0.13721	   0.86898	  -0.01525	  -0.07623	  -0.01525	  -0.50309
B         	   2.24112	  -0.02396	  -0.71623	   1.25011	   0.56407	   2.71364	  -3.41492	   2.71364	   1.06716	  -2.68315	  -3.41492	  -2.68315	  -1.63123
B         	   2.33753	   4.29548	  -0.63794	   3.27772	   0.44211	   0.70128	  -0.42687	   0.70128	   0.13721	  -0.24392	  -0.42687	  -0.24392	  -0.57932
B         	   4.53187	  -4.33003	  -1.76488	  -0.06098	   0.04574	  -0.10672	  -0.09147	  -0.10672	   0.07623	   0.04574	  -0.09147	   0.04574	  -0.12196
B         	   4.49970	  -0.02347	  -1.79387	   2.25629	   0.60981	   0.42687	  -0.28966	   0.42687	  -0.15245	  -0.03049	  -0.28966	  -0.03049	  -0.45736
B         	   4.52653	   4.29172	  -1.76798	  -0.04574	   0.04574	   0.10672	  -0.09147	   0.10672	   0.06098	  -0.06098	  -0.09147	  -0.06098	  -0.10672
B         	   6.95286	  -4.33733	  -2.11563	  -0.01525	   0.06098	  -0.03049	  -0.03049	  -0.03049	  -0.00000	   0.01525	  -0.03049	   0.01525	  -0.06098
B         	   6.94329	  -0.02734	  -2.11563	   0.16770	   0.16770	   0.03049	  -0.06098	   0.03049	  -0.07623	  -0.00000	  -0.06098	  -0.00000	  -0.09147
B         	   6.95090	   4.28576	  -2.11563	   0.00000	   0.06098	   0.03049	  -0.03049	   0.03049	  -0.00000	  -0.01525	  -0.03049	  -0.01525	  -0.06098
B         	   9.42243	  -4.34035	  -2.11566	   0.00000	   0.06098	  -0.00000	  -0.00000	  -0.00000	  -0.01525	   0.00000	  -0.00000	   0.00000	  -0.04574
B         	   9.42023	  -0.02763	  -2.11566	   0.00000	   0.09147	   0.00000	  -0.01525	   0.00000	  -0.04574	  -0.00000	  -0.01525	  -0.00000	  -0.04574
B         	   9.42154	   4.28586	  -2.11566	   0.00000	   0.06098	   0.00000	  -0.00000	   0.00000	  -0.01525	  -0.00000	  -0.00000	  -0.00000	  -0.04574
B         	 -10.65776	   6.44356	  -2.11566	   0.00000	   0.06098	  -0.00000	  -0.00000	  -0.00000	  -0.01525	  -0.00000	  -0.00000	  -0.00000	  -0.04574
B         	 -10.65776	  -2.18396	  -2.11566	   0.00000	   0.07623	   0.00000	  -0.00000	   0.00000	  -0.03049	   0.00000	  -0.00000	   0.00000	  -0.04574
B         	 -10.65776	   2.12822	  -2.11566	   0.00000	   0.07623	   0.00000	   0.00000	   0.00000	  -0.03049	  -0.00000	   0.00000	  -0.00000	  -0.04574
B         	  -8.18736	   6.44438	  -2.11566	   0.00000	   0.04574	   0.00000	   0.01525	   0.00000	  -0.00000	  -0.00000	   0.01525	  -0.00000	  -0.04574
B         	  -8.18529	  -2.18270	  -2.11566	   0.00000	   0.09147	   0.01525	   0.03049	   0.01525	  -0.03049	   0.00000	   0.03049	   0.00000	  -0.06098
B         	  -8.18345	   2.12851	  -2.11566	   0.00000	   0.09147	  -0.01525	   0.03049	  -0.01525	  -0.03049	  -0.00000	   0.03049	  -0.00000	  -0.04574
B         	  -5.71811	  -6.49373	  -2.11466	   0.00000	   0.03049	  -0.00000	   0.03049	  -0.00000	   0.03049	  -0.00000	   0.03049	  -0.00000	  -0.06098
B         	  -5.71067	  -2.17932	  -2.11466	  -0.07623	   0.15245	   0.09147	   0.10672	   0.09147	  -0.04574	   0.03049	   0.10672	   0.03049	  -0.12196
B         	  -5.70543	   2.13001	  -2.11466	   0.03049	   0.13721	  -0.07623	   0.10672	  -0.07623	  -0.04574	  -0.03049	   0.10672	  -0.03049	  -0.09147
B         	  -3.42323	  -6.48882	  -1.24177	   0.15245	  -0.06098	  -0.06098	   0.07623	  -0.06098	   0.21343	  -0.04574	   0.07623	  -0.04574	  -0.15245
B         	  -3.39395	  -2.17267	  -1.27222	  -0.91471	   0.33539	   0.53358	   0.62505	   0.53358	   0.10672	   0.28966	   0.62505	   0.28966	  -0.42687
B         	  -3.38066	   2.13128	  -1.28456	  -0.73177	   0.27441	  -0.30490	   0.41162	  -0.30490	   0.03049	  -0.15245	   0.41162	  -0.15245	  -0.30490
B         	  -1.21383	  -6.48420	  -0.15317	  -0.06098	  -0.21343	  -0.03049	   0.03049	  -0.03049	   0.44211	  -0.01525	   0.03049	  -0.01525	  -0.24392
B         	  -1.18469	  -2.15967	  -0.15896	  -2.48497	  -1.57025	  -0.57932	   0.44211	  -0.57932	   5.36631	   0.04574	   0.44211	   0.04574	  -3.79605
B         	  -1.19332	   2.13333	  -0.12955	  -7.97323	   3.44541	  -2.43923	   3.67409	  -2.43923	  -0.60981	  -0.88422	   3.67409	  -0.88422	  -2.83560
B         	   1.21383	  -6.48420	  -0.15317	  -0.06098	  -0.21343	   0.03049	  -0.03049	   0.03049	   0.44211	  -0.01525	  -0.03049	  -0.01525	  -0.24392
B         	   1.18469	  -2.15967	  -0.15896	  -2.48497	  -1.57025	   0.57932	  -0.44211	   0.57932	   5.36631	   0.04574	  -0.44211	   0.04574	  -3.79605
B         	   1.19332	   2.13333	  -0.12955	  -7.97323	   3.44541	   2.43923	  -3.67409	   2.43923	  -0.60981	  -0.88422	  -3.67409	  -0.88422	  -2.83560
B         	   3.42323	  -6.48882	  -1.24177	   0.15245	  -0.06098	   0.06098	  -0.07623	   0.06098	   0.21343	  -0.04574	  -0.07623	  -0.04574	  -0.15245
B         	   3.39396	  -2.17267	  -1.27222	  -0.91471	   0.33539	  -0.53358	  -0.62505	  -0.53358	   0.10672	   0.28966	  -0.62505	   0.28966	  -0.42687
B         	   3.38066	   2.13128	  -1.28456	  -0.73177	   0.27441	   0.30490	  -0.41162	   0.30490	   0.03049	  -0.15245	  -0.41162	  -0.15245	  -0.30490
B         	   5.71811	  -6.49373	  -2.11466	   0.00000	   0.03049	   0.00000	  -0.03049	   0.00000	   0.03049	  -0.00000	  -0.03049	  -0.00000	  -0.06098
B         	   5.71067	  -2.17932	  -2.11466	  -0.07623	   0.15245	  -0.09147	  -0.10672	  -0.09147	  -0.04574	   0.03049	  -0.10672	   0.03049	  -0.12196
B         	   5.70543	   2.13001	  -2.11466	   0.03049	   0.13721	   0.07623	  -0.10672	   0.07623	  -0.04574	  -0.03049	  -0.10672	  -0.03049	  -0.09147
B         	   8.18736	   6.44438	  -2.11566	   0.00000	   0.04574	  -0.00000	  -0.01525	  -0.00000	  -0.00000	  -0.00000	  -0.01525	  -0.00000	  -0.04574
B         	   8.18529	  -2.18270	  -2.11566	   0.00000	   0.09147	  -0.01525	  -0.03049	  -0.01525	  -0.03049	   0.00000	  -0.03049	   0.00000	  -0.06098
B         	   8.18345	   2.12851	  -2.11566	   0.00000	   0.09147	   0.01525	  -0.03049	   0.01525	  -0.03049	  -0.00000	  -0.03049	  -0.00000	  -0.04574
N         	  -9.42318	  -2.90458	  -2.11566	   0.00000	   0.07623	   0.01525	   0.01525	   0.01525	  -0.03049	   0.00000	   0.01525	   0.00000	  -0.04574
N         	  -9.42222	   1.40833	  -2.11566	   0.00000	   0.09147	  -0.00000	   0.01525	  -0.00000	  -0.04574	  -0.00000	   0.01525	  -0.00000	  -0.04574
N         	  -9.42385	   5.72214	  -2.11566	   0.00000	   0.06098	  -0.00000	   0.00000	  -0.00000	  -0.01525	  -0.00000	   0.00000	  -0.00000	  -0.04574
N         	  -6.95434	  -2.90191	  -2.11563	   0.04574	   0.10672	   0.04574	   0.04574	   0.04574	  -0.03049	   0.01525	   0.04574	   0.01525	  -0.06098
N         	  -6.94990	   1.40997	  -2.11563	   0.01525	   0.12196	  -0.03049	   0.06098	  -0.03049	  -0.06098	  -0.01525	   0.06098	  -0.01525	  -0.07623
N         	  -6.95679	   5.72324	  -2.11563	   0.00000	   0.04574	  -0.01525	   0.03049	  -0.01525	   0.00000	  -0.00000	   0.03049	  -0.00000	  -0.04574
N         	  -4.50683	  -2.89943	  -1.84491	   0.59456	   0.24392	   0.28966	   0.15245	   0.28966	  -0.03049	   0.07623	   0.15245	   0.07623	  -0.22868
N         	  -4.49269	   1.41555	  -1.86292	   0.21343	   0.28966	  -0.06098	   0.24392	  -0.06098	  -0.16770	  -0.07623	   0.24392	  -0.07623	  -0.13721
N         	  -4.51228	   5.72815	  -1.83827	   0.01525	  -0.00000	  -0.01525	   0.06098	  -0.01525	   0.10672	  -0.03049	   0.06098	  -0.03049	  -0.10672
N         	  -2.35151	  -2.90038	  -0.63150	  21.29753	   0.25917	   4.34488	   2.24104	   4.34488	   1.72271	   2.65266	   2.24104	   2.65266	  -1.99712
N         	  -2.29829	   1.42144	  -0.70013	   4.61929	   1.82942	   1.58550	   1.00618	   1.58550	   1.05192	   0.82324	   1.00618	   0.82324	  -2.88134
N         	  -2.36141	   5.73303	  -0.61901	   1.58550	  -0.24392	  -0.32015	   0.07623	  -0.32015	   0.67079	  -0.10672	   0.07623	  -0.10672	  -0.41162
N         	  -0.00000	  -2.92070	   0.13058	  -2.78987	   3.18624	   0.00000	   0.00000	   0.00000	  -0.25917	  -0.18294	   0.00000	  -0.18294	  -2.92708
N         	  -0.00000	   5.73850	   0.10155	   0.36588	  -0.36588	   0.00000	   0.00000	   0.00000	   0.76226	   0.12196	   0.00000	   0.12196	  -0.39637
N         	   2.35151	  -2.90038	  -0.63150	  21.29753	   0.25917	  -4.34488	  -2.24104	  -4.34488	   1.72271	   2.65266	  -2.24104	   2.65266	  -1.99712
N         	   2.29829	   1.42144	  -0.70013	   4.61929	   1.82942	  -1.58550	  -1.00618	  -1.58550	   1.05192	   0.82324	  -1.00618	   0.82324	  -2.88134
N         	   2.36141	   5.73303	  -0.61901	   1.58550	  -0.24392	   0.32015	  -0.07623	   0.32015	   0.67079	  -0.10672	  -0.07623	  -0.10672	  -0.41162
N         	   4.50683	  -2.89943	  -1.84491	   0.59456	   0.24392	  -0.28966	  -0.15245	  -0.28966	  -0.03049	   0.07623	  -0.15245	   0.07623	  -0.22868
N         	   4.49269	   1.41555	  -1.86292	   0.21343	   0.28966	   0.06098	  -0.24392	   0.06098	  -0.16770	  -0.07623	  -0.24392	  -0.07623	  -0.13721
N         	   4.51228	   5.72815	  -1.83827	   0.01525	  -0.00000	   0.01525	  -0.06098	   0.01525	   0.10672	  -0.03049	  -0.06098	  -0.03049	  -0.10672
N         	   6.95434	  -2.90191	  -2.11563	   0.04574	   0.10672	  -0.04574	  -0.04574	  -0.04574	  -0.03049	   0.01525	  -0.04574	   0.01525	  -0.06098
N         	   6.94990	   1.40997	  -2.11563	   0.01525	   0.12196	   0.03049	  -0.06098	   0.03049	  -0.06098	  -0.01525	  -0.06098	  -0.01525	  -0.07623
N         	   6.95679	   5.72324	  -2.11563	   0.00000	   0.04574	   0.01525	  -0.03049	   0.01525	   0.00000	  -0.00000	  -0.03049	  -0.00000	  -0.04574
N         	   9.42318	  -2.90458	  -2.11566	   0.00000	   0.07623	  -0.01525	  -0.01525	  -0.01525	  -0.03049	   0.00000	  -0.01525	   0.00000	  -0.04574
N         	   9.42222	   1.40833	  -2.11566	   0.00000	   0.09147	   0.00000	  -0.01525	   0.00000	  -0.04574	  -0.00000	  -0.01525	  -0.00000	  -0.04574
N         	   9.42385	   5.72214	  -2.11566	   0.00000	   0.06098	   0.00000	  -0.00000	   0.00000	  -0.01525	  -0.00000	  -0.00000	  -0.00000	  -0.04574
N         	 -10.65776	  -5.06213	  -2.11566	   0.00000	   0.06098	  -0.00000	  -0.00000	  -0.00000	  -0.01525	   0.00000	  -0.00000	   0.00000	  -0.04574
N         	 -10.65776	  -0.74802	  -2.11566	   0.00000	   0.09147	   0.00000	   0.00000	   0.00000	  -0.04574	   0.00000	   0.00000	   0.00000	  -0.04574
N         	 -10.65776	   3.56487	  -2.11566	   0.00000	   0.06098	  -0.00000	   0.00000	  -0.00000	  -0.03049	  -0.00000	   0.00000	  -0.00000	  -0.04574
N         	  -8.19009	  -5.06113	  -2.11566	   0.00000	   0.06098	   0.01525	   0.01525	   0.01525	  -0.01525	   0.00000	   0.01525	   0.00000	  -0.04574
N         	  -8.18576	  -0.74703	  -2.11566	   0.07623	   0.12196	   0.01525	   0.03049	   0.01525	  -0.06098	   0.00000	   0.03049	   0.00000	  -0.06098
N         	  -8.18870	   3.56496	  -2.11566	  -0.00000	   0.07623	  -0.01525	   0.01525	  -0.01525	  -0.03049	  -0.00000	   0.01525	  -0.00000	  -0.04574
N         	  -5.72284	  -5.05850	  -2.11466	   0.01525	   0.03049	   0.04574	   0.04574	   0.04574	   0.03049	   0.03049	   0.04574	   0.03049	  -0.06098
N         	  -5.71082	  -0.74415	  -2.11466	   1.15863	   0.51834	   0.12196	   0.12196	   0.12196	  -0.25917	   0.01525	   0.12196	   0.01525	  -0.25917
N         	  -5.71842	   3.56798	  -2.11466	  -0.00000	   0.07623	  -0.06098	   0.06098	  -0.06098	  -0.01525	  -0.03049	   0.06098	  -0.03049	  -0.06098
N         	  -3.42239	  -5.05519	  -1.24149	   0.99094	  -0.09147	   0.32015	   0.13721	   0.32015	   0.41162	   0.16770	   0.13721	   0.16770	  -0.30490
N         	  -3.37071	  -0.73962	  -1.31678	  22.31895	   2.82036	   1.95138	   4.89370	   1.95138	  -2.97281	   1.49403	   4.89370	   1.49403	   0.15245
N         	  -3.40786	   3.57311	  -1.26005	  -0.07623	   0.06098	  -0.30490	   0.15245	  -0.30490	   0.15245	  -0.03049	   0.15245	  -0.03049	  -0.21343
N         	  -1.23471	  -5.05730	  -0.09553	   0.13721	  -0.10672	   0.15245	   0.06098	   0.15245	   0.50309	   0.00000	   0.06098	   0.00000	  -0.39637
N         	  -1.23404	   3.58865	  -0.08708	  32.82289	  -3.68934	  -3.12526	   0.80799	  -3.12526	   7.39392	  -3.35394	   0.80799	  -3.35394	  -3.70458
N         	   1.23471	  -5.05730	  -0.09553	   0.13721	  -0.10672	  -0.15245	  -0.06098	  -0.15245	   0.50309	   0.00000	  -0.06098	   0.00000	  -0.39637
N         	   1.23404	   3.58865	  -0.08708	  32.82289	  -3.68934	   3.12526	  -0.80799	   3.12526	   7.39392	  -3.35394	  -0.80799	  -3.35394	  -3.70458
N         	   3.42239	  -5.05519	  -1.24149	   0.99094	  -0.09147	  -0.32015	  -0.13721	  -0.32015	   0.41162	   0.16770	  -0.13721	   0.16770	  -0.30490
N         	   3.37071	  -0.73962	  -1.31678	  22.31895	   2.82036	  -1.95138	  -4.89370	  -1.95138	  -2.97281	   1.49403	  -4.89370	   1.49403	   0.15245
N         	   3.40786	   3.57311	  -1.26005	  -0.07623	   0.06098	   0.30490	  -0.15245	   0.30490	   0.15245	  -0.03049	  -0.15245	  -0.03049	  -0.21343
N         	   5.72284	  -5.05850	  -2.11466	   0.01525	   0.03049	  -0.04574	  -0.04574	  -0.04574	   0.03049	   0.03049	  -0.04574	   0.03049	  -0.06098
N         	   5.71082	  -0.74415	  -2.11466	   1.15863	   0.51834	  -0.12196	  -0.12196	  -0.12196	  -0.25917	   0.01525	  -0.12196	   0.01525	  -0.25917
N         	   5.71842	   3.56798	  -2.11466	  -0.00000	   0.07623	   0.06098	  -0.06098	   0.06098	  -0.01525	  -0.03049	  -0.06098	  -0.03049	  -0.06098
N         	   8.19009	  -5.06113	  -2.11566	   0.00000	   0.06098	  -0.01525	  -0.01525	  -0.01525	  -0.01525	   0.00000	  -0.01525	   0.00000	  -0.04574
N         	   8.18576	  -0.74703	  -2.11566	   0.07623	   0.12196	  -0.01525	  -0.03049	  -0.01525	  -0.06098	   0.00000	  -0.03049	   0.00000	  -0.06098
N         	   8.18870	   3.56496	  -2.11566	  -0.00000	   0.07623	   0.01525	  -0.01525	   0.01525	  -0.03049	  -0.00000	  -0.01525	  -0.00000	  -0.04574
N         	   1.21067	  -0.77046	  -0.16362	 318.62439	  79.29021	 -78.08584	 -35.18589	 -78.08584	 -26.90775	  21.60243	 -35.18589	  21.60243	 -52.38246
N         	  -1.21067	  -0.77046	  -0.16362	 318.62439	  79.29021	  78.08584	  35.18589	  78.08584	 -26.90775	  21.60243	  35.18589	  21.60243	 -52.38246
N         	  -0.00000	   1.54093	   0.32724	 222.96085	 -93.78839	  -0.00000	  -0.00000	  -0.00000	 165.13586	  61.69727	  -0.00000	  61.69727	 -71.34747
