--------------------------------------------------------------------------------------------------------------------------------------------------------------------------
  AtomName	    r_1i_X	    r_1i_Y	    r_1i_Z	     EFGxx	     EFGxy	     EFGxz	     EFGyx	     EFGyy	     EFGyz	     EFGzx	     EFGzy	     EFGzz	[Hatree/Bohr_radius^2]
--------------------------------------------------------------------------------------------------------------------------------------------------------------------------
10B  eQ___:	  8.459000	[Q/milibarn]*(10^-1)
11B  eQ___:	  4.059000	[Q/milibarn]*(10^-1)
14N  eQ___:	  2.044000	[Q/milibarn]*(10^-1)
15N  eQ___:	  0.000000	[Q/milibarn]*(10^-1)
10B  etc____:	---       	---       	---       	  -0.18115	   0.00000	  -0.00000	   0.00000	  -0.17516	   0.00028	  -0.00000	   0.00028	   0.35631
11B  etc____:	---       	---       	---       	  -0.18115	   0.00000	  -0.00000	   0.00000	  -0.17516	   0.00028	  -0.00000	   0.00028	   0.35631
14N  etc____:	---       	---       	---       	  -0.03677	  -0.00000	  -0.00000	  -0.00000	   0.00466	  -0.00008	  -0.00000	  -0.00008	   0.03211
15N  etc____:	---       	---       	---       	  -0.03677	  -0.00000	  -0.00000	  -0.00000	   0.00466	  -0.00008	  -0.00000	  -0.00008	   0.03211
MinDif[A]:	 -10.74768	  -6.54786	  -2.15686
MaxDif[A]:	   9.50422	   6.51197	   0.27649
--------------------------------------------------------------------------------------------------------------------------------------------------------------------------
B         	  -9.50234	  -4.37474	  -2.15686	  -0.18049	   0.00302	   0.00035	   0.00302	  -0.17574	  -0.00002	   0.00035	  -0.00002	   0.35623
B         	  -9.50071	  -0.02144	  -2.15686	  -0.18101	   0.00313	   0.00034	   0.00313	  -0.17504	  -0.00002	   0.00034	  -0.00002	   0.35604
B         	  -9.50186	   4.33251	  -2.15686	  -0.18125	   0.00280	   0.00036	   0.00280	  -0.17489	  -0.00002	   0.00036	  -0.00002	   0.35615
B         	  -7.01313	  -4.37157	  -2.15683	  -0.17758	   0.00709	   0.00366	   0.00709	  -0.17771	  -0.00086	   0.00366	  -0.00086	   0.35529
B         	  -7.00508	  -0.02010	  -2.15683	  -0.18022	   0.00987	   0.00329	   0.00987	  -0.17485	  -0.00063	   0.00329	  -0.00063	   0.35509
B         	  -7.01085	   4.33382	  -2.15683	  -0.18095	   0.00743	   0.00342	   0.00743	  -0.17452	  -0.00068	   0.00342	  -0.00068	   0.35548
B         	  -4.57051	  -4.36468	  -1.80685	  -0.10417	  -0.00078	  -0.17729	  -0.00078	  -0.18278	   0.04080	  -0.17729	   0.04080	   0.28696
B         	  -4.54577	  -0.01536	  -1.82733	  -0.11980	   0.01208	  -0.16784	   0.01208	  -0.17374	   0.03970	  -0.16784	   0.03970	   0.29355
B         	  -4.56678	   4.34044	  -1.80691	  -0.11425	   0.00197	  -0.17808	   0.00197	  -0.17509	   0.03759	  -0.17808	   0.03759	   0.28934
B         	  -2.36295	  -4.36057	  -0.66527	  -0.04749	   0.01332	  -0.21420	   0.01332	  -0.19173	  -0.00443	  -0.21420	  -0.00443	   0.23922
B         	  -2.28548	  -0.01282	  -0.71487	  -0.04503	   0.05658	  -0.20934	   0.05658	  -0.17208	   0.02569	  -0.20934	   0.02569	   0.21712
B         	  -2.35811	   4.34389	  -0.67224	  -0.06225	   0.01692	  -0.22626	   0.01692	  -0.16763	  -0.00779	  -0.22626	  -0.00779	   0.22988
B         	  -0.00000	  -4.36022	   0.01934	  -0.14901	  -0.00000	   0.00000	  -0.00000	  -0.20656	  -0.04883	   0.00000	  -0.04883	   0.35557
B         	  -0.00000	   4.35468	   0.00683	  -0.18360	  -0.00000	   0.00000	  -0.00000	  -0.17446	  -0.03696	   0.00000	  -0.03696	   0.35806
B         	   2.36295	  -4.36057	  -0.66527	  -0.04749	  -0.01332	   0.21420	  -0.01332	  -0.19173	  -0.00443	   0.21420	  -0.00443	   0.23922
B         	   2.28548	  -0.01282	  -0.71487	  -0.04503	  -0.05658	   0.20934	  -0.05658	  -0.17208	   0.02569	   0.20934	   0.02569	   0.21712
B         	   2.35810	   4.34389	  -0.67224	  -0.06225	  -0.01692	   0.22626	  -0.01692	  -0.16763	  -0.00779	   0.22626	  -0.00779	   0.22988
B         	   4.57051	  -4.36468	  -1.80685	  -0.10417	   0.00078	   0.17729	   0.00078	  -0.18278	   0.04080	   0.17729	   0.04080	   0.28696
B         	   4.54577	  -0.01536	  -1.82733	  -0.11980	  -0.01208	   0.16784	  -0.01208	  -0.17374	   0.03970	   0.16784	   0.03970	   0.29355
B         	   4.56678	   4.34044	  -1.80691	  -0.11425	  -0.00197	   0.17808	  -0.00197	  -0.17509	   0.03759	   0.17808	   0.03759	   0.28934
B         	   7.01313	  -4.37157	  -2.15683	  -0.17758	  -0.00709	  -0.00366	  -0.00709	  -0.17771	  -0.00086	  -0.00366	  -0.00086	   0.35529
B         	   7.00508	  -0.02010	  -2.15683	  -0.18022	  -0.00987	  -0.00329	  -0.00987	  -0.17485	  -0.00063	  -0.00329	  -0.00063	   0.35509
B         	   7.01085	   4.33382	  -2.15683	  -0.18095	  -0.00743	  -0.00342	  -0.00743	  -0.17452	  -0.00068	  -0.00342	  -0.00068	   0.35548
B         	   9.50234	  -4.37474	  -2.15686	  -0.18049	  -0.00302	  -0.00035	  -0.00302	  -0.17574	  -0.00002	  -0.00035	  -0.00002	   0.35623
B         	   9.50070	  -0.02144	  -2.15686	  -0.18101	  -0.00313	  -0.00034	  -0.00313	  -0.17504	  -0.00002	  -0.00034	  -0.00002	   0.35604
B         	   9.50186	   4.33251	  -2.15686	  -0.18125	  -0.00280	  -0.00036	  -0.00280	  -0.17489	  -0.00002	  -0.00036	  -0.00002	   0.35615
B         	 -10.74768	   6.51004	  -2.15686	  -0.18115	   0.00000	  -0.00000	   0.00000	  -0.17516	   0.00028	  -0.00000	   0.00028	   0.35631
B         	 -10.74768	  -2.19842	  -2.15686	  -0.18113	   0.00000	   0.00000	   0.00000	  -0.17509	   0.00027	   0.00000	   0.00027	   0.35622
B         	 -10.74768	   2.15443	  -2.15686	  -0.18166	   0.00000	  -0.00000	   0.00000	  -0.17437	   0.00027	  -0.00000	   0.00027	   0.35603
B         	  -8.25885	   6.51197	  -2.15686	  -0.18023	   0.00472	   0.00260	   0.00472	  -0.17542	  -0.00217	   0.00260	  -0.00217	   0.35565
B         	  -8.25491	  -2.19628	  -2.15686	  -0.17988	   0.00671	   0.00247	   0.00671	  -0.17561	  -0.00208	   0.00247	  -0.00208	   0.35551
B         	  -8.25316	   2.15527	  -2.15686	  -0.18153	   0.00663	   0.00242	   0.00663	  -0.17377	  -0.00205	   0.00242	  -0.00205	   0.35530
B         	  -5.76934	  -6.54786	  -2.15586	  -0.17017	   0.00277	  -0.05988	   0.00277	  -0.17873	   0.03010	  -0.05988	   0.03010	   0.34890
B         	  -5.76073	  -2.19361	  -2.15586	  -0.16932	   0.00792	  -0.05799	   0.00792	  -0.17865	   0.03009	  -0.05799	   0.03009	   0.34796
B         	  -5.75608	   2.15860	  -2.15586	  -0.17425	   0.00889	  -0.05652	   0.00889	  -0.17439	   0.02856	  -0.05652	   0.02856	   0.34864
B         	  -3.45311	  -6.54276	  -1.27790	  -0.04419	   0.00849	  -0.22887	   0.00849	  -0.17798	   0.00729	  -0.22887	   0.00729	   0.22217
B         	  -3.42771	  -2.18609	  -1.30085	  -0.03769	   0.01111	  -0.22148	   0.01111	  -0.18269	   0.02555	  -0.22148	   0.02555	   0.22038
B         	  -3.41577	   2.15945	  -1.30953	  -0.06233	   0.02371	  -0.22545	   0.02371	  -0.16371	   0.00697	  -0.22545	   0.00697	   0.22605
B         	  -1.22312	  -6.53561	  -0.18868	  -0.12531	   0.01317	  -0.14809	   0.01317	  -0.18640	  -0.03354	  -0.14809	  -0.03354	   0.31171
B         	  -1.20413	  -2.17394	  -0.16290	  -0.07409	   0.04049	  -0.13724	   0.04049	  -0.22071	  -0.01438	  -0.13724	  -0.01438	   0.29479
B         	  -1.19960	   2.15868	  -0.15386	  -0.14327	   0.02342	  -0.19304	   0.02342	  -0.12674	  -0.02491	  -0.19304	  -0.02491	   0.27001
B         	   1.22312	  -6.53561	  -0.18868	  -0.12531	  -0.01317	   0.14809	  -0.01317	  -0.18640	  -0.03354	   0.14809	  -0.03354	   0.31171
B         	   1.20413	  -2.17394	  -0.16290	  -0.07409	  -0.04049	   0.13724	  -0.04049	  -0.22071	  -0.01438	   0.13724	  -0.01438	   0.29479
B         	   1.19960	   2.15868	  -0.15386	  -0.14327	  -0.02342	   0.19304	  -0.02342	  -0.12674	  -0.02491	   0.19304	  -0.02491	   0.27001
B         	   3.45311	  -6.54276	  -1.27790	  -0.04419	  -0.00848	   0.22887	  -0.00848	  -0.17798	   0.00729	   0.22887	   0.00729	   0.22217
B         	   3.42771	  -2.18609	  -1.30085	  -0.03769	  -0.01111	   0.22148	  -0.01111	  -0.18269	   0.02555	   0.22148	   0.02555	   0.22038
B         	   3.41577	   2.15945	  -1.30953	  -0.06233	  -0.02371	   0.22545	  -0.02371	  -0.16371	   0.00697	   0.22545	   0.00697	   0.22605
B         	   5.76934	  -6.54786	  -2.15586	  -0.17017	  -0.00277	   0.05988	  -0.00277	  -0.17873	   0.03010	   0.05988	   0.03010	   0.34890
B         	   5.76072	  -2.19361	  -2.15586	  -0.16932	  -0.00792	   0.05799	  -0.00792	  -0.17865	   0.03009	   0.05799	   0.03009	   0.34796
B         	   5.75608	   2.15860	  -2.15586	  -0.17425	  -0.00889	   0.05652	  -0.00889	  -0.17439	   0.02856	   0.05652	   0.02856	   0.34864
B         	   8.25885	   6.51197	  -2.15686	  -0.18023	  -0.00472	  -0.00260	  -0.00472	  -0.17542	  -0.00217	  -0.00260	  -0.00217	   0.35565
B         	   8.25491	  -2.19628	  -2.15686	  -0.17988	  -0.00671	  -0.00247	  -0.00671	  -0.17561	  -0.00208	  -0.00247	  -0.00208	   0.35551
B         	   8.25316	   2.15527	  -2.15686	  -0.18153	  -0.00663	  -0.00242	  -0.00663	  -0.17377	  -0.00205	  -0.00242	  -0.00205	   0.35530
N         	  -9.50298	  -2.92552	  -2.15686	  -0.03432	   0.00044	   0.00279	   0.00044	   0.00318	   0.00039	   0.00279	   0.00039	   0.03114
N         	  -9.50208	   1.42783	  -2.15686	  -0.03129	  -0.00079	   0.00272	  -0.00079	  -0.00016	   0.00041	   0.00272	   0.00041	   0.03146
N         	  -9.50422	   5.78208	  -2.15686	  -0.03776	  -0.00074	   0.00293	  -0.00074	   0.00435	   0.00040	   0.00293	   0.00040	   0.03340
N         	  -7.01444	  -2.92291	  -2.15683	  -0.03274	   0.00117	  -0.04934	   0.00117	   0.00421	  -0.01262	  -0.04934	  -0.01262	   0.02853
N         	  -7.01027	   1.43031	  -2.15683	  -0.02753	  -0.00164	  -0.04839	  -0.00164	   0.00023	  -0.01264	  -0.04839	  -0.01264	   0.02730
N         	  -7.01785	   5.78442	  -2.15683	  -0.03486	  -0.00157	  -0.05185	  -0.00157	   0.00531	  -0.01282	  -0.05185	  -0.01282	   0.02956
N         	  -4.54750	  -2.92037	  -1.88052	  -0.04634	  -0.01687	   0.02104	  -0.01687	   0.00641	   0.03058	   0.02104	   0.03058	   0.03993
N         	  -4.53671	   1.43597	  -1.89306	  -0.03778	  -0.01826	   0.03178	  -0.01826	   0.00119	   0.02454	   0.03178	   0.02454	   0.03658
N         	  -4.55446	   5.78986	  -1.87351	  -0.04906	  -0.01890	   0.02542	  -0.01890	   0.00617	   0.02677	   0.02542	   0.02677	   0.04288
N         	  -2.37343	  -2.92170	  -0.66082	  -0.04341	   0.02222	   0.00970	   0.02222	   0.00767	  -0.00947	   0.00970	  -0.00947	   0.03574
N         	  -2.33256	   1.44348	  -0.70873	  -0.01475	   0.01174	   0.01274	   0.01174	  -0.00014	   0.00094	   0.01274	   0.00094	   0.01490
N         	  -2.38072	   5.79565	  -0.65461	  -0.03921	   0.01107	   0.00197	   0.01107	   0.00089	  -0.02368	   0.00197	  -0.02368	   0.03832
N         	  -0.00000	  -2.93689	   0.10811	   0.00857	   0.00000	   0.00000	   0.00000	  -0.00204	  -0.07462	   0.00000	  -0.07462	  -0.00652
N         	  -0.00000	   5.80220	   0.06089	  -0.00943	   0.00000	   0.00000	   0.00000	  -0.00062	  -0.07581	   0.00000	  -0.07581	   0.01004
N         	   2.37343	  -2.92170	  -0.66082	  -0.04341	  -0.02222	  -0.00970	  -0.02222	   0.00767	  -0.00947	  -0.00970	  -0.00947	   0.03574
N         	   2.33256	   1.44348	  -0.70873	  -0.01475	  -0.01174	  -0.01274	  -0.01174	  -0.00014	   0.00094	  -0.01274	   0.00094	   0.01490
N         	   2.38072	   5.79565	  -0.65461	  -0.03921	  -0.01107	  -0.00197	  -0.01107	   0.00089	  -0.02368	  -0.00197	  -0.02368	   0.03832
N         	   4.54750	  -2.92037	  -1.88052	  -0.04634	   0.01687	  -0.02104	   0.01687	   0.00641	   0.03058	  -0.02104	   0.03058	   0.03993
N         	   4.53671	   1.43597	  -1.89306	  -0.03778	   0.01827	  -0.03178	   0.01827	   0.00119	   0.02454	  -0.03178	   0.02454	   0.03658
N         	   4.55446	   5.78986	  -1.87351	  -0.04906	   0.01890	  -0.02542	   0.01890	   0.00618	   0.02677	  -0.02542	   0.02677	   0.04288
N         	   7.01444	  -2.92291	  -2.15683	  -0.03274	  -0.00117	   0.04934	  -0.00117	   0.00421	  -0.01262	   0.04934	  -0.01262	   0.02853
N         	   7.01027	   1.43031	  -2.15683	  -0.02753	   0.00164	   0.04839	   0.00164	   0.00023	  -0.01264	   0.04839	  -0.01264	   0.02730
N         	   7.01785	   5.78442	  -2.15683	  -0.03486	   0.00157	   0.05185	   0.00157	   0.00531	  -0.01282	   0.05185	  -0.01282	   0.02955
N         	   9.50298	  -2.92552	  -2.15686	  -0.03432	  -0.00044	  -0.00279	  -0.00044	   0.00318	   0.00039	  -0.00279	   0.00039	   0.03114
N         	   9.50208	   1.42783	  -2.15686	  -0.03129	   0.00079	  -0.00272	   0.00079	  -0.00016	   0.00041	  -0.00272	   0.00041	   0.03146
N         	   9.50422	   5.78208	  -2.15686	  -0.03776	   0.00074	  -0.00293	   0.00074	   0.00435	   0.00040	  -0.00293	   0.00040	   0.03340
N         	 -10.74768	  -5.10378	  -2.15686	  -0.03677	  -0.00000	  -0.00000	  -0.00000	   0.00466	  -0.00008	  -0.00000	  -0.00008	   0.03211
N         	 -10.74768	  -0.74899	  -2.15686	  -0.03208	  -0.00000	   0.00000	  -0.00000	   0.00110	  -0.00009	   0.00000	  -0.00009	   0.03098
N         	 -10.74768	   3.60438	  -2.15686	  -0.03490	  -0.00000	   0.00000	  -0.00000	   0.00208	  -0.00007	   0.00000	  -0.00007	   0.03283
N         	  -8.26042	  -5.10235	  -2.15686	  -0.03728	   0.00047	  -0.00017	   0.00047	   0.00431	   0.00011	  -0.00017	   0.00011	   0.03297
N         	  -8.25652	  -0.74742	  -2.15686	  -0.03066	  -0.00055	  -0.00046	  -0.00055	  -0.00031	   0.00011	  -0.00046	   0.00011	   0.03097
N         	  -8.25866	   3.60527	  -2.15686	  -0.03420	  -0.00310	  -0.00032	  -0.00310	   0.00143	   0.00019	  -0.00032	   0.00019	   0.03277
N         	  -5.77281	  -5.09942	  -2.15586	  -0.02885	  -0.00969	  -0.02645	  -0.00969	   0.00648	   0.08281	  -0.02645	   0.08281	   0.02236
N         	  -5.76312	  -0.74496	  -2.15586	  -0.02098	  -0.00899	  -0.02174	  -0.00899	   0.00072	   0.07773	  -0.02174	   0.07773	   0.02026
N         	  -5.76866	   3.60938	  -2.15586	  -0.02513	  -0.01391	  -0.02455	  -0.01391	   0.00323	   0.07801	  -0.02455	   0.07801	   0.02190
N         	  -3.45147	  -5.09547	  -1.28003	  -0.05308	  -0.01097	  -0.00466	  -0.01097	   0.00726	   0.01882	  -0.00466	   0.01882	   0.04583
N         	  -3.41191	  -0.73996	  -1.33804	  -0.02844	  -0.00205	   0.01666	  -0.00205	  -0.00641	   0.02240	   0.01666	   0.02240	   0.03486
N         	  -3.44034	   3.61490	  -1.29445	  -0.05192	  -0.02031	   0.00162	  -0.02031	   0.00477	   0.02258	   0.00162	   0.02258	   0.04714
N         	  -1.24304	  -5.09558	  -0.13049	  -0.02483	   0.01602	   0.00843	   0.01602	   0.00449	  -0.05640	   0.00843	  -0.05640	   0.02035
N         	  -1.24240	   3.63188	  -0.12456	  -0.02673	   0.01419	   0.00367	   0.01419	   0.03244	  -0.07408	   0.00367	  -0.07408	  -0.00570
N         	   1.24304	  -5.09558	  -0.13049	  -0.02483	  -0.01602	  -0.00843	  -0.01602	   0.00449	  -0.05640	  -0.00843	  -0.05640	   0.02035
N         	   1.24240	   3.63188	  -0.12456	  -0.02673	  -0.01419	  -0.00366	  -0.01419	   0.03244	  -0.07408	  -0.00366	  -0.07408	  -0.00570
N         	   3.45147	  -5.09547	  -1.28003	  -0.05308	   0.01097	   0.00466	   0.01097	   0.00726	   0.01882	   0.00466	   0.01882	   0.04583
N         	   3.41191	  -0.73996	  -1.33804	  -0.02844	   0.00205	  -0.01666	   0.00205	  -0.00641	   0.02240	  -0.01666	   0.02240	   0.03486
N         	   3.44033	   3.61490	  -1.29445	  -0.05192	   0.02031	  -0.00162	   0.02031	   0.00477	   0.02258	  -0.00162	   0.02258	   0.04714
N         	   5.77280	  -5.09942	  -2.15586	  -0.02885	   0.00969	   0.02645	   0.00969	   0.00648	   0.08281	   0.02645	   0.08281	   0.02236
N         	   5.76312	  -0.74496	  -2.15586	  -0.02098	   0.00899	   0.02174	   0.00899	   0.00072	   0.07773	   0.02174	   0.07773	   0.02026
N         	   5.76866	   3.60938	  -2.15586	  -0.02513	   0.01391	   0.02455	   0.01391	   0.00323	   0.07801	   0.02455	   0.07801	   0.02190
N         	   8.26042	  -5.10235	  -2.15686	  -0.03728	  -0.00047	   0.00017	  -0.00047	   0.00431	   0.00011	   0.00017	   0.00011	   0.03297
N         	   8.25652	  -0.74742	  -2.15686	  -0.03066	   0.00055	   0.00046	   0.00055	  -0.00031	   0.00011	   0.00046	   0.00011	   0.03097
N         	   8.25866	   3.60527	  -2.15686	  -0.03420	   0.00310	   0.00032	   0.00310	   0.00143	   0.00019	   0.00032	   0.00019	   0.03277
N         	   1.26896	  -0.77725	  -0.13824	   0.24275	  -0.23194	  -0.00762	  -0.23194	  -0.10032	  -0.00895	  -0.00762	  -0.00895	  -0.14244
N         	  -1.26896	  -0.77725	  -0.13824	   0.24275	   0.23192	   0.00762	   0.23192	  -0.10032	  -0.00895	   0.00762	  -0.00895	  -0.14244
N         	  -0.00000	   1.55450	   0.27649	  -0.24298	   0.00000	  -0.00000	   0.00000	   0.41366	   0.22645	  -0.00000	   0.22645	  -0.17068
