--------------------------------------------------------------------------------------------------------------------------------------------------------------------------
  AtomName	    r_1i_X	    r_1i_Y	    r_1i_Z	  iso[MHz]	       Axx	       Axy	       Axz	       Ayx	       Ayy	       Ayz	       Azx	       Azy	       Azz
--------------------------------------------------------------------------------------------------------------------------------------------------------------------------
10B  g-factor___:   0.600215 [No-unit]
11B  g-factor___:   1.792433 [No-unit]
14N  g-factor___:   0.403761 [No-unit]
15N  g-factor___:  -0.566378 [No-unit]
10B  etc____:	---       	---       	---       	   0.00000
11B  etc____:	---       	---       	---       	   0.00000
14N  etc____:	---       	---       	---       	   0.00000
15N  etc____:	---       	---       	---       	   0.00000
MinDif[A]:	 -10.74768	  -6.54786	  -2.15686
MaxDif[A]:	   9.50422	   6.51197	   0.27649
--------------------------------------------------------------------------------------------------------------------------------------------------------------------------
B         	  -9.50234	  -4.37474	  -2.15686	   0.00000	   0.06098	   0.00000	   0.00000	   0.00000	  -0.01525	   0.00000	   0.00000	   0.00000	  -0.04574
B         	  -9.50071	  -0.02144	  -2.15686	   0.00000	   0.09147	  -0.00000	   0.01525	  -0.00000	  -0.04574	  -0.00000	   0.01525	  -0.00000	  -0.04574
B         	  -9.50186	   4.33251	  -2.15686	   0.00000	   0.06098	  -0.00000	   0.00000	  -0.00000	  -0.01525	  -0.00000	   0.00000	  -0.00000	  -0.04574
B         	  -7.01313	  -4.37157	  -2.15683	  -0.01525	   0.06098	   0.03049	   0.03049	   0.03049	  -0.00000	   0.01525	   0.03049	   0.01525	  -0.06098
B         	  -7.00508	  -0.02010	  -2.15683	   0.16770	   0.16770	  -0.03049	   0.06098	  -0.03049	  -0.07623	  -0.00000	   0.06098	  -0.00000	  -0.09147
B         	  -7.01085	   4.33382	  -2.15683	   0.00000	   0.06098	  -0.03049	   0.03049	  -0.03049	  -0.00000	  -0.01525	   0.03049	  -0.01525	  -0.06098
B         	  -4.57051	  -4.36468	  -1.80685	  -0.06098	   0.04574	   0.10672	   0.09147	   0.10672	   0.07623	   0.04574	   0.09147	   0.04574	  -0.12196
B         	  -4.54577	  -0.01536	  -1.82733	   2.25629	   0.60981	  -0.42687	   0.28966	  -0.42687	  -0.15245	  -0.03049	   0.28966	  -0.03049	  -0.45736
B         	  -4.56678	   4.34044	  -1.80691	  -0.04574	   0.04574	  -0.10672	   0.09147	  -0.10672	   0.06098	  -0.06098	   0.09147	  -0.06098	  -0.10672
B         	  -2.36295	  -4.36057	  -0.66527	   1.69222	  -0.36588	   0.13721	   0.07623	   0.13721	   0.86898	  -0.01525	   0.07623	  -0.01525	  -0.50309
B         	  -2.28548	  -0.01282	  -0.71487	   1.25011	   0.56407	  -2.71364	   3.41492	  -2.71364	   1.06716	  -2.68315	   3.41492	  -2.68315	  -1.63123
B         	  -2.35811	   4.34389	  -0.67224	   3.27772	   0.44211	  -0.70128	   0.42687	  -0.70128	   0.13721	  -0.24392	   0.42687	  -0.24392	  -0.57932
B         	  -0.00000	  -4.36022	   0.01934	  -1.02143	  -0.22868	  -0.00000	   0.00000	  -0.00000	   0.68603	  -0.04574	   0.00000	  -0.04574	  -0.47260
B         	  -0.00000	   4.35468	   0.00683	  -0.92996	  -0.48785	   0.00000	  -0.00000	   0.00000	   1.41780	  -0.25917	  -0.00000	  -0.25917	  -0.92996
B         	   2.36295	  -4.36057	  -0.66527	   1.69222	  -0.36588	  -0.13721	  -0.07623	  -0.13721	   0.86898	  -0.01525	  -0.07623	  -0.01525	  -0.50309
B         	   2.28548	  -0.01282	  -0.71487	   1.25011	   0.56407	   2.71364	  -3.41492	   2.71364	   1.06716	  -2.68315	  -3.41492	  -2.68315	  -1.63123
B         	   2.35810	   4.34389	  -0.67224	   3.27772	   0.44211	   0.70128	  -0.42687	   0.70128	   0.13721	  -0.24392	  -0.42687	  -0.24392	  -0.57932
B         	   4.57051	  -4.36468	  -1.80685	  -0.06098	   0.04574	  -0.10672	  -0.09147	  -0.10672	   0.07623	   0.04574	  -0.09147	   0.04574	  -0.12196
B         	   4.54577	  -0.01536	  -1.82733	   2.25629	   0.60981	   0.42687	  -0.28966	   0.42687	  -0.15245	  -0.03049	  -0.28966	  -0.03049	  -0.45736
B         	   4.56678	   4.34044	  -1.80691	  -0.04574	   0.04574	   0.10672	  -0.09147	   0.10672	   0.06098	  -0.06098	  -0.09147	  -0.06098	  -0.10672
B         	   7.01313	  -4.37157	  -2.15683	  -0.01525	   0.06098	  -0.03049	  -0.03049	  -0.03049	  -0.00000	   0.01525	  -0.03049	   0.01525	  -0.06098
B         	   7.00508	  -0.02010	  -2.15683	   0.16770	   0.16770	   0.03049	  -0.06098	   0.03049	  -0.07623	  -0.00000	  -0.06098	  -0.00000	  -0.09147
B         	   7.01085	   4.33382	  -2.15683	   0.00000	   0.06098	   0.03049	  -0.03049	   0.03049	  -0.00000	  -0.01525	  -0.03049	  -0.01525	  -0.06098
B         	   9.50234	  -4.37474	  -2.15686	   0.00000	   0.06098	  -0.00000	  -0.00000	  -0.00000	  -0.01525	   0.00000	  -0.00000	   0.00000	  -0.04574
B         	   9.50070	  -0.02144	  -2.15686	   0.00000	   0.09147	   0.00000	  -0.01525	   0.00000	  -0.04574	  -0.00000	  -0.01525	  -0.00000	  -0.04574
B         	   9.50186	   4.33251	  -2.15686	   0.00000	   0.06098	   0.00000	  -0.00000	   0.00000	  -0.01525	  -0.00000	  -0.00000	  -0.00000	  -0.04574
B         	 -10.74768	   6.51004	  -2.15686	   0.00000	   0.06098	  -0.00000	  -0.00000	  -0.00000	  -0.01525	  -0.00000	  -0.00000	  -0.00000	  -0.04574
B         	 -10.74768	  -2.19842	  -2.15686	   0.00000	   0.07623	   0.00000	  -0.00000	   0.00000	  -0.03049	   0.00000	  -0.00000	   0.00000	  -0.04574
B         	 -10.74768	   2.15443	  -2.15686	   0.00000	   0.07623	   0.00000	   0.00000	   0.00000	  -0.03049	  -0.00000	   0.00000	  -0.00000	  -0.04574
B         	  -8.25885	   6.51197	  -2.15686	   0.00000	   0.04574	   0.00000	   0.01525	   0.00000	  -0.00000	  -0.00000	   0.01525	  -0.00000	  -0.04574
B         	  -8.25491	  -2.19628	  -2.15686	   0.00000	   0.09147	   0.01525	   0.03049	   0.01525	  -0.03049	   0.00000	   0.03049	   0.00000	  -0.06098
B         	  -8.25316	   2.15527	  -2.15686	   0.00000	   0.09147	  -0.01525	   0.03049	  -0.01525	  -0.03049	  -0.00000	   0.03049	  -0.00000	  -0.04574
B         	  -5.76934	  -6.54786	  -2.15586	   0.00000	   0.03049	  -0.00000	   0.03049	  -0.00000	   0.03049	  -0.00000	   0.03049	  -0.00000	  -0.06098
B         	  -5.76073	  -2.19361	  -2.15586	  -0.07623	   0.15245	   0.09147	   0.10672	   0.09147	  -0.04574	   0.03049	   0.10672	   0.03049	  -0.12196
B         	  -5.75608	   2.15860	  -2.15586	   0.03049	   0.13721	  -0.07623	   0.10672	  -0.07623	  -0.04574	  -0.03049	   0.10672	  -0.03049	  -0.09147
B         	  -3.45311	  -6.54276	  -1.27790	   0.15245	  -0.06098	  -0.06098	   0.07623	  -0.06098	   0.21343	  -0.04574	   0.07623	  -0.04574	  -0.15245
B         	  -3.42771	  -2.18609	  -1.30085	  -0.91471	   0.33539	   0.53358	   0.62505	   0.53358	   0.10672	   0.28966	   0.62505	   0.28966	  -0.42687
B         	  -3.41577	   2.15945	  -1.30953	  -0.73177	   0.27441	  -0.30490	   0.41162	  -0.30490	   0.03049	  -0.15245	   0.41162	  -0.15245	  -0.30490
B         	  -1.22312	  -6.53561	  -0.18868	  -0.06098	  -0.21343	  -0.03049	   0.03049	  -0.03049	   0.44211	  -0.01525	   0.03049	  -0.01525	  -0.24392
B         	  -1.20413	  -2.17394	  -0.16290	  -2.48497	  -1.57025	  -0.57932	   0.44211	  -0.57932	   5.36631	   0.04574	   0.44211	   0.04574	  -3.79605
B         	  -1.19960	   2.15868	  -0.15386	  -7.97323	   3.44541	  -2.43923	   3.67409	  -2.43923	  -0.60981	  -0.88422	   3.67409	  -0.88422	  -2.83560
B         	   1.22312	  -6.53561	  -0.18868	  -0.06098	  -0.21343	   0.03049	  -0.03049	   0.03049	   0.44211	  -0.01525	  -0.03049	  -0.01525	  -0.24392
B         	   1.20413	  -2.17394	  -0.16290	  -2.48497	  -1.57025	   0.57932	  -0.44211	   0.57932	   5.36631	   0.04574	  -0.44211	   0.04574	  -3.79605
B         	   1.19960	   2.15868	  -0.15386	  -7.97323	   3.44541	   2.43923	  -3.67409	   2.43923	  -0.60981	  -0.88422	  -3.67409	  -0.88422	  -2.83560
B         	   3.45311	  -6.54276	  -1.27790	   0.15245	  -0.06098	   0.06098	  -0.07623	   0.06098	   0.21343	  -0.04574	  -0.07623	  -0.04574	  -0.15245
B         	   3.42771	  -2.18609	  -1.30085	  -0.91471	   0.33539	  -0.53358	  -0.62505	  -0.53358	   0.10672	   0.28966	  -0.62505	   0.28966	  -0.42687
B         	   3.41577	   2.15945	  -1.30953	  -0.73177	   0.27441	   0.30490	  -0.41162	   0.30490	   0.03049	  -0.15245	  -0.41162	  -0.15245	  -0.30490
B         	   5.76934	  -6.54786	  -2.15586	   0.00000	   0.03049	   0.00000	  -0.03049	   0.00000	   0.03049	  -0.00000	  -0.03049	  -0.00000	  -0.06098
B         	   5.76072	  -2.19361	  -2.15586	  -0.07623	   0.15245	  -0.09147	  -0.10672	  -0.09147	  -0.04574	   0.03049	  -0.10672	   0.03049	  -0.12196
B         	   5.75608	   2.15860	  -2.15586	   0.03049	   0.13721	   0.07623	  -0.10672	   0.07623	  -0.04574	  -0.03049	  -0.10672	  -0.03049	  -0.09147
B         	   8.25885	   6.51197	  -2.15686	   0.00000	   0.04574	  -0.00000	  -0.01525	  -0.00000	  -0.00000	  -0.00000	  -0.01525	  -0.00000	  -0.04574
B         	   8.25491	  -2.19628	  -2.15686	   0.00000	   0.09147	  -0.01525	  -0.03049	  -0.01525	  -0.03049	   0.00000	  -0.03049	   0.00000	  -0.06098
B         	   8.25316	   2.15527	  -2.15686	   0.00000	   0.09147	   0.01525	  -0.03049	   0.01525	  -0.03049	  -0.00000	  -0.03049	  -0.00000	  -0.04574
N         	  -9.50298	  -2.92552	  -2.15686	   0.00000	   0.07623	   0.01525	   0.01525	   0.01525	  -0.03049	   0.00000	   0.01525	   0.00000	  -0.04574
N         	  -9.50208	   1.42783	  -2.15686	   0.00000	   0.09147	  -0.00000	   0.01525	  -0.00000	  -0.04574	  -0.00000	   0.01525	  -0.00000	  -0.04574
N         	  -9.50422	   5.78208	  -2.15686	   0.00000	   0.06098	  -0.00000	   0.00000	  -0.00000	  -0.01525	  -0.00000	   0.00000	  -0.00000	  -0.04574
N         	  -7.01444	  -2.92291	  -2.15683	   0.04574	   0.10672	   0.04574	   0.04574	   0.04574	  -0.03049	   0.01525	   0.04574	   0.01525	  -0.06098
N         	  -7.01027	   1.43031	  -2.15683	   0.01525	   0.12196	  -0.03049	   0.06098	  -0.03049	  -0.06098	  -0.01525	   0.06098	  -0.01525	  -0.07623
N         	  -7.01785	   5.78442	  -2.15683	   0.00000	   0.04574	  -0.01525	   0.03049	  -0.01525	   0.00000	  -0.00000	   0.03049	  -0.00000	  -0.04574
N         	  -4.54750	  -2.92037	  -1.88052	   0.59456	   0.24392	   0.28966	   0.15245	   0.28966	  -0.03049	   0.07623	   0.15245	   0.07623	  -0.22868
N         	  -4.53671	   1.43597	  -1.89306	   0.21343	   0.28966	  -0.06098	   0.24392	  -0.06098	  -0.16770	  -0.07623	   0.24392	  -0.07623	  -0.13721
N         	  -4.55446	   5.78986	  -1.87351	   0.01525	  -0.00000	  -0.01525	   0.06098	  -0.01525	   0.10672	  -0.03049	   0.06098	  -0.03049	  -0.10672
N         	  -2.37343	  -2.92170	  -0.66082	  21.29753	   0.25917	   4.34488	   2.24104	   4.34488	   1.72271	   2.65266	   2.24104	   2.65266	  -1.98187
N         	  -2.33256	   1.44348	  -0.70873	   4.61929	   1.82942	   1.58550	   1.00618	   1.58550	   1.05192	   0.82324	   1.00618	   0.82324	  -2.88134
N         	  -2.38072	   5.79565	  -0.65461	   1.58550	  -0.24392	  -0.32015	   0.07623	  -0.32015	   0.67079	  -0.10672	   0.07623	  -0.10672	  -0.41162
N         	  -0.00000	  -2.93689	   0.10811	  -2.78987	   3.18624	   0.00000	   0.00000	   0.00000	  -0.25917	  -0.18294	   0.00000	  -0.18294	  -2.92708
N         	  -0.00000	   5.80220	   0.06089	   0.36588	  -0.36588	   0.00000	   0.00000	   0.00000	   0.76226	   0.12196	   0.00000	   0.12196	  -0.39637
N         	   2.37343	  -2.92170	  -0.66082	  21.29753	   0.25917	  -4.34488	  -2.24104	  -4.34488	   1.72271	   2.65266	  -2.24104	   2.65266	  -1.98187
N         	   2.33256	   1.44348	  -0.70873	   4.61929	   1.82942	  -1.58550	  -1.00618	  -1.58550	   1.05192	   0.82324	  -1.00618	   0.82324	  -2.88134
N         	   2.38072	   5.79565	  -0.65461	   1.58550	  -0.24392	   0.32015	  -0.07623	   0.32015	   0.67079	  -0.10672	  -0.07623	  -0.10672	  -0.41162
N         	   4.54750	  -2.92037	  -1.88052	   0.59456	   0.24392	  -0.28966	  -0.15245	  -0.28966	  -0.03049	   0.07623	  -0.15245	   0.07623	  -0.22868
N         	   4.53671	   1.43597	  -1.89306	   0.21343	   0.28966	   0.06098	  -0.24392	   0.06098	  -0.16770	  -0.07623	  -0.24392	  -0.07623	  -0.13721
N         	   4.55446	   5.78986	  -1.87351	   0.01525	  -0.00000	   0.01525	  -0.06098	   0.01525	   0.10672	  -0.03049	  -0.06098	  -0.03049	  -0.10672
N         	   7.01444	  -2.92291	  -2.15683	   0.04574	   0.10672	  -0.04574	  -0.04574	  -0.04574	  -0.03049	   0.01525	  -0.04574	   0.01525	  -0.06098
N         	   7.01027	   1.43031	  -2.15683	   0.01525	   0.12196	   0.03049	  -0.06098	   0.03049	  -0.06098	  -0.01525	  -0.06098	  -0.01525	  -0.07623
N         	   7.01785	   5.78442	  -2.15683	   0.00000	   0.04574	   0.01525	  -0.03049	   0.01525	   0.00000	  -0.00000	  -0.03049	  -0.00000	  -0.04574
N         	   9.50298	  -2.92552	  -2.15686	   0.00000	   0.07623	  -0.01525	  -0.01525	  -0.01525	  -0.03049	   0.00000	  -0.01525	   0.00000	  -0.04574
N         	   9.50208	   1.42783	  -2.15686	   0.00000	   0.09147	   0.00000	  -0.01525	   0.00000	  -0.04574	  -0.00000	  -0.01525	  -0.00000	  -0.04574
N         	   9.50422	   5.78208	  -2.15686	   0.00000	   0.06098	   0.00000	  -0.00000	   0.00000	  -0.01525	  -0.00000	  -0.00000	  -0.00000	  -0.04574
N         	 -10.74768	  -5.10378	  -2.15686	   0.00000	   0.06098	   0.00000	  -0.00000	   0.00000	  -0.01525	   0.00000	  -0.00000	   0.00000	  -0.04574
N         	 -10.74768	  -0.74899	  -2.15686	   0.00000	   0.09147	   0.00000	   0.00000	   0.00000	  -0.04574	   0.00000	   0.00000	   0.00000	  -0.04574
N         	 -10.74768	   3.60438	  -2.15686	   0.00000	   0.06098	   0.00000	  -0.00000	   0.00000	  -0.03049	  -0.00000	  -0.00000	  -0.00000	  -0.04574
N         	  -8.26042	  -5.10235	  -2.15686	   0.00000	   0.06098	   0.01525	   0.01525	   0.01525	  -0.01525	   0.00000	   0.01525	   0.00000	  -0.04574
N         	  -8.25652	  -0.74742	  -2.15686	   0.07623	   0.12196	   0.01525	   0.03049	   0.01525	  -0.06098	   0.00000	   0.03049	   0.00000	  -0.06098
N         	  -8.25866	   3.60527	  -2.15686	  -0.00000	   0.07623	  -0.01525	   0.01525	  -0.01525	  -0.03049	  -0.00000	   0.01525	  -0.00000	  -0.04574
N         	  -5.77281	  -5.09942	  -2.15586	   0.01525	   0.03049	   0.04574	   0.04574	   0.04574	   0.03049	   0.03049	   0.04574	   0.03049	  -0.06098
N         	  -5.76312	  -0.74496	  -2.15586	   1.15863	   0.51834	   0.12196	   0.12196	   0.12196	  -0.25917	   0.01525	   0.12196	   0.01525	  -0.25917
N         	  -5.76866	   3.60938	  -2.15586	  -0.00000	   0.07623	  -0.06098	   0.06098	  -0.06098	  -0.01525	  -0.03049	   0.06098	  -0.03049	  -0.06098
N         	  -3.45147	  -5.09547	  -1.28003	   0.99094	  -0.09147	   0.32015	   0.13721	   0.32015	   0.41162	   0.16770	   0.13721	   0.16770	  -0.30490
N         	  -3.41191	  -0.73996	  -1.33804	  22.31895	   2.82036	   1.95138	   4.89370	   1.95138	  -2.97281	   1.49403	   4.89370	   1.49403	   0.15245
N         	  -3.44034	   3.61490	  -1.29445	  -0.07623	   0.06098	  -0.30490	   0.15245	  -0.30490	   0.15245	  -0.03049	   0.15245	  -0.03049	  -0.21343
N         	  -1.24304	  -5.09558	  -0.13049	   0.13721	  -0.10672	   0.15245	   0.06098	   0.15245	   0.50309	   0.00000	   0.06098	   0.00000	  -0.39637
N         	  -1.24240	   3.63188	  -0.12456	  32.82289	  -3.68934	  -3.12526	   0.80799	  -3.12526	   7.39392	  -3.35394	   0.80799	  -3.35394	  -3.70458
N         	   1.24304	  -5.09558	  -0.13049	   0.13721	  -0.10672	  -0.15245	  -0.06098	  -0.15245	   0.50309	   0.00000	  -0.06098	   0.00000	  -0.39637
N         	   1.24240	   3.63188	  -0.12456	  32.82289	  -3.68934	   3.12526	  -0.80799	   3.12526	   7.39392	  -3.35394	  -0.80799	  -3.35394	  -3.70458
N         	   3.45147	  -5.09547	  -1.28003	   0.99094	  -0.09147	  -0.32015	  -0.13721	  -0.32015	   0.41162	   0.16770	  -0.13721	   0.16770	  -0.30490
N         	   3.41191	  -0.73996	  -1.33804	  22.31895	   2.82036	  -1.95138	  -4.89370	  -1.95138	  -2.97281	   1.49403	  -4.89370	   1.49403	   0.15245
N         	   3.44033	   3.61490	  -1.29445	  -0.07623	   0.06098	   0.30490	  -0.15245	   0.30490	   0.15245	  -0.03049	  -0.15245	  -0.03049	  -0.21343
N         	   5.77280	  -5.09942	  -2.15586	   0.01525	   0.03049	  -0.04574	  -0.04574	  -0.04574	   0.03049	   0.03049	  -0.04574	   0.03049	  -0.06098
N         	   5.76312	  -0.74496	  -2.15586	   1.15863	   0.51834	  -0.12196	  -0.12196	  -0.12196	  -0.25917	   0.01525	  -0.12196	   0.01525	  -0.25917
N         	   5.76866	   3.60938	  -2.15586	  -0.00000	   0.07623	   0.06098	  -0.06098	   0.06098	  -0.01525	  -0.03049	  -0.06098	  -0.03049	  -0.06098
N         	   8.26042	  -5.10235	  -2.15686	   0.00000	   0.06098	  -0.01525	  -0.01525	  -0.01525	  -0.01525	   0.00000	  -0.01525	   0.00000	  -0.04574
N         	   8.25652	  -0.74742	  -2.15686	   0.07623	   0.12196	  -0.01525	  -0.03049	  -0.01525	  -0.06098	   0.00000	  -0.03049	   0.00000	  -0.06098
N         	   8.25866	   3.60527	  -2.15686	  -0.00000	   0.07623	   0.01525	  -0.01525	   0.01525	  -0.03049	  -0.00000	  -0.01525	  -0.00000	  -0.04574
N         	   1.26896	  -0.77725	  -0.13824	 318.62439	  79.30546	 -78.08584	 -35.18589	 -78.08584	 -26.92300	  21.58718	 -35.18589	  21.58718	 -52.38246
N         	  -1.26896	  -0.77725	  -0.13824	 318.62439	  79.30546	  78.08584	  35.18589	  78.08584	 -26.92300	  21.58718	  35.18589	  21.58718	 -52.38246
N         	  -0.00000	   1.55450	   0.27649	 222.96085	 -93.80363	  -0.00000	  -0.00000	  -0.00000	 165.13586	  61.71251	  -0.00000	  61.71251	 -71.34747
