--------------------------------------------------------------------------------------------------------------------------------------------------------------------------
  AtomName	    r_1i_X	    r_1i_Y	    r_1i_Z	     EFGxx	     EFGxy	     EFGxz	     EFGyx	     EFGyy	     EFGyz	     EFGzx	     EFGzy	     EFGzz	[Hatree/Bohr_radius^2]
--------------------------------------------------------------------------------------------------------------------------------------------------------------------------
10B  eQ___:	  8.459000	[Q/milibarn]*(10^-1)
11B  eQ___:	  4.059000	[Q/milibarn]*(10^-1)
14N  eQ___:	  2.044000	[Q/milibarn]*(10^-1)
15N  eQ___:	  0.000000	[Q/milibarn]*(10^-1)
10B  etc____:	---       	---       	---       	  -0.19760	  -0.00000	   0.00000	  -0.00000	  -0.19362	   0.00022	   0.00000	   0.00022	   0.39123
11B  etc____:	---       	---       	---       	  -0.19760	  -0.00000	   0.00000	  -0.00000	  -0.19362	   0.00022	   0.00000	   0.00022	   0.39123
14N  etc____:	---       	---       	---       	  -0.03393	   0.00000	  -0.00000	   0.00000	   0.00371	  -0.00006	  -0.00000	  -0.00006	   0.03021
15N  etc____:	---       	---       	---       	  -0.03393	   0.00000	  -0.00000	   0.00000	   0.00371	  -0.00006	  -0.00000	  -0.00006	   0.03021
MinDif[A]:	 -10.76995	  -6.49028	  -1.84443
MaxDif[A]:	   9.53624	   6.44885	   0.30482
--------------------------------------------------------------------------------------------------------------------------------------------------------------------------
B         	  -9.53451	  -4.33485	  -1.84443	  -0.19689	   0.00305	   0.00029	   0.00305	  -0.19444	  -0.00003	   0.00029	  -0.00003	   0.39133
B         	  -9.53254	  -0.02327	  -1.84443	  -0.19805	   0.00363	   0.00030	   0.00363	  -0.19312	  -0.00003	   0.00030	  -0.00003	   0.39117
B         	  -9.53462	   4.28940	  -1.84443	  -0.19861	   0.00269	   0.00030	   0.00269	  -0.19261	  -0.00003	   0.00030	  -0.00003	   0.39123
B         	  -7.06489	  -4.33384	  -1.84439	  -0.19531	   0.00793	   0.00335	   0.00793	  -0.19522	  -0.00112	   0.00335	  -0.00112	   0.39053
B         	  -7.05737	  -0.02241	  -1.84439	  -0.19792	   0.01082	   0.00286	   0.01082	  -0.19253	  -0.00081	   0.00286	  -0.00081	   0.39046
B         	  -7.06334	   4.29073	  -1.84439	  -0.19803	   0.00792	   0.00312	   0.00792	  -0.19262	  -0.00096	   0.00312	  -0.00096	   0.39065
B         	  -4.63051	  -4.32656	  -1.54642	  -0.13377	   0.00206	  -0.17059	   0.00206	  -0.20119	   0.03981	  -0.17059	   0.03981	   0.33496
B         	  -4.60541	  -0.01998	  -1.56408	  -0.15079	   0.01622	  -0.16088	   0.01622	  -0.18938	   0.03864	  -0.16088	   0.03864	   0.34016
B         	  -4.62740	   4.29425	  -1.54573	  -0.14464	   0.00366	  -0.17190	   0.00366	  -0.19175	   0.03701	  -0.17190	   0.03701	   0.33640
B         	  -2.37162	  -4.32342	  -0.56038	  -0.08012	   0.01296	  -0.21374	   0.01296	  -0.21179	  -0.00446	  -0.21374	  -0.00446	   0.29191
B         	  -2.28608	  -0.01958	  -0.62779	  -0.09504	   0.06256	  -0.20389	   0.06256	  -0.18138	   0.01529	  -0.20389	   0.01529	   0.27640
B         	  -2.36805	   4.29812	  -0.56421	  -0.09733	   0.01585	  -0.22606	   0.01585	  -0.18666	  -0.00692	  -0.22606	  -0.00692	   0.28400
B         	  -0.00000	  -4.32747	   0.03508	  -0.16585	  -0.00000	  -0.00000	  -0.00000	  -0.22531	  -0.04682	  -0.00000	  -0.04682	   0.39116
B         	  -0.00000	   4.30461	   0.02722	  -0.20193	  -0.00000	   0.00000	  -0.00000	  -0.19070	  -0.03322	   0.00000	  -0.03322	   0.39263
B         	   2.37162	  -4.32342	  -0.56038	  -0.08011	  -0.01296	   0.21374	  -0.01296	  -0.21179	  -0.00445	   0.21374	  -0.00445	   0.29190
B         	   2.28607	  -0.01958	  -0.62779	  -0.09504	  -0.06256	   0.20389	  -0.06256	  -0.18138	   0.01529	   0.20389	   0.01529	   0.27640
B         	   2.36805	   4.29812	  -0.56421	  -0.09733	  -0.01585	   0.22606	  -0.01585	  -0.18666	  -0.00692	   0.22606	  -0.00692	   0.28400
B         	   4.63051	  -4.32656	  -1.54642	  -0.13377	  -0.00206	   0.17059	  -0.00206	  -0.20119	   0.03981	   0.17059	   0.03981	   0.33496
B         	   4.60541	  -0.01998	  -1.56408	  -0.15079	  -0.01622	   0.16088	  -0.01622	  -0.18938	   0.03864	   0.16088	   0.03864	   0.34016
B         	   4.62740	   4.29425	  -1.54573	  -0.14464	  -0.00366	   0.17190	  -0.00366	  -0.19175	   0.03701	   0.17190	   0.03701	   0.33640
B         	   7.06489	  -4.33384	  -1.84439	  -0.19531	  -0.00793	  -0.00335	  -0.00793	  -0.19522	  -0.00112	  -0.00335	  -0.00112	   0.39053
B         	   7.05737	  -0.02241	  -1.84439	  -0.19792	  -0.01082	  -0.00286	  -0.01082	  -0.19253	  -0.00081	  -0.00286	  -0.00081	   0.39046
B         	   7.06333	   4.29073	  -1.84439	  -0.19803	  -0.00792	  -0.00312	  -0.00792	  -0.19262	  -0.00096	  -0.00312	  -0.00096	   0.39065
B         	   9.53451	  -4.33485	  -1.84443	  -0.19689	  -0.00305	  -0.00029	  -0.00305	  -0.19444	  -0.00003	  -0.00029	  -0.00003	   0.39133
B         	   9.53254	  -0.02327	  -1.84443	  -0.19805	  -0.00363	  -0.00030	  -0.00363	  -0.19312	  -0.00003	  -0.00030	  -0.00003	   0.39117
B         	   9.53462	   4.28940	  -1.84443	  -0.19861	  -0.00269	  -0.00030	  -0.00269	  -0.19261	  -0.00003	  -0.00030	  -0.00003	   0.39123
B         	 -10.76995	   6.44837	  -1.84443	  -0.19760	  -0.00000	   0.00000	  -0.00000	  -0.19362	   0.00022	   0.00000	   0.00022	   0.39123
B         	 -10.76995	  -2.17987	  -1.84443	  -0.19831	  -0.00000	  -0.00000	  -0.00000	  -0.19303	   0.00022	  -0.00000	   0.00022	   0.39133
B         	 -10.76995	   2.13171	  -1.84443	  -0.19898	  -0.00000	  -0.00000	  -0.00000	  -0.19219	   0.00021	  -0.00000	   0.00021	   0.39118
B         	  -8.29997	   6.44885	  -1.84443	  -0.19728	   0.00553	   0.00219	   0.00553	  -0.19360	  -0.00179	   0.00219	  -0.00179	   0.39088
B         	  -8.29701	  -2.17799	  -1.84443	  -0.19711	   0.00731	   0.00209	   0.00731	  -0.19374	  -0.00173	   0.00209	  -0.00173	   0.39085
B         	  -8.29545	   2.13290	  -1.84443	  -0.19868	   0.00709	   0.00204	   0.00709	  -0.19200	  -0.00169	   0.00204	  -0.00169	   0.39067
B         	  -5.83076	  -6.49028	  -1.84342	  -0.18960	   0.00505	  -0.05498	   0.00505	  -0.19631	   0.02774	  -0.05498	   0.02774	   0.38591
B         	  -5.82355	  -2.17505	  -1.84342	  -0.18842	   0.01025	  -0.05330	   0.01025	  -0.19667	   0.02775	  -0.05330	   0.02775	   0.38507
B         	  -5.81906	   2.13300	  -1.84342	  -0.19517	   0.01086	  -0.05187	   0.01086	  -0.19049	   0.02618	  -0.05187	   0.02618	   0.38566
B         	  -3.49097	  -6.48562	  -1.09234	  -0.08121	   0.00891	  -0.22894	   0.00891	  -0.19709	   0.00703	  -0.22894	   0.00703	   0.27830
B         	  -3.46687	  -2.16907	  -1.11389	  -0.07470	   0.01414	  -0.22261	   0.01414	  -0.20156	   0.02684	  -0.22261	   0.02684	   0.27627
B         	  -3.45673	   2.13419	  -1.12221	  -0.10297	   0.02535	  -0.22340	   0.02535	  -0.18126	   0.00355	  -0.22340	   0.00355	   0.28423
B         	  -1.21750	  -6.48162	  -0.14698	  -0.14986	   0.01200	  -0.14372	   0.01200	  -0.20424	  -0.03244	  -0.14372	  -0.03244	   0.35410
B         	  -1.19125	  -2.15637	  -0.14283	  -0.09506	   0.03171	  -0.13602	   0.03171	  -0.24136	  -0.00032	  -0.13602	  -0.00032	   0.33642
B         	  -1.20135	   2.13349	  -0.10849	  -0.16025	   0.01541	  -0.19775	   0.01541	  -0.14926	  -0.02503	  -0.19775	  -0.02503	   0.30951
B         	   1.21750	  -6.48162	  -0.14698	  -0.14986	  -0.01200	   0.14372	  -0.01200	  -0.20424	  -0.03244	   0.14372	  -0.03244	   0.35410
B         	   1.19125	  -2.15637	  -0.14283	  -0.09506	  -0.03171	   0.13602	  -0.03171	  -0.24136	  -0.00032	   0.13602	  -0.00032	   0.33642
B         	   1.20135	   2.13349	  -0.10849	  -0.16025	  -0.01541	   0.19775	  -0.01541	  -0.14926	  -0.02503	   0.19775	  -0.02503	   0.30951
B         	   3.49097	  -6.48562	  -1.09234	  -0.08121	  -0.00891	   0.22894	  -0.00891	  -0.19709	   0.00703	   0.22894	   0.00703	   0.27830
B         	   3.46687	  -2.16907	  -1.11389	  -0.07470	  -0.01414	   0.22261	  -0.01414	  -0.20156	   0.02684	   0.22261	   0.02684	   0.27627
B         	   3.45673	   2.13419	  -1.12221	  -0.10297	  -0.02535	   0.22340	  -0.02535	  -0.18126	   0.00355	   0.22340	   0.00355	   0.28423
B         	   5.83076	  -6.49028	  -1.84342	  -0.18960	  -0.00505	   0.05498	  -0.00505	  -0.19631	   0.02774	   0.05498	   0.02774	   0.38591
B         	   5.82356	  -2.17505	  -1.84342	  -0.18842	  -0.01025	   0.05330	  -0.01025	  -0.19667	   0.02775	   0.05330	   0.02775	   0.38507
B         	   5.81906	   2.13300	  -1.84342	  -0.19517	  -0.01086	   0.05187	  -0.01086	  -0.19049	   0.02618	   0.05187	   0.02618	   0.38566
B         	   8.29997	   6.44885	  -1.84443	  -0.19728	  -0.00553	  -0.00219	  -0.00553	  -0.19360	  -0.00179	  -0.00219	  -0.00179	   0.39088
B         	   8.29701	  -2.17799	  -1.84443	  -0.19711	  -0.00731	  -0.00209	  -0.00731	  -0.19374	  -0.00173	  -0.00209	  -0.00173	   0.39085
B         	   8.29545	   2.13290	  -1.84443	  -0.19868	  -0.00709	  -0.00204	  -0.00709	  -0.19200	  -0.00169	  -0.00204	  -0.00169	   0.39067
N         	  -9.53525	  -2.89958	  -1.84443	  -0.03102	  -0.00002	   0.00240	  -0.00002	   0.00111	   0.00034	   0.00240	   0.00034	   0.02991
N         	  -9.53433	   1.41244	  -1.84443	  -0.02807	  -0.00105	   0.00233	  -0.00105	  -0.00188	   0.00035	   0.00233	   0.00035	   0.02996
N         	  -9.53624	   5.72624	  -1.84443	  -0.03424	  -0.00113	   0.00251	  -0.00113	   0.00364	   0.00035	   0.00251	   0.00035	   0.03059
N         	  -7.06660	  -2.89819	  -1.84439	  -0.03095	   0.00007	  -0.04322	   0.00007	   0.00363	  -0.01189	  -0.04322	  -0.01189	   0.02732
N         	  -7.06307	   1.41410	  -1.84439	  -0.02485	  -0.00386	  -0.04221	  -0.00386	  -0.00258	  -0.01178	  -0.04221	  -0.01178	   0.02744
N         	  -7.06931	   5.72771	  -1.84439	  -0.03276	  -0.00248	  -0.04528	  -0.00248	   0.00395	  -0.01206	  -0.04528	  -0.01206	   0.02879
N         	  -4.61309	  -2.89536	  -1.61453	  -0.04321	  -0.01474	   0.01933	  -0.01474	   0.00560	   0.02579	   0.01933	   0.02579	   0.03761
N         	  -4.60264	   1.41826	  -1.62597	  -0.03124	  -0.01651	   0.02854	  -0.01651	  -0.00256	   0.01885	   0.02854	   0.01885	   0.03381
N         	  -4.61883	   5.73094	  -1.60881	  -0.04424	  -0.01570	   0.02285	  -0.01570	   0.00546	   0.02220	   0.02285	   0.02220	   0.03878
N         	  -2.37956	  -2.89745	  -0.55534	  -0.04298	   0.01258	   0.00133	   0.01258	   0.00798	  -0.01067	   0.00133	  -0.01067	   0.03501
N         	  -2.34054	   1.42440	  -0.61018	  -0.01100	   0.00252	   0.01270	   0.00252	  -0.01046	   0.00473	   0.01270	   0.00473	   0.02145
N         	  -2.38764	   5.73576	  -0.54935	  -0.03622	   0.00561	   0.00249	   0.00561	  -0.00145	  -0.02170	   0.00249	  -0.02170	   0.03767
N         	  -0.00000	  -2.91673	   0.11065	  -0.01375	   0.00000	  -0.00000	   0.00000	  -0.00304	  -0.05935	  -0.00000	  -0.05935	   0.01678
N         	  -0.00000	   5.73998	   0.07092	  -0.01210	   0.00000	  -0.00000	   0.00000	  -0.00254	  -0.06591	  -0.00000	  -0.06591	   0.01464
N         	   2.37956	  -2.89745	  -0.55534	  -0.04298	  -0.01258	  -0.00133	  -0.01258	   0.00798	  -0.01067	  -0.00133	  -0.01067	   0.03501
N         	   2.34054	   1.42440	  -0.61018	  -0.01100	  -0.00252	  -0.01270	  -0.00252	  -0.01046	   0.00472	  -0.01270	   0.00472	   0.02145
N         	   2.38764	   5.73576	  -0.54935	  -0.03622	  -0.00561	  -0.00249	  -0.00561	  -0.00145	  -0.02170	  -0.00249	  -0.02170	   0.03767
N         	   4.61309	  -2.89536	  -1.61453	  -0.04321	   0.01474	  -0.01933	   0.01474	   0.00560	   0.02579	  -0.01933	   0.02579	   0.03761
N         	   4.60264	   1.41826	  -1.62597	  -0.03124	   0.01651	  -0.02854	   0.01651	  -0.00256	   0.01885	  -0.02854	   0.01885	   0.03381
N         	   4.61883	   5.73094	  -1.60881	  -0.04424	   0.01570	  -0.02285	   0.01570	   0.00546	   0.02220	  -0.02285	   0.02220	   0.03878
N         	   7.06660	  -2.89819	  -1.84439	  -0.03095	  -0.00007	   0.04322	  -0.00007	   0.00363	  -0.01189	   0.04322	  -0.01189	   0.02732
N         	   7.06307	   1.41410	  -1.84439	  -0.02485	   0.00387	   0.04221	   0.00387	  -0.00258	  -0.01178	   0.04221	  -0.01178	   0.02744
N         	   7.06931	   5.72771	  -1.84439	  -0.03276	   0.00248	   0.04528	   0.00248	   0.00395	  -0.01206	   0.04528	  -0.01206	   0.02880
N         	   9.53525	  -2.89958	  -1.84443	  -0.03102	   0.00002	  -0.00240	   0.00002	   0.00111	   0.00034	  -0.00240	   0.00034	   0.02991
N         	   9.53433	   1.41244	  -1.84443	  -0.02807	   0.00105	  -0.00233	   0.00105	  -0.00188	   0.00035	  -0.00233	   0.00035	   0.02996
N         	   9.53624	   5.72624	  -1.84443	  -0.03424	   0.00113	  -0.00251	   0.00113	   0.00364	   0.00035	  -0.00251	   0.00035	   0.03059
N         	 -10.76995	  -5.05692	  -1.84443	  -0.03393	   0.00000	  -0.00000	   0.00000	   0.00371	  -0.00006	  -0.00000	  -0.00006	   0.03021
N         	 -10.76995	  -0.74376	  -1.84443	  -0.02841	   0.00000	   0.00000	   0.00000	  -0.00048	  -0.00006	   0.00000	  -0.00006	   0.02890
N         	 -10.76995	   3.56818	  -1.84443	  -0.03236	   0.00000	  -0.00000	   0.00000	   0.00093	  -0.00005	  -0.00000	  -0.00005	   0.03144
N         	  -8.30262	  -5.05675	  -1.84443	  -0.03436	  -0.00150	  -0.00049	  -0.00150	   0.00358	   0.00017	  -0.00049	   0.00017	   0.03078
N         	  -8.29877	  -0.74257	  -1.84443	  -0.02786	  -0.00139	  -0.00083	  -0.00139	  -0.00158	   0.00015	  -0.00083	   0.00015	   0.02944
N         	  -8.30124	   3.56937	  -1.84443	  -0.03142	  -0.00345	  -0.00060	  -0.00345	   0.00009	   0.00023	  -0.00060	   0.00023	   0.03133
N         	  -5.83512	  -5.05479	  -1.84342	  -0.02960	  -0.00856	  -0.02327	  -0.00856	   0.00653	   0.07100	  -0.02327	   0.07100	   0.02307
N         	  -5.82549	  -0.73992	  -1.84342	  -0.01994	  -0.00858	  -0.01805	  -0.00858	  -0.00158	   0.06671	  -0.01805	   0.06671	   0.02152
N         	  -5.83195	   3.57130	  -1.84342	  -0.02460	  -0.01342	  -0.02160	  -0.01342	   0.00210	   0.06715	  -0.02160	   0.06715	   0.02250
N         	  -3.49020	  -5.05181	  -1.09553	  -0.05004	  -0.01121	  -0.00209	  -0.01121	   0.00651	   0.01679	  -0.00209	   0.01679	   0.04353
N         	  -3.45254	  -0.73645	  -1.14929	  -0.02122	  -0.00365	   0.01064	  -0.00365	  -0.00816	   0.01289	   0.01064	   0.01289	   0.02938
N         	  -3.48127	   3.57583	  -1.10490	  -0.04591	  -0.01835	   0.00490	  -0.01835	   0.00099	   0.02004	   0.00490	   0.02004	   0.04492
N         	  -1.23419	  -5.05459	  -0.09363	  -0.02751	   0.00783	   0.00794	   0.00783	   0.00255	  -0.04816	   0.00794	  -0.04816	   0.02496
N         	  -1.23398	   3.58980	  -0.08288	  -0.02180	   0.00971	   0.00220	   0.00971	   0.02347	  -0.06652	   0.00220	  -0.06652	  -0.00168
N         	   1.23419	  -5.05459	  -0.09363	  -0.02751	  -0.00783	  -0.00793	  -0.00783	   0.00255	  -0.04816	  -0.00793	  -0.04816	   0.02496
N         	   1.23399	   3.58980	  -0.08288	  -0.02181	  -0.00972	  -0.00220	  -0.00972	   0.02347	  -0.06652	  -0.00220	  -0.06652	  -0.00168
N         	   3.49020	  -5.05181	  -1.09553	  -0.05004	   0.01121	   0.00209	   0.01121	   0.00651	   0.01679	   0.00209	   0.01679	   0.04353
N         	   3.45254	  -0.73645	  -1.14929	  -0.02122	   0.00365	  -0.01064	   0.00365	  -0.00816	   0.01289	  -0.01064	   0.01289	   0.02938
N         	   3.48127	   3.57583	  -1.10490	  -0.04591	   0.01835	  -0.00490	   0.01835	   0.00099	   0.02004	  -0.00490	   0.02004	   0.04492
N         	   5.83512	  -5.05479	  -1.84342	  -0.02961	   0.00856	   0.02327	   0.00856	   0.00653	   0.07100	   0.02327	   0.07100	   0.02307
N         	   5.82549	  -0.73992	  -1.84342	  -0.01994	   0.00858	   0.01805	   0.00858	  -0.00157	   0.06671	   0.01805	   0.06671	   0.02152
N         	   5.83195	   3.57130	  -1.84342	  -0.02461	   0.01341	   0.02160	   0.01341	   0.00210	   0.06715	   0.02160	   0.06715	   0.02250
N         	   8.30262	  -5.05675	  -1.84443	  -0.03436	   0.00149	   0.00049	   0.00149	   0.00358	   0.00017	   0.00049	   0.00017	   0.03078
N         	   8.29877	  -0.74257	  -1.84443	  -0.02786	   0.00139	   0.00083	   0.00139	  -0.00158	   0.00015	   0.00083	   0.00015	   0.02944
N         	   8.30124	   3.56937	  -1.84443	  -0.03142	   0.00345	   0.00060	   0.00345	   0.00009	   0.00023	   0.00060	   0.00023	   0.03133
N         	   1.21859	  -0.76687	  -0.15241	   0.25516	  -0.23700	  -0.00211	  -0.23700	  -0.11523	  -0.01128	  -0.00211	  -0.01128	  -0.13995
N         	  -1.21859	  -0.76687	  -0.15241	   0.25516	   0.23700	   0.00211	   0.23700	  -0.11523	  -0.01128	   0.00211	  -0.01128	  -0.13995
N         	  -0.00000	   1.53375	   0.30482	  -0.29310	   0.00000	  -0.00000	   0.00000	   0.55541	   0.27461	  -0.00000	   0.27461	  -0.26230
