--------------------------------------------------------------------------------------------------------------------------------------------------------------------------
  AtomName	    r_1i_X	    r_1i_Y	    r_1i_Z	     EFGxx	     EFGxy	     EFGxz	     EFGyx	     EFGyy	     EFGyz	     EFGzx	     EFGzy	     EFGzz	[Hatree/Bohr_radius^2]
--------------------------------------------------------------------------------------------------------------------------------------------------------------------------
10B  eQ___:	  8.459000	[Q/milibarn]*(10^-1)
11B  eQ___:	  4.059000	[Q/milibarn]*(10^-1)
14N  eQ___:	  2.044000	[Q/milibarn]*(10^-1)
15N  eQ___:	  0.000000	[Q/milibarn]*(10^-1)
10B  etc____:	---       	---       	---       	  -0.19760	  -0.00000	   0.00000	  -0.00000	  -0.19362	   0.00022	   0.00000	   0.00022	   0.39123
11B  etc____:	---       	---       	---       	  -0.19760	  -0.00000	   0.00000	  -0.00000	  -0.19362	   0.00022	   0.00000	   0.00022	   0.39123
14N  etc____:	---       	---       	---       	  -0.03393	   0.00000	  -0.00000	   0.00000	   0.00371	  -0.00006	  -0.00000	  -0.00006	   0.03021
15N  etc____:	---       	---       	---       	  -0.03393	   0.00000	  -0.00000	   0.00000	   0.00371	  -0.00006	  -0.00000	  -0.00006	   0.03021
MinDif[A]:	 -10.86081	  -6.54614	  -1.86597
MaxDif[A]:	   9.61749	   6.51353	   0.27087
--------------------------------------------------------------------------------------------------------------------------------------------------------------------------
B         	  -9.61638	  -4.37274	  -1.86597	  -0.19689	   0.00305	   0.00029	   0.00305	  -0.19444	  -0.00003	   0.00029	  -0.00003	   0.39133
B         	  -9.61413	  -0.01939	  -1.86597	  -0.19805	   0.00363	   0.00030	   0.00363	  -0.19312	  -0.00003	   0.00030	  -0.00003	   0.39117
B         	  -9.61474	   4.33422	  -1.86597	  -0.19861	   0.00269	   0.00030	   0.00269	  -0.19261	  -0.00003	   0.00030	  -0.00003	   0.39123
B         	  -7.12719	  -4.36979	  -1.86594	  -0.19531	   0.00793	   0.00335	   0.00793	  -0.19522	  -0.00112	   0.00335	  -0.00112	   0.39053
B         	  -7.11960	  -0.01859	  -1.86594	  -0.19792	   0.01082	   0.00286	   0.01082	  -0.19253	  -0.00081	   0.00286	  -0.00081	   0.39046
B         	  -7.12467	   4.33565	  -1.86594	  -0.19803	   0.00792	   0.00312	   0.00792	  -0.19262	  -0.00096	   0.00312	  -0.00096	   0.39065
B         	  -4.67268	  -4.36189	  -1.57082	  -0.13377	   0.00206	  -0.17059	   0.00206	  -0.20119	   0.03981	  -0.17059	   0.03981	   0.33496
B         	  -4.64892	  -0.01368	  -1.58800	  -0.15079	   0.01622	  -0.16088	   0.01622	  -0.18938	   0.03864	  -0.16088	   0.03864	   0.34016
B         	  -4.66991	   4.34080	  -1.56861	  -0.14464	   0.00366	  -0.17190	   0.00366	  -0.19175	   0.03701	  -0.17190	   0.03701	   0.33640
B         	  -2.39184	  -4.35884	  -0.58834	  -0.08012	   0.01296	  -0.21374	   0.01296	  -0.21179	  -0.00446	  -0.21374	  -0.00446	   0.29191
B         	  -2.31980	  -0.00971	  -0.63216	  -0.09504	   0.06256	  -0.20389	   0.06256	  -0.18138	   0.01529	  -0.20389	   0.01529	   0.27640
B         	  -2.38842	   4.34512	  -0.58903	  -0.09733	   0.01585	  -0.22606	   0.01585	  -0.18666	  -0.00692	  -0.22606	  -0.00692	   0.28400
B         	  -0.00000	  -4.35979	   0.00929	  -0.16585	  -0.00000	  -0.00000	  -0.00000	  -0.22531	  -0.04682	  -0.00000	  -0.04682	   0.39116
B         	  -0.00000	   4.35429	   0.00054	  -0.20193	  -0.00000	   0.00000	  -0.00000	  -0.19070	  -0.03322	   0.00000	  -0.03322	   0.39263
B         	   2.39184	  -4.35884	  -0.58834	  -0.08011	  -0.01296	   0.21374	  -0.01296	  -0.21179	  -0.00445	   0.21374	  -0.00445	   0.29190
B         	   2.31980	  -0.00971	  -0.63216	  -0.09504	  -0.06256	   0.20389	  -0.06256	  -0.18138	   0.01529	   0.20389	   0.01529	   0.27640
B         	   2.38842	   4.34512	  -0.58903	  -0.09733	  -0.01585	   0.22606	  -0.01585	  -0.18666	  -0.00692	   0.22606	  -0.00692	   0.28400
B         	   4.67267	  -4.36189	  -1.57082	  -0.13377	  -0.00206	   0.17059	  -0.00206	  -0.20119	   0.03981	   0.17059	   0.03981	   0.33496
B         	   4.64891	  -0.01368	  -1.58800	  -0.15079	  -0.01622	   0.16088	  -0.01622	  -0.18938	   0.03864	   0.16088	   0.03864	   0.34016
B         	   4.66991	   4.34080	  -1.56861	  -0.14464	  -0.00366	   0.17190	  -0.00366	  -0.19175	   0.03701	   0.17190	   0.03701	   0.33640
B         	   7.12719	  -4.36979	  -1.86594	  -0.19531	  -0.00793	  -0.00335	  -0.00793	  -0.19522	  -0.00112	  -0.00335	  -0.00112	   0.39053
B         	   7.11960	  -0.01859	  -1.86594	  -0.19792	  -0.01082	  -0.00286	  -0.01082	  -0.19253	  -0.00081	  -0.00286	  -0.00081	   0.39046
B         	   7.12467	   4.33565	  -1.86594	  -0.19803	  -0.00792	  -0.00312	  -0.00792	  -0.19262	  -0.00096	  -0.00312	  -0.00096	   0.39065
B         	   9.61638	  -4.37274	  -1.86597	  -0.19689	  -0.00305	  -0.00029	  -0.00305	  -0.19444	  -0.00003	  -0.00029	  -0.00003	   0.39133
B         	   9.61413	  -0.01939	  -1.86597	  -0.19805	  -0.00363	  -0.00030	  -0.00363	  -0.19312	  -0.00003	  -0.00030	  -0.00003	   0.39117
B         	   9.61474	   4.33422	  -1.86597	  -0.19861	  -0.00269	  -0.00030	  -0.00269	  -0.19261	  -0.00003	  -0.00030	  -0.00003	   0.39123
B         	 -10.86081	   6.51203	  -1.86597	  -0.19760	  -0.00000	   0.00000	  -0.00000	  -0.19362	   0.00022	   0.00000	   0.00022	   0.39123
B         	 -10.86081	  -2.19505	  -1.86597	  -0.19831	  -0.00000	  -0.00000	  -0.00000	  -0.19303	   0.00022	  -0.00000	   0.00022	   0.39133
B         	 -10.86081	   2.15665	  -1.86597	  -0.19898	  -0.00000	  -0.00000	  -0.00000	  -0.19219	   0.00021	  -0.00000	   0.00021	   0.39118
B         	  -8.37222	   6.51353	  -1.86597	  -0.19728	   0.00553	   0.00219	   0.00553	  -0.19360	  -0.00179	   0.00219	  -0.00179	   0.39088
B         	  -8.36883	  -2.19461	  -1.86597	  -0.19711	   0.00731	   0.00209	   0.00731	  -0.19374	  -0.00173	   0.00209	  -0.00173	   0.39085
B         	  -8.36692	   2.15713	  -1.86597	  -0.19868	   0.00709	   0.00204	   0.00709	  -0.19200	  -0.00169	   0.00204	  -0.00169	   0.39067
B         	  -5.88324	  -6.54614	  -1.86497	  -0.18960	   0.00505	  -0.05498	   0.00505	  -0.19631	   0.02774	  -0.05498	   0.02774	   0.38591
B         	  -5.87594	  -2.19021	  -1.86497	  -0.18842	   0.01025	  -0.05330	   0.01025	  -0.19667	   0.02775	  -0.05330	   0.02775	   0.38507
B         	  -5.87125	   2.15857	  -1.86497	  -0.19517	   0.01086	  -0.05187	   0.01086	  -0.19049	   0.02618	  -0.05187	   0.02618	   0.38566
B         	  -3.52089	  -6.54102	  -1.11883	  -0.08121	   0.00891	  -0.22894	   0.00891	  -0.19709	   0.00703	  -0.22894	   0.00703	   0.27830
B         	  -3.49870	  -2.18375	  -1.13811	  -0.07470	   0.01414	  -0.22261	   0.01414	  -0.20156	   0.02684	  -0.22261	   0.02684	   0.27627
B         	  -3.48954	   2.16141	  -1.14034	  -0.10297	   0.02535	  -0.22340	   0.02535	  -0.18126	   0.00355	  -0.22340	   0.00355	   0.28423
B         	  -1.22713	  -6.53498	  -0.17431	  -0.14986	   0.01200	  -0.14372	   0.01200	  -0.20424	  -0.03244	  -0.14372	  -0.03244	   0.35410
B         	  -1.20688	  -2.17236	  -0.14937	  -0.09506	   0.03171	  -0.13602	   0.03171	  -0.24136	  -0.00032	  -0.13602	  -0.00032	   0.33642
B         	  -1.20678	   2.15929	  -0.12463	  -0.16025	   0.01541	  -0.19775	   0.01541	  -0.14926	  -0.02503	  -0.19775	  -0.02503	   0.30951
B         	   1.22713	  -6.53498	  -0.17431	  -0.14986	  -0.01200	   0.14372	  -0.01200	  -0.20424	  -0.03244	   0.14372	  -0.03244	   0.35410
B         	   1.20688	  -2.17236	  -0.14937	  -0.09506	  -0.03171	   0.13602	  -0.03171	  -0.24136	  -0.00032	   0.13602	  -0.00032	   0.33642
B         	   1.20678	   2.15929	  -0.12463	  -0.16025	  -0.01541	   0.19775	  -0.01541	  -0.14926	  -0.02503	   0.19775	  -0.02503	   0.30951
B         	   3.52089	  -6.54102	  -1.11883	  -0.08121	  -0.00891	   0.22894	  -0.00891	  -0.19709	   0.00703	   0.22894	   0.00703	   0.27830
B         	   3.49870	  -2.18375	  -1.13811	  -0.07470	  -0.01414	   0.22261	  -0.01414	  -0.20156	   0.02684	   0.22261	   0.02684	   0.27627
B         	   3.48954	   2.16141	  -1.14034	  -0.10297	  -0.02535	   0.22340	  -0.02535	  -0.18126	   0.00355	   0.22340	   0.00355	   0.28423
B         	   5.88324	  -6.54614	  -1.86497	  -0.18960	  -0.00505	   0.05498	  -0.00505	  -0.19631	   0.02774	   0.05498	   0.02774	   0.38591
B         	   5.87594	  -2.19021	  -1.86497	  -0.18842	  -0.01025	   0.05330	  -0.01025	  -0.19667	   0.02775	   0.05330	   0.02775	   0.38507
B         	   5.87125	   2.15857	  -1.86497	  -0.19517	  -0.01086	   0.05187	  -0.01086	  -0.19049	   0.02618	   0.05187	   0.02618	   0.38566
B         	   8.37222	   6.51353	  -1.86597	  -0.19728	  -0.00553	  -0.00219	  -0.00553	  -0.19360	  -0.00179	  -0.00219	  -0.00179	   0.39088
B         	   8.36883	  -2.19461	  -1.86597	  -0.19711	  -0.00731	  -0.00209	  -0.00731	  -0.19374	  -0.00173	  -0.00209	  -0.00173	   0.39085
B         	   8.36692	   2.15713	  -1.86597	  -0.19868	  -0.00709	  -0.00204	  -0.00709	  -0.19200	  -0.00169	  -0.00204	  -0.00169	   0.39067
N         	  -9.61675	  -2.92337	  -1.86597	  -0.03102	  -0.00002	   0.00240	  -0.00002	   0.00111	   0.00034	   0.00240	   0.00034	   0.02991
N         	  -9.61558	   1.42984	  -1.86597	  -0.02807	  -0.00105	   0.00233	  -0.00105	  -0.00188	   0.00035	   0.00233	   0.00035	   0.02996
N         	  -9.61749	   5.78388	  -1.86597	  -0.03424	  -0.00113	   0.00251	  -0.00113	   0.00364	   0.00035	   0.00251	   0.00035	   0.03059
N         	  -7.12845	  -2.92092	  -1.86594	  -0.03095	   0.00007	  -0.04322	   0.00007	   0.00363	  -0.01189	  -0.04322	  -0.01189	   0.02732
N         	  -7.12488	   1.43143	  -1.86594	  -0.02485	  -0.00386	  -0.04221	  -0.00386	  -0.00258	  -0.01178	  -0.04221	  -0.01178	   0.02744
N         	  -7.13140	   5.78617	  -1.86594	  -0.03276	  -0.00248	  -0.04528	  -0.00248	   0.00395	  -0.01206	  -0.04528	  -0.01206	   0.02879
N         	  -4.65607	  -2.91744	  -1.63522	  -0.04321	  -0.01474	   0.01933	  -0.01474	   0.00560	   0.02579	   0.01933	   0.02579	   0.03761
N         	  -4.64601	   1.43717	  -1.64478	  -0.03124	  -0.01651	   0.02854	  -0.01651	  -0.00256	   0.01885	   0.02854	   0.01885	   0.03381
N         	  -4.66199	   5.79064	  -1.62912	  -0.04424	  -0.01570	   0.02285	  -0.01570	   0.00546	   0.02220	   0.02285	   0.02220	   0.03878
N         	  -2.39997	  -2.92012	  -0.58193	  -0.04298	   0.01258	   0.00133	   0.01258	   0.00798	  -0.01067	   0.00133	  -0.01067	   0.03501
N         	  -2.36745	   1.44567	  -0.61896	  -0.01100	   0.00252	   0.01270	   0.00252	  -0.01046	   0.00473	   0.01270	   0.00473	   0.02145
N         	  -2.40615	   5.79666	  -0.57779	  -0.03622	   0.00561	   0.00249	   0.00561	  -0.00145	  -0.02170	   0.00249	  -0.02170	   0.03767
N         	  -0.00000	  -2.93597	   0.09080	  -0.01375	   0.00000	  -0.00000	   0.00000	  -0.00304	  -0.05935	  -0.00000	  -0.05935	   0.01678
N         	  -0.00000	   5.80263	   0.04214	  -0.01210	   0.00000	  -0.00000	   0.00000	  -0.00254	  -0.06591	  -0.00000	  -0.06591	   0.01464
N         	   2.39997	  -2.92012	  -0.58193	  -0.04298	  -0.01258	  -0.00133	  -0.01258	   0.00798	  -0.01067	  -0.00133	  -0.01067	   0.03501
N         	   2.36745	   1.44567	  -0.61896	  -0.01100	  -0.00252	  -0.01270	  -0.00252	  -0.01046	   0.00472	  -0.01270	   0.00472	   0.02145
N         	   2.40615	   5.79666	  -0.57779	  -0.03622	  -0.00561	  -0.00249	  -0.00561	  -0.00145	  -0.02170	  -0.00249	  -0.02170	   0.03767
N         	   4.65607	  -2.91744	  -1.63522	  -0.04321	   0.01474	  -0.01933	   0.01474	   0.00560	   0.02579	  -0.01933	   0.02579	   0.03761
N         	   4.64600	   1.43717	  -1.64478	  -0.03124	   0.01651	  -0.02854	   0.01651	  -0.00256	   0.01885	  -0.02854	   0.01885	   0.03381
N         	   4.66199	   5.79064	  -1.62912	  -0.04424	   0.01570	  -0.02285	   0.01570	   0.00546	   0.02220	  -0.02285	   0.02220	   0.03878
N         	   7.12845	  -2.92092	  -1.86594	  -0.03095	  -0.00007	   0.04322	  -0.00007	   0.00363	  -0.01189	   0.04322	  -0.01189	   0.02732
N         	   7.12488	   1.43143	  -1.86594	  -0.02485	   0.00387	   0.04221	   0.00387	  -0.00258	  -0.01178	   0.04221	  -0.01178	   0.02744
N         	   7.13140	   5.78617	  -1.86594	  -0.03276	   0.00248	   0.04528	   0.00248	   0.00395	  -0.01206	   0.04528	  -0.01206	   0.02880
N         	   9.61675	  -2.92337	  -1.86597	  -0.03102	   0.00002	  -0.00240	   0.00002	   0.00111	   0.00034	  -0.00240	   0.00034	   0.02991
N         	   9.61558	   1.42984	  -1.86597	  -0.02807	   0.00105	  -0.00233	   0.00105	  -0.00188	   0.00035	  -0.00233	   0.00035	   0.02996
N         	   9.61749	   5.78388	  -1.86597	  -0.03424	   0.00113	  -0.00251	   0.00113	   0.00364	   0.00035	  -0.00251	   0.00035	   0.03059
N         	 -10.86081	  -5.10201	  -1.86597	  -0.03393	   0.00000	  -0.00000	   0.00000	   0.00371	  -0.00006	  -0.00000	  -0.00006	   0.03021
N         	 -10.86081	  -0.74638	  -1.86597	  -0.02841	   0.00000	   0.00000	   0.00000	  -0.00048	  -0.00006	   0.00000	  -0.00006	   0.02890
N         	 -10.86081	   3.60641	  -1.86597	  -0.03236	   0.00000	  -0.00000	   0.00000	   0.00093	  -0.00005	  -0.00000	  -0.00005	   0.03144
N         	  -8.37440	  -5.10051	  -1.86597	  -0.03436	  -0.00150	  -0.00049	  -0.00150	   0.00358	   0.00017	  -0.00049	   0.00017	   0.03078
N         	  -8.37065	  -0.74576	  -1.86597	  -0.02786	  -0.00139	  -0.00083	  -0.00139	  -0.00158	   0.00015	  -0.00083	   0.00015	   0.02944
N         	  -8.37221	   3.60707	  -1.86597	  -0.03142	  -0.00345	  -0.00060	  -0.00345	   0.00009	   0.00023	  -0.00060	   0.00023	   0.03133
N         	  -5.88768	  -5.09744	  -1.86497	  -0.02960	  -0.00856	  -0.02327	  -0.00856	   0.00653	   0.07100	  -0.02327	   0.07100	   0.02307
N         	  -5.87823	  -0.74245	  -1.86497	  -0.01994	  -0.00858	  -0.01805	  -0.00858	  -0.00158	   0.06671	  -0.01805	   0.06671	   0.02152
N         	  -5.88416	   3.60988	  -1.86497	  -0.02460	  -0.01342	  -0.02160	  -0.01342	   0.00210	   0.06715	  -0.02160	   0.06715	   0.02250
N         	  -3.52092	  -5.09370	  -1.12254	  -0.05004	  -0.01121	  -0.00209	  -0.01121	   0.00651	   0.01679	  -0.00209	   0.01679	   0.04353
N         	  -3.48699	  -0.73811	  -1.17262	  -0.02122	  -0.00365	   0.01064	  -0.00365	  -0.00816	   0.01289	   0.01064	   0.01289	   0.02938
N         	  -3.51376	   3.61636	  -1.12734	  -0.04591	  -0.01835	   0.00490	  -0.01835	   0.00099	   0.02004	   0.00490	   0.02004	   0.04492
N         	  -1.24303	  -5.09472	  -0.12324	  -0.02751	   0.00783	   0.00794	   0.00783	   0.00255	  -0.04816	   0.00794	  -0.04816	   0.02496
N         	  -1.24278	   3.63244	  -0.10982	  -0.02180	   0.00971	   0.00220	   0.00971	   0.02347	  -0.06652	   0.00220	  -0.06652	  -0.00168
N         	   1.24303	  -5.09472	  -0.12325	  -0.02751	  -0.00783	  -0.00793	  -0.00783	   0.00255	  -0.04816	  -0.00793	  -0.04816	   0.02496
N         	   1.24278	   3.63244	  -0.10982	  -0.02181	  -0.00972	  -0.00220	  -0.00972	   0.02347	  -0.06652	  -0.00220	  -0.06652	  -0.00168
N         	   3.52092	  -5.09370	  -1.12254	  -0.05004	   0.01121	   0.00209	   0.01121	   0.00651	   0.01679	   0.00209	   0.01679	   0.04353
N         	   3.48699	  -0.73811	  -1.17262	  -0.02122	   0.00365	  -0.01064	   0.00365	  -0.00816	   0.01289	  -0.01064	   0.01289	   0.02938
N         	   3.51376	   3.61636	  -1.12734	  -0.04591	   0.01835	  -0.00490	   0.01835	   0.00099	   0.02004	  -0.00490	   0.02004	   0.04492
N         	   5.88768	  -5.09744	  -1.86497	  -0.02961	   0.00856	   0.02327	   0.00856	   0.00653	   0.07100	   0.02327	   0.07100	   0.02307
N         	   5.87823	  -0.74245	  -1.86497	  -0.01994	   0.00858	   0.01805	   0.00858	  -0.00157	   0.06671	   0.01805	   0.06671	   0.02152
N         	   5.88416	   3.60988	  -1.86497	  -0.02461	   0.01341	   0.02160	   0.01341	   0.00210	   0.06715	   0.02160	   0.06715	   0.02250
N         	   8.37440	  -5.10051	  -1.86597	  -0.03436	   0.00149	   0.00049	   0.00149	   0.00358	   0.00017	   0.00049	   0.00017	   0.03078
N         	   8.37064	  -0.74576	  -1.86597	  -0.02786	   0.00139	   0.00083	   0.00139	  -0.00158	   0.00015	   0.00083	   0.00015	   0.02944
N         	   8.37221	   3.60707	  -1.86597	  -0.03142	   0.00345	   0.00060	   0.00345	   0.00009	   0.00023	   0.00060	   0.00023	   0.03133
N         	   1.26442	  -0.77532	  -0.13544	   0.25516	  -0.23700	  -0.00211	  -0.23700	  -0.11523	  -0.01128	  -0.00211	  -0.01128	  -0.13995
N         	  -1.26442	  -0.77532	  -0.13543	   0.25516	   0.23700	   0.00211	   0.23700	  -0.11523	  -0.01128	   0.00211	  -0.01128	  -0.13995
N         	  -0.00000	   1.55063	   0.27087	  -0.29310	   0.00000	  -0.00000	   0.00000	   0.55541	   0.27461	  -0.00000	   0.27461	  -0.26230
