--------------------------------------------------------------------------------------------------------------------------------------------------------------------------
  AtomName	    r_1i_X	    r_1i_Y	    r_1i_Z	  iso[MHz]	       Axx	       Axy	       Axz	       Ayx	       Ayy	       Ayz	       Azx	       Azy	       Azz
--------------------------------------------------------------------------------------------------------------------------------------------------------------------------
10B  g-factor___:   0.600215 [No-unit]
11B  g-factor___:   1.792433 [No-unit]
14N  g-factor___:   0.403761 [No-unit]
15N  g-factor___:  -0.566378 [No-unit]
10B  etc____:	---       	---       	---       	   0.00000
11B  etc____:	---       	---       	---       	   0.00000
14N  etc____:	---       	---       	---       	   0.00000
15N  etc____:	---       	---       	---       	   0.00000
MinDif[A]:	 -10.86081	  -6.54614	  -1.86597
MaxDif[A]:	   9.61749	   6.51353	   0.27087
--------------------------------------------------------------------------------------------------------------------------------------------------------------------------
B         	  -9.61638	  -4.37274	  -1.86597	  -0.00000	   0.06098	   0.00000	   0.00000	   0.00000	  -0.01525	   0.00000	   0.00000	   0.00000	  -0.04574
B         	  -9.61413	  -0.01939	  -1.86597	   0.01525	   0.09147	  -0.00000	   0.01525	  -0.00000	  -0.04574	  -0.00000	   0.01525	  -0.00000	  -0.04574
B         	  -9.61474	   4.33422	  -1.86597	  -0.00000	   0.06098	  -0.00000	   0.00000	  -0.00000	  -0.01525	  -0.00000	   0.00000	  -0.00000	  -0.04574
B         	  -7.12719	  -4.36979	  -1.86594	  -0.01525	   0.07623	   0.03049	   0.03049	   0.03049	  -0.00000	   0.01525	   0.03049	   0.01525	  -0.06098
B         	  -7.11960	  -0.01859	  -1.86594	   0.27441	   0.18294	  -0.04574	   0.04574	  -0.04574	  -0.07623	   0.00000	   0.04574	   0.00000	  -0.10672
B         	  -7.12467	   4.33565	  -1.86594	  -0.00000	   0.06098	  -0.03049	   0.03049	  -0.03049	  -0.00000	  -0.01525	   0.03049	  -0.01525	  -0.06098
B         	  -4.67268	  -4.36189	  -1.57082	  -0.06098	   0.06098	   0.10672	   0.09147	   0.10672	   0.09147	   0.04574	   0.09147	   0.04574	  -0.15245
B         	  -4.64892	  -0.01368	  -1.58800	   3.07953	   0.70128	  -0.53358	   0.25917	  -0.53358	  -0.15245	  -0.01525	   0.25917	  -0.01525	  -0.54883
B         	  -4.66991	   4.34080	  -1.56861	  -0.04574	   0.04574	  -0.10672	   0.09147	  -0.10672	   0.06098	  -0.04574	   0.09147	  -0.04574	  -0.12196
B         	  -2.39184	  -4.35884	  -0.58834	   2.65266	  -0.42687	   0.10672	   0.07623	   0.10672	   1.02143	  -0.01525	   0.07623	  -0.01525	  -0.59456
B         	  -2.31980	  -0.00971	  -0.63216	   2.19531	   1.15863	  -2.83560	   3.20149	  -2.83560	   1.09765	  -2.25629	   3.20149	  -2.25629	  -2.24104
B         	  -2.38842	   4.34512	  -0.58903	   3.49115	   0.47260	  -0.70128	   0.35064	  -0.70128	   0.15245	  -0.19819	   0.35064	  -0.19819	  -0.62505
B         	  -0.00000	  -4.35979	   0.00929	  -0.85373	  -0.19819	   0.00000	   0.00000	   0.00000	   0.71652	  -0.03049	   0.00000	  -0.03049	  -0.51834
B         	  -0.00000	   4.35429	   0.00054	  -1.06716	  -0.33539	  -0.00000	   0.00000	  -0.00000	   1.20437	  -0.18294	   0.00000	  -0.18294	  -0.86898
B         	   2.39184	  -4.35884	  -0.58834	   2.65266	  -0.42687	  -0.10672	  -0.07623	  -0.10672	   1.02143	  -0.01525	  -0.07623	  -0.01525	  -0.59456
B         	   2.31980	  -0.00971	  -0.63216	   2.19531	   1.15863	   2.83560	  -3.20149	   2.83560	   1.09765	  -2.25629	  -3.20149	  -2.25629	  -2.24104
B         	   2.38842	   4.34512	  -0.58903	   3.49115	   0.47260	   0.70128	  -0.35064	   0.70128	   0.15245	  -0.19819	  -0.35064	  -0.19819	  -0.62505
B         	   4.67267	  -4.36189	  -1.57082	  -0.06098	   0.06098	  -0.10672	  -0.09147	  -0.10672	   0.09147	   0.04574	  -0.09147	   0.04574	  -0.15245
B         	   4.64891	  -0.01368	  -1.58800	   3.07953	   0.70128	   0.53358	  -0.25917	   0.53358	  -0.15245	  -0.01525	  -0.25917	  -0.01525	  -0.54883
B         	   4.66991	   4.34080	  -1.56861	  -0.04574	   0.04574	   0.10672	  -0.09147	   0.10672	   0.06098	  -0.04574	  -0.09147	  -0.04574	  -0.12196
B         	   7.12719	  -4.36979	  -1.86594	  -0.01525	   0.07623	  -0.03049	  -0.03049	  -0.03049	  -0.00000	   0.01525	  -0.03049	   0.01525	  -0.06098
B         	   7.11960	  -0.01859	  -1.86594	   0.27441	   0.18294	   0.04574	  -0.04574	   0.04574	  -0.07623	   0.00000	  -0.04574	   0.00000	  -0.10672
B         	   7.12467	   4.33565	  -1.86594	  -0.00000	   0.06098	   0.03049	  -0.03049	   0.03049	  -0.00000	  -0.01525	  -0.03049	  -0.01525	  -0.06098
B         	   9.61638	  -4.37274	  -1.86597	  -0.00000	   0.06098	  -0.00000	  -0.00000	  -0.00000	  -0.01525	   0.00000	  -0.00000	   0.00000	  -0.04574
B         	   9.61413	  -0.01939	  -1.86597	   0.01525	   0.09147	   0.00000	  -0.01525	   0.00000	  -0.04574	  -0.00000	  -0.01525	  -0.00000	  -0.04574
B         	   9.61474	   4.33422	  -1.86597	  -0.00000	   0.06098	   0.00000	  -0.00000	   0.00000	  -0.01525	  -0.00000	  -0.00000	  -0.00000	  -0.04574
B         	 -10.86081	   6.51203	  -1.86597	  -0.00000	   0.06098	  -0.00000	  -0.00000	  -0.00000	  -0.01525	   0.00000	  -0.00000	   0.00000	  -0.04574
B         	 -10.86081	  -2.19505	  -1.86597	  -0.00000	   0.07623	   0.00000	  -0.00000	   0.00000	  -0.03049	   0.00000	  -0.00000	   0.00000	  -0.04574
B         	 -10.86081	   2.15665	  -1.86597	   0.00000	   0.07623	   0.00000	   0.00000	   0.00000	  -0.03049	  -0.00000	   0.00000	  -0.00000	  -0.04574
B         	  -8.37222	   6.51353	  -1.86597	  -0.00000	   0.06098	   0.00000	   0.01525	   0.00000	  -0.00000	   0.00000	   0.01525	   0.00000	  -0.04574
B         	  -8.36883	  -2.19461	  -1.86597	  -0.01525	   0.09147	   0.01525	   0.01525	   0.01525	  -0.03049	   0.00000	   0.01525	   0.00000	  -0.06098
B         	  -8.36692	   2.15713	  -1.86597	   0.00000	   0.09147	  -0.01525	   0.01525	  -0.01525	  -0.03049	  -0.00000	   0.01525	  -0.00000	  -0.06098
B         	  -5.88324	  -6.54614	  -1.86497	  -0.00000	   0.03049	  -0.00000	   0.03049	  -0.00000	   0.04574	   0.00000	   0.03049	   0.00000	  -0.07623
B         	  -5.87594	  -2.19021	  -1.86497	  -0.10672	   0.16770	   0.09147	   0.10672	   0.09147	  -0.03049	   0.01525	   0.10672	   0.01525	  -0.13721
B         	  -5.87125	   2.15857	  -1.86497	   0.04574	   0.13721	  -0.09147	   0.09147	  -0.09147	  -0.04574	  -0.03049	   0.09147	  -0.03049	  -0.10672
B         	  -3.52089	  -6.54102	  -1.11883	   0.25917	  -0.06098	  -0.09147	   0.07623	  -0.09147	   0.24392	  -0.04574	   0.07623	  -0.04574	  -0.18294
B         	  -3.49870	  -2.18375	  -1.13811	  -1.00618	   0.41162	   0.50309	   0.59456	   0.50309	   0.13721	   0.24392	   0.59456	   0.24392	  -0.56407
B         	  -3.48954	   2.16141	  -1.14034	  -0.68603	   0.28966	  -0.30490	   0.36588	  -0.30490	   0.07623	  -0.13721	   0.36588	  -0.13721	  -0.35064
B         	  -1.22713	  -6.53498	  -0.17431	  -0.06098	  -0.19819	  -0.01525	   0.03049	  -0.01525	   0.42687	  -0.01525	   0.03049	  -0.01525	  -0.24392
B         	  -1.20688	  -2.17236	  -0.14937	   0.89947	  -1.55501	  -0.71652	   0.50309	  -0.71652	   5.54925	   0.06098	   0.50309	   0.06098	  -3.99424
B         	  -1.20678	   2.15929	  -0.12463	  -2.68315	   3.38443	  -2.34776	   3.11002	  -2.34776	  -0.32015	  -0.80799	   3.11002	  -0.80799	  -3.04904
B         	   1.22713	  -6.53498	  -0.17431	  -0.06098	  -0.19819	   0.01525	  -0.03049	   0.01525	   0.42687	  -0.01525	  -0.03049	  -0.01525	  -0.24392
B         	   1.20688	  -2.17236	  -0.14937	   0.89947	  -1.55501	   0.71652	  -0.50309	   0.71652	   5.54925	   0.06098	  -0.50309	   0.06098	  -3.99424
B         	   1.20678	   2.15929	  -0.12463	  -2.68315	   3.38443	   2.34776	  -3.11002	   2.34776	  -0.32015	  -0.80799	  -3.11002	  -0.80799	  -3.04904
B         	   3.52089	  -6.54102	  -1.11883	   0.25917	  -0.06098	   0.09147	  -0.07623	   0.09147	   0.24392	  -0.04574	  -0.07623	  -0.04574	  -0.18294
B         	   3.49870	  -2.18375	  -1.13811	  -1.00618	   0.41162	  -0.50309	  -0.59456	  -0.50309	   0.13721	   0.24392	  -0.59456	   0.24392	  -0.56407
B         	   3.48954	   2.16141	  -1.14034	  -0.68603	   0.28966	   0.30490	  -0.36588	   0.30490	   0.07623	  -0.13721	  -0.36588	  -0.13721	  -0.35064
B         	   5.88324	  -6.54614	  -1.86497	  -0.00000	   0.03049	   0.00000	  -0.03049	   0.00000	   0.04574	   0.00000	  -0.03049	   0.00000	  -0.07623
B         	   5.87594	  -2.19021	  -1.86497	  -0.10672	   0.16770	  -0.09147	  -0.10672	  -0.09147	  -0.03049	   0.01525	  -0.10672	   0.01525	  -0.13721
B         	   5.87125	   2.15857	  -1.86497	   0.04574	   0.13721	   0.09147	  -0.09147	   0.09147	  -0.04574	  -0.03049	  -0.09147	  -0.03049	  -0.10672
B         	   8.37222	   6.51353	  -1.86597	  -0.00000	   0.06098	  -0.00000	  -0.01525	  -0.00000	  -0.00000	   0.00000	  -0.01525	   0.00000	  -0.04574
B         	   8.36883	  -2.19461	  -1.86597	  -0.01525	   0.09147	  -0.01525	  -0.01525	  -0.01525	  -0.03049	   0.00000	  -0.01525	   0.00000	  -0.06098
B         	   8.36692	   2.15713	  -1.86597	   0.00000	   0.09147	   0.01525	  -0.01525	   0.01525	  -0.03049	  -0.00000	  -0.01525	  -0.00000	  -0.06098
N         	  -9.61675	  -2.92337	  -1.86597	   0.01525	   0.07623	   0.01525	   0.01525	   0.01525	  -0.03049	   0.00000	   0.01525	   0.00000	  -0.04574
N         	  -9.61558	   1.42984	  -1.86597	   0.00000	   0.09147	  -0.00000	   0.01525	  -0.00000	  -0.03049	  -0.00000	   0.01525	  -0.00000	  -0.04574
N         	  -9.61749	   5.78388	  -1.86597	   0.00000	   0.06098	  -0.00000	   0.00000	  -0.00000	  -0.01525	  -0.00000	   0.00000	  -0.00000	  -0.04574
N         	  -7.12845	  -2.92092	  -1.86594	   0.10672	   0.12196	   0.06098	   0.04574	   0.06098	  -0.04574	   0.01525	   0.04574	   0.01525	  -0.07623
N         	  -7.12488	   1.43143	  -1.86594	   0.03049	   0.13721	  -0.03049	   0.04574	  -0.03049	  -0.06098	  -0.00000	   0.04574	  -0.00000	  -0.07623
N         	  -7.13140	   5.78617	  -1.86594	   0.01525	   0.04574	  -0.01525	   0.01525	  -0.01525	   0.00000	  -0.00000	   0.01525	  -0.00000	  -0.04574
N         	  -4.65607	  -2.91744	  -1.63522	   1.12814	   0.36588	   0.39637	   0.15245	   0.39637	  -0.04574	   0.07623	   0.15245	   0.07623	  -0.33539
N         	  -4.64601	   1.43717	  -1.64478	   0.36588	   0.35064	  -0.03049	   0.21343	  -0.03049	  -0.15245	  -0.07623	   0.21343	  -0.07623	  -0.18294
N         	  -4.66199	   5.79064	  -1.62912	   0.06098	  -0.01525	   0.00000	   0.04574	   0.00000	   0.13721	  -0.03049	   0.04574	  -0.03049	  -0.12196
N         	  -2.39997	  -2.92012	  -0.58193	  26.34368	   0.79275	   5.57974	   2.69840	   5.57974	   2.02761	   2.92708	   2.69840	   2.92708	  -2.82036
N         	  -2.36745	   1.44567	  -0.61896	   6.90607	   1.37207	   2.11908	   0.56407	   2.11908	   1.90565	   0.74701	   0.56407	   0.74701	  -3.27772
N         	  -2.40615	   5.79666	  -0.57779	   2.10384	  -0.30490	  -0.35064	   0.09147	  -0.35064	   0.79275	  -0.12196	   0.09147	  -0.12196	  -0.48785
N         	  -0.00000	  -2.93597	   0.09080	   3.30821	   3.87228	   0.00000	   0.00000	   0.00000	  -0.60981	  -0.06098	   0.00000	  -0.06098	  -3.27772
N         	  -0.00000	   5.80263	   0.04214	   0.96045	  -0.45736	   0.00000	  -0.00000	   0.00000	   0.89947	   0.22868	  -0.00000	   0.22868	  -0.44211
N         	   2.39997	  -2.92012	  -0.58193	  26.34368	   0.79275	  -5.57974	  -2.69840	  -5.57974	   2.02761	   2.92708	  -2.69840	   2.92708	  -2.82036
N         	   2.36745	   1.44567	  -0.61896	   6.90607	   1.37207	  -2.11908	  -0.56407	  -2.11908	   1.90565	   0.74701	  -0.56407	   0.74701	  -3.27772
N         	   2.40615	   5.79666	  -0.57779	   2.10384	  -0.30490	   0.35064	  -0.09147	   0.35064	   0.79275	  -0.12196	  -0.09147	  -0.12196	  -0.48785
N         	   4.65607	  -2.91744	  -1.63522	   1.12814	   0.36588	  -0.39637	  -0.15245	  -0.39637	  -0.04574	   0.07623	  -0.15245	   0.07623	  -0.33539
N         	   4.64600	   1.43717	  -1.64478	   0.36588	   0.35064	   0.03049	  -0.21343	   0.03049	  -0.15245	  -0.07623	  -0.21343	  -0.07623	  -0.18294
N         	   4.66199	   5.79064	  -1.62912	   0.06098	  -0.01525	  -0.00000	  -0.04574	  -0.00000	   0.13721	  -0.03049	  -0.04574	  -0.03049	  -0.12196
N         	   7.12845	  -2.92092	  -1.86594	   0.10672	   0.12196	  -0.06098	  -0.04574	  -0.06098	  -0.04574	   0.01525	  -0.04574	   0.01525	  -0.07623
N         	   7.12488	   1.43143	  -1.86594	   0.03049	   0.13721	   0.03049	  -0.04574	   0.03049	  -0.06098	  -0.00000	  -0.04574	  -0.00000	  -0.07623
N         	   7.13140	   5.78617	  -1.86594	   0.01525	   0.04574	   0.01525	  -0.01525	   0.01525	   0.00000	  -0.00000	  -0.01525	  -0.00000	  -0.04574
N         	   9.61675	  -2.92337	  -1.86597	   0.01525	   0.07623	  -0.01525	  -0.01525	  -0.01525	  -0.03049	   0.00000	  -0.01525	   0.00000	  -0.04574
N         	   9.61558	   1.42984	  -1.86597	   0.00000	   0.09147	   0.00000	  -0.01525	   0.00000	  -0.03049	  -0.00000	  -0.01525	  -0.00000	  -0.04574
N         	   9.61749	   5.78388	  -1.86597	   0.00000	   0.06098	   0.00000	  -0.00000	   0.00000	  -0.01525	  -0.00000	  -0.00000	  -0.00000	  -0.04574
N         	 -10.86081	  -5.10201	  -1.86597	   0.00000	   0.06098	   0.00000	   0.00000	   0.00000	  -0.01525	   0.00000	   0.00000	   0.00000	  -0.04574
N         	 -10.86081	  -0.74638	  -1.86597	   0.01525	   0.09147	   0.00000	   0.00000	   0.00000	  -0.04574	   0.00000	   0.00000	   0.00000	  -0.04574
N         	 -10.86081	   3.60641	  -1.86597	  -0.00000	   0.06098	   0.00000	   0.00000	   0.00000	  -0.03049	  -0.00000	   0.00000	  -0.00000	  -0.04574
N         	  -8.37440	  -5.10051	  -1.86597	   0.00000	   0.06098	   0.01525	   0.01525	   0.01525	  -0.01525	   0.00000	   0.01525	   0.00000	  -0.04574
N         	  -8.37065	  -0.74576	  -1.86597	   0.15245	   0.15245	   0.01525	   0.01525	   0.01525	  -0.07623	   0.00000	   0.01525	   0.00000	  -0.07623
N         	  -8.37221	   3.60707	  -1.86597	   0.00000	   0.07623	  -0.01525	   0.01525	  -0.01525	  -0.01525	  -0.00000	   0.01525	  -0.00000	  -0.04574
N         	  -5.88768	  -5.09744	  -1.86497	   0.06098	   0.04574	   0.06098	   0.04574	   0.06098	   0.03049	   0.03049	   0.04574	   0.03049	  -0.07623
N         	  -5.87823	  -0.74245	  -1.86497	   1.87516	   0.71652	   0.18294	   0.10672	   0.18294	  -0.33539	   0.01525	   0.10672	   0.01525	  -0.38113
N         	  -5.88416	   3.60988	  -1.86497	   0.00000	   0.06098	  -0.06098	   0.06098	  -0.06098	  -0.00000	  -0.03049	   0.06098	  -0.03049	  -0.06098
N         	  -3.52092	  -5.09370	  -1.12254	   1.60074	  -0.10672	   0.45736	   0.16770	   0.45736	   0.53358	   0.21343	   0.16770	   0.21343	  -0.42687
N         	  -3.48699	  -0.73811	  -1.17262	  27.62428	   4.39061	   2.69840	   5.54925	   2.69840	  -3.47590	   1.69222	   5.54925	   1.69222	  -0.91471
N         	  -3.51376	   3.61636	  -1.12734	   0.13721	   0.01525	  -0.30490	   0.10672	  -0.30490	   0.22868	   0.03049	   0.10672	   0.03049	  -0.22868
N         	  -1.24303	  -5.09472	  -0.12324	   0.38113	  -0.06098	   0.18294	   0.06098	   0.18294	   0.48785	   0.01525	   0.06098	   0.01525	  -0.44211
N         	  -1.24278	   3.63244	  -0.10982	  32.62470	  -4.00948	  -3.06428	   0.68603	  -3.06428	   8.15617	  -3.09477	   0.68603	  -3.09477	  -4.14669
N         	   1.24303	  -5.09472	  -0.12325	   0.38113	  -0.06098	  -0.18294	  -0.06098	  -0.18294	   0.48785	   0.01525	  -0.06098	   0.01525	  -0.44211
N         	   1.24278	   3.63244	  -0.10982	  32.62470	  -4.00948	   3.06428	  -0.68603	   3.06428	   8.15617	  -3.09477	  -0.68603	  -3.09477	  -4.14669
N         	   3.52092	  -5.09370	  -1.12254	   1.60074	  -0.10672	  -0.45736	  -0.16770	  -0.45736	   0.53358	   0.21343	  -0.16770	   0.21343	  -0.42687
N         	   3.48699	  -0.73811	  -1.17262	  27.62428	   4.39061	  -2.69840	  -5.54925	  -2.69840	  -3.47590	   1.69222	  -5.54925	   1.69222	  -0.91471
N         	   3.51376	   3.61636	  -1.12734	   0.13721	   0.01525	   0.30490	  -0.10672	   0.30490	   0.22868	   0.03049	  -0.10672	   0.03049	  -0.22868
N         	   5.88768	  -5.09744	  -1.86497	   0.06098	   0.04574	  -0.06098	  -0.04574	  -0.06098	   0.03049	   0.03049	  -0.04574	   0.03049	  -0.07623
N         	   5.87823	  -0.74245	  -1.86497	   1.87516	   0.71652	  -0.18294	  -0.10672	  -0.18294	  -0.33539	   0.01525	  -0.10672	   0.01525	  -0.38113
N         	   5.88416	   3.60988	  -1.86497	   0.00000	   0.06098	   0.06098	  -0.06098	   0.06098	  -0.00000	  -0.03049	  -0.06098	  -0.03049	  -0.06098
N         	   8.37440	  -5.10051	  -1.86597	   0.00000	   0.06098	  -0.01525	  -0.01525	  -0.01525	  -0.01525	   0.00000	  -0.01525	   0.00000	  -0.04574
N         	   8.37064	  -0.74576	  -1.86597	   0.15245	   0.15245	  -0.01525	  -0.01525	  -0.01525	  -0.07623	   0.00000	  -0.01525	   0.00000	  -0.07623
N         	   8.37221	   3.60707	  -1.86597	   0.00000	   0.07623	   0.01525	  -0.01525	   0.01525	  -0.01525	  -0.00000	  -0.01525	  -0.00000	  -0.04574
N         	   1.26442	  -0.77532	  -0.13544	 311.06278	  77.27785	 -80.69277	 -35.38408	 -80.69277	 -23.40136	  22.07503	 -35.38408	  22.07503	 -53.87649
N         	  -1.26442	  -0.77532	  -0.13543	 311.06278	  77.27785	  80.69277	  35.38408	  80.69277	 -23.40136	  22.07503	  35.38408	  22.07503	 -53.87649
N         	  -0.00000	   1.55063	   0.27087	 268.42199	 -79.94576	   0.00000	  -0.00000	   0.00000	 145.31711	  45.17149	  -0.00000	  45.17149	 -65.37136
