--------------------------------------------------------------------------------------------------------------------------------------------------------------------------
  AtomName	    r_1i_X	    r_1i_Y	    r_1i_Z	  iso[MHz]	       Axx	       Axy	       Axz	       Ayx	       Ayy	       Ayz	       Azx	       Azy	       Azz
--------------------------------------------------------------------------------------------------------------------------------------------------------------------------
10B  g-factor___:   0.600215 [No-unit]
11B  g-factor___:   1.792433 [No-unit]
14N  g-factor___:   0.403761 [No-unit]
15N  g-factor___:  -0.566378 [No-unit]
10B  etc____:	---       	---       	---       	   0.00000
11B  etc____:	---       	---       	---       	   0.00000
14N  etc____:	---       	---       	---       	   0.00000
15N  etc____:	---       	---       	---       	   0.00000
MinDif[A]:	 -10.76995	  -6.49028	  -1.84443
MaxDif[A]:	   9.53624	   6.44885	   0.30482
--------------------------------------------------------------------------------------------------------------------------------------------------------------------------
B         	  -9.53451	  -4.33485	  -1.84443	   0.00000	   0.06098	   0.00000	   0.00000	   0.00000	  -0.01525	   0.00000	   0.00000	   0.00000	  -0.04574
B         	  -9.53254	  -0.02327	  -1.84443	   0.00000	   0.09147	  -0.00000	   0.01525	  -0.00000	  -0.04574	  -0.00000	   0.01525	  -0.00000	  -0.04574
B         	  -9.53462	   4.28940	  -1.84443	   0.00000	   0.06098	  -0.00000	   0.00000	  -0.00000	  -0.01525	  -0.00000	   0.00000	  -0.00000	  -0.04574
B         	  -7.06489	  -4.33384	  -1.84439	  -0.01525	   0.06098	   0.03049	   0.03049	   0.03049	  -0.00000	   0.01525	   0.03049	   0.01525	  -0.06098
B         	  -7.05737	  -0.02241	  -1.84439	   0.16770	   0.16770	  -0.03049	   0.04574	  -0.03049	  -0.07623	  -0.00000	   0.04574	  -0.00000	  -0.09147
B         	  -7.06334	   4.29073	  -1.84439	   0.00000	   0.06098	  -0.03049	   0.03049	  -0.03049	  -0.00000	  -0.01525	   0.03049	  -0.01525	  -0.06098
B         	  -4.63051	  -4.32656	  -1.54642	  -0.04574	   0.06098	   0.10672	   0.09147	   0.10672	   0.07623	   0.04574	   0.09147	   0.04574	  -0.13721
B         	  -4.60541	  -0.01998	  -1.56408	   2.33251	   0.64030	  -0.44211	   0.27441	  -0.44211	  -0.15245	  -0.03049	   0.27441	  -0.03049	  -0.48785
B         	  -4.62740	   4.29425	  -1.54573	  -0.04574	   0.06098	  -0.10672	   0.07623	  -0.10672	   0.06098	  -0.04574	   0.07623	  -0.04574	  -0.10672
B         	  -2.37162	  -4.32342	  -0.56038	   1.79893	  -0.36588	   0.12196	   0.06098	   0.12196	   0.88422	  -0.00000	   0.06098	  -0.00000	  -0.51834
B         	  -2.28608	  -0.01958	  -0.62779	   1.35682	   1.21961	  -3.06428	   3.26247	  -3.06428	   1.17388	  -2.33251	   3.26247	  -2.33251	  -2.39349
B         	  -2.36805	   4.29812	  -0.56421	   3.12526	   0.47260	  -0.70128	   0.35064	  -0.70128	   0.15245	  -0.19819	   0.35064	  -0.19819	  -0.60981
B         	  -0.00000	  -4.32747	   0.03508	  -1.02143	  -0.22868	  -0.00000	  -0.00000	  -0.00000	   0.70128	  -0.04574	  -0.00000	  -0.04574	  -0.47260
B         	  -0.00000	   4.30461	   0.02722	  -0.96045	  -0.47260	  -0.00000	  -0.00000	  -0.00000	   1.38731	  -0.24392	  -0.00000	  -0.24392	  -0.91471
B         	   2.37162	  -4.32342	  -0.56038	   1.79893	  -0.36588	  -0.12196	  -0.06098	  -0.12196	   0.88422	  -0.00000	  -0.06098	  -0.00000	  -0.51834
B         	   2.28607	  -0.01958	  -0.62779	   1.35682	   1.21961	   3.06428	  -3.26247	   3.06428	   1.17388	  -2.33251	  -3.26247	  -2.33251	  -2.39349
B         	   2.36805	   4.29812	  -0.56421	   3.12526	   0.47260	   0.70128	  -0.35064	   0.70128	   0.15245	  -0.19819	  -0.35064	  -0.19819	  -0.60981
B         	   4.63051	  -4.32656	  -1.54642	  -0.04574	   0.06098	  -0.10672	  -0.09147	  -0.10672	   0.07623	   0.04574	  -0.09147	   0.04574	  -0.13721
B         	   4.60541	  -0.01998	  -1.56408	   2.33251	   0.64030	   0.44211	  -0.27441	   0.44211	  -0.15245	  -0.03049	  -0.27441	  -0.03049	  -0.48785
B         	   4.62740	   4.29425	  -1.54573	  -0.04574	   0.06098	   0.10672	  -0.07623	   0.10672	   0.06098	  -0.04574	  -0.07623	  -0.04574	  -0.10672
B         	   7.06489	  -4.33384	  -1.84439	  -0.01525	   0.06098	  -0.03049	  -0.03049	  -0.03049	  -0.00000	   0.01525	  -0.03049	   0.01525	  -0.06098
B         	   7.05737	  -0.02241	  -1.84439	   0.16770	   0.16770	   0.03049	  -0.04574	   0.03049	  -0.07623	  -0.00000	  -0.04574	  -0.00000	  -0.09147
B         	   7.06333	   4.29073	  -1.84439	   0.00000	   0.06098	   0.03049	  -0.03049	   0.03049	  -0.00000	  -0.01525	  -0.03049	  -0.01525	  -0.06098
B         	   9.53451	  -4.33485	  -1.84443	   0.00000	   0.06098	  -0.00000	  -0.00000	  -0.00000	  -0.01525	   0.00000	  -0.00000	   0.00000	  -0.04574
B         	   9.53254	  -0.02327	  -1.84443	   0.00000	   0.09147	   0.00000	  -0.01525	   0.00000	  -0.04574	  -0.00000	  -0.01525	  -0.00000	  -0.04574
B         	   9.53462	   4.28940	  -1.84443	   0.00000	   0.06098	   0.00000	  -0.00000	   0.00000	  -0.01525	  -0.00000	  -0.00000	  -0.00000	  -0.04574
B         	 -10.76995	   6.44837	  -1.84443	   0.00000	   0.06098	   0.00000	  -0.00000	   0.00000	  -0.01525	  -0.00000	  -0.00000	  -0.00000	  -0.04574
B         	 -10.76995	  -2.17987	  -1.84443	   0.00000	   0.07623	  -0.00000	  -0.00000	  -0.00000	  -0.03049	   0.00000	  -0.00000	   0.00000	  -0.04574
B         	 -10.76995	   2.13171	  -1.84443	   0.00000	   0.07623	   0.00000	   0.00000	   0.00000	  -0.03049	  -0.00000	   0.00000	  -0.00000	  -0.04574
B         	  -8.29997	   6.44885	  -1.84443	   0.00000	   0.06098	   0.00000	   0.01525	   0.00000	  -0.00000	  -0.00000	   0.01525	  -0.00000	  -0.04574
B         	  -8.29701	  -2.17799	  -1.84443	   0.00000	   0.09147	   0.01525	   0.01525	   0.01525	  -0.03049	   0.00000	   0.01525	   0.00000	  -0.06098
B         	  -8.29545	   2.13290	  -1.84443	   0.00000	   0.09147	  -0.01525	   0.01525	  -0.01525	  -0.03049	  -0.00000	   0.01525	  -0.00000	  -0.06098
B         	  -5.83076	  -6.49028	  -1.84342	   0.00000	   0.03049	  -0.00000	   0.03049	  -0.00000	   0.03049	   0.00000	   0.03049	   0.00000	  -0.07623
B         	  -5.82355	  -2.17505	  -1.84342	  -0.07623	   0.16770	   0.09147	   0.09147	   0.09147	  -0.04574	   0.03049	   0.09147	   0.03049	  -0.12196
B         	  -5.81906	   2.13300	  -1.84342	   0.01525	   0.13721	  -0.07623	   0.09147	  -0.07623	  -0.04574	  -0.03049	   0.09147	  -0.03049	  -0.09147
B         	  -3.49097	  -6.48562	  -1.09234	   0.13721	  -0.06098	  -0.06098	   0.06098	  -0.06098	   0.21343	  -0.03049	   0.06098	  -0.03049	  -0.16770
B         	  -3.46687	  -2.16907	  -1.11389	  -0.91471	   0.42687	   0.56407	   0.57932	   0.56407	   0.10672	   0.25917	   0.57932	   0.25917	  -0.53358
B         	  -3.45673	   2.13419	  -1.12221	  -0.77750	   0.30490	  -0.30490	   0.36588	  -0.30490	   0.04574	  -0.13721	   0.36588	  -0.13721	  -0.35064
B         	  -1.21750	  -6.48162	  -0.14698	  -0.07623	  -0.21343	  -0.03049	   0.03049	  -0.03049	   0.44211	  -0.01525	   0.03049	  -0.01525	  -0.24392
B         	  -1.19125	  -2.15637	  -0.14283	  -1.98187	  -1.60074	  -0.59456	   0.44211	  -0.59456	   5.53400	  -0.04574	   0.44211	  -0.04574	  -3.94850
B         	  -1.20135	   2.13349	  -0.10849	  -6.70788	   3.70458	  -2.50021	   3.49115	  -2.50021	  -0.62505	  -0.88422	   3.49115	  -0.88422	  -3.07953
B         	   1.21750	  -6.48162	  -0.14698	  -0.07623	  -0.21343	   0.03049	  -0.03049	   0.03049	   0.44211	  -0.01525	  -0.03049	  -0.01525	  -0.24392
B         	   1.19125	  -2.15637	  -0.14283	  -1.98187	  -1.60074	   0.59456	  -0.44211	   0.59456	   5.53400	  -0.04574	  -0.44211	  -0.04574	  -3.94850
B         	   1.20135	   2.13349	  -0.10849	  -6.70788	   3.70458	   2.50021	  -3.49115	   2.50021	  -0.62505	  -0.88422	  -3.49115	  -0.88422	  -3.07953
B         	   3.49097	  -6.48562	  -1.09234	   0.13721	  -0.06098	   0.06098	  -0.06098	   0.06098	   0.21343	  -0.03049	  -0.06098	  -0.03049	  -0.16770
B         	   3.46687	  -2.16907	  -1.11389	  -0.91471	   0.42687	  -0.56407	  -0.57932	  -0.56407	   0.10672	   0.25917	  -0.57932	   0.25917	  -0.53358
B         	   3.45673	   2.13419	  -1.12221	  -0.77750	   0.30490	   0.30490	  -0.36588	   0.30490	   0.04574	  -0.13721	  -0.36588	  -0.13721	  -0.35064
B         	   5.83076	  -6.49028	  -1.84342	   0.00000	   0.03049	   0.00000	  -0.03049	   0.00000	   0.03049	   0.00000	  -0.03049	   0.00000	  -0.07623
B         	   5.82356	  -2.17505	  -1.84342	  -0.07623	   0.16770	  -0.09147	  -0.09147	  -0.09147	  -0.04574	   0.03049	  -0.09147	   0.03049	  -0.12196
B         	   5.81906	   2.13300	  -1.84342	   0.01525	   0.13721	   0.07623	  -0.09147	   0.07623	  -0.04574	  -0.03049	  -0.09147	  -0.03049	  -0.09147
B         	   8.29997	   6.44885	  -1.84443	   0.00000	   0.06098	  -0.00000	  -0.01525	  -0.00000	  -0.00000	  -0.00000	  -0.01525	  -0.00000	  -0.04574
B         	   8.29701	  -2.17799	  -1.84443	   0.00000	   0.09147	  -0.01525	  -0.01525	  -0.01525	  -0.03049	   0.00000	  -0.01525	   0.00000	  -0.06098
B         	   8.29545	   2.13290	  -1.84443	   0.00000	   0.09147	   0.01525	  -0.01525	   0.01525	  -0.03049	  -0.00000	  -0.01525	  -0.00000	  -0.06098
N         	  -9.53525	  -2.89958	  -1.84443	   0.00000	   0.07623	   0.01525	   0.01525	   0.01525	  -0.03049	   0.00000	   0.01525	   0.00000	  -0.04574
N         	  -9.53433	   1.41244	  -1.84443	   0.00000	   0.09147	  -0.00000	   0.01525	  -0.00000	  -0.04574	  -0.00000	   0.01525	  -0.00000	  -0.04574
N         	  -9.53624	   5.72624	  -1.84443	   0.00000	   0.06098	  -0.00000	   0.00000	  -0.00000	  -0.01525	  -0.00000	   0.00000	  -0.00000	  -0.04574
N         	  -7.06660	  -2.89819	  -1.84439	   0.04574	   0.10672	   0.04574	   0.04574	   0.04574	  -0.03049	   0.01525	   0.04574	   0.01525	  -0.07623
N         	  -7.06307	   1.41410	  -1.84439	   0.00000	   0.13721	  -0.03049	   0.04574	  -0.03049	  -0.06098	  -0.00000	   0.04574	  -0.00000	  -0.07623
N         	  -7.06931	   5.72771	  -1.84439	   0.00000	   0.04574	  -0.01525	   0.01525	  -0.01525	   0.00000	  -0.00000	   0.01525	  -0.00000	  -0.06098
N         	  -4.61309	  -2.89536	  -1.61453	   0.57932	   0.25917	   0.28966	   0.15245	   0.28966	  -0.01525	   0.07623	   0.15245	   0.07623	  -0.24392
N         	  -4.60264	   1.41826	  -1.62597	   0.15245	   0.32015	  -0.07623	   0.22868	  -0.07623	  -0.13721	  -0.06098	   0.22868	  -0.06098	  -0.18294
N         	  -4.61883	   5.73094	  -1.60881	   0.01525	   0.00000	  -0.01525	   0.04574	  -0.01525	   0.10672	  -0.03049	   0.04574	  -0.03049	  -0.10672
N         	  -2.37956	  -2.89745	  -0.55534	  21.80062	   0.64030	   4.66503	   2.07335	   4.66503	   1.78369	   2.33251	   2.07335	   2.33251	  -2.42398
N         	  -2.34054	   1.42440	  -0.61018	   4.02473	   1.72271	   1.63123	   0.73177	   1.63123	   1.29584	   0.59456	   0.73177	   0.59456	  -3.00330
N         	  -2.38764	   5.73576	  -0.54935	   1.58550	  -0.24392	  -0.32015	   0.07623	  -0.32015	   0.67079	  -0.07623	   0.07623	  -0.07623	  -0.42687
N         	  -0.00000	  -2.91673	   0.11065	  -2.28678	   3.21673	  -0.00000	   0.00000	  -0.00000	  -0.25917	  -0.15245	   0.00000	  -0.15245	  -2.95757
N         	  -0.00000	   5.73998	   0.07092	   0.41162	  -0.36588	  -0.00000	   0.00000	  -0.00000	   0.76226	   0.12196	   0.00000	   0.12196	  -0.39637
N         	   2.37956	  -2.89745	  -0.55534	  21.80062	   0.64030	  -4.66503	  -2.07335	  -4.66503	   1.78369	   2.33251	  -2.07335	   2.33251	  -2.42398
N         	   2.34054	   1.42440	  -0.61018	   4.02473	   1.72271	  -1.63123	  -0.73177	  -1.63123	   1.29584	   0.59456	  -0.73177	   0.59456	  -3.00330
N         	   2.38764	   5.73576	  -0.54935	   1.58550	  -0.24392	   0.32015	  -0.07623	   0.32015	   0.67079	  -0.07623	  -0.07623	  -0.07623	  -0.42687
N         	   4.61309	  -2.89536	  -1.61453	   0.57932	   0.25917	  -0.28966	  -0.15245	  -0.28966	  -0.01525	   0.07623	  -0.15245	   0.07623	  -0.24392
N         	   4.60264	   1.41826	  -1.62597	   0.15245	   0.32015	   0.07623	  -0.22868	   0.07623	  -0.13721	  -0.06098	  -0.22868	  -0.06098	  -0.18294
N         	   4.61883	   5.73094	  -1.60881	   0.01525	   0.00000	   0.01525	  -0.04574	   0.01525	   0.10672	  -0.03049	  -0.04574	  -0.03049	  -0.10672
N         	   7.06660	  -2.89819	  -1.84439	   0.04574	   0.10672	  -0.04574	  -0.04574	  -0.04574	  -0.03049	   0.01525	  -0.04574	   0.01525	  -0.07623
N         	   7.06307	   1.41410	  -1.84439	   0.00000	   0.13721	   0.03049	  -0.04574	   0.03049	  -0.06098	  -0.00000	  -0.04574	  -0.00000	  -0.07623
N         	   7.06931	   5.72771	  -1.84439	   0.00000	   0.04574	   0.01525	  -0.01525	   0.01525	   0.00000	  -0.00000	  -0.01525	  -0.00000	  -0.06098
N         	   9.53525	  -2.89958	  -1.84443	   0.00000	   0.07623	  -0.01525	  -0.01525	  -0.01525	  -0.03049	   0.00000	  -0.01525	   0.00000	  -0.04574
N         	   9.53433	   1.41244	  -1.84443	   0.00000	   0.09147	   0.00000	  -0.01525	   0.00000	  -0.04574	  -0.00000	  -0.01525	  -0.00000	  -0.04574
N         	   9.53624	   5.72624	  -1.84443	   0.00000	   0.06098	   0.00000	  -0.00000	   0.00000	  -0.01525	  -0.00000	  -0.00000	  -0.00000	  -0.04574
N         	 -10.76995	  -5.05692	  -1.84443	   0.00000	   0.06098	  -0.00000	   0.00000	  -0.00000	  -0.01525	   0.00000	   0.00000	   0.00000	  -0.04574
N         	 -10.76995	  -0.74376	  -1.84443	   0.00000	   0.09147	   0.00000	  -0.00000	   0.00000	  -0.04574	   0.00000	  -0.00000	   0.00000	  -0.04574
N         	 -10.76995	   3.56818	  -1.84443	   0.00000	   0.06098	   0.00000	   0.00000	   0.00000	  -0.03049	  -0.00000	   0.00000	  -0.00000	  -0.04574
N         	  -8.30262	  -5.05675	  -1.84443	   0.00000	   0.06098	   0.01525	   0.01525	   0.01525	  -0.01525	   0.00000	   0.01525	   0.00000	  -0.04574
N         	  -8.29877	  -0.74257	  -1.84443	   0.07623	   0.13721	   0.01525	   0.01525	   0.01525	  -0.06098	   0.00000	   0.01525	   0.00000	  -0.06098
N         	  -8.30124	   3.56937	  -1.84443	   0.00000	   0.07623	  -0.01525	   0.01525	  -0.01525	  -0.01525	  -0.00000	   0.01525	  -0.00000	  -0.04574
N         	  -5.83512	  -5.05479	  -1.84342	   0.01525	   0.04574	   0.04574	   0.04574	   0.04574	   0.03049	   0.01525	   0.04574	   0.01525	  -0.07623
N         	  -5.82549	  -0.73992	  -1.84342	   1.26535	   0.54883	   0.13721	   0.10672	   0.13721	  -0.25917	   0.01525	   0.10672	   0.01525	  -0.28966
N         	  -5.83195	   3.57130	  -1.84342	  -0.00000	   0.07623	  -0.06098	   0.06098	  -0.06098	  -0.00000	  -0.03049	   0.06098	  -0.03049	  -0.07623
N         	  -3.49020	  -5.05181	  -1.09553	   1.02143	  -0.09147	   0.33539	   0.12196	   0.33539	   0.41162	   0.15245	   0.12196	   0.15245	  -0.32015
N         	  -3.45254	  -0.73645	  -1.14929	  23.34038	   3.85703	   2.14957	   4.64978	   2.14957	  -3.03379	   1.32633	   4.64978	   1.32633	  -0.80799
N         	  -3.48127	   3.57583	  -1.10490	  -0.06098	   0.06098	  -0.30490	   0.13721	  -0.30490	   0.16770	  -0.01525	   0.13721	  -0.01525	  -0.22868
N         	  -1.23419	  -5.05459	  -0.09363	   0.13721	  -0.10672	   0.15245	   0.06098	   0.15245	   0.50309	   0.00000	   0.06098	   0.00000	  -0.39637
N         	  -1.23398	   3.58980	  -0.08288	  31.74048	  -3.67409	  -3.11002	   0.77750	  -3.11002	   7.40916	  -3.21673	   0.77750	  -3.21673	  -3.73507
N         	   1.23419	  -5.05459	  -0.09363	   0.13721	  -0.10672	  -0.15245	  -0.06098	  -0.15245	   0.50309	   0.00000	  -0.06098	   0.00000	  -0.39637
N         	   1.23399	   3.58980	  -0.08288	  31.74048	  -3.67409	   3.11002	  -0.77750	   3.11002	   7.40916	  -3.21673	  -0.77750	  -3.21673	  -3.73507
N         	   3.49020	  -5.05181	  -1.09553	   1.02143	  -0.09147	  -0.33539	  -0.12196	  -0.33539	   0.41162	   0.15245	  -0.12196	   0.15245	  -0.32015
N         	   3.45254	  -0.73645	  -1.14929	  23.34038	   3.85703	  -2.14957	  -4.64978	  -2.14957	  -3.03379	   1.32633	  -4.64978	   1.32633	  -0.80799
N         	   3.48127	   3.57583	  -1.10490	  -0.06098	   0.06098	   0.30490	  -0.13721	   0.30490	   0.16770	  -0.01525	  -0.13721	  -0.01525	  -0.22868
N         	   5.83512	  -5.05479	  -1.84342	   0.01525	   0.04574	  -0.04574	  -0.04574	  -0.04574	   0.03049	   0.01525	  -0.04574	   0.01525	  -0.07623
N         	   5.82549	  -0.73992	  -1.84342	   1.26535	   0.54883	  -0.13721	  -0.10672	  -0.13721	  -0.25917	   0.01525	  -0.10672	   0.01525	  -0.28966
N         	   5.83195	   3.57130	  -1.84342	  -0.00000	   0.07623	   0.06098	  -0.06098	   0.06098	  -0.00000	  -0.03049	  -0.06098	  -0.03049	  -0.07623
N         	   8.30262	  -5.05675	  -1.84443	   0.00000	   0.06098	  -0.01525	  -0.01525	  -0.01525	  -0.01525	   0.00000	  -0.01525	   0.00000	  -0.04574
N         	   8.29877	  -0.74257	  -1.84443	   0.07623	   0.13721	  -0.01525	  -0.01525	  -0.01525	  -0.06098	   0.00000	  -0.01525	   0.00000	  -0.06098
N         	   8.30124	   3.56937	  -1.84443	   0.00000	   0.07623	   0.01525	  -0.01525	   0.01525	  -0.01525	  -0.00000	  -0.01525	  -0.00000	  -0.04574
N         	   1.21859	  -0.76687	  -0.15241	 321.73441	  81.13488	 -80.92145	 -32.47225	 -80.92145	 -26.31319	  20.19987	 -32.47225	  20.19987	 -54.83693
N         	  -1.21859	  -0.76687	  -0.15241	 321.73441	  81.13488	  80.92145	  32.47225	  80.92145	 -26.31319	  20.19987	  32.47225	  20.19987	 -54.83693
N         	  -0.00000	   1.53375	   0.30482	 237.87064	 -91.68455	   0.00000	  -0.00000	   0.00000	 163.36742	  55.24855	  -0.00000	  55.24855	 -71.68287
