--------------------------------------------------------------------------------------------------------------------------------------------------------------------------
  AtomName	    r_1i_X	    r_1i_Y	    r_1i_Z	     EFGxx	     EFGxy	     EFGxz	     EFGyx	     EFGyy	     EFGyz	     EFGzx	     EFGzy	     EFGzz	[Hatree/Bohr_radius^2]
--------------------------------------------------------------------------------------------------------------------------------------------------------------------------
10B  eQ___:	  8.459000	[Q/milibarn]*(10^-1)
11B  eQ___:	  4.059000	[Q/milibarn]*(10^-1)
14N  eQ___:	  2.044000	[Q/milibarn]*(10^-1)
15N  eQ___:	  0.000000	[Q/milibarn]*(10^-1)
10B  etc____:	---       	---       	---       	  -0.18110	  -0.00000	  -0.00000	  -0.00000	  -0.17525	   0.00024	  -0.00000	   0.00024	   0.35635
11B  etc____:	---       	---       	---       	  -0.18110	  -0.00000	  -0.00000	  -0.00000	  -0.17525	   0.00024	  -0.00000	   0.00024	   0.35635
14N  etc____:	---       	---       	---       	  -0.03845	   0.00000	   0.00000	   0.00000	   0.00515	  -0.00007	   0.00000	  -0.00007	   0.03330
15N  etc____:	---       	---       	---       	  -0.03845	   0.00000	   0.00000	   0.00000	   0.00515	  -0.00007	   0.00000	  -0.00007	   0.03330
MinDif[A]:	 -10.86081	  -6.54614	  -1.86597
MaxDif[A]:	   9.61749	   6.51353	   0.27087
--------------------------------------------------------------------------------------------------------------------------------------------------------------------------
B         	  -9.61638	  -4.37274	  -1.86597	  -0.18066	   0.00271	   0.00030	   0.00271	  -0.17565	  -0.00002	   0.00030	  -0.00002	   0.35631
B         	  -9.61413	  -0.01939	  -1.86597	  -0.18122	   0.00324	   0.00029	   0.00324	  -0.17498	  -0.00002	   0.00029	  -0.00002	   0.35620
B         	  -9.61474	   4.33422	  -1.86597	  -0.18152	   0.00324	   0.00031	   0.00324	  -0.17473	  -0.00002	   0.00031	  -0.00002	   0.35625
B         	  -7.12719	  -4.36979	  -1.86594	  -0.17833	   0.00753	   0.00313	   0.00753	  -0.17716	  -0.00074	   0.00313	  -0.00074	   0.35549
B         	  -7.11960	  -0.01859	  -1.86594	  -0.18094	   0.01021	   0.00273	   0.01021	  -0.17448	  -0.00051	   0.00273	  -0.00051	   0.35544
B         	  -7.12467	   4.33565	  -1.86594	  -0.18129	   0.00798	   0.00294	   0.00798	  -0.17441	  -0.00059	   0.00294	  -0.00059	   0.35570
B         	  -4.67268	  -4.36189	  -1.57082	  -0.12373	   0.00263	  -0.15340	   0.00263	  -0.18263	   0.03518	  -0.15340	   0.03518	   0.30636
B         	  -4.64892	  -0.01368	  -1.58800	  -0.13713	   0.01556	  -0.14471	   0.01556	  -0.17340	   0.03410	  -0.14471	   0.03410	   0.31053
B         	  -4.66991	   4.34080	  -1.56861	  -0.13327	   0.00430	  -0.15561	   0.00430	  -0.17382	   0.03331	  -0.15561	   0.03331	   0.30708
B         	  -2.39184	  -4.35884	  -0.58834	  -0.07582	   0.01240	  -0.19350	   0.01240	  -0.19128	  -0.00422	  -0.19350	  -0.00422	   0.26709
B         	  -2.31980	  -0.00971	  -0.63216	  -0.07352	   0.05921	  -0.18763	   0.05921	  -0.17237	   0.01993	  -0.18763	   0.01993	   0.24589
B         	  -2.38842	   4.34512	  -0.58903	  -0.09266	   0.01469	  -0.20458	   0.01469	  -0.16731	  -0.00506	  -0.20458	  -0.00506	   0.25997
B         	  -0.00000	  -4.35979	   0.00929	  -0.15094	  -0.00000	   0.00000	  -0.00000	  -0.20465	  -0.04436	   0.00000	  -0.04436	   0.35559
B         	  -0.00000	   4.35429	   0.00054	  -0.18531	  -0.00000	   0.00000	  -0.00000	  -0.17207	  -0.02978	   0.00000	  -0.02978	   0.35738
B         	   2.39184	  -4.35884	  -0.58834	  -0.07582	  -0.01240	   0.19350	  -0.01240	  -0.19127	  -0.00422	   0.19350	  -0.00422	   0.26709
B         	   2.31980	  -0.00971	  -0.63216	  -0.07352	  -0.05921	   0.18763	  -0.05921	  -0.17237	   0.01993	   0.18763	   0.01993	   0.24589
B         	   2.38842	   4.34512	  -0.58903	  -0.09266	  -0.01470	   0.20458	  -0.01470	  -0.16731	  -0.00506	   0.20458	  -0.00506	   0.25997
B         	   4.67267	  -4.36189	  -1.57082	  -0.12373	  -0.00263	   0.15340	  -0.00263	  -0.18263	   0.03518	   0.15340	   0.03518	   0.30636
B         	   4.64891	  -0.01368	  -1.58800	  -0.13713	  -0.01556	   0.14471	  -0.01556	  -0.17340	   0.03410	   0.14471	   0.03410	   0.31053
B         	   4.66991	   4.34080	  -1.56861	  -0.13327	  -0.00430	   0.15561	  -0.00430	  -0.17382	   0.03331	   0.15561	   0.03331	   0.30708
B         	   7.12719	  -4.36979	  -1.86594	  -0.17833	  -0.00753	  -0.00313	  -0.00753	  -0.17716	  -0.00074	  -0.00313	  -0.00074	   0.35549
B         	   7.11960	  -0.01859	  -1.86594	  -0.18094	  -0.01021	  -0.00273	  -0.01021	  -0.17448	  -0.00051	  -0.00273	  -0.00051	   0.35544
B         	   7.12467	   4.33565	  -1.86594	  -0.18129	  -0.00798	  -0.00294	  -0.00798	  -0.17441	  -0.00059	  -0.00294	  -0.00059	   0.35570
B         	   9.61638	  -4.37274	  -1.86597	  -0.18066	  -0.00271	  -0.00030	  -0.00271	  -0.17565	  -0.00002	  -0.00030	  -0.00002	   0.35631
B         	   9.61413	  -0.01939	  -1.86597	  -0.18122	  -0.00324	  -0.00029	  -0.00324	  -0.17498	  -0.00002	  -0.00029	  -0.00002	   0.35620
B         	   9.61474	   4.33422	  -1.86597	  -0.18152	  -0.00324	  -0.00031	  -0.00324	  -0.17473	  -0.00002	  -0.00031	  -0.00002	   0.35625
B         	 -10.86081	   6.51203	  -1.86597	  -0.18110	  -0.00000	  -0.00000	  -0.00000	  -0.17525	   0.00024	  -0.00000	   0.00024	   0.35635
B         	 -10.86081	  -2.19505	  -1.86597	  -0.18052	  -0.00000	  -0.00000	  -0.00000	  -0.17583	   0.00022	  -0.00000	   0.00022	   0.35635
B         	 -10.86081	   2.15665	  -1.86597	  -0.18155	  -0.00000	  -0.00000	  -0.00000	  -0.17460	   0.00022	  -0.00000	   0.00022	   0.35616
B         	  -8.37222	   6.51353	  -1.86597	  -0.18065	   0.00488	   0.00217	   0.00488	  -0.17521	  -0.00180	   0.00217	  -0.00180	   0.35586
B         	  -8.36883	  -2.19461	  -1.86597	  -0.18034	   0.00681	   0.00206	   0.00681	  -0.17545	  -0.00174	   0.00206	  -0.00174	   0.35579
B         	  -8.36692	   2.15713	  -1.86597	  -0.18175	   0.00668	   0.00204	   0.00668	  -0.17383	  -0.00172	   0.00204	  -0.00172	   0.35558
B         	  -5.88324	  -6.54614	  -1.86497	  -0.17331	   0.00510	  -0.05023	   0.00510	  -0.17788	   0.02524	  -0.05023	   0.02524	   0.35119
B         	  -5.87594	  -2.19021	  -1.86497	  -0.17153	   0.00974	  -0.04857	   0.00974	  -0.17871	   0.02519	  -0.04857	   0.02519	   0.35024
B         	  -5.87125	   2.15857	  -1.86497	  -0.17784	   0.01065	  -0.04767	   0.01065	  -0.17281	   0.02404	  -0.04767	   0.02404	   0.35066
B         	  -3.52089	  -6.54102	  -1.11883	  -0.07801	   0.00865	  -0.20662	   0.00865	  -0.17786	   0.00719	  -0.20662	   0.00719	   0.25587
B         	  -3.49870	  -2.18375	  -1.13811	  -0.07030	   0.01349	  -0.20006	   0.01349	  -0.18255	   0.02350	  -0.20006	   0.02350	   0.25285
B         	  -3.48954	   2.16141	  -1.14034	  -0.09350	   0.02406	  -0.20332	   0.02406	  -0.16368	   0.00605	  -0.20332	   0.00605	   0.25718
B         	  -1.22713	  -6.53498	  -0.17431	  -0.13788	   0.01097	  -0.13029	   0.01097	  -0.18517	  -0.02899	  -0.13029	  -0.02899	   0.32305
B         	  -1.20688	  -2.17236	  -0.14937	  -0.08589	   0.03866	  -0.12221	   0.03866	  -0.21907	  -0.00995	  -0.12221	  -0.00995	   0.30496
B         	  -1.20678	   2.15929	  -0.12463	  -0.15764	   0.02095	  -0.17678	   0.02095	  -0.12541	  -0.01869	  -0.17678	  -0.01869	   0.28305
B         	   1.22713	  -6.53498	  -0.17431	  -0.13788	  -0.01097	   0.13029	  -0.01097	  -0.18517	  -0.02899	   0.13029	  -0.02899	   0.32305
B         	   1.20688	  -2.17236	  -0.14937	  -0.08589	  -0.03866	   0.12221	  -0.03866	  -0.21907	  -0.00995	   0.12221	  -0.00995	   0.30496
B         	   1.20678	   2.15929	  -0.12463	  -0.15764	  -0.02095	   0.17678	  -0.02095	  -0.12541	  -0.01869	   0.17678	  -0.01869	   0.28305
B         	   3.52089	  -6.54102	  -1.11883	  -0.07801	  -0.00865	   0.20662	  -0.00865	  -0.17786	   0.00719	   0.20662	   0.00719	   0.25587
B         	   3.49870	  -2.18375	  -1.13811	  -0.07030	  -0.01349	   0.20006	  -0.01349	  -0.18255	   0.02350	   0.20006	   0.02350	   0.25285
B         	   3.48954	   2.16141	  -1.14034	  -0.09350	  -0.02406	   0.20332	  -0.02406	  -0.16368	   0.00605	   0.20332	   0.00605	   0.25718
B         	   5.88324	  -6.54614	  -1.86497	  -0.17331	  -0.00510	   0.05023	  -0.00510	  -0.17788	   0.02524	   0.05023	   0.02524	   0.35119
B         	   5.87594	  -2.19021	  -1.86497	  -0.17153	  -0.00974	   0.04857	  -0.00974	  -0.17871	   0.02519	   0.04857	   0.02519	   0.35024
B         	   5.87125	   2.15857	  -1.86497	  -0.17784	  -0.01065	   0.04767	  -0.01065	  -0.17281	   0.02404	   0.04767	   0.02404	   0.35066
B         	   8.37222	   6.51353	  -1.86597	  -0.18065	  -0.00488	  -0.00217	  -0.00488	  -0.17521	  -0.00180	  -0.00217	  -0.00180	   0.35586
B         	   8.36883	  -2.19461	  -1.86597	  -0.18034	  -0.00681	  -0.00206	  -0.00681	  -0.17545	  -0.00174	  -0.00206	  -0.00174	   0.35579
B         	   8.36692	   2.15713	  -1.86597	  -0.18174	  -0.00668	  -0.00204	  -0.00668	  -0.17383	  -0.00172	  -0.00204	  -0.00172	   0.35558
N         	  -9.61675	  -2.92337	  -1.86597	  -0.03557	  -0.00007	   0.00232	  -0.00007	   0.00393	   0.00032	   0.00232	   0.00032	   0.03162
N         	  -9.61558	   1.42984	  -1.86597	  -0.03232	  -0.00102	   0.00228	  -0.00102	   0.00009	   0.00034	   0.00228	   0.00034	   0.03223
N         	  -9.61749	   5.78388	  -1.86597	  -0.03821	  -0.00127	   0.00245	  -0.00127	   0.00432	   0.00033	   0.00245	   0.00033	   0.03389
N         	  -7.12845	  -2.92092	  -1.86594	  -0.03469	   0.00140	  -0.04109	   0.00140	   0.00470	  -0.01052	  -0.04109	  -0.01052	   0.02999
N         	  -7.12488	   1.43143	  -1.86594	  -0.02910	  -0.00261	  -0.04061	  -0.00261	  -0.00046	  -0.01056	  -0.04061	  -0.01056	   0.02957
N         	  -7.13140	   5.78617	  -1.86594	  -0.03636	  -0.00191	  -0.04317	  -0.00191	   0.00541	  -0.01071	  -0.04317	  -0.01071	   0.03094
N         	  -4.65607	  -2.91744	  -1.63522	  -0.04448	  -0.01233	   0.01571	  -0.01233	   0.00620	   0.02704	   0.01571	   0.02704	   0.03828
N         	  -4.64601	   1.43717	  -1.64478	  -0.03456	  -0.01466	   0.02602	  -0.01466	  -0.00036	   0.02196	   0.02602	   0.02196	   0.03493
N         	  -4.66199	   5.79064	  -1.62912	  -0.04614	  -0.01427	   0.01901	  -0.01427	   0.00640	   0.02320	   0.01901	   0.02320	   0.03974
N         	  -2.39997	  -2.92012	  -0.58193	  -0.04174	   0.02057	   0.00782	   0.02057	   0.00871	  -0.00697	   0.00782	  -0.00697	   0.03304
N         	  -2.36745	   1.44567	  -0.61896	  -0.01419	   0.00946	   0.00974	   0.00946	   0.00127	   0.00403	   0.00974	   0.00403	   0.01294
N         	  -2.40615	   5.79666	  -0.57779	  -0.03974	   0.00649	   0.00028	   0.00649	   0.00095	  -0.02171	   0.00028	  -0.02171	   0.03880
N         	  -0.00000	  -2.93597	   0.09080	  -0.00051	   0.00000	  -0.00000	   0.00000	  -0.00267	  -0.06243	  -0.00000	  -0.06243	   0.00318
N         	  -0.00000	   5.80263	   0.04214	  -0.01691	   0.00000	  -0.00000	   0.00000	  -0.00212	  -0.06483	  -0.00000	  -0.06483	   0.01903
N         	   2.39997	  -2.92012	  -0.58193	  -0.04174	  -0.02057	  -0.00782	  -0.02057	   0.00871	  -0.00697	  -0.00782	  -0.00697	   0.03304
N         	   2.36745	   1.44567	  -0.61896	  -0.01419	  -0.00946	  -0.00974	  -0.00946	   0.00127	   0.00403	  -0.00974	   0.00403	   0.01294
N         	   2.40615	   5.79666	  -0.57779	  -0.03974	  -0.00649	  -0.00028	  -0.00649	   0.00095	  -0.02171	  -0.00028	  -0.02171	   0.03880
N         	   4.65607	  -2.91744	  -1.63522	  -0.04447	   0.01233	  -0.01571	   0.01233	   0.00620	   0.02704	  -0.01571	   0.02704	   0.03828
N         	   4.64600	   1.43717	  -1.64478	  -0.03456	   0.01466	  -0.02602	   0.01466	  -0.00036	   0.02196	  -0.02602	   0.02196	   0.03492
N         	   4.66199	   5.79064	  -1.62912	  -0.04614	   0.01427	  -0.01901	   0.01427	   0.00640	   0.02320	  -0.01901	   0.02320	   0.03974
N         	   7.12845	  -2.92092	  -1.86594	  -0.03469	  -0.00140	   0.04109	  -0.00140	   0.00470	  -0.01052	   0.04109	  -0.01052	   0.02999
N         	   7.12488	   1.43143	  -1.86594	  -0.02910	   0.00261	   0.04061	   0.00261	  -0.00046	  -0.01056	   0.04061	  -0.01056	   0.02957
N         	   7.13140	   5.78617	  -1.86594	  -0.03636	   0.00191	   0.04317	   0.00191	   0.00541	  -0.01071	   0.04317	  -0.01071	   0.03094
N         	   9.61675	  -2.92337	  -1.86597	  -0.03557	   0.00007	  -0.00232	   0.00007	   0.00393	   0.00032	  -0.00232	   0.00032	   0.03162
N         	   9.61558	   1.42984	  -1.86597	  -0.03232	   0.00102	  -0.00228	   0.00102	   0.00009	   0.00034	  -0.00228	   0.00034	   0.03223
N         	   9.61749	   5.78388	  -1.86597	  -0.03821	   0.00127	  -0.00245	   0.00127	   0.00432	   0.00033	  -0.00245	   0.00033	   0.03389
N         	 -10.86081	  -5.10201	  -1.86597	  -0.03845	   0.00000	   0.00000	   0.00000	   0.00515	  -0.00007	   0.00000	  -0.00007	   0.03330
N         	 -10.86081	  -0.74638	  -1.86597	  -0.03283	   0.00000	  -0.00000	   0.00000	   0.00069	  -0.00007	  -0.00000	  -0.00007	   0.03214
N         	 -10.86081	   3.60641	  -1.86597	  -0.03491	   0.00000	   0.00000	   0.00000	   0.00172	  -0.00006	   0.00000	  -0.00006	   0.03319
N         	  -8.37440	  -5.10051	  -1.86597	  -0.03815	  -0.00015	  -0.00006	  -0.00015	   0.00490	   0.00010	  -0.00006	   0.00010	   0.03325
N         	  -8.37065	  -0.74576	  -1.86597	  -0.03158	  -0.00097	  -0.00037	  -0.00097	  -0.00012	   0.00010	  -0.00037	   0.00010	   0.03172
N         	  -8.37221	   3.60707	  -1.86597	  -0.03566	  -0.00300	  -0.00020	  -0.00300	   0.00206	   0.00016	  -0.00020	   0.00016	   0.03360
N         	  -5.88768	  -5.09744	  -1.86497	  -0.03358	  -0.00710	  -0.02355	  -0.00710	   0.00723	   0.06932	  -0.02355	   0.06932	   0.02634
N         	  -5.87823	  -0.74245	  -1.86497	  -0.02354	  -0.00624	  -0.01912	  -0.00624	  -0.00073	   0.06477	  -0.01912	   0.06477	   0.02426
N         	  -5.88416	   3.60988	  -1.86497	  -0.02960	  -0.01183	  -0.02198	  -0.01183	   0.00414	   0.06586	  -0.02198	   0.06586	   0.02546
N         	  -3.52092	  -5.09370	  -1.12254	  -0.05126	  -0.00983	  -0.00445	  -0.00983	   0.00819	   0.01769	  -0.00445	   0.01769	   0.04307
N         	  -3.48699	  -0.73811	  -1.17262	  -0.02269	   0.00171	   0.01566	   0.00171	  -0.00735	   0.02022	   0.01566	   0.02022	   0.03004
N         	  -3.51376	   3.61636	  -1.12734	  -0.04747	  -0.01776	   0.00185	  -0.01776	   0.00349	   0.02077	   0.00185	   0.02077	   0.04398
N         	  -1.24303	  -5.09472	  -0.12324	  -0.02886	   0.01084	   0.00653	   0.01084	   0.00320	  -0.04904	   0.00653	  -0.04904	   0.02566
N         	  -1.24278	   3.63244	  -0.10982	  -0.02996	   0.00748	  -0.00048	   0.00748	   0.02984	  -0.06807	  -0.00048	  -0.06807	   0.00010
N         	   1.24303	  -5.09472	  -0.12325	  -0.02886	  -0.01084	  -0.00652	  -0.01084	   0.00320	  -0.04904	  -0.00652	  -0.04904	   0.02566
N         	   1.24278	   3.63244	  -0.10982	  -0.02996	  -0.00748	   0.00048	  -0.00748	   0.02984	  -0.06806	   0.00048	  -0.06806	   0.00010
N         	   3.52092	  -5.09370	  -1.12254	  -0.05126	   0.00983	   0.00445	   0.00983	   0.00819	   0.01769	   0.00445	   0.01769	   0.04307
N         	   3.48699	  -0.73811	  -1.17262	  -0.02269	  -0.00171	  -0.01566	  -0.00171	  -0.00735	   0.02022	  -0.01566	   0.02022	   0.03004
N         	   3.51376	   3.61636	  -1.12734	  -0.04747	   0.01776	  -0.00185	   0.01776	   0.00349	   0.02077	  -0.00185	   0.02077	   0.04398
N         	   5.88768	  -5.09744	  -1.86497	  -0.03358	   0.00710	   0.02355	   0.00710	   0.00723	   0.06932	   0.02355	   0.06932	   0.02634
N         	   5.87823	  -0.74245	  -1.86497	  -0.02354	   0.00624	   0.01912	   0.00624	  -0.00073	   0.06477	   0.01912	   0.06477	   0.02426
N         	   5.88416	   3.60988	  -1.86497	  -0.02960	   0.01183	   0.02198	   0.01183	   0.00414	   0.06586	   0.02198	   0.06586	   0.02546
N         	   8.37440	  -5.10051	  -1.86597	  -0.03815	   0.00015	   0.00006	   0.00015	   0.00490	   0.00010	   0.00006	   0.00010	   0.03325
N         	   8.37064	  -0.74576	  -1.86597	  -0.03158	   0.00097	   0.00037	   0.00097	  -0.00012	   0.00010	   0.00037	   0.00010	   0.03171
N         	   8.37221	   3.60707	  -1.86597	  -0.03566	   0.00300	   0.00020	   0.00300	   0.00206	   0.00016	   0.00020	   0.00016	   0.03360
N         	   1.26442	  -0.77532	  -0.13544	   0.22837	  -0.23245	  -0.01072	  -0.23245	  -0.09700	  -0.00203	  -0.01072	  -0.00203	  -0.13137
N         	  -1.26442	  -0.77532	  -0.13543	   0.22837	   0.23245	   0.01072	   0.23245	  -0.09700	  -0.00203	   0.01072	  -0.00203	  -0.13137
N         	  -0.00000	   1.55063	   0.27087	  -0.24630	   0.00000	  -0.00000	   0.00000	   0.41223	   0.22055	  -0.00000	   0.22055	  -0.16593
