rxyz(1) =   15N    0.00000    0.00000    0.00000
rxyz(1) =   15N    1.65410   -0.95643   -0.67778
rxyz(2) =   15N    0.00000    0.00000    0.00000
rxyz(2) =   15N   -1.65410   -0.95643   -0.67778
rxyz(3) =   15N    0.00000    0.00000    0.00000
rxyz(3) =   15N    0.00000    1.91055   -0.67750
rxyz(4) =   15N    0.00000    0.00000    0.00000
rxyz(4) =   15N    0.00000   -0.00037    2.02219
A(1) =   15N -174.64639   38.99787   27.63482   38.99787 -130.04039  -16.03001   27.63482  -16.03001 -118.79391
A(1) =   15N -174.64639   38.99787   27.63482   38.99787 -130.04039  -16.03001   27.63482  -16.03001 -118.79391
A(2) =   15N -174.64639  -38.99787  -27.63482  -38.99787 -130.04039  -16.03001  -27.63482  -16.03001 -118.79391
A(2) =   15N -174.64639  -38.99787  -27.63482  -38.99787 -130.04039  -16.03001  -27.63482  -16.03001 -118.79391
A(3) =   15N -106.89552   -0.00000    0.00000   -0.00000 -197.33362   32.03844    0.00000   32.03844 -118.24561
A(3) =   15N -106.89552   -0.00000    0.00000   -0.00000 -197.33362   32.03844    0.00000   32.03844 -118.24561
A(4) =   15N -109.97373    0.00000    0.00000    0.00000 -109.96510   -0.02590    0.00000   -0.02590 -213.57086
A(4) =   15N -109.97373    0.00000    0.00000    0.00000 -109.96510   -0.02590    0.00000   -0.02590 -213.57086
Q(1) =   15N   -0.35626    0.40664    0.28683    0.40664    0.11824   -0.16488    0.28683   -0.16488    0.23802
Q(1) =   15N   -0.35624    0.40665    0.28683    0.40665    0.11823   -0.16489    0.28683   -0.16489    0.23801
Q(2) =   15N   -0.35626   -0.40664   -0.28683   -0.40664    0.11824   -0.16488   -0.28683   -0.16488    0.23802
Q(2) =   15N   -0.35624   -0.40665   -0.28683   -0.40665    0.11824   -0.16488   -0.28683   -0.16488    0.23801
Q(3) =   15N    0.34971   -0.00000   -0.00000   -0.00000   -0.58676    0.33088   -0.00000    0.33088    0.23705
Q(3) =   15N    0.34971    0.00000    0.00000    0.00000   -0.58677    0.33088    0.00000    0.33088    0.23705
Q(4) =   15N    0.34272   -0.00000   -0.00000   -0.00000    0.34502   -0.00024   -0.00000   -0.00024   -0.68774
Q(4) =   15N    0.34272    0.00000    0.00000    0.00000    0.34502   -0.00024    0.00000   -0.00024   -0.68774
