rxyz(1) =   15N    0.00000    0.00000    0.00000
rxyz(1) =   15N    1.65410   -0.95643   -0.67778
rxyz(2) =   15N    0.00000    0.00000    0.00000
rxyz(2) =   15N   -1.65410   -0.95643   -0.67778
rxyz(3) =   15N    0.00000    0.00000    0.00000
rxyz(3) =   15N    0.00000    1.91055   -0.67750
rxyz(4) =   15N    0.00000    0.00000    0.00000
rxyz(4) =   15N    0.00000   -0.00037    2.02219
Adiag(1) =   15N -208.62964 -107.41835 -107.43269
Adiag(1) =   15N -208.62964 -107.41835 -107.43269
Adiag(2) =   15N -208.62964 -107.41835 -107.43269
Adiag(2) =   15N -208.62964 -107.41835 -107.43269
Adiag(3) =   15N -106.89571 -208.68352 -106.89552
Adiag(3) =   15N -106.89571 -208.68352 -106.89552
Adiag(4) =   15N -213.57087 -109.96509 -109.97373
Adiag(4) =   15N -213.57087 -109.96509 -109.97373
Qdiag(1) =   15N   -0.70578    0.35178    0.35400
Qdiag(1) =   15N   -0.70578    0.35178    0.35399
Qdiag(2) =   15N   -0.70578    0.35178    0.35400
Qdiag(2) =   15N   -0.70577    0.35179    0.35399
Qdiag(3) =   15N    0.35349   -0.70320    0.34971
Qdiag(3) =   15N    0.35349   -0.70321    0.34971
Qdiag(4) =   15N   -0.68774    0.34502    0.34272
Qdiag(4) =   15N   -0.68774    0.34502    0.34272
