rxyz(1) =   14N    0.00000    0.00000    0.00000
rxyz(1) =   14N    1.65410   -0.95643   -0.67778
rxyz(2) =   14N    0.00000    0.00000    0.00000
rxyz(2) =   14N   -1.65410   -0.95643   -0.67778
rxyz(3) =   14N    0.00000    0.00000    0.00000
rxyz(3) =   14N    0.00000    1.91055   -0.67750
rxyz(4) =   14N    0.00000    0.00000    0.00000
rxyz(4) =   14N    0.00000   -0.00037    2.02219
A(1) =   14N  249.00487  -55.60183  -39.40079  -55.60183  185.40715   22.85504  -39.40079   22.85504  169.37231
A(1) =   14N  249.00487  -55.60183  -39.40079  -55.60183  185.40715   22.85504  -39.40079   22.85504  169.37231
A(2) =   14N  249.00487   55.60183   39.40079   55.60183  185.40715   22.85504   39.40079   22.85504  169.37231
A(2) =   14N  249.00487   55.60183   39.40079   55.60183  185.40715   22.85504   39.40079   22.85504  169.37231
A(3) =   14N  152.40799    0.00000    0.00000    0.00000  281.35155  -45.67931    0.00000  -45.67931  168.59057
A(3) =   14N  152.40799    0.00000    0.00000    0.00000  281.35155  -45.67931    0.00000  -45.67931  168.59057
A(4) =   14N  156.79680    0.00000    0.00000    0.00000  156.78449    0.03693    0.00000    0.03693  304.50206
A(4) =   14N  156.79680    0.00000    0.00000    0.00000  156.78449    0.03693    0.00000    0.03693  304.50206
Q(1) =   14N   -0.35626    0.40664    0.28683    0.40664    0.11824   -0.16488    0.28683   -0.16488    0.23802
Q(1) =   14N   -0.35624    0.40665    0.28683    0.40665    0.11823   -0.16489    0.28683   -0.16489    0.23801
Q(2) =   14N   -0.35626   -0.40664   -0.28683   -0.40664    0.11824   -0.16488   -0.28683   -0.16488    0.23802
Q(2) =   14N   -0.35624   -0.40665   -0.28683   -0.40665    0.11824   -0.16488   -0.28683   -0.16488    0.23801
Q(3) =   14N    0.34971   -0.00000   -0.00000   -0.00000   -0.58676    0.33088   -0.00000    0.33088    0.23705
Q(3) =   14N    0.34971    0.00000    0.00000    0.00000   -0.58677    0.33088    0.00000    0.33088    0.23705
Q(4) =   14N    0.34272   -0.00000   -0.00000   -0.00000    0.34502   -0.00024   -0.00000   -0.00024   -0.68774
Q(4) =   14N    0.34272    0.00000    0.00000    0.00000    0.34502   -0.00024    0.00000   -0.00024   -0.68774
