rxyz(1) =   14N    0.00000    0.00000    0.00000
rxyz(1) =   14N    1.65410   -0.95643   -0.67778
rxyz(2) =   14N    0.00000    0.00000    0.00000
rxyz(2) =   14N   -1.65410   -0.95643   -0.67778
rxyz(3) =   14N    0.00000    0.00000    0.00000
rxyz(3) =   14N    0.00000    1.91055   -0.67750
rxyz(4) =   14N    0.00000    0.00000    0.00000
rxyz(4) =   14N    0.00000   -0.00037    2.02219
A(1) =   14N  203.00548  -55.60183  -39.40079  -55.60183  139.40776   22.85504  -39.40079   22.85504  123.37292
A(1) =   14N  203.00548  -55.60183  -39.40079  -55.60183  139.40776   22.85504  -39.40079   22.85504  123.37292
A(2) =   14N  203.00548   55.60183   39.40079   55.60183  139.40776   22.85504   39.40079   22.85504  123.37292
A(2) =   14N  203.00548   55.60183   39.40079   55.60183  139.40776   22.85504   39.40079   22.85504  123.37292
A(3) =   14N  106.09467    0.00000    0.00000    0.00000  235.03824  -45.67931    0.00000  -45.67931  122.27725
A(3) =   14N  106.09467    0.00000    0.00000    0.00000  235.03824  -45.67931    0.00000  -45.67931  122.27725
A(4) =   14N  109.68944    0.00000    0.00000    0.00000  109.67712    0.03693    0.00000    0.03693  257.39469
A(4) =   14N  109.68944    0.00000    0.00000    0.00000  109.67712    0.03693    0.00000    0.03693  257.39469
Q(1) =   14N   -0.35626    0.40664    0.28683    0.40664    0.11824   -0.16488    0.28683   -0.16488    0.23802
Q(1) =   14N   -0.35624    0.40665    0.28683    0.40665    0.11823   -0.16489    0.28683   -0.16489    0.23801
Q(2) =   14N   -0.35626   -0.40664   -0.28683   -0.40664    0.11824   -0.16488   -0.28683   -0.16488    0.23802
Q(2) =   14N   -0.35624   -0.40665   -0.28683   -0.40665    0.11824   -0.16488   -0.28683   -0.16488    0.23801
Q(3) =   14N    0.34971   -0.00000   -0.00000   -0.00000   -0.58676    0.33088   -0.00000    0.33088    0.23705
Q(3) =   14N    0.34971    0.00000    0.00000    0.00000   -0.58677    0.33088    0.00000    0.33088    0.23705
Q(4) =   14N    0.34272   -0.00000   -0.00000   -0.00000    0.34502   -0.00024   -0.00000   -0.00024   -0.68774
Q(4) =   14N    0.34272    0.00000    0.00000    0.00000    0.34502   -0.00024    0.00000   -0.00024   -0.68774
