rxyz(1) =   14N    0.00000    0.00000    0.00000
rxyz(1) =   14N    1.65410   -0.95643   -0.67778
rxyz(2) =   14N    0.00000    0.00000    0.00000
rxyz(2) =   14N   -1.65410   -0.95643   -0.67778
rxyz(3) =   14N    0.00000    0.00000    0.00000
rxyz(3) =   14N    0.00000    1.91055   -0.67750
rxyz(4) =   14N    0.00000    0.00000    0.00000
rxyz(4) =   14N    0.00000   -0.00037    2.02219
A(1) =   14N  101.50274  -27.80092  -19.70039  -27.80092   69.70388   11.42752  -19.70039   11.42752   61.68646
A(1) =   14N  101.50274  -27.80092  -19.70039  -27.80092   69.70388   11.42752  -19.70039   11.42752   61.68646
A(2) =   14N  101.50274   27.80092   19.70039   27.80092   69.70388   11.42752   19.70039   11.42752   61.68646
A(2) =   14N  101.50274   27.80092   19.70039   27.80092   69.70388   11.42752   19.70039   11.42752   61.68646
A(3) =   14N   53.04734    0.00000    0.00000    0.00000  117.51912  -22.83965    0.00000  -22.83965   61.13863
A(3) =   14N   53.04734    0.00000    0.00000    0.00000  117.51912  -22.83965    0.00000  -22.83965   61.13863
A(4) =   14N   54.84472    0.00000    0.00000    0.00000   54.83856    0.01847    0.00000    0.01847  128.69735
A(4) =   14N   54.84472    0.00000    0.00000    0.00000   54.83856    0.01847    0.00000    0.01847  128.69735
Q(1) =   14N   -0.35626    0.40664    0.28683    0.40664    0.11824   -0.16488    0.28683   -0.16488    0.23802
Q(1) =   14N   -0.35624    0.40665    0.28683    0.40665    0.11823   -0.16489    0.28683   -0.16489    0.23801
Q(2) =   14N   -0.35626   -0.40664   -0.28683   -0.40664    0.11824   -0.16488   -0.28683   -0.16488    0.23802
Q(2) =   14N   -0.35624   -0.40665   -0.28683   -0.40665    0.11824   -0.16488   -0.28683   -0.16488    0.23801
Q(3) =   14N    0.34971   -0.00000   -0.00000   -0.00000   -0.58676    0.33088   -0.00000    0.33088    0.23705
Q(3) =   14N    0.34971    0.00000    0.00000    0.00000   -0.58677    0.33088    0.00000    0.33088    0.23705
Q(4) =   14N    0.34272   -0.00000   -0.00000   -0.00000    0.34502   -0.00024   -0.00000   -0.00024   -0.68774
Q(4) =   14N    0.34272    0.00000    0.00000    0.00000    0.34502   -0.00024    0.00000   -0.00024   -0.68774
