rxyz(1) =   14N    0.00000    0.00000    0.00000
rxyz(1) =   14N    1.65410   -0.95643   -0.67778
rxyz(2) =   14N    0.00000    0.00000    0.00000
rxyz(2) =   14N   -1.65410   -0.95643   -0.67778
rxyz(3) =   14N    0.00000    0.00000    0.00000
rxyz(3) =   14N    0.00000    1.91055   -0.67750
rxyz(4) =   14N    0.00000    0.00000    0.00000
rxyz(4) =   14N    0.00000   -0.00037    2.02219
Adiag(1) =   14N  148.72852   76.57671   76.58693
Adiag(1) =   14N  148.72852   76.57671   76.58693
Adiag(2) =   14N  148.72852   76.57671   76.58693
Adiag(2) =   14N  148.72852   76.57671   76.58693
Adiag(3) =   14N   76.20413  148.76693   76.20400
Adiag(3) =   14N   76.20413  148.76693   76.20400
Adiag(4) =   14N  152.25103   78.39224   78.39840
Adiag(4) =   14N  152.25103   78.39224   78.39840
Qdiag(1) =   14N   -0.70578    0.35178    0.35400
Qdiag(1) =   14N   -0.70578    0.35178    0.35399
Qdiag(2) =   14N   -0.70578    0.35178    0.35400
Qdiag(2) =   14N   -0.70577    0.35179    0.35399
Qdiag(3) =   14N    0.35349   -0.70320    0.34971
Qdiag(3) =   14N    0.35349   -0.70321    0.34971
Qdiag(4) =   14N   -0.68774    0.34502    0.34272
Qdiag(4) =   14N   -0.68774    0.34502    0.34272
