rxyz(1) =   14N    0.00000    0.00000    0.00000
rxyz(1) =   14N    1.65410   -0.95643   -0.67778
rxyz(2) =   14N    0.00000    0.00000    0.00000
rxyz(2) =   14N   -1.65410   -0.95643   -0.67778
rxyz(3) =   14N    0.00000    0.00000    0.00000
rxyz(3) =   14N    0.00000    1.91055   -0.67750
rxyz(4) =   14N    0.00000    0.00000    0.00000
rxyz(4) =   14N    0.00000   -0.00037    2.02219
Adiag(1) =   14N  297.45703  153.15343  153.17386
Adiag(1) =   14N  297.45703  153.15343  153.17386
Adiag(2) =   14N  297.45703  153.15343  153.17386
Adiag(2) =   14N  297.45703  153.15343  153.17386
Adiag(3) =   14N  152.40827  297.53386  152.40799
Adiag(3) =   14N  152.40827  297.53386  152.40799
Adiag(4) =   14N  304.50207  156.78448  156.79680
Adiag(4) =   14N  304.50207  156.78448  156.79680
Qdiag(1) =   14N   -0.70578    0.35178    0.35400
Qdiag(1) =   14N   -0.70578    0.35178    0.35399
Qdiag(2) =   14N   -0.70578    0.35178    0.35400
Qdiag(2) =   14N   -0.70577    0.35179    0.35399
Qdiag(3) =   14N    0.35349   -0.70320    0.34971
Qdiag(3) =   14N    0.35349   -0.70321    0.34971
Qdiag(4) =   14N   -0.68774    0.34502    0.34272
Qdiag(4) =   14N   -0.68774    0.34502    0.34272
