rxyz(1) =   14N    0.00000    0.00000    0.00000
rxyz(1) =   14N    1.65410   -0.95643   -0.67778
rxyz(2) =   14N    0.00000    0.00000    0.00000
rxyz(2) =   14N   -1.65410   -0.95643   -0.67778
rxyz(3) =   14N    0.00000    0.00000    0.00000
rxyz(3) =   14N    0.00000    1.91055   -0.67750
rxyz(4) =   14N    0.00000    0.00000    0.00000
rxyz(4) =   14N    0.00000   -0.00037    2.02219
Adiag(1) =   14N  251.45764  107.15404  107.17447
Adiag(1) =   14N  251.45764  107.15404  107.17447
Adiag(2) =   14N  251.45764  107.15404  107.17447
Adiag(2) =   14N  251.45764  107.15404  107.17447
Adiag(3) =   14N  106.09495  251.22054  106.09467
Adiag(3) =   14N  106.09495  251.22054  106.09467
Adiag(4) =   14N  257.39470  109.67712  109.68944
Adiag(4) =   14N  257.39470  109.67712  109.68944
Qdiag(1) =   14N   -0.70578    0.35178    0.35400
Qdiag(1) =   14N   -0.70578    0.35178    0.35399
Qdiag(2) =   14N   -0.70578    0.35178    0.35400
Qdiag(2) =   14N   -0.70577    0.35179    0.35399
Qdiag(3) =   14N    0.35349   -0.70320    0.34971
Qdiag(3) =   14N    0.35349   -0.70321    0.34971
Qdiag(4) =   14N   -0.68774    0.34502    0.34272
Qdiag(4) =   14N   -0.68774    0.34502    0.34272
