--------------------------------------------------------------------------------------------------------------------------------------------------------------------------
  AtomName	    r_1i_X	    r_1i_Y	    r_1i_Z	  iso[MHz]	       Axx	       Axy	       Axz	       Ayx	       Ayy	       Ayz	       Azx	       Azy	       Azz
--------------------------------------------------------------------------------------------------------------------------------------------------------------------------
10B  g-factor___:   0.600215 [No-unit]
11B  g-factor___:   1.792433 [No-unit]
14N  g-factor___:   0.403761 [No-unit]
15N  g-factor___:  -0.566378 [No-unit]
10B  etc____:	---       	---       	---       	   0.00000
11B  etc____:	---       	---       	---       	   0.00000
14N  etc____:	---       	---       	---       	   0.00000
15N  etc____:	---       	---       	---       	   0.00000
MinDif[A]:	 -10.54557	  -6.49521	  -2.34181
MaxDif[A]:	   9.31167	   6.44308	   0.34971
--------------------------------------------------------------------------------------------------------------------------------------------------------------------------
B         	  -9.31035	  -4.34079	  -2.34181	   0.00000	   0.06098	   0.00000	   0.01525	   0.00000	  -0.01525	   0.00000	   0.01525	   0.00000	  -0.04574
B         	  -9.30806	  -0.02804	  -2.34181	   0.00000	   0.09147	  -0.00000	   0.01525	  -0.00000	  -0.04574	  -0.00000	   0.01525	  -0.00000	  -0.04574
B         	  -9.30890	   4.28482	  -2.34181	   0.00000	   0.06098	  -0.00000	   0.01525	  -0.00000	  -0.01525	  -0.00000	   0.01525	  -0.00000	  -0.04574
B         	  -6.84016	  -4.33950	  -2.34178	   0.00000	   0.06098	   0.03049	   0.03049	   0.03049	  -0.00000	   0.01525	   0.03049	   0.01525	  -0.06098
B         	  -6.83150	  -0.02807	  -2.34178	   0.15245	   0.15245	  -0.03049	   0.06098	  -0.03049	  -0.07623	  -0.00000	   0.06098	  -0.00000	  -0.09147
B         	  -6.83755	   4.28499	  -2.34178	   0.00000	   0.06098	  -0.03049	   0.03049	  -0.03049	  -0.00000	  -0.01525	   0.03049	  -0.01525	  -0.04574
B         	  -4.42988	  -4.33118	  -1.95199	  -0.04574	   0.03049	   0.10672	   0.10672	   0.10672	   0.07623	   0.06098	   0.10672	   0.06098	  -0.12196
B         	  -4.39653	  -0.02424	  -1.98247	   2.16482	   0.57932	  -0.41162	   0.32015	  -0.41162	  -0.15245	  -0.03049	   0.32015	  -0.03049	  -0.42687
B         	  -4.42504	   4.29075	  -1.95275	  -0.04574	   0.04574	  -0.10672	   0.10672	  -0.10672	   0.06098	  -0.06098	   0.10672	  -0.06098	  -0.09147
B         	  -2.31034	  -4.32719	  -0.69500	   1.60074	  -0.36588	   0.13721	   0.07623	   0.13721	   0.85373	  -0.01525	   0.07623	  -0.01525	  -0.48785
B         	  -2.19624	  -0.02723	  -0.78992	   1.11290	   0.03049	  -2.39349	   3.43017	  -2.39349	   0.96045	  -2.94232	   3.43017	  -2.94232	  -0.99094
B         	  -2.30582	   4.29430	  -0.69921	   3.36919	   0.39637	  -0.70128	   0.48785	  -0.70128	   0.13721	  -0.27441	   0.48785	  -0.27441	  -0.53358
B         	  -0.00000	  -4.33220	   0.06724	  -1.02143	  -0.22868	   0.00000	  -0.00000	   0.00000	   0.68603	  -0.04574	  -0.00000	  -0.04574	  -0.45736
B         	  -0.00000	   4.30422	   0.05942	  -0.89947	  -0.48785	   0.00000	  -0.00000	   0.00000	   1.43305	  -0.25917	  -0.00000	  -0.25917	  -0.92996
B         	   2.31034	  -4.32719	  -0.69500	   1.60074	  -0.36588	  -0.13721	  -0.07623	  -0.13721	   0.85373	  -0.01525	  -0.07623	  -0.01525	  -0.48785
B         	   2.19624	  -0.02723	  -0.78992	   1.11290	   0.03049	   2.39349	  -3.43017	   2.39349	   0.96045	  -2.94232	  -3.43017	  -2.94232	  -0.99094
B         	   2.30582	   4.29430	  -0.69921	   3.36919	   0.39637	   0.70128	  -0.48785	   0.70128	   0.13721	  -0.27441	  -0.48785	  -0.27441	  -0.53358
B         	   4.42988	  -4.33118	  -1.95199	  -0.04574	   0.03049	  -0.10672	  -0.10672	  -0.10672	   0.07623	   0.06098	  -0.10672	   0.06098	  -0.12196
B         	   4.39653	  -0.02424	  -1.98247	   2.16482	   0.57932	   0.41162	  -0.32015	   0.41162	  -0.15245	  -0.03049	  -0.32015	  -0.03049	  -0.42687
B         	   4.42504	   4.29075	  -1.95275	  -0.04574	   0.04574	   0.10672	  -0.10672	   0.10672	   0.06098	  -0.06098	  -0.10672	  -0.06098	  -0.09147
B         	   6.84016	  -4.33950	  -2.34178	   0.00000	   0.06098	  -0.03049	  -0.03049	  -0.03049	  -0.00000	   0.01525	  -0.03049	   0.01525	  -0.06098
B         	   6.83150	  -0.02807	  -2.34178	   0.15245	   0.15245	   0.03049	  -0.06098	   0.03049	  -0.07623	  -0.00000	  -0.06098	  -0.00000	  -0.09147
B         	   6.83754	   4.28499	  -2.34178	   0.00000	   0.06098	   0.03049	  -0.03049	   0.03049	  -0.00000	  -0.01525	  -0.03049	  -0.01525	  -0.04574
B         	   9.31035	  -4.34079	  -2.34181	   0.00000	   0.06098	  -0.00000	  -0.01525	  -0.00000	  -0.01525	   0.00000	  -0.01525	   0.00000	  -0.04574
B         	   9.30805	  -0.02804	  -2.34181	   0.00000	   0.09147	   0.00000	  -0.01525	   0.00000	  -0.04574	  -0.00000	  -0.01525	  -0.00000	  -0.04574
B         	   9.30890	   4.28482	  -2.34181	   0.00000	   0.06098	   0.00000	  -0.01525	   0.00000	  -0.01525	  -0.00000	  -0.01525	  -0.00000	  -0.04574
B         	 -10.54557	   6.44266	  -2.34181	   0.00000	   0.06098	  -0.00000	  -0.00000	  -0.00000	  -0.01525	  -0.00000	  -0.00000	  -0.00000	  -0.04574
B         	 -10.54557	  -2.18462	  -2.34181	   0.00000	   0.07623	  -0.00000	  -0.00000	  -0.00000	  -0.03049	   0.00000	  -0.00000	   0.00000	  -0.04574
B         	 -10.54557	   2.12799	  -2.34181	   0.00000	   0.07623	   0.00000	  -0.00000	   0.00000	  -0.03049	  -0.00000	  -0.00000	  -0.00000	  -0.04574
B         	  -8.07535	   6.44308	  -2.34181	   0.00000	   0.04574	  -0.00000	   0.01525	  -0.00000	  -0.00000	  -0.00000	   0.01525	  -0.00000	  -0.04574
B         	  -8.07267	  -2.18370	  -2.34181	   0.00000	   0.09147	   0.01525	   0.03049	   0.01525	  -0.04574	   0.00000	   0.03049	   0.00000	  -0.04574
B         	  -8.07075	   2.12793	  -2.34181	   0.00000	   0.09147	  -0.01525	   0.03049	  -0.01525	  -0.04574	  -0.00000	   0.03049	  -0.00000	  -0.04574
B         	  -5.60428	  -6.49521	  -2.34081	   0.00000	   0.03049	  -0.00000	   0.04574	  -0.00000	   0.03049	  -0.00000	   0.04574	  -0.00000	  -0.06098
B         	  -5.59837	  -2.18062	  -2.34081	  -0.06098	   0.13721	   0.09147	   0.12196	   0.09147	  -0.04574	   0.03049	   0.12196	   0.03049	  -0.10672
B         	  -5.59213	   2.12865	  -2.34081	   0.03049	   0.12196	  -0.07623	   0.10672	  -0.07623	  -0.04574	  -0.03049	   0.10672	  -0.03049	  -0.07623
B         	  -3.35334	  -6.49011	  -1.36782	   0.15245	  -0.07623	  -0.06098	   0.07623	  -0.06098	   0.21343	  -0.04574	   0.07623	  -0.04574	  -0.15245
B         	  -3.31917	  -2.17426	  -1.40814	  -0.88422	   0.24392	   0.50309	   0.64030	   0.50309	   0.09147	   0.33539	   0.64030	   0.33539	  -0.33539
B         	  -3.30272	   2.12932	  -1.42036	  -0.67079	   0.22868	  -0.30490	   0.44211	  -0.30490	   0.03049	  -0.16770	   0.44211	  -0.16770	  -0.25917
B         	  -1.20908	  -6.48455	  -0.15886	  -0.06098	  -0.21343	  -0.03049	   0.03049	  -0.03049	   0.44211	  -0.01525	   0.03049	  -0.01525	  -0.22868
B         	  -1.17718	  -2.16114	  -0.17060	  -2.94232	  -1.53976	  -0.56407	   0.45736	  -0.56407	   5.22910	   0.09147	   0.45736	   0.09147	  -3.67409
B         	  -1.18273	   2.13339	  -0.14563	  -8.94892	   3.20149	  -2.39349	   3.81130	  -2.39349	  -0.57932	  -0.86898	   3.81130	  -0.86898	  -2.62217
B         	   1.20908	  -6.48455	  -0.15886	  -0.06098	  -0.21343	   0.03049	  -0.03049	   0.03049	   0.44211	  -0.01525	  -0.03049	  -0.01525	  -0.22868
B         	   1.17718	  -2.16114	  -0.17060	  -2.94232	  -1.53976	   0.56407	  -0.45736	   0.56407	   5.22910	   0.09147	  -0.45736	   0.09147	  -3.67409
B         	   1.18273	   2.13339	  -0.14563	  -8.94892	   3.20149	   2.39349	  -3.81130	   2.39349	  -0.57932	  -0.86898	  -3.81130	  -0.86898	  -2.62217
B         	   3.35334	  -6.49011	  -1.36782	   0.15245	  -0.07623	   0.06098	  -0.07623	   0.06098	   0.21343	  -0.04574	  -0.07623	  -0.04574	  -0.15245
B         	   3.31917	  -2.17426	  -1.40814	  -0.88422	   0.24392	  -0.50309	  -0.64030	  -0.50309	   0.09147	   0.33539	  -0.64030	   0.33539	  -0.33539
B         	   3.30272	   2.12932	  -1.42036	  -0.67079	   0.22868	   0.30490	  -0.44211	   0.30490	   0.03049	  -0.16770	  -0.44211	  -0.16770	  -0.25917
B         	   5.60428	  -6.49521	  -2.34081	   0.00000	   0.03049	   0.00000	  -0.04574	   0.00000	   0.03049	  -0.00000	  -0.04574	  -0.00000	  -0.06098
B         	   5.59837	  -2.18062	  -2.34081	  -0.06098	   0.13721	  -0.09147	  -0.12196	  -0.09147	  -0.04574	   0.03049	  -0.12196	   0.03049	  -0.10672
B         	   5.59213	   2.12865	  -2.34081	   0.03049	   0.12196	   0.07623	  -0.10672	   0.07623	  -0.04574	  -0.03049	  -0.10672	  -0.03049	  -0.07623
B         	   8.07535	   6.44308	  -2.34181	   0.00000	   0.04574	   0.00000	  -0.01525	   0.00000	  -0.00000	  -0.00000	  -0.01525	  -0.00000	  -0.04574
B         	   8.07267	  -2.18370	  -2.34181	   0.00000	   0.09147	  -0.01525	  -0.03049	  -0.01525	  -0.04574	   0.00000	  -0.03049	   0.00000	  -0.04574
B         	   8.07075	   2.12793	  -2.34181	   0.00000	   0.09147	   0.01525	  -0.03049	   0.01525	  -0.04574	  -0.00000	  -0.03049	  -0.00000	  -0.04574
N         	  -9.31095	  -2.90512	  -2.34181	   0.00000	   0.07623	   0.01525	   0.01525	   0.01525	  -0.03049	   0.00000	   0.01525	   0.00000	  -0.04574
N         	  -9.30978	   1.40795	  -2.34181	   0.00000	   0.09147	  -0.00000	   0.01525	  -0.00000	  -0.04574	  -0.00000	   0.01525	  -0.00000	  -0.04574
N         	  -9.31167	   5.72105	  -2.34181	   0.00000	   0.06098	  -0.00000	   0.00000	  -0.00000	  -0.01525	  -0.00000	   0.00000	  -0.00000	  -0.04574
N         	  -6.84220	  -2.90360	  -2.34178	   0.04574	   0.09147	   0.04574	   0.06098	   0.04574	  -0.03049	   0.01525	   0.06098	   0.01525	  -0.06098
N         	  -6.83723	   1.40916	  -2.34178	   0.01525	   0.12196	  -0.03049	   0.06098	  -0.03049	  -0.06098	  -0.01525	   0.06098	  -0.01525	  -0.06098
N         	  -6.84407	   5.72232	  -2.34178	   0.00000	   0.04574	  -0.01525	   0.03049	  -0.01525	   0.00000	  -0.00000	   0.03049	  -0.00000	  -0.04574
N         	  -4.39944	  -2.90099	  -2.04168	   0.60981	   0.24392	   0.28966	   0.16770	   0.28966	  -0.03049	   0.09147	   0.16770	   0.09147	  -0.21343
N         	  -4.38368	   1.41467	  -2.05872	   0.25917	   0.25917	  -0.06098	   0.24392	  -0.06098	  -0.18294	  -0.09147	   0.24392	  -0.09147	  -0.07623
N         	  -4.40522	   5.72690	  -2.02971	   0.01525	  -0.01525	  -0.01525	   0.06098	  -0.01525	   0.10672	  -0.03049	   0.06098	  -0.03049	  -0.09147
N         	  -2.32020	  -2.90149	  -0.69945	  20.82492	  -0.09147	   4.05522	   2.34776	   4.05522	   1.67697	   2.92708	   2.34776	   2.92708	  -1.58550
N         	  -2.25348	   1.41940	  -0.77713	   5.22910	   1.92089	   1.53976	   1.23486	   1.53976	   0.83849	   0.99094	   1.23486	   0.99094	  -2.75938
N         	  -2.33458	   5.73187	  -0.67642	   1.57025	  -0.25917	  -0.30490	   0.09147	  -0.30490	   0.67079	  -0.12196	   0.09147	  -0.12196	  -0.41162
N         	  -0.00000	  -2.92285	   0.15480	  -3.18624	   3.12526	   0.00000	   0.00000	   0.00000	  -0.24392	  -0.22868	   0.00000	  -0.22868	  -2.88134
N         	  -0.00000	   5.73813	   0.12534	   0.33539	  -0.36588	   0.00000	  -0.00000	   0.00000	   0.76226	   0.13721	  -0.00000	   0.13721	  -0.39637
N         	   2.32019	  -2.90149	  -0.69945	  20.82492	  -0.09147	  -4.05522	  -2.34776	  -4.05522	   1.67697	   2.92708	  -2.34776	   2.92708	  -1.58550
N         	   2.25348	   1.41940	  -0.77713	   5.22910	   1.92089	  -1.53976	  -1.23486	  -1.53976	   0.83849	   0.99094	  -1.23486	   0.99094	  -2.75938
N         	   2.33458	   5.73187	  -0.67642	   1.57025	  -0.25917	   0.30490	  -0.09147	   0.30490	   0.67079	  -0.12196	  -0.09147	  -0.12196	  -0.41162
N         	   4.39944	  -2.90099	  -2.04168	   0.60981	   0.24392	  -0.28966	  -0.16770	  -0.28966	  -0.03049	   0.09147	  -0.16770	   0.09147	  -0.21343
N         	   4.38368	   1.41467	  -2.05872	   0.25917	   0.25917	   0.06098	  -0.24392	   0.06098	  -0.18294	  -0.09147	  -0.24392	  -0.09147	  -0.07623
N         	   4.40522	   5.72690	  -2.02971	   0.01525	  -0.01525	   0.01525	  -0.06098	   0.01525	   0.10672	  -0.03049	  -0.06098	  -0.03049	  -0.09147
N         	   6.84220	  -2.90360	  -2.34178	   0.04574	   0.09147	  -0.04574	  -0.06098	  -0.04574	  -0.03049	   0.01525	  -0.06098	   0.01525	  -0.06098
N         	   6.83723	   1.40916	  -2.34178	   0.01525	   0.12196	   0.03049	  -0.06098	   0.03049	  -0.06098	  -0.01525	  -0.06098	  -0.01525	  -0.06098
N         	   6.84406	   5.72232	  -2.34178	   0.00000	   0.04574	   0.01525	  -0.03049	   0.01525	   0.00000	  -0.00000	  -0.03049	  -0.00000	  -0.04574
N         	   9.31094	  -2.90512	  -2.34181	   0.00000	   0.07623	  -0.01525	  -0.01525	  -0.01525	  -0.03049	   0.00000	  -0.01525	   0.00000	  -0.04574
N         	   9.30977	   1.40795	  -2.34181	   0.00000	   0.09147	   0.00000	  -0.01525	   0.00000	  -0.04574	  -0.00000	  -0.01525	  -0.00000	  -0.04574
N         	   9.31167	   5.72105	  -2.34181	   0.00000	   0.06098	   0.00000	  -0.00000	   0.00000	  -0.01525	  -0.00000	  -0.00000	  -0.00000	  -0.04574
N         	 -10.54557	  -5.06280	  -2.34181	   0.00000	   0.06098	  -0.00000	  -0.00000	  -0.00000	  -0.01525	   0.00000	  -0.00000	   0.00000	  -0.04574
N         	 -10.54557	  -0.74851	  -2.34181	   0.00000	   0.09147	   0.00000	  -0.00000	   0.00000	  -0.04574	   0.00000	  -0.00000	   0.00000	  -0.04574
N         	 -10.54557	   3.56418	  -2.34181	   0.00000	   0.06098	   0.00000	  -0.00000	   0.00000	  -0.03049	  -0.00000	  -0.00000	  -0.00000	  -0.04574
N         	  -8.07802	  -5.06236	  -2.34181	   0.00000	   0.06098	   0.01525	   0.01525	   0.01525	  -0.01525	   0.00000	   0.01525	   0.00000	  -0.04574
N         	  -8.07373	  -0.74767	  -2.34181	   0.07623	   0.12196	   0.01525	   0.03049	   0.01525	  -0.06098	   0.00000	   0.03049	   0.00000	  -0.06098
N         	  -8.07574	   3.56438	  -2.34181	   0.00000	   0.07623	  -0.01525	   0.01525	  -0.01525	  -0.03049	  -0.00000	   0.01525	  -0.00000	  -0.04574
N         	  -5.60946	  -5.06013	  -2.34081	   0.01525	   0.03049	   0.04574	   0.04574	   0.04574	   0.03049	   0.03049	   0.04574	   0.03049	  -0.06098
N         	  -5.59840	  -0.74494	  -2.34081	   1.05192	   0.50309	   0.12196	   0.12196	   0.12196	  -0.25917	   0.01525	   0.12196	   0.01525	  -0.24392
N         	  -5.60495	   3.56678	  -2.34081	   0.00000	   0.06098	  -0.06098	   0.07623	  -0.06098	  -0.01525	  -0.03049	   0.07623	  -0.03049	  -0.04574
N         	  -3.35004	  -5.05640	  -1.37007	   0.97569	  -0.10672	   0.30490	   0.13721	   0.30490	   0.39637	   0.16770	   0.13721	   0.16770	  -0.28966
N         	  -3.29066	  -0.74122	  -1.45440	  21.41949	   1.95138	   1.76844	   4.93944	   1.76844	  -2.91183	   1.60074	   4.93944	   1.60074	   0.96045
N         	  -3.33319	   3.57150	  -1.39012	  -0.07623	   0.04574	  -0.30490	   0.16770	  -0.30490	   0.13721	  -0.04574	   0.16770	  -0.04574	  -0.19819
N         	  -1.23437	  -5.05806	  -0.09495	   0.13721	  -0.10672	   0.15245	   0.06098	   0.15245	   0.48785	   0.00000	   0.06098	   0.00000	  -0.39637
N         	  -1.23303	   3.58788	  -0.08942	  33.56990	  -3.68934	  -3.09477	   0.82324	  -3.09477	   7.34818	  -3.46066	   0.82324	  -3.46066	  -3.65884
N         	   1.23437	  -5.05806	  -0.09495	   0.13721	  -0.10672	  -0.15245	  -0.06098	  -0.15245	   0.48785	   0.00000	  -0.06098	   0.00000	  -0.39637
N         	   1.23303	   3.58788	  -0.08942	  33.56990	  -3.68934	   3.09477	  -0.82324	   3.09477	   7.34818	  -3.46066	  -0.82324	  -3.46066	  -3.65884
N         	   3.35004	  -5.05640	  -1.37007	   0.97569	  -0.10672	  -0.30490	  -0.13721	  -0.30490	   0.39637	   0.16770	  -0.13721	   0.16770	  -0.28966
N         	   3.29066	  -0.74122	  -1.45440	  21.41949	   1.95138	  -1.76844	  -4.93944	  -1.76844	  -2.91183	   1.60074	  -4.93944	   1.60074	   0.96045
N         	   3.33319	   3.57150	  -1.39012	  -0.07623	   0.04574	   0.30490	  -0.16770	   0.30490	   0.13721	  -0.04574	  -0.16770	  -0.04574	  -0.19819
N         	   5.60946	  -5.06013	  -2.34081	   0.01525	   0.03049	  -0.04574	  -0.04574	  -0.04574	   0.03049	   0.03049	  -0.04574	   0.03049	  -0.06098
N         	   5.59840	  -0.74494	  -2.34081	   1.05192	   0.50309	  -0.12196	  -0.12196	  -0.12196	  -0.25917	   0.01525	  -0.12196	   0.01525	  -0.24392
N         	   5.60495	   3.56678	  -2.34081	   0.00000	   0.06098	   0.06098	  -0.07623	   0.06098	  -0.01525	  -0.03049	  -0.07623	  -0.03049	  -0.04574
N         	   8.07802	  -5.06236	  -2.34181	   0.00000	   0.06098	  -0.01525	  -0.01525	  -0.01525	  -0.01525	   0.00000	  -0.01525	   0.00000	  -0.04574
N         	   8.07373	  -0.74767	  -2.34181	   0.07623	   0.12196	  -0.01525	  -0.03049	  -0.01525	  -0.06098	   0.00000	  -0.03049	   0.00000	  -0.06098
N         	   8.07574	   3.56438	  -2.34181	   0.00000	   0.07623	   0.01525	  -0.01525	   0.01525	  -0.03049	  -0.00000	  -0.01525	  -0.00000	  -0.04574
N         	   1.20098	  -0.77240	  -0.17486	 317.03889	  77.65898	 -75.67710	 -37.60987	 -75.67710	 -27.47183	  22.82204	 -37.60987	  22.82204	 -50.18715
N         	  -1.20098	  -0.77240	  -0.17486	 317.03889	  77.64373	  75.67710	  37.60987	  75.67710	 -27.47183	  22.82204	  37.60987	  22.82204	 -50.18715
N         	  -0.00000	   1.54481	   0.34971	 211.31353	 -95.28241	  -0.00000	  -0.00000	  -0.00000	 165.56272	  67.65814	  -0.00000	  67.65814	 -70.28031
