--------------------------------------------------------------------------------------------------------------------------------------------------------------------------
  AtomName	    r_1i_X	    r_1i_Y	    r_1i_Z	     EFGxx	     EFGxy	     EFGxz	     EFGyx	     EFGyy	     EFGyz	     EFGzx	     EFGzy	     EFGzz	[Hatree/Bohr_radius^2]
--------------------------------------------------------------------------------------------------------------------------------------------------------------------------
10B  eQ___:	  8.459000	[Q/milibarn]*(10^-1)
11B  eQ___:	  4.059000	[Q/milibarn]*(10^-1)
14N  eQ___:	  2.044000	[Q/milibarn]*(10^-1)
15N  eQ___:	  0.000000	[Q/milibarn]*(10^-1)
10B  etc____:	---       	---       	---       	  -0.18114	   0.00000	  -0.00000	   0.00000	  -0.17505	   0.00031	  -0.00000	   0.00031	   0.35619
11B  etc____:	---       	---       	---       	  -0.18114	   0.00000	  -0.00000	   0.00000	  -0.17505	   0.00031	  -0.00000	   0.00031	   0.35619
14N  etc____:	---       	---       	---       	  -0.03764	  -0.00000	  -0.00000	  -0.00000	   0.00523	  -0.00009	  -0.00000	  -0.00009	   0.03242
15N  etc____:	---       	---       	---       	  -0.03764	  -0.00000	  -0.00000	  -0.00000	   0.00523	  -0.00009	  -0.00000	  -0.00009	   0.03242
MinDif[A]:	 -10.63454	  -6.54890	  -2.39013
MaxDif[A]:	   9.39085	   6.51081	   0.29897
--------------------------------------------------------------------------------------------------------------------------------------------------------------------------
B         	  -9.38943	  -4.37422	  -2.39013	  -0.18008	   0.00272	   0.00039	   0.00272	  -0.17606	  -0.00002	   0.00039	  -0.00002	   0.35614
B         	  -9.38730	  -0.02075	  -2.39013	  -0.18079	   0.00321	   0.00039	   0.00321	  -0.17519	  -0.00002	   0.00039	  -0.00002	   0.35599
B         	  -9.38872	   4.33282	  -2.39013	  -0.18092	   0.00263	   0.00040	   0.00263	  -0.17524	  -0.00003	   0.00040	  -0.00003	   0.35617
B         	  -6.90004	  -4.37229	  -2.39010	  -0.17748	   0.00666	   0.00415	   0.00666	  -0.17758	  -0.00099	   0.00415	  -0.00099	   0.35505
B         	  -6.89159	  -0.02016	  -2.39010	  -0.17993	   0.00951	   0.00357	   0.00951	  -0.17512	  -0.00066	   0.00357	  -0.00066	   0.35504
B         	  -6.89746	   4.33329	  -2.39010	  -0.18039	   0.00689	   0.00387	   0.00689	  -0.17499	  -0.00077	   0.00387	  -0.00077	   0.35536
B         	  -4.46900	  -4.36443	  -2.00158	  -0.08785	  -0.00402	  -0.19314	  -0.00402	  -0.18340	   0.04521	  -0.19314	   0.04521	   0.27126
B         	  -4.44091	  -0.01520	  -2.02166	  -0.10565	   0.01030	  -0.18330	   0.01030	  -0.17453	   0.04312	  -0.18330	   0.04312	   0.28018
B         	  -4.46557	   4.33938	  -1.99734	  -0.09703	  -0.00119	  -0.19563	  -0.00119	  -0.17559	   0.04183	  -0.19563	   0.04183	   0.27264
B         	  -2.32980	  -4.36099	  -0.73840	  -0.01951	   0.01281	  -0.22936	   0.01281	  -0.19268	  -0.00358	  -0.22936	  -0.00358	   0.21219
B         	  -2.24345	  -0.01538	  -0.79023	  -0.01871	   0.05519	  -0.22439	   0.05519	  -0.17149	   0.02889	  -0.22439	   0.02889	   0.19020
B         	  -2.32682	   4.34335	  -0.73692	  -0.03342	   0.01789	  -0.24150	   0.01789	  -0.16835	  -0.00822	  -0.24150	  -0.00822	   0.20177
B         	  -0.00000	  -4.36320	   0.02941	  -0.14873	  -0.00000	   0.00000	  -0.00000	  -0.20755	  -0.05414	   0.00000	  -0.05414	   0.35629
B         	  -0.00000	   4.35332	   0.01956	  -0.18320	  -0.00000	   0.00000	  -0.00000	  -0.17598	  -0.04182	   0.00000	  -0.04182	   0.35918
B         	   2.32980	  -4.36099	  -0.73840	  -0.01951	  -0.01282	   0.22936	  -0.01282	  -0.19268	  -0.00358	   0.22936	  -0.00358	   0.21219
B         	   2.24345	  -0.01538	  -0.79023	  -0.01871	  -0.05519	   0.22439	  -0.05519	  -0.17149	   0.02889	   0.22439	   0.02889	   0.19020
B         	   2.32682	   4.34335	  -0.73692	  -0.03342	  -0.01789	   0.24150	  -0.01789	  -0.16835	  -0.00822	   0.24150	  -0.00822	   0.20177
B         	   4.46900	  -4.36443	  -2.00158	  -0.08785	   0.00402	   0.19314	   0.00402	  -0.18340	   0.04521	   0.19314	   0.04521	   0.27126
B         	   4.44091	  -0.01520	  -2.02166	  -0.10565	  -0.01030	   0.18330	  -0.01030	  -0.17453	   0.04312	   0.18330	   0.04312	   0.28018
B         	   4.46557	   4.33938	  -1.99734	  -0.09703	   0.00119	   0.19563	   0.00119	  -0.17559	   0.04183	   0.19563	   0.04183	   0.27264
B         	   6.90004	  -4.37229	  -2.39010	  -0.17748	  -0.00666	  -0.00415	  -0.00666	  -0.17758	  -0.00099	  -0.00415	  -0.00099	   0.35505
B         	   6.89159	  -0.02016	  -2.39010	  -0.17993	  -0.00951	  -0.00357	  -0.00951	  -0.17512	  -0.00066	  -0.00357	  -0.00066	   0.35504
B         	   6.89745	   4.33329	  -2.39010	  -0.18039	  -0.00689	  -0.00387	  -0.00689	  -0.17499	  -0.00077	  -0.00387	  -0.00077	   0.35536
B         	   9.38943	  -4.37422	  -2.39013	  -0.18008	  -0.00272	  -0.00039	  -0.00272	  -0.17606	  -0.00002	  -0.00039	  -0.00002	   0.35614
B         	   9.38730	  -0.02075	  -2.39013	  -0.18079	  -0.00321	  -0.00039	  -0.00321	  -0.17519	  -0.00002	  -0.00039	  -0.00002	   0.35599
B         	   9.38872	   4.33282	  -2.39013	  -0.18092	  -0.00263	  -0.00040	  -0.00263	  -0.17524	  -0.00003	  -0.00040	  -0.00003	   0.35617
B         	 -10.63454	   6.50998	  -2.39013	  -0.18114	   0.00000	  -0.00000	   0.00000	  -0.17505	   0.00031	  -0.00000	   0.00031	   0.35619
B         	 -10.63454	  -2.19751	  -2.39013	  -0.18079	   0.00000	   0.00000	   0.00000	  -0.17543	   0.00030	   0.00000	   0.00030	   0.35622
B         	 -10.63454	   2.15546	  -2.39013	  -0.18119	   0.00000	  -0.00000	   0.00000	  -0.17479	   0.00030	  -0.00000	   0.00030	   0.35598
B         	  -8.14463	   6.51081	  -2.39013	  -0.18059	   0.00523	   0.00292	   0.00523	  -0.17484	  -0.00244	   0.00292	  -0.00244	   0.35544
B         	  -8.14214	  -2.19595	  -2.39013	  -0.17973	   0.00647	   0.00274	   0.00647	  -0.17562	  -0.00233	   0.00274	  -0.00233	   0.35536
B         	  -8.13936	   2.15549	  -2.39013	  -0.18125	   0.00667	   0.00274	   0.00667	  -0.17388	  -0.00233	   0.00274	  -0.00233	   0.35514
B         	  -5.65502	  -6.54890	  -2.38913	  -0.16775	   0.00166	  -0.06683	   0.00166	  -0.17928	   0.03358	  -0.06683	   0.03358	   0.34703
B         	  -5.64756	  -2.19287	  -2.38913	  -0.16673	   0.00630	  -0.06394	   0.00630	  -0.17971	   0.03312	  -0.06394	   0.03312	   0.34644
B         	  -5.64169	   2.15693	  -2.38913	  -0.17242	   0.00736	  -0.06380	   0.00736	  -0.17445	   0.03217	  -0.06380	   0.03217	   0.34687
B         	  -3.38275	  -6.54305	  -1.41348	  -0.01353	   0.00684	  -0.24308	   0.00684	  -0.17856	   0.00905	  -0.24308	   0.00905	   0.19210
B         	  -3.35203	  -2.18645	  -1.44432	  -0.00980	   0.00822	  -0.23484	   0.00822	  -0.18300	   0.02764	  -0.23484	   0.02764	   0.19279
B         	  -3.34037	   2.15834	  -1.44464	  -0.03514	   0.02420	  -0.23983	   0.02420	  -0.16396	   0.00686	  -0.23983	   0.00686	   0.19911
B         	  -1.21804	  -6.53675	  -0.20096	  -0.11284	   0.01483	  -0.16384	   0.01483	  -0.18765	  -0.03664	  -0.16384	  -0.03664	   0.30049
B         	  -1.19683	  -2.17581	  -0.17871	  -0.06062	   0.04197	  -0.15205	   0.04197	  -0.22280	  -0.01632	  -0.15205	  -0.01632	   0.28342
B         	  -1.19052	   2.15899	  -0.16888	  -0.12660	   0.02644	  -0.20902	   0.02644	  -0.12872	  -0.03040	  -0.20902	  -0.03040	   0.25531
B         	   1.21804	  -6.53675	  -0.20096	  -0.11284	  -0.01483	   0.16384	  -0.01483	  -0.18765	  -0.03664	   0.16384	  -0.03664	   0.30049
B         	   1.19683	  -2.17581	  -0.17871	  -0.06062	  -0.04197	   0.15205	  -0.04197	  -0.22280	  -0.01632	   0.15205	  -0.01632	   0.28342
B         	   1.19052	   2.15899	  -0.16888	  -0.12660	  -0.02644	   0.20902	  -0.02644	  -0.12872	  -0.03040	   0.20902	  -0.03040	   0.25531
B         	   3.38275	  -6.54305	  -1.41348	  -0.01353	  -0.00683	   0.24308	  -0.00683	  -0.17856	   0.00905	   0.24308	   0.00905	   0.19210
B         	   3.35203	  -2.18645	  -1.44432	  -0.00980	  -0.00822	   0.23484	  -0.00822	  -0.18299	   0.02764	   0.23484	   0.02764	   0.19279
B         	   3.34037	   2.15834	  -1.44464	  -0.03514	  -0.02420	   0.23983	  -0.02420	  -0.16396	   0.00686	   0.23983	   0.00686	   0.19911
B         	   5.65502	  -6.54890	  -2.38913	  -0.16775	  -0.00166	   0.06683	  -0.00166	  -0.17928	   0.03358	   0.06683	   0.03358	   0.34703
B         	   5.64756	  -2.19287	  -2.38913	  -0.16673	  -0.00629	   0.06394	  -0.00629	  -0.17971	   0.03312	   0.06394	   0.03312	   0.34644
B         	   5.64169	   2.15693	  -2.38913	  -0.17242	  -0.00736	   0.06380	  -0.00736	  -0.17445	   0.03217	   0.06380	   0.03217	   0.34687
B         	   8.14463	   6.51081	  -2.39013	  -0.18059	  -0.00523	  -0.00292	  -0.00523	  -0.17484	  -0.00244	  -0.00292	  -0.00244	   0.35544
B         	   8.14214	  -2.19595	  -2.39013	  -0.17973	  -0.00647	  -0.00274	  -0.00647	  -0.17562	  -0.00233	  -0.00274	  -0.00233	   0.35536
B         	   8.13935	   2.15549	  -2.39013	  -0.18125	  -0.00667	  -0.00274	  -0.00667	  -0.17388	  -0.00233	  -0.00274	  -0.00233	   0.35514
N         	  -9.39004	  -2.92512	  -2.39013	  -0.03474	   0.00013	   0.00311	   0.00013	   0.00373	   0.00043	   0.00311	   0.00043	   0.03101
N         	  -9.38879	   1.42846	  -2.39013	  -0.03067	  -0.00120	   0.00309	  -0.00120	  -0.00045	   0.00046	   0.00309	   0.00046	   0.03112
N         	  -9.39085	   5.78201	  -2.39013	  -0.03664	  -0.00120	   0.00330	  -0.00120	   0.00319	   0.00045	   0.00330	   0.00045	   0.03345
N         	  -6.90154	  -2.92296	  -2.39010	  -0.03207	   0.00171	  -0.05485	   0.00171	   0.00571	  -0.01416	  -0.05485	  -0.01416	   0.02635
N         	  -6.89673	   1.42995	  -2.39010	  -0.02574	  -0.00212	  -0.05483	  -0.00212	  -0.00069	  -0.01422	  -0.05483	  -0.01422	   0.02644
N         	  -6.90406	   5.78364	  -2.39010	  -0.03395	  -0.00136	  -0.05814	  -0.00136	   0.00522	  -0.01445	  -0.05814	  -0.01445	   0.02873
N         	  -4.43995	  -2.92047	  -2.08376	  -0.04750	  -0.02058	   0.02314	  -0.02058	   0.00800	   0.03300	   0.02314	   0.03300	   0.03950
N         	  -4.42757	   1.43568	  -2.09189	  -0.04084	  -0.02109	   0.03699	  -0.02109	   0.00032	   0.02638	   0.03699	   0.02638	   0.04053
N         	  -4.44735	   5.78855	  -2.07241	  -0.05279	  -0.02277	   0.02760	  -0.02277	   0.00811	   0.02882	   0.02760	   0.02882	   0.04468
N         	  -2.34057	  -2.92230	  -0.73695	  -0.04784	   0.02252	   0.01032	   0.02252	   0.00695	  -0.01024	   0.01032	  -0.01024	   0.04090
N         	  -2.29189	   1.44178	  -0.78351	  -0.01602	   0.01275	   0.01516	   0.01275	  -0.00198	   0.00141	   0.01516	   0.00141	   0.01799
N         	  -2.35320	   5.79500	  -0.72044	  -0.04204	   0.01325	   0.00269	   0.01325	   0.00151	  -0.02669	   0.00269	  -0.02669	   0.04053
N         	  -0.00000	  -2.94021	   0.12735	   0.01294	   0.00000	   0.00000	   0.00000	   0.00077	  -0.08703	   0.00000	  -0.08703	  -0.01370
N         	  -0.00000	   5.80088	   0.08127	  -0.00340	   0.00000	   0.00000	   0.00000	   0.00221	  -0.08644	   0.00000	  -0.08644	   0.00117
N         	   2.34057	  -2.92230	  -0.73695	  -0.04784	  -0.02252	  -0.01032	  -0.02252	   0.00695	  -0.01024	  -0.01032	  -0.01024	   0.04090
N         	   2.29189	   1.44178	  -0.78351	  -0.01601	  -0.01275	  -0.01516	  -0.01275	  -0.00198	   0.00141	  -0.01516	   0.00141	   0.01799
N         	   2.35319	   5.79500	  -0.72044	  -0.04204	  -0.01325	  -0.00269	  -0.01325	   0.00151	  -0.02669	  -0.00269	  -0.02669	   0.04053
N         	   4.43994	  -2.92047	  -2.08376	  -0.04749	   0.02058	  -0.02314	   0.02058	   0.00800	   0.03300	  -0.02314	   0.03300	   0.03950
N         	   4.42757	   1.43568	  -2.09189	  -0.04084	   0.02109	  -0.03699	   0.02109	   0.00032	   0.02637	  -0.03699	   0.02637	   0.04053
N         	   4.44735	   5.78855	  -2.07241	  -0.05279	   0.02277	  -0.02760	   0.02277	   0.00811	   0.02882	  -0.02760	   0.02882	   0.04468
N         	   6.90154	  -2.92296	  -2.39010	  -0.03207	  -0.00171	   0.05485	  -0.00171	   0.00571	  -0.01416	   0.05485	  -0.01416	   0.02635
N         	   6.89673	   1.42995	  -2.39010	  -0.02574	   0.00212	   0.05483	   0.00212	  -0.00069	  -0.01422	   0.05483	  -0.01422	   0.02644
N         	   6.90406	   5.78364	  -2.39010	  -0.03396	   0.00136	   0.05814	   0.00136	   0.00522	  -0.01445	   0.05814	  -0.01445	   0.02873
N         	   9.39004	  -2.92512	  -2.39013	  -0.03474	  -0.00013	  -0.00311	  -0.00013	   0.00373	   0.00043	  -0.00311	   0.00043	   0.03101
N         	   9.38879	   1.42846	  -2.39013	  -0.03067	   0.00120	  -0.00309	   0.00120	  -0.00045	   0.00046	  -0.00309	   0.00046	   0.03112
N         	   9.39085	   5.78201	  -2.39013	  -0.03664	   0.00120	  -0.00330	   0.00120	   0.00319	   0.00045	  -0.00330	   0.00045	   0.03345
N         	 -10.63454	  -5.10360	  -2.39013	  -0.03764	  -0.00000	  -0.00000	  -0.00000	   0.00523	  -0.00009	  -0.00000	  -0.00009	   0.03242
N         	 -10.63454	  -0.74827	  -2.39013	  -0.03163	  -0.00000	   0.00000	  -0.00000	   0.00099	  -0.00010	   0.00000	  -0.00010	   0.03065
N         	 -10.63454	   3.60498	  -2.39013	  -0.03480	  -0.00000	  -0.00000	  -0.00000	   0.00146	  -0.00008	  -0.00000	  -0.00008	   0.03334
N         	  -8.14733	  -5.10290	  -2.39013	  -0.03742	  -0.00082	  -0.00023	  -0.00082	   0.00500	   0.00012	  -0.00023	   0.00012	   0.03241
N         	  -8.14319	  -0.74709	  -2.39013	  -0.03003	  -0.00059	  -0.00062	  -0.00059	  -0.00046	   0.00012	  -0.00062	   0.00012	   0.03048
N         	  -8.14538	   3.60532	  -2.39013	  -0.03377	  -0.00369	  -0.00042	  -0.00369	   0.00098	   0.00020	  -0.00042	   0.00020	   0.03279
N         	  -5.65947	  -5.10034	  -2.38913	  -0.02705	  -0.01265	  -0.02893	  -0.01265	   0.00788	   0.09301	  -0.02893	   0.09301	   0.01917
N         	  -5.64875	  -0.74446	  -2.38913	  -0.01794	  -0.01028	  -0.02259	  -0.01028	   0.00052	   0.08663	  -0.02259	   0.08663	   0.01740
N         	  -5.65489	   3.60802	  -2.38913	  -0.02250	  -0.01696	  -0.02650	  -0.01696	   0.00348	   0.08861	  -0.02650	   0.08861	   0.01903
N         	  -3.37855	  -5.09586	  -1.41832	  -0.05519	  -0.01403	  -0.00738	  -0.01403	   0.00866	   0.02042	  -0.00738	   0.02042	   0.04652
N         	  -3.33071	  -0.74034	  -1.48181	  -0.03310	  -0.00545	   0.01534	  -0.00545	  -0.00594	   0.02570	   0.01534	   0.02570	   0.03903
N         	  -3.36736	   3.61373	  -1.42613	  -0.05616	  -0.02383	  -0.00043	  -0.02383	   0.00508	   0.02408	  -0.00043	   0.02408	   0.05107
N         	  -1.24256	  -5.09706	  -0.13866	  -0.02415	   0.01972	   0.01250	   0.01972	   0.00612	  -0.06367	   0.01250	  -0.06367	   0.01803
N         	  -1.24222	   3.63137	  -0.12836	  -0.02378	   0.01878	   0.00770	   0.01878	   0.03467	  -0.08005	   0.00770	  -0.08005	  -0.01088
N         	   1.24256	  -5.09706	  -0.13866	  -0.02415	  -0.01972	  -0.01250	  -0.01972	   0.00612	  -0.06366	  -0.01250	  -0.06366	   0.01803
N         	   1.24222	   3.63137	  -0.12836	  -0.02378	  -0.01879	  -0.00769	  -0.01879	   0.03467	  -0.08005	  -0.00769	  -0.08005	  -0.01088
N         	   3.37855	  -5.09586	  -1.41832	  -0.05519	   0.01403	   0.00738	   0.01403	   0.00866	   0.02043	   0.00738	   0.02043	   0.04652
N         	   3.33071	  -0.74034	  -1.48181	  -0.03310	   0.00545	  -0.01534	   0.00545	  -0.00594	   0.02570	  -0.01534	   0.02570	   0.03903
N         	   3.36736	   3.61373	  -1.42613	  -0.05616	   0.02383	   0.00043	   0.02383	   0.00508	   0.02408	   0.00043	   0.02408	   0.05107
N         	   5.65947	  -5.10034	  -2.38913	  -0.02705	   0.01265	   0.02893	   0.01265	   0.00788	   0.09301	   0.02893	   0.09301	   0.01917
N         	   5.64875	  -0.74446	  -2.38913	  -0.01794	   0.01028	   0.02259	   0.01028	   0.00052	   0.08663	   0.02259	   0.08663	   0.01740
N         	   5.65489	   3.60802	  -2.38913	  -0.02251	   0.01696	   0.02650	   0.01696	   0.00348	   0.08861	   0.02650	   0.08861	   0.01903
N         	   8.14733	  -5.10290	  -2.39013	  -0.03742	   0.00081	   0.00023	   0.00081	   0.00500	   0.00012	   0.00023	   0.00012	   0.03242
N         	   8.14319	  -0.74709	  -2.39013	  -0.03003	   0.00059	   0.00062	   0.00059	  -0.00046	   0.00012	   0.00062	   0.00012	   0.03048
N         	   8.14538	   3.60532	  -2.39013	  -0.03377	   0.00369	   0.00042	   0.00369	   0.00099	   0.00020	   0.00042	   0.00020	   0.03279
N         	   1.26507	  -0.77945	  -0.14948	   0.25381	  -0.22972	  -0.00801	  -0.22972	  -0.10485	  -0.01434	  -0.00801	  -0.01434	  -0.14896
N         	  -1.26507	  -0.77945	  -0.14948	   0.25381	   0.22972	   0.00801	   0.22972	  -0.10485	  -0.01434	   0.00801	  -0.01434	  -0.14896
N         	  -0.00000	   1.55889	   0.29897	  -0.24201	  -0.00000	  -0.00000	  -0.00000	   0.41564	   0.23875	  -0.00000	   0.23875	  -0.17363
