--------------------------------------------------------------------------------------------------------------------------------------------------------------------------
  AtomName	    r_1i_X	    r_1i_Y	    r_1i_Z	     EFGxx	     EFGxy	     EFGxz	     EFGyx	     EFGyy	     EFGyz	     EFGzx	     EFGzy	     EFGzz	[Hatree/Bohr_radius^2]
--------------------------------------------------------------------------------------------------------------------------------------------------------------------------
10B  eQ___:	  8.459000	[Q/milibarn]*(10^-1)
11B  eQ___:	  4.059000	[Q/milibarn]*(10^-1)
14N  eQ___:	  2.044000	[Q/milibarn]*(10^-1)
15N  eQ___:	  0.000000	[Q/milibarn]*(10^-1)
10B  etc____:	---       	---       	---       	  -0.19757	   0.00000	   0.00000	   0.00000	  -0.19364	   0.00030	   0.00000	   0.00030	   0.39123
11B  etc____:	---       	---       	---       	  -0.19757	   0.00000	   0.00000	   0.00000	  -0.19364	   0.00030	   0.00000	   0.00030	   0.39123
14N  etc____:	---       	---       	---       	  -0.03398	  -0.00000	   0.00000	  -0.00000	   0.00343	  -0.00008	   0.00000	  -0.00008	   0.03055
15N  etc____:	---       	---       	---       	  -0.03398	  -0.00000	   0.00000	  -0.00000	   0.00343	  -0.00008	   0.00000	  -0.00008	   0.03055
MinDif[A]:	 -10.63454	  -6.54890	  -2.39013
MaxDif[A]:	   9.39085	   6.51081	   0.29897
--------------------------------------------------------------------------------------------------------------------------------------------------------------------------
B         	  -9.38943	  -4.37422	  -2.39013	  -0.19708	   0.00284	   0.00039	   0.00284	  -0.19418	  -0.00004	   0.00039	  -0.00004	   0.39126
B         	  -9.38730	  -0.02075	  -2.39013	  -0.19797	   0.00343	   0.00037	   0.00343	  -0.19306	  -0.00004	   0.00037	  -0.00004	   0.39101
B         	  -9.38872	   4.33282	  -2.39013	  -0.19815	   0.00327	   0.00040	   0.00327	  -0.19300	  -0.00004	   0.00040	  -0.00004	   0.39116
B         	  -6.90004	  -4.37229	  -2.39010	  -0.19456	   0.00727	   0.00441	   0.00727	  -0.19561	  -0.00146	   0.00441	  -0.00146	   0.39017
B         	  -6.89159	  -0.02016	  -2.39010	  -0.19763	   0.01041	   0.00374	   0.01041	  -0.19244	  -0.00106	   0.00374	  -0.00106	   0.39006
B         	  -6.89746	   4.33329	  -2.39010	  -0.19756	   0.00735	   0.00398	   0.00735	  -0.19282	  -0.00120	   0.00398	  -0.00120	   0.39038
B         	  -4.46900	  -4.36443	  -2.00158	  -0.09466	  -0.00557	  -0.21317	  -0.00557	  -0.20201	   0.05142	  -0.21317	   0.05142	   0.29666
B         	  -4.44091	  -0.01520	  -2.02166	  -0.12002	   0.01108	  -0.19931	   0.01108	  -0.18975	   0.04878	  -0.19931	   0.04878	   0.30978
B         	  -4.46557	   4.33938	  -1.99734	  -0.10722	  -0.00243	  -0.21372	  -0.00243	  -0.19348	   0.04560	  -0.21372	   0.04560	   0.30070
B         	  -2.32980	  -4.36099	  -0.73840	  -0.01916	   0.01249	  -0.25235	   0.01249	  -0.21344	  -0.00250	  -0.25235	  -0.00250	   0.23260
B         	  -2.24345	  -0.01538	  -0.79023	  -0.03895	   0.06101	  -0.24563	   0.06101	  -0.17899	   0.02469	  -0.24563	   0.02469	   0.21793
B         	  -2.32682	   4.34335	  -0.73692	  -0.03201	   0.01979	  -0.26622	   0.01979	  -0.18740	  -0.01136	  -0.26622	  -0.01136	   0.21941
B         	  -0.00000	  -4.36320	   0.02941	  -0.16294	  -0.00000	   0.00000	  -0.00000	  -0.22931	  -0.05601	   0.00000	  -0.05601	   0.39225
B         	  -0.00000	   4.35332	   0.01956	  -0.19837	  -0.00000	   0.00000	  -0.00000	  -0.19582	  -0.04736	   0.00000	  -0.04736	   0.39419
B         	   2.32980	  -4.36099	  -0.73840	  -0.01917	  -0.01249	   0.25235	  -0.01249	  -0.21344	  -0.00250	   0.25235	  -0.00250	   0.23260
B         	   2.24345	  -0.01538	  -0.79023	  -0.03895	  -0.06101	   0.24563	  -0.06101	  -0.17899	   0.02469	   0.24563	   0.02469	   0.21794
B         	   2.32682	   4.34335	  -0.73692	  -0.03201	  -0.01980	   0.26622	  -0.01980	  -0.18740	  -0.01136	   0.26622	  -0.01136	   0.21941
B         	   4.46900	  -4.36443	  -2.00158	  -0.09466	   0.00557	   0.21317	   0.00557	  -0.20201	   0.05142	   0.21317	   0.05142	   0.29666
B         	   4.44091	  -0.01520	  -2.02166	  -0.12002	  -0.01108	   0.19931	  -0.01108	  -0.18975	   0.04878	   0.19931	   0.04878	   0.30976
B         	   4.46557	   4.33938	  -1.99734	  -0.10722	   0.00243	   0.21372	   0.00243	  -0.19348	   0.04561	   0.21372	   0.04561	   0.30070
B         	   6.90004	  -4.37229	  -2.39010	  -0.19456	  -0.00727	  -0.00441	  -0.00727	  -0.19561	  -0.00146	  -0.00441	  -0.00146	   0.39017
B         	   6.89159	  -0.02016	  -2.39010	  -0.19763	  -0.01041	  -0.00374	  -0.01041	  -0.19244	  -0.00106	  -0.00374	  -0.00106	   0.39006
B         	   6.89745	   4.33329	  -2.39010	  -0.19756	  -0.00735	  -0.00398	  -0.00735	  -0.19282	  -0.00120	  -0.00398	  -0.00120	   0.39038
B         	   9.38943	  -4.37422	  -2.39013	  -0.19708	  -0.00284	  -0.00039	  -0.00284	  -0.19418	  -0.00004	  -0.00039	  -0.00004	   0.39126
B         	   9.38730	  -0.02075	  -2.39013	  -0.19797	  -0.00343	  -0.00037	  -0.00343	  -0.19306	  -0.00004	  -0.00037	  -0.00004	   0.39101
B         	   9.38872	   4.33282	  -2.39013	  -0.19815	  -0.00328	  -0.00040	  -0.00328	  -0.19300	  -0.00004	  -0.00040	  -0.00004	   0.39116
B         	 -10.63454	   6.50998	  -2.39013	  -0.19757	   0.00000	   0.00000	   0.00000	  -0.19364	   0.00030	   0.00000	   0.00030	   0.39123
B         	 -10.63454	  -2.19751	  -2.39013	  -0.19795	   0.00000	   0.00000	   0.00000	  -0.19329	   0.00028	   0.00000	   0.00028	   0.39126
B         	 -10.63454	   2.15546	  -2.39013	  -0.19815	   0.00000	   0.00000	   0.00000	  -0.19291	   0.00027	   0.00000	   0.00027	   0.39106
B         	  -8.14463	   6.51081	  -2.39013	  -0.19728	   0.00520	   0.00292	   0.00520	  -0.19332	  -0.00239	   0.00292	  -0.00239	   0.39060
B         	  -8.14214	  -2.19595	  -2.39013	  -0.19722	   0.00705	   0.00273	   0.00705	  -0.19331	  -0.00226	   0.00273	  -0.00226	   0.39054
B         	  -8.13936	   2.15549	  -2.39013	  -0.19846	   0.00637	   0.00263	   0.00637	  -0.19190	  -0.00219	   0.00263	  -0.00219	   0.39035
B         	  -5.65502	  -6.54890	  -2.38913	  -0.18387	   0.00193	  -0.07241	   0.00193	  -0.19793	   0.03648	  -0.07241	   0.03648	   0.38180
B         	  -5.64756	  -2.19287	  -2.38913	  -0.18374	   0.00664	  -0.06904	   0.00664	  -0.19765	   0.03599	  -0.06904	   0.03599	   0.38139
B         	  -5.64169	   2.15693	  -2.38913	  -0.19048	   0.00753	  -0.06680	   0.00753	  -0.19198	   0.03356	  -0.06680	   0.03356	   0.38246
B         	  -3.38275	  -6.54305	  -1.41348	  -0.01118	   0.00773	  -0.26789	   0.00773	  -0.19770	   0.00853	  -0.26789	   0.00853	   0.20887
B         	  -3.35203	  -2.18645	  -1.44432	  -0.00968	   0.00620	  -0.25985	   0.00620	  -0.20149	   0.03478	  -0.25985	   0.03478	   0.21118
B         	  -3.34037	   2.15834	  -1.44464	  -0.04312	   0.02682	  -0.26218	   0.02682	  -0.18117	   0.00213	  -0.26218	   0.00213	   0.22428
B         	  -1.21804	  -6.53675	  -0.20096	  -0.12218	   0.01595	  -0.18041	   0.01595	  -0.20697	  -0.04091	  -0.18041	  -0.04091	   0.32914
B         	  -1.19683	  -2.17581	  -0.17871	  -0.06622	   0.03104	  -0.16935	   0.03104	  -0.24692	  -0.00205	  -0.16935	  -0.00205	   0.31314
B         	  -1.19052	   2.15899	  -0.16888	  -0.12091	   0.02205	  -0.23587	   0.02205	  -0.15297	  -0.04105	  -0.23587	  -0.04105	   0.27388
B         	   1.21804	  -6.53675	  -0.20096	  -0.12218	  -0.01595	   0.18041	  -0.01595	  -0.20697	  -0.04091	   0.18041	  -0.04091	   0.32914
B         	   1.19683	  -2.17581	  -0.17871	  -0.06622	  -0.03104	   0.16935	  -0.03104	  -0.24692	  -0.00205	   0.16935	  -0.00205	   0.31314
B         	   1.19052	   2.15899	  -0.16888	  -0.12091	  -0.02205	   0.23587	  -0.02205	  -0.15297	  -0.04105	   0.23587	  -0.04105	   0.27388
B         	   3.38275	  -6.54305	  -1.41348	  -0.01118	  -0.00773	   0.26789	  -0.00773	  -0.19770	   0.00853	   0.26789	   0.00853	   0.20887
B         	   3.35203	  -2.18645	  -1.44432	  -0.00968	  -0.00620	   0.25985	  -0.00620	  -0.20149	   0.03478	   0.25985	   0.03478	   0.21118
B         	   3.34037	   2.15834	  -1.44464	  -0.04312	  -0.02682	   0.26218	  -0.02682	  -0.18117	   0.00212	   0.26218	   0.00212	   0.22428
B         	   5.65502	  -6.54890	  -2.38913	  -0.18387	  -0.00193	   0.07241	  -0.00193	  -0.19794	   0.03648	   0.07241	   0.03648	   0.38180
B         	   5.64756	  -2.19287	  -2.38913	  -0.18374	  -0.00663	   0.06904	  -0.00663	  -0.19765	   0.03599	   0.06904	   0.03599	   0.38139
B         	   5.64169	   2.15693	  -2.38913	  -0.19048	  -0.00753	   0.06680	  -0.00753	  -0.19198	   0.03356	   0.06680	   0.03356	   0.38246
B         	   8.14463	   6.51081	  -2.39013	  -0.19729	  -0.00520	  -0.00292	  -0.00520	  -0.19332	  -0.00239	  -0.00292	  -0.00239	   0.39060
B         	   8.14214	  -2.19595	  -2.39013	  -0.19722	  -0.00705	  -0.00273	  -0.00705	  -0.19331	  -0.00226	  -0.00273	  -0.00226	   0.39054
B         	   8.13935	   2.15549	  -2.39013	  -0.19846	  -0.00637	  -0.00263	  -0.00637	  -0.19189	  -0.00219	  -0.00263	  -0.00219	   0.39035
N         	  -9.39004	  -2.92512	  -2.39013	  -0.03106	  -0.00021	   0.00315	  -0.00021	   0.00193	   0.00045	   0.00315	   0.00045	   0.02913
N         	  -9.38879	   1.42846	  -2.39013	  -0.02734	  -0.00152	   0.00303	  -0.00152	  -0.00160	   0.00046	   0.00303	   0.00046	   0.02894
N         	  -9.39085	   5.78201	  -2.39013	  -0.03325	  -0.00189	   0.00337	  -0.00189	   0.00234	   0.00047	   0.00337	   0.00047	   0.03091
N         	  -6.90154	  -2.92296	  -2.39010	  -0.02914	   0.00117	  -0.05645	   0.00117	   0.00477	  -0.01571	  -0.05645	  -0.01571	   0.02437
N         	  -6.89673	   1.42995	  -2.39010	  -0.02143	  -0.00307	  -0.05488	  -0.00307	  -0.00241	  -0.01550	  -0.05488	  -0.01550	   0.02384
N         	  -6.90406	   5.78364	  -2.39010	  -0.02980	  -0.00182	  -0.06028	  -0.00182	   0.00414	  -0.01612	  -0.06028	  -0.01612	   0.02567
N         	  -4.43995	  -2.92047	  -2.08376	  -0.04677	  -0.02304	   0.02523	  -0.02304	   0.00798	   0.03047	   0.02523	   0.03047	   0.03880
N         	  -4.42757	   1.43568	  -2.09189	  -0.03575	  -0.02109	   0.03881	  -0.02109	  -0.00113	   0.02324	   0.03881	   0.02324	   0.03688
N         	  -4.44735	   5.78855	  -2.07241	  -0.05208	  -0.02302	   0.03175	  -0.02302	   0.00748	   0.02716	   0.03175	   0.02716	   0.04461
N         	  -2.34057	  -2.92230	  -0.73695	  -0.04909	   0.01332	   0.00064	   0.01332	   0.00660	  -0.01525	   0.00064	  -0.01525	   0.04249
N         	  -2.29189	   1.44178	  -0.78351	  -0.01543	   0.00585	   0.01839	   0.00585	  -0.01480	   0.00403	   0.01839	   0.00403	   0.03022
N         	  -2.35320	   5.79500	  -0.72044	  -0.04022	   0.01334	   0.00509	   0.01334	  -0.00036	  -0.02577	   0.00509	  -0.02577	   0.04058
N         	  -0.00000	  -2.94021	   0.12735	  -0.00543	   0.00000	   0.00000	   0.00000	  -0.00138	  -0.08291	   0.00000	  -0.08291	   0.00681
N         	  -0.00000	   5.80088	   0.08127	   0.00174	   0.00000	   0.00000	   0.00000	   0.00180	  -0.08738	   0.00000	  -0.08738	  -0.00355
N         	   2.34057	  -2.92230	  -0.73695	  -0.04909	  -0.01332	  -0.00064	  -0.01332	   0.00660	  -0.01525	  -0.00064	  -0.01525	   0.04249
N         	   2.29189	   1.44178	  -0.78351	  -0.01543	  -0.00585	  -0.01839	  -0.00585	  -0.01480	   0.00402	  -0.01839	   0.00402	   0.03022
N         	   2.35319	   5.79500	  -0.72044	  -0.04022	  -0.01334	  -0.00510	  -0.01334	  -0.00036	  -0.02578	  -0.00510	  -0.02578	   0.04058
N         	   4.43994	  -2.92047	  -2.08376	  -0.04676	   0.02304	  -0.02522	   0.02304	   0.00798	   0.03047	  -0.02522	   0.03047	   0.03880
N         	   4.42757	   1.43568	  -2.09189	  -0.03575	   0.02109	  -0.03881	   0.02109	  -0.00113	   0.02324	  -0.03881	   0.02324	   0.03688
N         	   4.44735	   5.78855	  -2.07241	  -0.05208	   0.02303	  -0.03175	   0.02303	   0.00748	   0.02716	  -0.03175	   0.02716	   0.04460
N         	   6.90154	  -2.92296	  -2.39010	  -0.02914	  -0.00117	   0.05645	  -0.00117	   0.00479	  -0.01571	   0.05645	  -0.01571	   0.02437
N         	   6.89673	   1.42995	  -2.39010	  -0.02143	   0.00307	   0.05488	   0.00307	  -0.00241	  -0.01550	   0.05488	  -0.01550	   0.02384
N         	   6.90406	   5.78364	  -2.39010	  -0.02980	   0.00182	   0.06028	   0.00182	   0.00414	  -0.01612	   0.06028	  -0.01612	   0.02567
N         	   9.39004	  -2.92512	  -2.39013	  -0.03106	   0.00021	  -0.00315	   0.00021	   0.00193	   0.00045	  -0.00315	   0.00045	   0.02913
N         	   9.38879	   1.42846	  -2.39013	  -0.02734	   0.00152	  -0.00303	   0.00152	  -0.00158	   0.00046	  -0.00303	   0.00046	   0.02894
N         	   9.39085	   5.78201	  -2.39013	  -0.03325	   0.00189	  -0.00337	   0.00189	   0.00234	   0.00047	  -0.00337	   0.00047	   0.03091
N         	 -10.63454	  -5.10360	  -2.39013	  -0.03398	  -0.00000	   0.00000	  -0.00000	   0.00343	  -0.00008	   0.00000	  -0.00008	   0.03055
N         	 -10.63454	  -0.74827	  -2.39013	  -0.02800	  -0.00000	   0.00000	  -0.00000	  -0.00024	  -0.00008	   0.00000	  -0.00008	   0.02824
N         	 -10.63454	   3.60498	  -2.39013	  -0.03014	   0.00000	   0.00000	   0.00000	  -0.00043	  -0.00006	   0.00000	  -0.00006	   0.03057
N         	  -8.14733	  -5.10290	  -2.39013	  -0.03329	  -0.00134	  -0.00081	  -0.00134	   0.00302	   0.00020	  -0.00081	   0.00020	   0.03028
N         	  -8.14319	  -0.74709	  -2.39013	  -0.02616	  -0.00123	  -0.00112	  -0.00123	  -0.00145	   0.00020	  -0.00112	   0.00020	   0.02761
N         	  -8.14538	   3.60532	  -2.39013	  -0.03009	  -0.00363	  -0.00094	  -0.00363	  -0.00063	   0.00028	  -0.00094	   0.00028	   0.03072
N         	  -5.65947	  -5.10034	  -2.38913	  -0.02387	  -0.01446	  -0.02792	  -0.01446	   0.00706	   0.09489	  -0.02792	   0.09489	   0.01682
N         	  -5.64875	  -0.74446	  -2.38913	  -0.01448	  -0.01078	  -0.02180	  -0.01078	  -0.00025	   0.08703	  -0.02180	   0.08703	   0.01473
N         	  -5.65489	   3.60802	  -2.38913	  -0.01907	  -0.01695	  -0.02548	  -0.01695	   0.00236	   0.08793	  -0.02548	   0.08793	   0.01671
N         	  -3.37855	  -5.09586	  -1.41832	  -0.05524	  -0.01677	  -0.00629	  -0.01677	   0.00783	   0.02000	  -0.00629	   0.02000	   0.04741
N         	  -3.33071	  -0.74034	  -1.48181	  -0.02995	  -0.00862	   0.00976	  -0.00862	  -0.00554	   0.01637	   0.00976	   0.01637	   0.03548
N         	  -3.36736	   3.61373	  -1.42613	  -0.05639	  -0.02446	   0.00243	  -0.02446	   0.00284	   0.02617	   0.00243	   0.02617	   0.05355
N         	  -1.24256	  -5.09706	  -0.13866	  -0.02377	   0.01648	   0.01374	   0.01648	   0.00564	  -0.06228	   0.01374	  -0.06228	   0.01813
N         	  -1.24222	   3.63137	  -0.12836	  -0.01621	   0.02360	   0.01107	   0.02360	   0.02957	  -0.07783	   0.01107	  -0.07783	  -0.01336
N         	   1.24256	  -5.09706	  -0.13866	  -0.02377	  -0.01649	  -0.01374	  -0.01649	   0.00564	  -0.06228	  -0.01374	  -0.06228	   0.01813
N         	   1.24222	   3.63137	  -0.12836	  -0.01621	  -0.02360	  -0.01107	  -0.02360	   0.02957	  -0.07783	  -0.01107	  -0.07783	  -0.01336
N         	   3.37855	  -5.09586	  -1.41832	  -0.05524	   0.01677	   0.00629	   0.01677	   0.00783	   0.02000	   0.00629	   0.02000	   0.04741
N         	   3.33071	  -0.74034	  -1.48181	  -0.02995	   0.00862	  -0.00976	   0.00862	  -0.00554	   0.01637	  -0.00976	   0.01637	   0.03548
N         	   3.36736	   3.61373	  -1.42613	  -0.05640	   0.02446	  -0.00243	   0.02446	   0.00284	   0.02617	  -0.00243	   0.02617	   0.05355
N         	   5.65947	  -5.10034	  -2.38913	  -0.02389	   0.01446	   0.02792	   0.01446	   0.00706	   0.09489	   0.02792	   0.09489	   0.01682
N         	   5.64875	  -0.74446	  -2.38913	  -0.01449	   0.01078	   0.02180	   0.01078	  -0.00025	   0.08703	   0.02180	   0.08703	   0.01473
N         	   5.65489	   3.60802	  -2.38913	  -0.01907	   0.01695	   0.02548	   0.01695	   0.00236	   0.08793	   0.02548	   0.08793	   0.01671
N         	   8.14733	  -5.10290	  -2.39013	  -0.03329	   0.00134	   0.00081	   0.00134	   0.00302	   0.00020	   0.00081	   0.00020	   0.03028
N         	   8.14319	  -0.74709	  -2.39013	  -0.02616	   0.00123	   0.00112	   0.00123	  -0.00145	   0.00020	   0.00112	   0.00020	   0.02761
N         	   8.14538	   3.60532	  -2.39013	  -0.03009	   0.00363	   0.00094	   0.00363	  -0.00063	   0.00028	   0.00094	   0.00028	   0.03072
N         	   1.26507	  -0.77945	  -0.14948	   0.28243	  -0.22354	   0.01545	  -0.22354	  -0.13105	  -0.03115	   0.01545	  -0.03115	  -0.15138
N         	  -1.26507	  -0.77945	  -0.14948	   0.28243	   0.22354	  -0.01545	   0.22354	  -0.13105	  -0.03115	  -0.01545	  -0.03115	  -0.15138
N         	  -0.00000	   1.55889	   0.29897	  -0.29687	   0.00000	  -0.00000	   0.00000	   0.56650	   0.31195	  -0.00000	   0.31195	  -0.26963
