--------------------------------------------------------------------------------------------------------------------------------------------------------------------------
  AtomName	    r_1i_X	    r_1i_Y	    r_1i_Z	  iso[MHz]	       Axx	       Axy	       Axz	       Ayx	       Ayy	       Ayz	       Azx	       Azy	       Azz
--------------------------------------------------------------------------------------------------------------------------------------------------------------------------
10B  g-factor___:   0.600215 [No-unit]
11B  g-factor___:   1.792433 [No-unit]
14N  g-factor___:   0.403761 [No-unit]
15N  g-factor___:  -0.566378 [No-unit]
10B  etc____:	---       	---       	---       	   0.00000
11B  etc____:	---       	---       	---       	   0.00000
14N  etc____:	---       	---       	---       	   0.00000
15N  etc____:	---       	---       	---       	   0.00000
MinDif[A]:	 -10.63454	  -6.54890	  -2.39013
MaxDif[A]:	   9.39085	   6.51081	   0.29897
--------------------------------------------------------------------------------------------------------------------------------------------------------------------------
B         	  -9.38943	  -4.37422	  -2.39013	  -0.00000	   0.06098	   0.01525	   0.01525	   0.01525	  -0.01525	   0.00000	   0.01525	   0.00000	  -0.04574
B         	  -9.38730	  -0.02075	  -2.39013	   0.01525	   0.09147	  -0.00000	   0.01525	  -0.00000	  -0.04574	  -0.00000	   0.01525	  -0.00000	  -0.04574
B         	  -9.38872	   4.33282	  -2.39013	  -0.00000	   0.06098	  -0.00000	   0.01525	  -0.00000	  -0.01525	  -0.00000	   0.01525	  -0.00000	  -0.04574
B         	  -6.90004	  -4.37229	  -2.39010	  -0.01525	   0.06098	   0.03049	   0.03049	   0.03049	  -0.00000	   0.01525	   0.03049	   0.01525	  -0.06098
B         	  -6.89159	  -0.02016	  -2.39010	   0.25917	   0.16770	  -0.04574	   0.06098	  -0.04574	  -0.07623	   0.00000	   0.06098	   0.00000	  -0.09147
B         	  -6.89746	   4.33329	  -2.39010	  -0.00000	   0.06098	  -0.03049	   0.03049	  -0.03049	  -0.00000	  -0.01525	   0.03049	  -0.01525	  -0.04574
B         	  -4.46900	  -4.36443	  -2.00158	  -0.06098	   0.04574	   0.10672	   0.10672	   0.10672	   0.09147	   0.06098	   0.10672	   0.06098	  -0.12196
B         	  -4.44091	  -0.01520	  -2.02166	   2.88134	   0.64030	  -0.50309	   0.30490	  -0.50309	  -0.16770	  -0.03049	   0.30490	  -0.03049	  -0.47260
B         	  -4.46557	   4.33938	  -1.99734	  -0.04574	   0.03049	  -0.10672	   0.10672	  -0.10672	   0.06098	  -0.06098	   0.10672	  -0.06098	  -0.09147
B         	  -2.32980	  -4.36099	  -0.73840	   2.51546	  -0.44211	   0.13721	   0.07623	   0.13721	   1.00618	  -0.03049	   0.07623	  -0.03049	  -0.56407
B         	  -2.24345	  -0.01538	  -0.79023	   1.79893	   0.04574	  -2.21055	   3.32345	  -2.21055	   0.89947	  -2.75938	   3.32345	  -2.75938	  -0.92996
B         	  -2.32682	   4.34335	  -0.73692	   3.67409	   0.38113	  -0.68603	   0.48785	  -0.68603	   0.13721	  -0.28966	   0.48785	  -0.28966	  -0.51834
B         	  -0.00000	  -4.36320	   0.02941	  -0.86898	  -0.19819	   0.00000	  -0.00000	   0.00000	   0.70128	  -0.03049	  -0.00000	  -0.03049	  -0.50309
B         	  -0.00000	   4.35332	   0.01956	  -1.03667	  -0.35064	   0.00000	   0.00000	   0.00000	   1.23486	  -0.18294	   0.00000	  -0.18294	  -0.88422
B         	   2.32980	  -4.36099	  -0.73840	   2.51546	  -0.44211	  -0.13721	  -0.07623	  -0.13721	   1.00618	  -0.03049	  -0.07623	  -0.03049	  -0.56407
B         	   2.24345	  -0.01538	  -0.79023	   1.79893	   0.04574	   2.21055	  -3.32345	   2.21055	   0.89947	  -2.75938	  -3.32345	  -2.75938	  -0.92996
B         	   2.32682	   4.34335	  -0.73692	   3.67409	   0.38113	   0.68603	  -0.48785	   0.68603	   0.13721	  -0.28966	  -0.48785	  -0.28966	  -0.51834
B         	   4.46900	  -4.36443	  -2.00158	  -0.06098	   0.04574	  -0.10672	  -0.10672	  -0.10672	   0.09147	   0.06098	  -0.10672	   0.06098	  -0.12196
B         	   4.44091	  -0.01520	  -2.02166	   2.88134	   0.64030	   0.50309	  -0.30490	   0.50309	  -0.16770	  -0.03049	  -0.30490	  -0.03049	  -0.47260
B         	   4.46557	   4.33938	  -1.99734	  -0.04574	   0.03049	   0.10672	  -0.10672	   0.10672	   0.06098	  -0.06098	  -0.10672	  -0.06098	  -0.09147
B         	   6.90004	  -4.37229	  -2.39010	  -0.01525	   0.06098	  -0.03049	  -0.03049	  -0.03049	  -0.00000	   0.01525	  -0.03049	   0.01525	  -0.06098
B         	   6.89159	  -0.02016	  -2.39010	   0.25917	   0.16770	   0.04574	  -0.06098	   0.04574	  -0.07623	   0.00000	  -0.06098	   0.00000	  -0.09147
B         	   6.89745	   4.33329	  -2.39010	  -0.00000	   0.06098	   0.03049	  -0.03049	   0.03049	  -0.00000	  -0.01525	  -0.03049	  -0.01525	  -0.04574
B         	   9.38943	  -4.37422	  -2.39013	  -0.00000	   0.06098	  -0.01525	  -0.01525	  -0.01525	  -0.01525	   0.00000	  -0.01525	   0.00000	  -0.04574
B         	   9.38730	  -0.02075	  -2.39013	   0.01525	   0.09147	   0.00000	  -0.01525	   0.00000	  -0.04574	  -0.00000	  -0.01525	  -0.00000	  -0.04574
B         	   9.38872	   4.33282	  -2.39013	  -0.00000	   0.06098	   0.00000	  -0.01525	   0.00000	  -0.01525	  -0.00000	  -0.01525	  -0.00000	  -0.04574
B         	 -10.63454	   6.50998	  -2.39013	  -0.00000	   0.06098	   0.00000	  -0.00000	   0.00000	  -0.01525	   0.00000	  -0.00000	   0.00000	  -0.04574
B         	 -10.63454	  -2.19751	  -2.39013	  -0.00000	   0.07623	  -0.00000	   0.00000	  -0.00000	  -0.03049	   0.00000	   0.00000	   0.00000	  -0.04574
B         	 -10.63454	   2.15546	  -2.39013	   0.00000	   0.07623	   0.00000	  -0.00000	   0.00000	  -0.03049	  -0.00000	  -0.00000	  -0.00000	  -0.04574
B         	  -8.14463	   6.51081	  -2.39013	  -0.00000	   0.04574	   0.00000	   0.01525	   0.00000	  -0.00000	   0.00000	   0.01525	   0.00000	  -0.04574
B         	  -8.14214	  -2.19595	  -2.39013	  -0.01525	   0.09147	   0.01525	   0.03049	   0.01525	  -0.03049	   0.00000	   0.03049	   0.00000	  -0.06098
B         	  -8.13936	   2.15549	  -2.39013	   0.00000	   0.09147	  -0.01525	   0.03049	  -0.01525	  -0.03049	  -0.00000	   0.03049	  -0.00000	  -0.04574
B         	  -5.65502	  -6.54890	  -2.38913	  -0.01525	   0.03049	  -0.00000	   0.04574	  -0.00000	   0.04574	   0.00000	   0.04574	   0.00000	  -0.06098
B         	  -5.64756	  -2.19287	  -2.38913	  -0.09147	   0.15245	   0.09147	   0.12196	   0.09147	  -0.03049	   0.03049	   0.12196	   0.03049	  -0.10672
B         	  -5.64169	   2.15693	  -2.38913	   0.06098	   0.12196	  -0.09147	   0.10672	  -0.09147	  -0.04574	  -0.03049	   0.10672	  -0.03049	  -0.07623
B         	  -3.38275	  -6.54305	  -1.41348	   0.27441	  -0.07623	  -0.07623	   0.07623	  -0.07623	   0.24392	  -0.06098	   0.07623	  -0.06098	  -0.16770
B         	  -3.35203	  -2.18645	  -1.44432	  -0.97569	   0.22868	   0.44211	   0.65554	   0.44211	   0.12196	   0.30490	   0.65554	   0.30490	  -0.35064
B         	  -3.34037	   2.15834	  -1.44464	  -0.62505	   0.19819	  -0.28966	   0.44211	  -0.28966	   0.06098	  -0.18294	   0.44211	  -0.18294	  -0.25917
B         	  -1.21804	  -6.53675	  -0.20096	  -0.07623	  -0.19819	  -0.03049	   0.03049	  -0.03049	   0.44211	  -0.01525	   0.03049	  -0.01525	  -0.24392
B         	  -1.19683	  -2.17581	  -0.17871	   0.28966	  -1.55501	  -0.79275	   0.53358	  -0.79275	   5.30532	   0.24392	   0.53358	   0.24392	  -3.75032
B         	  -1.19052	   2.15899	  -0.16888	  -4.31439	   2.95757	  -2.24104	   3.38443	  -2.24104	  -0.30490	  -0.80799	   3.38443	  -0.80799	  -2.65266
B         	   1.21804	  -6.53675	  -0.20096	  -0.07623	  -0.19819	   0.03049	  -0.03049	   0.03049	   0.44211	  -0.01525	  -0.03049	  -0.01525	  -0.24392
B         	   1.19683	  -2.17581	  -0.17871	   0.28966	  -1.55501	   0.79275	  -0.53358	   0.79275	   5.30532	   0.24392	  -0.53358	   0.24392	  -3.75032
B         	   1.19052	   2.15899	  -0.16888	  -4.31439	   2.95757	   2.24104	  -3.38443	   2.24104	  -0.30490	  -0.80799	  -3.38443	  -0.80799	  -2.65266
B         	   3.38275	  -6.54305	  -1.41348	   0.27441	  -0.07623	   0.07623	  -0.07623	   0.07623	   0.24392	  -0.06098	  -0.07623	  -0.06098	  -0.16770
B         	   3.35203	  -2.18645	  -1.44432	  -0.97569	   0.22868	  -0.44211	  -0.65554	  -0.44211	   0.12196	   0.30490	  -0.65554	   0.30490	  -0.35064
B         	   3.34037	   2.15834	  -1.44464	  -0.62505	   0.19819	   0.28966	  -0.44211	   0.28966	   0.06098	  -0.18294	  -0.44211	  -0.18294	  -0.25917
B         	   5.65502	  -6.54890	  -2.38913	  -0.01525	   0.03049	   0.00000	  -0.04574	   0.00000	   0.04574	   0.00000	  -0.04574	   0.00000	  -0.06098
B         	   5.64756	  -2.19287	  -2.38913	  -0.09147	   0.15245	  -0.09147	  -0.12196	  -0.09147	  -0.03049	   0.03049	  -0.12196	   0.03049	  -0.10672
B         	   5.64169	   2.15693	  -2.38913	   0.06098	   0.12196	   0.09147	  -0.10672	   0.09147	  -0.04574	  -0.03049	  -0.10672	  -0.03049	  -0.07623
B         	   8.14463	   6.51081	  -2.39013	  -0.00000	   0.04574	  -0.00000	  -0.01525	  -0.00000	  -0.00000	   0.00000	  -0.01525	   0.00000	  -0.04574
B         	   8.14214	  -2.19595	  -2.39013	  -0.01525	   0.09147	  -0.01525	  -0.03049	  -0.01525	  -0.03049	   0.00000	  -0.03049	   0.00000	  -0.06098
B         	   8.13935	   2.15549	  -2.39013	   0.00000	   0.09147	   0.01525	  -0.03049	   0.01525	  -0.03049	  -0.00000	  -0.03049	  -0.00000	  -0.04574
N         	  -9.39004	  -2.92512	  -2.39013	   0.01525	   0.07623	   0.01525	   0.01525	   0.01525	  -0.03049	   0.00000	   0.01525	   0.00000	  -0.04574
N         	  -9.38879	   1.42846	  -2.39013	   0.00000	   0.07623	  -0.00000	   0.01525	  -0.00000	  -0.04574	  -0.00000	   0.01525	  -0.00000	  -0.04574
N         	  -9.39085	   5.78201	  -2.39013	   0.00000	   0.04574	  -0.00000	   0.01525	  -0.00000	  -0.01525	  -0.00000	   0.01525	  -0.00000	  -0.03049
N         	  -6.90154	  -2.92296	  -2.39010	   0.10672	   0.10672	   0.06098	   0.06098	   0.06098	  -0.04574	   0.01525	   0.06098	   0.01525	  -0.07623
N         	  -6.89673	   1.42995	  -2.39010	   0.03049	   0.12196	  -0.03049	   0.07623	  -0.03049	  -0.06098	  -0.01525	   0.07623	  -0.01525	  -0.06098
N         	  -6.90406	   5.78364	  -2.39010	   0.01525	   0.04574	  -0.01525	   0.03049	  -0.01525	   0.00000	  -0.00000	   0.03049	  -0.00000	  -0.04574
N         	  -4.43995	  -2.92047	  -2.08376	   1.18912	   0.36588	   0.39637	   0.18294	   0.39637	  -0.06098	   0.09147	   0.18294	   0.09147	  -0.30490
N         	  -4.42757	   1.43568	  -2.09189	   0.47260	   0.28966	  -0.01525	   0.19819	  -0.01525	  -0.21343	  -0.09147	   0.19819	  -0.09147	  -0.09147
N         	  -4.44735	   5.78855	  -2.07241	   0.07623	  -0.01525	   0.00000	   0.06098	   0.00000	   0.13721	  -0.03049	   0.06098	  -0.03049	  -0.12196
N         	  -2.34057	  -2.92230	  -0.73695	  25.96255	  -0.21343	   4.95469	   3.12526	   4.95469	   1.95138	   3.82654	   3.12526	   3.82654	  -1.73795
N         	  -2.29189	   1.44178	  -0.78351	   7.45490	   1.49403	   1.96663	   1.00618	   1.96663	   1.55501	   1.21961	   1.00618	   1.21961	  -3.04904
N         	  -2.35320	   5.79500	  -0.72044	   2.07335	  -0.33539	  -0.33539	   0.10672	  -0.33539	   0.77750	  -0.15245	   0.10672	  -0.15245	  -0.45736
N         	  -0.00000	  -2.94021	   0.12735	   2.71364	   3.79605	  -0.00000	   0.00000	  -0.00000	  -0.57932	  -0.15245	   0.00000	  -0.15245	  -3.21673
N         	  -0.00000	   5.80088	   0.08127	   0.86898	  -0.45736	   0.00000	   0.00000	   0.00000	   0.88422	   0.24392	   0.00000	   0.24392	  -0.42687
N         	   2.34057	  -2.92230	  -0.73695	  25.96255	  -0.21343	  -4.95469	  -3.12526	  -4.95469	   1.95138	   3.82654	  -3.12526	   3.82654	  -1.73795
N         	   2.29189	   1.44178	  -0.78351	   7.45490	   1.49403	  -1.96663	  -1.00618	  -1.96663	   1.55501	   1.21961	  -1.00618	   1.21961	  -3.04904
N         	   2.35319	   5.79500	  -0.72044	   2.07335	  -0.33539	   0.33539	  -0.10672	   0.33539	   0.77750	  -0.15245	  -0.10672	  -0.15245	  -0.45736
N         	   4.43994	  -2.92047	  -2.08376	   1.18912	   0.36588	  -0.39637	  -0.18294	  -0.39637	  -0.06098	   0.09147	  -0.18294	   0.09147	  -0.30490
N         	   4.42757	   1.43568	  -2.09189	   0.47260	   0.28966	   0.01525	  -0.19819	   0.01525	  -0.21343	  -0.09147	  -0.19819	  -0.09147	  -0.09147
N         	   4.44735	   5.78855	  -2.07241	   0.07623	  -0.01525	  -0.00000	  -0.06098	  -0.00000	   0.13721	  -0.03049	  -0.06098	  -0.03049	  -0.12196
N         	   6.90154	  -2.92296	  -2.39010	   0.10672	   0.10672	  -0.06098	  -0.06098	  -0.06098	  -0.04574	   0.01525	  -0.06098	   0.01525	  -0.07623
N         	   6.89673	   1.42995	  -2.39010	   0.03049	   0.12196	   0.03049	  -0.07623	   0.03049	  -0.06098	  -0.01525	  -0.07623	  -0.01525	  -0.06098
N         	   6.90406	   5.78364	  -2.39010	   0.01525	   0.04574	   0.01525	  -0.03049	   0.01525	   0.00000	  -0.00000	  -0.03049	  -0.00000	  -0.04574
N         	   9.39004	  -2.92512	  -2.39013	   0.01525	   0.07623	  -0.01525	  -0.01525	  -0.01525	  -0.03049	   0.00000	  -0.01525	   0.00000	  -0.04574
N         	   9.38879	   1.42846	  -2.39013	   0.00000	   0.07623	   0.00000	  -0.01525	   0.00000	  -0.04574	  -0.00000	  -0.01525	  -0.00000	  -0.04574
N         	   9.39085	   5.78201	  -2.39013	   0.00000	   0.04574	   0.00000	  -0.01525	   0.00000	  -0.01525	  -0.00000	  -0.01525	  -0.00000	  -0.03049
N         	 -10.63454	  -5.10360	  -2.39013	   0.00000	   0.06098	   0.00000	  -0.00000	   0.00000	  -0.01525	   0.00000	  -0.00000	   0.00000	  -0.04574
N         	 -10.63454	  -0.74827	  -2.39013	   0.01525	   0.09147	  -0.00000	  -0.00000	  -0.00000	  -0.04574	   0.00000	  -0.00000	   0.00000	  -0.04574
N         	 -10.63454	   3.60498	  -2.39013	  -0.00000	   0.06098	  -0.00000	  -0.00000	  -0.00000	  -0.03049	  -0.00000	  -0.00000	  -0.00000	  -0.04574
N         	  -8.14733	  -5.10290	  -2.39013	   0.00000	   0.06098	   0.01525	   0.01525	   0.01525	  -0.01525	   0.00000	   0.01525	   0.00000	  -0.04574
N         	  -8.14319	  -0.74709	  -2.39013	   0.15245	   0.15245	   0.01525	   0.03049	   0.01525	  -0.07623	   0.00000	   0.03049	   0.00000	  -0.07623
N         	  -8.14538	   3.60532	  -2.39013	   0.00000	   0.06098	  -0.01525	   0.01525	  -0.01525	  -0.03049	  -0.00000	   0.01525	  -0.00000	  -0.04574
N         	  -5.65947	  -5.10034	  -2.38913	   0.04574	   0.03049	   0.06098	   0.06098	   0.06098	   0.03049	   0.03049	   0.06098	   0.03049	  -0.06098
N         	  -5.64875	  -0.74446	  -2.38913	   1.64648	   0.65554	   0.18294	   0.13721	   0.18294	  -0.32015	   0.01525	   0.13721	   0.01525	  -0.33539
N         	  -5.65489	   3.60802	  -2.38913	   0.01525	   0.04574	  -0.06098	   0.07623	  -0.06098	  -0.01525	  -0.03049	   0.07623	  -0.03049	  -0.03049
N         	  -3.37855	  -5.09586	  -1.41832	   1.57025	  -0.13721	   0.44211	   0.19819	   0.44211	   0.53358	   0.25917	   0.19819	   0.25917	  -0.39637
N         	  -3.33071	  -0.74034	  -1.48181	  25.73387	   2.14957	   2.25629	   5.88464	   2.25629	  -3.36919	   2.07335	   5.88464	   2.07335	   1.20437
N         	  -3.36736	   3.61373	  -1.42613	   0.12196	   0.00000	  -0.30490	   0.12196	  -0.30490	   0.19819	  -0.00000	   0.12196	  -0.00000	  -0.21343
N         	  -1.24256	  -5.09706	  -0.13866	   0.38113	  -0.04574	   0.19819	   0.07623	   0.19819	   0.47260	   0.00000	   0.07623	   0.00000	  -0.44211
N         	  -1.24222	   3.63137	  -0.12836	  33.85956	  -3.97899	  -3.01855	   0.71652	  -3.01855	   8.03421	  -3.27772	   0.71652	  -3.27772	  -4.05522
N         	   1.24256	  -5.09706	  -0.13866	   0.38113	  -0.04574	  -0.19819	  -0.07623	  -0.19819	   0.47260	   0.00000	  -0.07623	   0.00000	  -0.44211
N         	   1.24222	   3.63137	  -0.12836	  33.85956	  -3.97899	   3.01855	  -0.71652	   3.01855	   8.03421	  -3.27772	  -0.71652	  -3.27772	  -4.05522
N         	   3.37855	  -5.09586	  -1.41832	   1.57025	  -0.13721	  -0.44211	  -0.19819	  -0.44211	   0.53358	   0.25917	  -0.19819	   0.25917	  -0.39637
N         	   3.33071	  -0.74034	  -1.48181	  25.73387	   2.14957	  -2.25629	  -5.88464	  -2.25629	  -3.36919	   2.07335	  -5.88464	   2.07335	   1.20437
N         	   3.36736	   3.61373	  -1.42613	   0.12196	   0.00000	   0.30490	  -0.12196	   0.30490	   0.19819	  -0.00000	  -0.12196	  -0.00000	  -0.21343
N         	   5.65947	  -5.10034	  -2.38913	   0.04574	   0.03049	  -0.06098	  -0.06098	  -0.06098	   0.03049	   0.03049	  -0.06098	   0.03049	  -0.06098
N         	   5.64875	  -0.74446	  -2.38913	   1.64648	   0.65554	  -0.18294	  -0.13721	  -0.18294	  -0.32015	   0.01525	  -0.13721	   0.01525	  -0.33539
N         	   5.65489	   3.60802	  -2.38913	   0.01525	   0.04574	   0.06098	  -0.07623	   0.06098	  -0.01525	  -0.03049	  -0.07623	  -0.03049	  -0.03049
N         	   8.14733	  -5.10290	  -2.39013	   0.00000	   0.06098	  -0.01525	  -0.01525	  -0.01525	  -0.01525	   0.00000	  -0.01525	   0.00000	  -0.04574
N         	   8.14319	  -0.74709	  -2.39013	   0.15245	   0.15245	  -0.01525	  -0.03049	  -0.01525	  -0.07623	   0.00000	  -0.03049	   0.00000	  -0.07623
N         	   8.14538	   3.60532	  -2.39013	   0.00000	   0.06098	   0.01525	  -0.01525	   0.01525	  -0.03049	  -0.00000	  -0.01525	  -0.00000	  -0.04574
N         	   1.26507	  -0.77945	  -0.14948	 300.71130	  72.06400	 -77.07966	 -41.80230	 -77.07966	 -23.55381	  26.00829	 -41.80230	  26.00829	 -48.51018
N         	  -1.26507	  -0.77945	  -0.14948	 300.71130	  72.06400	  77.07966	  41.80230	  77.07966	 -23.55381	  26.00829	  41.80230	  26.00829	 -48.51018
N         	  -0.00000	   1.55889	   0.29897	 252.96337	 -82.09533	  -0.00000	  -0.00000	  -0.00000	 146.17085	  53.96796	  -0.00000	  53.96796	 -64.09076
