--------------------------------------------------------------------------------------------------------------------------------------------------------------------------
  AtomName	    r_1i_X	    r_1i_Y	    r_1i_Z	     EFGxx	     EFGxy	     EFGxz	     EFGyx	     EFGyy	     EFGyz	     EFGzx	     EFGzy	     EFGzz	[Hatree/Bohr_radius^2]
--------------------------------------------------------------------------------------------------------------------------------------------------------------------------
10B  eQ___:	  8.459000	[Q/milibarn]*(10^-1)
11B  eQ___:	  4.059000	[Q/milibarn]*(10^-1)
14N  eQ___:	  2.044000	[Q/milibarn]*(10^-1)
15N  eQ___:	  0.000000	[Q/milibarn]*(10^-1)
10B  etc____:	---       	---       	---       	  -0.19757	   0.00000	   0.00000	   0.00000	  -0.19364	   0.00030	   0.00000	   0.00030	   0.39123
11B  etc____:	---       	---       	---       	  -0.19757	   0.00000	   0.00000	   0.00000	  -0.19364	   0.00030	   0.00000	   0.00030	   0.39123
14N  etc____:	---       	---       	---       	  -0.03398	  -0.00000	   0.00000	  -0.00000	   0.00343	  -0.00008	   0.00000	  -0.00008	   0.03055
15N  etc____:	---       	---       	---       	  -0.03398	  -0.00000	   0.00000	  -0.00000	   0.00343	  -0.00008	   0.00000	  -0.00008	   0.03055
MinDif[A]:	 -10.54557	  -6.49521	  -2.34181
MaxDif[A]:	   9.31167	   6.44308	   0.34971
--------------------------------------------------------------------------------------------------------------------------------------------------------------------------
B         	  -9.31035	  -4.34079	  -2.34181	  -0.19708	   0.00284	   0.00039	   0.00284	  -0.19418	  -0.00004	   0.00039	  -0.00004	   0.39126
B         	  -9.30806	  -0.02804	  -2.34181	  -0.19797	   0.00343	   0.00037	   0.00343	  -0.19306	  -0.00004	   0.00037	  -0.00004	   0.39101
B         	  -9.30890	   4.28482	  -2.34181	  -0.19815	   0.00327	   0.00040	   0.00327	  -0.19300	  -0.00004	   0.00040	  -0.00004	   0.39116
B         	  -6.84016	  -4.33950	  -2.34178	  -0.19456	   0.00727	   0.00441	   0.00727	  -0.19561	  -0.00146	   0.00441	  -0.00146	   0.39017
B         	  -6.83150	  -0.02807	  -2.34178	  -0.19763	   0.01041	   0.00374	   0.01041	  -0.19244	  -0.00106	   0.00374	  -0.00106	   0.39006
B         	  -6.83755	   4.28499	  -2.34178	  -0.19756	   0.00735	   0.00398	   0.00735	  -0.19282	  -0.00120	   0.00398	  -0.00120	   0.39038
B         	  -4.42988	  -4.33118	  -1.95199	  -0.09466	  -0.00557	  -0.21317	  -0.00557	  -0.20201	   0.05142	  -0.21317	   0.05142	   0.29666
B         	  -4.39653	  -0.02424	  -1.98247	  -0.12002	   0.01108	  -0.19931	   0.01108	  -0.18975	   0.04878	  -0.19931	   0.04878	   0.30978
B         	  -4.42504	   4.29075	  -1.95275	  -0.10722	  -0.00243	  -0.21372	  -0.00243	  -0.19348	   0.04560	  -0.21372	   0.04560	   0.30070
B         	  -2.31034	  -4.32719	  -0.69500	  -0.01916	   0.01249	  -0.25235	   0.01249	  -0.21344	  -0.00250	  -0.25235	  -0.00250	   0.23260
B         	  -2.19624	  -0.02723	  -0.78992	  -0.03895	   0.06101	  -0.24563	   0.06101	  -0.17899	   0.02469	  -0.24563	   0.02469	   0.21793
B         	  -2.30582	   4.29430	  -0.69921	  -0.03201	   0.01979	  -0.26622	   0.01979	  -0.18740	  -0.01136	  -0.26622	  -0.01136	   0.21941
B         	  -0.00000	  -4.33220	   0.06724	  -0.16294	  -0.00000	   0.00000	  -0.00000	  -0.22931	  -0.05601	   0.00000	  -0.05601	   0.39225
B         	  -0.00000	   4.30422	   0.05942	  -0.19837	  -0.00000	   0.00000	  -0.00000	  -0.19582	  -0.04736	   0.00000	  -0.04736	   0.39419
B         	   2.31034	  -4.32719	  -0.69500	  -0.01917	  -0.01249	   0.25235	  -0.01249	  -0.21344	  -0.00250	   0.25235	  -0.00250	   0.23260
B         	   2.19624	  -0.02723	  -0.78992	  -0.03895	  -0.06101	   0.24563	  -0.06101	  -0.17899	   0.02469	   0.24563	   0.02469	   0.21794
B         	   2.30582	   4.29430	  -0.69921	  -0.03201	  -0.01980	   0.26622	  -0.01980	  -0.18740	  -0.01136	   0.26622	  -0.01136	   0.21941
B         	   4.42988	  -4.33118	  -1.95199	  -0.09466	   0.00557	   0.21317	   0.00557	  -0.20201	   0.05142	   0.21317	   0.05142	   0.29666
B         	   4.39653	  -0.02424	  -1.98247	  -0.12002	  -0.01108	   0.19931	  -0.01108	  -0.18975	   0.04878	   0.19931	   0.04878	   0.30976
B         	   4.42504	   4.29075	  -1.95275	  -0.10722	   0.00243	   0.21372	   0.00243	  -0.19348	   0.04561	   0.21372	   0.04561	   0.30070
B         	   6.84016	  -4.33950	  -2.34178	  -0.19456	  -0.00727	  -0.00441	  -0.00727	  -0.19561	  -0.00146	  -0.00441	  -0.00146	   0.39017
B         	   6.83150	  -0.02807	  -2.34178	  -0.19763	  -0.01041	  -0.00374	  -0.01041	  -0.19244	  -0.00106	  -0.00374	  -0.00106	   0.39006
B         	   6.83754	   4.28499	  -2.34178	  -0.19756	  -0.00735	  -0.00398	  -0.00735	  -0.19282	  -0.00120	  -0.00398	  -0.00120	   0.39038
B         	   9.31035	  -4.34079	  -2.34181	  -0.19708	  -0.00284	  -0.00039	  -0.00284	  -0.19418	  -0.00004	  -0.00039	  -0.00004	   0.39126
B         	   9.30805	  -0.02804	  -2.34181	  -0.19797	  -0.00343	  -0.00037	  -0.00343	  -0.19306	  -0.00004	  -0.00037	  -0.00004	   0.39101
B         	   9.30890	   4.28482	  -2.34181	  -0.19815	  -0.00328	  -0.00040	  -0.00328	  -0.19300	  -0.00004	  -0.00040	  -0.00004	   0.39116
B         	 -10.54557	   6.44266	  -2.34181	  -0.19757	   0.00000	   0.00000	   0.00000	  -0.19364	   0.00030	   0.00000	   0.00030	   0.39123
B         	 -10.54557	  -2.18462	  -2.34181	  -0.19795	   0.00000	   0.00000	   0.00000	  -0.19329	   0.00028	   0.00000	   0.00028	   0.39126
B         	 -10.54557	   2.12799	  -2.34181	  -0.19815	   0.00000	   0.00000	   0.00000	  -0.19291	   0.00027	   0.00000	   0.00027	   0.39106
B         	  -8.07535	   6.44308	  -2.34181	  -0.19728	   0.00520	   0.00292	   0.00520	  -0.19332	  -0.00239	   0.00292	  -0.00239	   0.39060
B         	  -8.07267	  -2.18370	  -2.34181	  -0.19722	   0.00705	   0.00273	   0.00705	  -0.19331	  -0.00226	   0.00273	  -0.00226	   0.39054
B         	  -8.07075	   2.12793	  -2.34181	  -0.19846	   0.00637	   0.00263	   0.00637	  -0.19190	  -0.00219	   0.00263	  -0.00219	   0.39035
B         	  -5.60428	  -6.49521	  -2.34081	  -0.18387	   0.00193	  -0.07241	   0.00193	  -0.19793	   0.03648	  -0.07241	   0.03648	   0.38180
B         	  -5.59837	  -2.18062	  -2.34081	  -0.18374	   0.00664	  -0.06904	   0.00664	  -0.19765	   0.03599	  -0.06904	   0.03599	   0.38139
B         	  -5.59213	   2.12865	  -2.34081	  -0.19048	   0.00753	  -0.06680	   0.00753	  -0.19198	   0.03356	  -0.06680	   0.03356	   0.38246
B         	  -3.35334	  -6.49011	  -1.36782	  -0.01118	   0.00773	  -0.26789	   0.00773	  -0.19770	   0.00853	  -0.26789	   0.00853	   0.20887
B         	  -3.31917	  -2.17426	  -1.40814	  -0.00968	   0.00620	  -0.25985	   0.00620	  -0.20149	   0.03478	  -0.25985	   0.03478	   0.21118
B         	  -3.30272	   2.12932	  -1.42036	  -0.04312	   0.02682	  -0.26218	   0.02682	  -0.18117	   0.00213	  -0.26218	   0.00213	   0.22428
B         	  -1.20908	  -6.48455	  -0.15886	  -0.12218	   0.01595	  -0.18041	   0.01595	  -0.20697	  -0.04091	  -0.18041	  -0.04091	   0.32914
B         	  -1.17718	  -2.16114	  -0.17060	  -0.06622	   0.03104	  -0.16935	   0.03104	  -0.24692	  -0.00205	  -0.16935	  -0.00205	   0.31314
B         	  -1.18273	   2.13339	  -0.14563	  -0.12091	   0.02205	  -0.23587	   0.02205	  -0.15297	  -0.04105	  -0.23587	  -0.04105	   0.27388
B         	   1.20908	  -6.48455	  -0.15886	  -0.12218	  -0.01595	   0.18041	  -0.01595	  -0.20697	  -0.04091	   0.18041	  -0.04091	   0.32914
B         	   1.17718	  -2.16114	  -0.17060	  -0.06622	  -0.03104	   0.16935	  -0.03104	  -0.24692	  -0.00205	   0.16935	  -0.00205	   0.31314
B         	   1.18273	   2.13339	  -0.14563	  -0.12091	  -0.02205	   0.23587	  -0.02205	  -0.15297	  -0.04105	   0.23587	  -0.04105	   0.27388
B         	   3.35334	  -6.49011	  -1.36782	  -0.01118	  -0.00773	   0.26789	  -0.00773	  -0.19770	   0.00853	   0.26789	   0.00853	   0.20887
B         	   3.31917	  -2.17426	  -1.40814	  -0.00968	  -0.00620	   0.25985	  -0.00620	  -0.20149	   0.03478	   0.25985	   0.03478	   0.21118
B         	   3.30272	   2.12932	  -1.42036	  -0.04312	  -0.02682	   0.26218	  -0.02682	  -0.18117	   0.00212	   0.26218	   0.00212	   0.22428
B         	   5.60428	  -6.49521	  -2.34081	  -0.18387	  -0.00193	   0.07241	  -0.00193	  -0.19794	   0.03648	   0.07241	   0.03648	   0.38180
B         	   5.59837	  -2.18062	  -2.34081	  -0.18374	  -0.00663	   0.06904	  -0.00663	  -0.19765	   0.03599	   0.06904	   0.03599	   0.38139
B         	   5.59213	   2.12865	  -2.34081	  -0.19048	  -0.00753	   0.06680	  -0.00753	  -0.19198	   0.03356	   0.06680	   0.03356	   0.38246
B         	   8.07535	   6.44308	  -2.34181	  -0.19729	  -0.00520	  -0.00292	  -0.00520	  -0.19332	  -0.00239	  -0.00292	  -0.00239	   0.39060
B         	   8.07267	  -2.18370	  -2.34181	  -0.19722	  -0.00705	  -0.00273	  -0.00705	  -0.19331	  -0.00226	  -0.00273	  -0.00226	   0.39054
B         	   8.07075	   2.12793	  -2.34181	  -0.19846	  -0.00637	  -0.00263	  -0.00637	  -0.19189	  -0.00219	  -0.00263	  -0.00219	   0.39035
N         	  -9.31095	  -2.90512	  -2.34181	  -0.03106	  -0.00021	   0.00315	  -0.00021	   0.00193	   0.00045	   0.00315	   0.00045	   0.02913
N         	  -9.30978	   1.40795	  -2.34181	  -0.02734	  -0.00152	   0.00303	  -0.00152	  -0.00160	   0.00046	   0.00303	   0.00046	   0.02894
N         	  -9.31167	   5.72105	  -2.34181	  -0.03325	  -0.00189	   0.00337	  -0.00189	   0.00234	   0.00047	   0.00337	   0.00047	   0.03091
N         	  -6.84220	  -2.90360	  -2.34178	  -0.02914	   0.00117	  -0.05645	   0.00117	   0.00477	  -0.01571	  -0.05645	  -0.01571	   0.02437
N         	  -6.83723	   1.40916	  -2.34178	  -0.02143	  -0.00307	  -0.05488	  -0.00307	  -0.00241	  -0.01550	  -0.05488	  -0.01550	   0.02384
N         	  -6.84407	   5.72232	  -2.34178	  -0.02980	  -0.00182	  -0.06028	  -0.00182	   0.00414	  -0.01612	  -0.06028	  -0.01612	   0.02567
N         	  -4.39944	  -2.90099	  -2.04168	  -0.04677	  -0.02304	   0.02523	  -0.02304	   0.00798	   0.03047	   0.02523	   0.03047	   0.03880
N         	  -4.38368	   1.41467	  -2.05872	  -0.03575	  -0.02109	   0.03881	  -0.02109	  -0.00113	   0.02324	   0.03881	   0.02324	   0.03688
N         	  -4.40522	   5.72690	  -2.02971	  -0.05208	  -0.02302	   0.03175	  -0.02302	   0.00748	   0.02716	   0.03175	   0.02716	   0.04461
N         	  -2.32020	  -2.90149	  -0.69945	  -0.04909	   0.01332	   0.00064	   0.01332	   0.00660	  -0.01525	   0.00064	  -0.01525	   0.04249
N         	  -2.25348	   1.41940	  -0.77713	  -0.01543	   0.00585	   0.01839	   0.00585	  -0.01480	   0.00403	   0.01839	   0.00403	   0.03022
N         	  -2.33458	   5.73187	  -0.67642	  -0.04022	   0.01334	   0.00509	   0.01334	  -0.00036	  -0.02577	   0.00509	  -0.02577	   0.04058
N         	  -0.00000	  -2.92285	   0.15480	  -0.00543	   0.00000	   0.00000	   0.00000	  -0.00138	  -0.08291	   0.00000	  -0.08291	   0.00681
N         	  -0.00000	   5.73813	   0.12534	   0.00174	   0.00000	   0.00000	   0.00000	   0.00180	  -0.08738	   0.00000	  -0.08738	  -0.00355
N         	   2.32019	  -2.90149	  -0.69945	  -0.04909	  -0.01332	  -0.00064	  -0.01332	   0.00660	  -0.01525	  -0.00064	  -0.01525	   0.04249
N         	   2.25348	   1.41940	  -0.77713	  -0.01543	  -0.00585	  -0.01839	  -0.00585	  -0.01480	   0.00402	  -0.01839	   0.00402	   0.03022
N         	   2.33458	   5.73187	  -0.67642	  -0.04022	  -0.01334	  -0.00510	  -0.01334	  -0.00036	  -0.02578	  -0.00510	  -0.02578	   0.04058
N         	   4.39944	  -2.90099	  -2.04168	  -0.04676	   0.02304	  -0.02522	   0.02304	   0.00798	   0.03047	  -0.02522	   0.03047	   0.03880
N         	   4.38368	   1.41467	  -2.05872	  -0.03575	   0.02109	  -0.03881	   0.02109	  -0.00113	   0.02324	  -0.03881	   0.02324	   0.03688
N         	   4.40522	   5.72690	  -2.02971	  -0.05208	   0.02303	  -0.03175	   0.02303	   0.00748	   0.02716	  -0.03175	   0.02716	   0.04460
N         	   6.84220	  -2.90360	  -2.34178	  -0.02914	  -0.00117	   0.05645	  -0.00117	   0.00479	  -0.01571	   0.05645	  -0.01571	   0.02437
N         	   6.83723	   1.40916	  -2.34178	  -0.02143	   0.00307	   0.05488	   0.00307	  -0.00241	  -0.01550	   0.05488	  -0.01550	   0.02384
N         	   6.84406	   5.72232	  -2.34178	  -0.02980	   0.00182	   0.06028	   0.00182	   0.00414	  -0.01612	   0.06028	  -0.01612	   0.02567
N         	   9.31094	  -2.90512	  -2.34181	  -0.03106	   0.00021	  -0.00315	   0.00021	   0.00193	   0.00045	  -0.00315	   0.00045	   0.02913
N         	   9.30977	   1.40795	  -2.34181	  -0.02734	   0.00152	  -0.00303	   0.00152	  -0.00158	   0.00046	  -0.00303	   0.00046	   0.02894
N         	   9.31167	   5.72105	  -2.34181	  -0.03325	   0.00189	  -0.00337	   0.00189	   0.00234	   0.00047	  -0.00337	   0.00047	   0.03091
N         	 -10.54557	  -5.06280	  -2.34181	  -0.03398	  -0.00000	   0.00000	  -0.00000	   0.00343	  -0.00008	   0.00000	  -0.00008	   0.03055
N         	 -10.54557	  -0.74851	  -2.34181	  -0.02800	  -0.00000	   0.00000	  -0.00000	  -0.00024	  -0.00008	   0.00000	  -0.00008	   0.02824
N         	 -10.54557	   3.56418	  -2.34181	  -0.03014	   0.00000	   0.00000	   0.00000	  -0.00043	  -0.00006	   0.00000	  -0.00006	   0.03057
N         	  -8.07802	  -5.06236	  -2.34181	  -0.03329	  -0.00134	  -0.00081	  -0.00134	   0.00302	   0.00020	  -0.00081	   0.00020	   0.03028
N         	  -8.07373	  -0.74767	  -2.34181	  -0.02616	  -0.00123	  -0.00112	  -0.00123	  -0.00145	   0.00020	  -0.00112	   0.00020	   0.02761
N         	  -8.07574	   3.56438	  -2.34181	  -0.03009	  -0.00363	  -0.00094	  -0.00363	  -0.00063	   0.00028	  -0.00094	   0.00028	   0.03072
N         	  -5.60946	  -5.06013	  -2.34081	  -0.02387	  -0.01446	  -0.02792	  -0.01446	   0.00706	   0.09489	  -0.02792	   0.09489	   0.01682
N         	  -5.59840	  -0.74494	  -2.34081	  -0.01448	  -0.01078	  -0.02180	  -0.01078	  -0.00025	   0.08703	  -0.02180	   0.08703	   0.01473
N         	  -5.60495	   3.56678	  -2.34081	  -0.01907	  -0.01695	  -0.02548	  -0.01695	   0.00236	   0.08793	  -0.02548	   0.08793	   0.01671
N         	  -3.35004	  -5.05640	  -1.37007	  -0.05524	  -0.01677	  -0.00629	  -0.01677	   0.00783	   0.02000	  -0.00629	   0.02000	   0.04741
N         	  -3.29066	  -0.74122	  -1.45440	  -0.02995	  -0.00862	   0.00976	  -0.00862	  -0.00554	   0.01637	   0.00976	   0.01637	   0.03548
N         	  -3.33319	   3.57150	  -1.39012	  -0.05639	  -0.02446	   0.00243	  -0.02446	   0.00284	   0.02617	   0.00243	   0.02617	   0.05355
N         	  -1.23437	  -5.05806	  -0.09495	  -0.02377	   0.01648	   0.01374	   0.01648	   0.00564	  -0.06228	   0.01374	  -0.06228	   0.01813
N         	  -1.23303	   3.58788	  -0.08942	  -0.01621	   0.02360	   0.01107	   0.02360	   0.02957	  -0.07783	   0.01107	  -0.07783	  -0.01336
N         	   1.23437	  -5.05806	  -0.09495	  -0.02377	  -0.01649	  -0.01374	  -0.01649	   0.00564	  -0.06228	  -0.01374	  -0.06228	   0.01813
N         	   1.23303	   3.58788	  -0.08942	  -0.01621	  -0.02360	  -0.01107	  -0.02360	   0.02957	  -0.07783	  -0.01107	  -0.07783	  -0.01336
N         	   3.35004	  -5.05640	  -1.37007	  -0.05524	   0.01677	   0.00629	   0.01677	   0.00783	   0.02000	   0.00629	   0.02000	   0.04741
N         	   3.29066	  -0.74122	  -1.45440	  -0.02995	   0.00862	  -0.00976	   0.00862	  -0.00554	   0.01637	  -0.00976	   0.01637	   0.03548
N         	   3.33319	   3.57150	  -1.39012	  -0.05640	   0.02446	  -0.00243	   0.02446	   0.00284	   0.02617	  -0.00243	   0.02617	   0.05355
N         	   5.60946	  -5.06013	  -2.34081	  -0.02389	   0.01446	   0.02792	   0.01446	   0.00706	   0.09489	   0.02792	   0.09489	   0.01682
N         	   5.59840	  -0.74494	  -2.34081	  -0.01449	   0.01078	   0.02180	   0.01078	  -0.00025	   0.08703	   0.02180	   0.08703	   0.01473
N         	   5.60495	   3.56678	  -2.34081	  -0.01907	   0.01695	   0.02548	   0.01695	   0.00236	   0.08793	   0.02548	   0.08793	   0.01671
N         	   8.07802	  -5.06236	  -2.34181	  -0.03329	   0.00134	   0.00081	   0.00134	   0.00302	   0.00020	   0.00081	   0.00020	   0.03028
N         	   8.07373	  -0.74767	  -2.34181	  -0.02616	   0.00123	   0.00112	   0.00123	  -0.00145	   0.00020	   0.00112	   0.00020	   0.02761
N         	   8.07574	   3.56438	  -2.34181	  -0.03009	   0.00363	   0.00094	   0.00363	  -0.00063	   0.00028	   0.00094	   0.00028	   0.03072
N         	   1.20098	  -0.77240	  -0.17486	   0.28243	  -0.22354	   0.01545	  -0.22354	  -0.13105	  -0.03115	   0.01545	  -0.03115	  -0.15138
N         	  -1.20098	  -0.77240	  -0.17486	   0.28243	   0.22354	  -0.01545	   0.22354	  -0.13105	  -0.03115	  -0.01545	  -0.03115	  -0.15138
N         	  -0.00000	   1.54481	   0.34971	  -0.29687	   0.00000	  -0.00000	   0.00000	   0.56650	   0.31195	  -0.00000	   0.31195	  -0.26963
