--------------------------------------------------------------------------------------------------------------------------------------------------------------------------
  AtomName	    r_1i_X	    r_1i_Y	    r_1i_Z	  iso[MHz]	       Axx	       Axy	       Axz	       Ayx	       Ayy	       Ayz	       Azx	       Azy	       Azz
--------------------------------------------------------------------------------------------------------------------------------------------------------------------------
10B  g-factor___:   0.600215 [No-unit]
11B  g-factor___:   1.792433 [No-unit]
14N  g-factor___:   0.403761 [No-unit]
15N  g-factor___:  -0.566378 [No-unit]
10B  etc____:	---       	---       	---       	   0.00000
11B  etc____:	---       	---       	---       	   0.00000
14N  etc____:	---       	---       	---       	   0.00000
15N  etc____:	---       	---       	---       	   0.00000
MinDif[A]:	 -10.63454	  -6.54890	  -2.39013
MaxDif[A]:	   9.39085	   6.51081	   0.29897
--------------------------------------------------------------------------------------------------------------------------------------------------------------------------
B         	  -9.38943	  -4.37422	  -2.39013	   0.00000	   0.06098	   0.00000	   0.01525	   0.00000	  -0.01525	   0.00000	   0.01525	   0.00000	  -0.04574
B         	  -9.38730	  -0.02075	  -2.39013	   0.00000	   0.09147	  -0.00000	   0.01525	  -0.00000	  -0.04574	  -0.00000	   0.01525	  -0.00000	  -0.04574
B         	  -9.38872	   4.33282	  -2.39013	   0.00000	   0.06098	  -0.00000	   0.01525	  -0.00000	  -0.01525	  -0.00000	   0.01525	  -0.00000	  -0.04574
B         	  -6.90004	  -4.37229	  -2.39010	  -0.01525	   0.06098	   0.03049	   0.03049	   0.03049	  -0.00000	   0.01525	   0.03049	   0.01525	  -0.06098
B         	  -6.89159	  -0.02016	  -2.39010	   0.15245	   0.15245	  -0.03049	   0.06098	  -0.03049	  -0.07623	  -0.00000	   0.06098	  -0.00000	  -0.09147
B         	  -6.89746	   4.33329	  -2.39010	   0.00000	   0.06098	  -0.03049	   0.03049	  -0.03049	  -0.00000	  -0.01525	   0.03049	  -0.01525	  -0.04574
B         	  -4.46900	  -4.36443	  -2.00158	  -0.04574	   0.03049	   0.10672	   0.10672	   0.10672	   0.07623	   0.06098	   0.10672	   0.06098	  -0.12196
B         	  -4.44091	  -0.01520	  -2.02166	   2.16482	   0.57932	  -0.41162	   0.32015	  -0.41162	  -0.15245	  -0.03049	   0.32015	  -0.03049	  -0.42687
B         	  -4.46557	   4.33938	  -1.99734	  -0.04574	   0.03049	  -0.10672	   0.10672	  -0.10672	   0.06098	  -0.06098	   0.10672	  -0.06098	  -0.09147
B         	  -2.32980	  -4.36099	  -0.73840	   1.60074	  -0.36588	   0.13721	   0.07623	   0.13721	   0.85373	  -0.01525	   0.07623	  -0.01525	  -0.48785
B         	  -2.24345	  -0.01538	  -0.79023	   1.11290	   0.03049	  -2.39349	   3.43017	  -2.39349	   0.96045	  -2.94232	   3.43017	  -2.94232	  -0.99094
B         	  -2.32682	   4.34335	  -0.73692	   3.36919	   0.39637	  -0.70128	   0.48785	  -0.70128	   0.13721	  -0.27441	   0.48785	  -0.27441	  -0.53358
B         	  -0.00000	  -4.36320	   0.02941	  -1.02143	  -0.22868	   0.00000	  -0.00000	   0.00000	   0.68603	  -0.04574	  -0.00000	  -0.04574	  -0.45736
B         	  -0.00000	   4.35332	   0.01956	  -0.89947	  -0.48785	   0.00000	   0.00000	   0.00000	   1.43305	  -0.25917	   0.00000	  -0.25917	  -0.92996
B         	   2.32980	  -4.36099	  -0.73840	   1.60074	  -0.36588	  -0.13721	  -0.07623	  -0.13721	   0.85373	  -0.01525	  -0.07623	  -0.01525	  -0.48785
B         	   2.24345	  -0.01538	  -0.79023	   1.11290	   0.03049	   2.39349	  -3.43017	   2.39349	   0.96045	  -2.94232	  -3.43017	  -2.94232	  -0.99094
B         	   2.32682	   4.34335	  -0.73692	   3.36919	   0.39637	   0.70128	  -0.48785	   0.70128	   0.13721	  -0.27441	  -0.48785	  -0.27441	  -0.53358
B         	   4.46900	  -4.36443	  -2.00158	  -0.04574	   0.03049	  -0.10672	  -0.10672	  -0.10672	   0.07623	   0.06098	  -0.10672	   0.06098	  -0.12196
B         	   4.44091	  -0.01520	  -2.02166	   2.16482	   0.57932	   0.41162	  -0.32015	   0.41162	  -0.15245	  -0.03049	  -0.32015	  -0.03049	  -0.41162
B         	   4.46557	   4.33938	  -1.99734	  -0.04574	   0.03049	   0.10672	  -0.10672	   0.10672	   0.06098	  -0.06098	  -0.10672	  -0.06098	  -0.09147
B         	   6.90004	  -4.37229	  -2.39010	   0.00000	   0.06098	  -0.03049	  -0.03049	  -0.03049	  -0.00000	   0.01525	  -0.03049	   0.01525	  -0.06098
B         	   6.89159	  -0.02016	  -2.39010	   0.15245	   0.15245	   0.03049	  -0.06098	   0.03049	  -0.07623	  -0.00000	  -0.06098	  -0.00000	  -0.09147
B         	   6.89745	   4.33329	  -2.39010	   0.00000	   0.06098	   0.03049	  -0.03049	   0.03049	  -0.00000	  -0.01525	  -0.03049	  -0.01525	  -0.04574
B         	   9.38943	  -4.37422	  -2.39013	   0.00000	   0.06098	  -0.00000	  -0.01525	  -0.00000	  -0.01525	   0.00000	  -0.01525	   0.00000	  -0.04574
B         	   9.38730	  -0.02075	  -2.39013	   0.00000	   0.09147	   0.00000	  -0.01525	   0.00000	  -0.04574	  -0.00000	  -0.01525	  -0.00000	  -0.04574
B         	   9.38872	   4.33282	  -2.39013	   0.00000	   0.06098	   0.00000	  -0.01525	   0.00000	  -0.01525	  -0.00000	  -0.01525	  -0.00000	  -0.04574
B         	 -10.63454	   6.50998	  -2.39013	   0.00000	   0.06098	   0.00000	  -0.00000	   0.00000	  -0.01525	  -0.00000	  -0.00000	  -0.00000	  -0.04574
B         	 -10.63454	  -2.19751	  -2.39013	   0.00000	   0.07623	   0.00000	   0.00000	   0.00000	  -0.03049	   0.00000	   0.00000	   0.00000	  -0.04574
B         	 -10.63454	   2.15546	  -2.39013	   0.00000	   0.07623	   0.00000	   0.00000	   0.00000	  -0.03049	  -0.00000	   0.00000	  -0.00000	  -0.04574
B         	  -8.14463	   6.51081	  -2.39013	   0.00000	   0.04574	  -0.00000	   0.01525	  -0.00000	  -0.00000	  -0.00000	   0.01525	  -0.00000	  -0.04574
B         	  -8.14214	  -2.19595	  -2.39013	   0.00000	   0.09147	   0.01525	   0.03049	   0.01525	  -0.04574	   0.00000	   0.03049	   0.00000	  -0.04574
B         	  -8.13936	   2.15549	  -2.39013	   0.00000	   0.09147	  -0.01525	   0.03049	  -0.01525	  -0.04574	  -0.00000	   0.03049	  -0.00000	  -0.04574
B         	  -5.65502	  -6.54890	  -2.38913	   0.00000	   0.03049	  -0.00000	   0.04574	  -0.00000	   0.03049	  -0.00000	   0.04574	  -0.00000	  -0.06098
B         	  -5.64756	  -2.19287	  -2.38913	  -0.06098	   0.13721	   0.09147	   0.12196	   0.09147	  -0.04574	   0.03049	   0.12196	   0.03049	  -0.10672
B         	  -5.64169	   2.15693	  -2.38913	   0.03049	   0.12196	  -0.07623	   0.10672	  -0.07623	  -0.04574	  -0.03049	   0.10672	  -0.03049	  -0.07623
B         	  -3.38275	  -6.54305	  -1.41348	   0.15245	  -0.07623	  -0.06098	   0.07623	  -0.06098	   0.21343	  -0.04574	   0.07623	  -0.04574	  -0.15245
B         	  -3.35203	  -2.18645	  -1.44432	  -0.88422	   0.24392	   0.50309	   0.64030	   0.50309	   0.09147	   0.33539	   0.64030	   0.33539	  -0.33539
B         	  -3.34037	   2.15834	  -1.44464	  -0.67079	   0.22868	  -0.30490	   0.44211	  -0.30490	   0.03049	  -0.16770	   0.44211	  -0.16770	  -0.25917
B         	  -1.21804	  -6.53675	  -0.20096	  -0.06098	  -0.21343	  -0.03049	   0.03049	  -0.03049	   0.44211	  -0.01525	   0.03049	  -0.01525	  -0.22868
B         	  -1.19683	  -2.17581	  -0.17871	  -2.94232	  -1.53976	  -0.56407	   0.45736	  -0.56407	   5.22910	   0.09147	   0.45736	   0.09147	  -3.68934
B         	  -1.19052	   2.15899	  -0.16888	  -8.94892	   3.20149	  -2.39349	   3.81130	  -2.39349	  -0.57932	  -0.86898	   3.81130	  -0.86898	  -2.62217
B         	   1.21804	  -6.53675	  -0.20096	  -0.06098	  -0.21343	   0.03049	  -0.03049	   0.03049	   0.44211	  -0.01525	  -0.03049	  -0.01525	  -0.22868
B         	   1.19683	  -2.17581	  -0.17871	  -2.94232	  -1.53976	   0.56407	  -0.45736	   0.56407	   5.22910	   0.09147	  -0.45736	   0.09147	  -3.68934
B         	   1.19052	   2.15899	  -0.16888	  -8.96417	   3.20149	   2.39349	  -3.81130	   2.39349	  -0.57932	  -0.86898	  -3.81130	  -0.86898	  -2.62217
B         	   3.38275	  -6.54305	  -1.41348	   0.15245	  -0.07623	   0.06098	  -0.07623	   0.06098	   0.21343	  -0.04574	  -0.07623	  -0.04574	  -0.15245
B         	   3.35203	  -2.18645	  -1.44432	  -0.88422	   0.24392	  -0.50309	  -0.64030	  -0.50309	   0.09147	   0.33539	  -0.64030	   0.33539	  -0.33539
B         	   3.34037	   2.15834	  -1.44464	  -0.67079	   0.22868	   0.30490	  -0.44211	   0.30490	   0.03049	  -0.16770	  -0.44211	  -0.16770	  -0.25917
B         	   5.65502	  -6.54890	  -2.38913	   0.00000	   0.03049	   0.00000	  -0.04574	   0.00000	   0.03049	  -0.00000	  -0.04574	  -0.00000	  -0.06098
B         	   5.64756	  -2.19287	  -2.38913	  -0.06098	   0.13721	  -0.09147	  -0.12196	  -0.09147	  -0.04574	   0.03049	  -0.12196	   0.03049	  -0.10672
B         	   5.64169	   2.15693	  -2.38913	   0.03049	   0.12196	   0.07623	  -0.10672	   0.07623	  -0.04574	  -0.03049	  -0.10672	  -0.03049	  -0.07623
B         	   8.14463	   6.51081	  -2.39013	   0.00000	   0.04574	   0.00000	  -0.01525	   0.00000	  -0.00000	  -0.00000	  -0.01525	  -0.00000	  -0.04574
B         	   8.14214	  -2.19595	  -2.39013	   0.00000	   0.09147	  -0.01525	  -0.03049	  -0.01525	  -0.04574	   0.00000	  -0.03049	   0.00000	  -0.04574
B         	   8.13935	   2.15549	  -2.39013	   0.00000	   0.09147	   0.01525	  -0.03049	   0.01525	  -0.04574	  -0.00000	  -0.03049	  -0.00000	  -0.04574
N         	  -9.39004	  -2.92512	  -2.39013	   0.00000	   0.07623	   0.01525	   0.01525	   0.01525	  -0.03049	   0.00000	   0.01525	   0.00000	  -0.04574
N         	  -9.38879	   1.42846	  -2.39013	   0.00000	   0.09147	  -0.00000	   0.01525	  -0.00000	  -0.04574	  -0.00000	   0.01525	  -0.00000	  -0.04574
N         	  -9.39085	   5.78201	  -2.39013	   0.00000	   0.06098	  -0.00000	   0.00000	  -0.00000	  -0.01525	  -0.00000	   0.00000	  -0.00000	  -0.04574
N         	  -6.90154	  -2.92296	  -2.39010	   0.04574	   0.09147	   0.04574	   0.06098	   0.04574	  -0.03049	   0.01525	   0.06098	   0.01525	  -0.06098
N         	  -6.89673	   1.42995	  -2.39010	   0.01525	   0.12196	  -0.03049	   0.06098	  -0.03049	  -0.06098	  -0.01525	   0.06098	  -0.01525	  -0.06098
N         	  -6.90406	   5.78364	  -2.39010	   0.00000	   0.04574	  -0.01525	   0.03049	  -0.01525	   0.00000	  -0.00000	   0.03049	  -0.00000	  -0.04574
N         	  -4.43995	  -2.92047	  -2.08376	   0.60981	   0.24392	   0.28966	   0.16770	   0.28966	  -0.03049	   0.09147	   0.16770	   0.09147	  -0.21343
N         	  -4.42757	   1.43568	  -2.09189	   0.25917	   0.25917	  -0.06098	   0.24392	  -0.06098	  -0.18294	  -0.09147	   0.24392	  -0.09147	  -0.09147
N         	  -4.44735	   5.78855	  -2.07241	   0.01525	  -0.01525	  -0.01525	   0.06098	  -0.01525	   0.10672	  -0.03049	   0.06098	  -0.03049	  -0.09147
N         	  -2.34057	  -2.92230	  -0.73695	  20.82492	  -0.09147	   4.05522	   2.34776	   4.05522	   1.67697	   2.92708	   2.34776	   2.92708	  -1.58550
N         	  -2.29189	   1.44178	  -0.78351	   5.22910	   1.92089	   1.53976	   1.23486	   1.53976	   0.85373	   0.99094	   1.23486	   0.99094	  -2.75938
N         	  -2.35320	   5.79500	  -0.72044	   1.57025	  -0.25917	  -0.30490	   0.09147	  -0.30490	   0.67079	  -0.12196	   0.09147	  -0.12196	  -0.41162
N         	  -0.00000	  -2.94021	   0.12735	  -3.18624	   3.12526	  -0.00000	   0.00000	  -0.00000	  -0.24392	  -0.22868	   0.00000	  -0.22868	  -2.88134
N         	  -0.00000	   5.80088	   0.08127	   0.32015	  -0.36588	  -0.00000	   0.00000	  -0.00000	   0.76226	   0.13721	   0.00000	   0.13721	  -0.39637
N         	   2.34057	  -2.92230	  -0.73695	  20.82492	  -0.09147	  -4.05522	  -2.34776	  -4.05522	   1.67697	   2.92708	  -2.34776	   2.92708	  -1.58550
N         	   2.29189	   1.44178	  -0.78351	   5.22910	   1.92089	  -1.53976	  -1.23486	  -1.53976	   0.85373	   0.99094	  -1.23486	   0.99094	  -2.75938
N         	   2.35319	   5.79500	  -0.72044	   1.57025	  -0.25917	   0.30490	  -0.09147	   0.30490	   0.67079	  -0.12196	  -0.09147	  -0.12196	  -0.41162
N         	   4.43994	  -2.92047	  -2.08376	   0.60981	   0.24392	  -0.28966	  -0.16770	  -0.28966	  -0.03049	   0.09147	  -0.16770	   0.09147	  -0.21343
N         	   4.42757	   1.43568	  -2.09189	   0.25917	   0.25917	   0.06098	  -0.24392	   0.06098	  -0.18294	  -0.09147	  -0.24392	  -0.09147	  -0.07623
N         	   4.44735	   5.78855	  -2.07241	   0.01525	  -0.01525	   0.01525	  -0.06098	   0.01525	   0.10672	  -0.03049	  -0.06098	  -0.03049	  -0.09147
N         	   6.90154	  -2.92296	  -2.39010	   0.04574	   0.10672	  -0.04574	  -0.06098	  -0.04574	  -0.03049	   0.01525	  -0.06098	   0.01525	  -0.06098
N         	   6.89673	   1.42995	  -2.39010	   0.01525	   0.12196	   0.03049	  -0.06098	   0.03049	  -0.06098	  -0.01525	  -0.06098	  -0.01525	  -0.06098
N         	   6.90406	   5.78364	  -2.39010	   0.00000	   0.04574	   0.01525	  -0.03049	   0.01525	   0.00000	  -0.00000	  -0.03049	  -0.00000	  -0.04574
N         	   9.39004	  -2.92512	  -2.39013	   0.00000	   0.07623	  -0.01525	  -0.01525	  -0.01525	  -0.03049	   0.00000	  -0.01525	   0.00000	  -0.04574
N         	   9.38879	   1.42846	  -2.39013	   0.00000	   0.09147	   0.00000	  -0.01525	   0.00000	  -0.04574	  -0.00000	  -0.01525	  -0.00000	  -0.04574
N         	   9.39085	   5.78201	  -2.39013	   0.00000	   0.06098	   0.00000	  -0.00000	   0.00000	  -0.01525	  -0.00000	  -0.00000	  -0.00000	  -0.04574
N         	 -10.63454	  -5.10360	  -2.39013	   0.00000	   0.06098	  -0.00000	   0.00000	  -0.00000	  -0.01525	   0.00000	   0.00000	   0.00000	  -0.04574
N         	 -10.63454	  -0.74827	  -2.39013	   0.00000	   0.09147	   0.00000	   0.00000	   0.00000	  -0.04574	   0.00000	   0.00000	   0.00000	  -0.04574
N         	 -10.63454	   3.60498	  -2.39013	   0.00000	   0.06098	   0.00000	   0.00000	   0.00000	  -0.03049	  -0.00000	   0.00000	  -0.00000	  -0.04574
N         	  -8.14733	  -5.10290	  -2.39013	   0.00000	   0.06098	   0.01525	   0.01525	   0.01525	  -0.01525	   0.00000	   0.01525	   0.00000	  -0.04574
N         	  -8.14319	  -0.74709	  -2.39013	   0.07623	   0.12196	   0.01525	   0.03049	   0.01525	  -0.06098	   0.00000	   0.03049	   0.00000	  -0.06098
N         	  -8.14538	   3.60532	  -2.39013	  -0.00000	   0.07623	  -0.01525	   0.01525	  -0.01525	  -0.03049	  -0.00000	   0.01525	  -0.00000	  -0.04574
N         	  -5.65947	  -5.10034	  -2.38913	   0.01525	   0.03049	   0.04574	   0.04574	   0.04574	   0.03049	   0.03049	   0.04574	   0.03049	  -0.06098
N         	  -5.64875	  -0.74446	  -2.38913	   1.06716	   0.50309	   0.12196	   0.12196	   0.12196	  -0.25917	   0.01525	   0.12196	   0.01525	  -0.24392
N         	  -5.65489	   3.60802	  -2.38913	  -0.00000	   0.06098	  -0.06098	   0.07623	  -0.06098	  -0.01525	  -0.03049	   0.07623	  -0.03049	  -0.04574
N         	  -3.37855	  -5.09586	  -1.41832	   0.97569	  -0.10672	   0.30490	   0.13721	   0.30490	   0.39637	   0.16770	   0.13721	   0.16770	  -0.28966
N         	  -3.33071	  -0.74034	  -1.48181	  21.41949	   1.95138	   1.76844	   4.92420	   1.76844	  -2.91183	   1.60074	   4.92420	   1.60074	   0.96045
N         	  -3.36736	   3.61373	  -1.42613	  -0.07623	   0.04574	  -0.30490	   0.16770	  -0.30490	   0.15245	  -0.04574	   0.16770	  -0.04574	  -0.19819
N         	  -1.24256	  -5.09706	  -0.13866	   0.12196	  -0.10672	   0.15245	   0.06098	   0.15245	   0.48785	   0.00000	   0.06098	   0.00000	  -0.39637
N         	  -1.24222	   3.63137	  -0.12836	  33.56990	  -3.68934	  -3.09477	   0.82324	  -3.09477	   7.34818	  -3.46066	   0.82324	  -3.46066	  -3.65884
N         	   1.24256	  -5.09706	  -0.13866	   0.13721	  -0.10672	  -0.15245	  -0.06098	  -0.15245	   0.48785	   0.00000	  -0.06098	   0.00000	  -0.39637
N         	   1.24222	   3.63137	  -0.12836	  33.56990	  -3.68934	   3.09477	  -0.82324	   3.09477	   7.34818	  -3.46066	  -0.82324	  -3.46066	  -3.65884
N         	   3.37855	  -5.09586	  -1.41832	   0.97569	  -0.10672	  -0.30490	  -0.13721	  -0.30490	   0.39637	   0.16770	  -0.13721	   0.16770	  -0.28966
N         	   3.33071	  -0.74034	  -1.48181	  21.41949	   1.95138	  -1.76844	  -4.93944	  -1.76844	  -2.91183	   1.60074	  -4.93944	   1.60074	   0.96045
N         	   3.36736	   3.61373	  -1.42613	  -0.07623	   0.04574	   0.30490	  -0.16770	   0.30490	   0.15245	  -0.04574	  -0.16770	  -0.04574	  -0.19819
N         	   5.65947	  -5.10034	  -2.38913	   0.01525	   0.03049	  -0.04574	  -0.04574	  -0.04574	   0.03049	   0.03049	  -0.04574	   0.03049	  -0.06098
N         	   5.64875	  -0.74446	  -2.38913	   1.05192	   0.50309	  -0.12196	  -0.12196	  -0.12196	  -0.25917	   0.01525	  -0.12196	   0.01525	  -0.24392
N         	   5.65489	   3.60802	  -2.38913	   0.00000	   0.06098	   0.06098	  -0.07623	   0.06098	  -0.01525	  -0.03049	  -0.07623	  -0.03049	  -0.04574
N         	   8.14733	  -5.10290	  -2.39013	   0.00000	   0.06098	  -0.01525	  -0.01525	  -0.01525	  -0.01525	   0.00000	  -0.01525	   0.00000	  -0.04574
N         	   8.14319	  -0.74709	  -2.39013	   0.07623	   0.12196	  -0.01525	  -0.03049	  -0.01525	  -0.06098	   0.00000	  -0.03049	   0.00000	  -0.06098
N         	   8.14538	   3.60532	  -2.39013	   0.00000	   0.07623	   0.01525	  -0.01525	   0.01525	  -0.03049	  -0.00000	  -0.01525	  -0.00000	  -0.04574
N         	   1.26507	  -0.77945	  -0.14948	 317.06938	  77.64373	 -75.67710	 -37.60987	 -75.67710	 -27.47183	  22.82204	 -37.60987	  22.82204	 -50.17191
N         	  -1.26507	  -0.77945	  -0.14948	 317.06938	  77.64373	  75.67710	  37.60987	  75.67710	 -27.47183	  22.82204	  37.60987	  22.82204	 -50.17191
N         	  -0.00000	   1.55889	   0.29897	 211.31353	 -95.29766	  -0.00000	  -0.00000	  -0.00000	 165.56272	  67.65814	  -0.00000	  67.65814	 -70.26506
