--------------------------------------------------------------------------------------------------------------------------------------------------------------------------
  AtomName	    r_1i_X	    r_1i_Y	    r_1i_Z	  iso[MHz]	       Axx	       Axy	       Axz	       Ayx	       Ayy	       Ayz	       Azx	       Azy	       Azz
--------------------------------------------------------------------------------------------------------------------------------------------------------------------------
10B  g-factor___:   0.600215 [No-unit]
11B  g-factor___:   1.792433 [No-unit]
14N  g-factor___:   0.403761 [No-unit]
15N  g-factor___:  -0.566378 [No-unit]
10B  etc____:	---       	---       	---       	   0.00000
11B  etc____:	---       	---       	---       	   0.00000
14N  etc____:	---       	---       	---       	   0.00000
15N  etc____:	---       	---       	---       	   0.00000
MinDif[A]:	 -11.99215	  -6.44815	   0.00000
MaxDif[A]:	  10.66694	   6.42816	   0.00000
--------------------------------------------------------------------------------------------------------------------------------------------------------------------------
B         	 -10.66355	  -4.32523	   0.00000	   0.00000	   0.06098	   0.00000	   0.00000	   0.00000	  -0.01525	  -0.00000	   0.00000	  -0.00000	  -0.04574
B         	 -10.66650	  -0.02580	   0.00000	   0.01525	   0.07623	  -0.00000	   0.00000	  -0.00000	  -0.03049	   0.00000	   0.00000	   0.00000	  -0.04574
B         	 -10.66214	   4.27067	   0.00000	   0.00000	   0.06098	  -0.00000	   0.00000	  -0.00000	  -0.01525	   0.00000	   0.00000	   0.00000	  -0.04574
B         	  -8.00633	  -4.32451	   0.00000	  -0.01525	   0.07623	   0.03049	   0.00000	   0.03049	  -0.01525	  -0.00000	   0.00000	  -0.00000	  -0.06098
B         	  -8.01852	  -0.02258	   0.00000	   0.18294	   0.15245	  -0.03049	   0.00000	  -0.03049	  -0.06098	   0.00000	   0.00000	   0.00000	  -0.09147
B         	  -8.00130	   4.27400	   0.00000	   0.00000	   0.06098	  -0.03049	   0.00000	  -0.03049	  -0.00000	   0.00000	   0.00000	   0.00000	  -0.06098
B         	  -5.34691	  -4.32110	   0.00000	  -0.13721	   0.12196	   0.12196	   0.00000	   0.12196	   0.07623	   0.00000	   0.00000	   0.00000	  -0.19819
B         	  -5.38019	  -0.01626	   0.00000	   2.34776	   0.62505	  -0.41162	   0.00000	  -0.41162	  -0.12196	   0.00000	   0.00000	   0.00000	  -0.51834
B         	  -5.33640	   4.28032	   0.00000	  -0.03049	   0.07623	  -0.10672	  -0.00000	  -0.10672	   0.07623	   0.00000	  -0.00000	   0.00000	  -0.13721
B         	  -2.67990	  -4.30841	   0.00000	   4.00948	  -0.54883	   0.01525	   0.00000	   0.01525	   1.37207	  -0.00000	   0.00000	  -0.00000	  -0.80799
B         	  -2.75587	  -0.00623	   0.00000	   0.10672	   2.89659	  -3.62835	  -0.00000	  -3.62835	   1.21961	   0.00000	  -0.00000	   0.00000	  -4.11620
B         	  -2.66317	   4.28132	   0.00000	   2.40874	   0.41162	  -0.54883	  -0.00000	  -0.54883	   0.16770	  -0.00000	  -0.00000	  -0.00000	  -0.57932
B         	   0.00000	  -4.27651	   0.00000	  -0.74701	  -0.16770	   0.00000	  -0.00000	   0.00000	   0.70128	   0.00000	  -0.00000	   0.00000	  -0.53358
B         	   0.00000	   4.27916	   0.00000	  -0.47260	  -0.39637	   0.00000	   0.00000	   0.00000	   1.23486	   0.00000	   0.00000	   0.00000	  -0.85373
B         	   2.67990	  -4.30841	   0.00000	   4.00948	  -0.54883	  -0.01525	  -0.00000	  -0.01525	   1.37207	  -0.00000	  -0.00000	  -0.00000	  -0.80799
B         	   2.75587	  -0.00623	   0.00000	   0.10672	   2.89659	   3.62835	   0.00000	   3.62835	   1.21961	   0.00000	   0.00000	   0.00000	  -4.11620
B         	   2.66317	   4.28132	   0.00000	   2.40874	   0.41162	   0.54883	   0.00000	   0.54883	   0.16770	  -0.00000	   0.00000	  -0.00000	  -0.57932
B         	   5.34691	  -4.32110	   0.00000	  -0.13721	   0.12196	  -0.12196	  -0.00000	  -0.12196	   0.07623	  -0.00000	  -0.00000	  -0.00000	  -0.19819
B         	   5.38019	  -0.01626	   0.00000	   2.34776	   0.62505	   0.41162	   0.00000	   0.41162	  -0.12196	  -0.00000	   0.00000	  -0.00000	  -0.51834
B         	   5.33640	   4.28032	   0.00000	  -0.03049	   0.07623	   0.10672	   0.00000	   0.10672	   0.07623	   0.00000	   0.00000	   0.00000	  -0.13721
B         	   8.00633	  -4.32451	   0.00000	  -0.01525	   0.07623	  -0.03049	   0.00000	  -0.03049	  -0.01525	  -0.00000	   0.00000	  -0.00000	  -0.06098
B         	   8.01852	  -0.02258	   0.00000	   0.18294	   0.15245	   0.03049	   0.00000	   0.03049	  -0.06098	  -0.00000	   0.00000	  -0.00000	  -0.09147
B         	   8.00130	   4.27400	   0.00000	   0.00000	   0.06098	   0.03049	   0.00000	   0.03049	  -0.00000	  -0.00000	   0.00000	  -0.00000	  -0.06098
B         	  10.66355	  -4.32523	   0.00000	   0.00000	   0.06098	  -0.00000	   0.00000	  -0.00000	  -0.01525	   0.00000	   0.00000	   0.00000	  -0.04574
B         	  10.66650	  -0.02580	   0.00000	   0.01525	   0.07623	   0.00000	   0.00000	   0.00000	  -0.03049	  -0.00000	   0.00000	  -0.00000	  -0.04574
B         	  10.66214	   4.27067	   0.00000	   0.00000	   0.06098	   0.00000	   0.00000	   0.00000	  -0.01525	  -0.00000	   0.00000	  -0.00000	  -0.04574
B         	 -11.99215	  -2.17601	   0.00000	   0.00000	   0.06098	  -0.00000	  -0.00000	  -0.00000	  -0.01525	   0.00000	  -0.00000	   0.00000	  -0.04574
B         	 -11.99215	   2.12287	   0.00000	   0.00000	   0.07623	   0.00000	  -0.00000	   0.00000	  -0.03049	  -0.00000	  -0.00000	  -0.00000	  -0.04574
B         	 -11.99215	   6.41807	   0.00000	   0.00000	   0.06098	   0.00000	   0.00000	   0.00000	  -0.03049	   0.00000	   0.00000	   0.00000	  -0.04574
B         	  -9.33867	  -2.17531	   0.00000	   0.00000	   0.06098	   0.00000	  -0.00000	   0.00000	  -0.01525	  -0.00000	  -0.00000	  -0.00000	  -0.04574
B         	  -9.33473	   2.12460	   0.00000	   0.00000	   0.09147	   0.01525	  -0.00000	   0.01525	  -0.03049	   0.00000	  -0.00000	   0.00000	  -0.06098
B         	  -9.33246	   6.41851	   0.00000	   0.00000	   0.07623	  -0.01525	   0.00000	  -0.01525	  -0.03049	   0.00000	   0.00000	   0.00000	  -0.04574
B         	  -6.68638	  -2.17296	   0.00000	  -0.01525	   0.04574	   0.00000	  -0.00000	   0.00000	   0.03049	   0.00000	  -0.00000	   0.00000	  -0.07623
B         	  -6.67729	   2.13069	   0.00000	  -0.09147	   0.19819	   0.07623	  -0.00000	   0.07623	  -0.04574	   0.00000	  -0.00000	   0.00000	  -0.15245
B         	  -6.67043	   6.42184	   0.00000	  -0.03049	   0.13721	  -0.07623	   0.00000	  -0.07623	  -0.03049	   0.00000	   0.00000	   0.00000	  -0.10672
B         	  -4.03379	  -2.16734	   0.00000	   0.19819	  -0.04574	  -0.06098	  -0.00000	  -0.06098	   0.25917	   0.00000	  -0.00000	   0.00000	  -0.21343
B         	  -4.01213	   2.13841	   0.00000	  -1.53976	   0.86898	   0.57932	  -0.00000	   0.57932	   0.04574	   0.00000	  -0.00000	   0.00000	  -0.92996
B         	  -4.00237	   6.42816	   0.00000	  -1.00618	   0.35064	  -0.30490	   0.00000	  -0.30490	   0.09147	   0.00000	   0.00000	   0.00000	  -0.45736
B         	  -1.35161	  -2.13409	   0.00000	  -0.07623	  -0.18294	  -0.01525	   0.00000	  -0.01525	   0.44211	   0.00000	   0.00000	   0.00000	  -0.24392
B         	  -1.32294	   2.10120	   0.00000	  -4.54307	  -1.35682	  -1.93614	  -0.00000	  -1.93614	   6.15906	   0.00000	  -0.00000	   0.00000	  -4.81748
B         	  -1.33071	  -6.44815	   0.00000	  -4.58880	   4.48208	  -2.25629	   0.00000	  -2.25629	  -0.36588	   0.00000	   0.00000	   0.00000	  -4.11620
B         	   1.35161	  -2.13409	   0.00000	  -0.07623	  -0.18294	   0.01525	  -0.00000	   0.01525	   0.44211	   0.00000	  -0.00000	   0.00000	  -0.24392
B         	   1.32294	   2.10120	   0.00000	  -4.54307	  -1.35682	   1.93614	   0.00000	   1.93614	   6.15906	   0.00000	   0.00000	   0.00000	  -4.81748
B         	   1.33071	  -6.44815	   0.00000	  -4.58880	   4.48208	   2.25629	   0.00000	   2.25629	  -0.36588	   0.00000	   0.00000	   0.00000	  -4.11620
B         	   4.03379	  -2.16734	   0.00000	   0.19819	  -0.04574	   0.06098	   0.00000	   0.06098	   0.25917	   0.00000	   0.00000	   0.00000	  -0.21343
B         	   4.01213	   2.13841	   0.00000	  -1.53976	   0.86898	  -0.57932	  -0.00000	  -0.57932	   0.04574	  -0.00000	  -0.00000	  -0.00000	  -0.92996
B         	   4.00237	   6.42816	   0.00000	  -1.00618	   0.35064	   0.30490	   0.00000	   0.30490	   0.09147	  -0.00000	   0.00000	  -0.00000	  -0.45736
B         	   6.68638	  -2.17296	   0.00000	  -0.01525	   0.04574	  -0.00000	   0.00000	  -0.00000	   0.03049	   0.00000	   0.00000	   0.00000	  -0.07623
B         	   6.67729	   2.13069	   0.00000	  -0.09147	   0.19819	  -0.07623	  -0.00000	  -0.07623	  -0.04574	  -0.00000	  -0.00000	  -0.00000	  -0.15245
B         	   6.67043	   6.42184	   0.00000	  -0.03049	   0.13721	   0.07623	   0.00000	   0.07623	  -0.03049	  -0.00000	   0.00000	  -0.00000	  -0.10672
B         	   9.33867	  -2.17531	   0.00000	   0.00000	   0.06098	  -0.00000	   0.00000	  -0.00000	  -0.01525	   0.00000	   0.00000	   0.00000	  -0.04574
B         	   9.33473	   2.12460	   0.00000	   0.00000	   0.09147	  -0.01525	  -0.00000	  -0.01525	  -0.03049	  -0.00000	  -0.00000	  -0.00000	  -0.06098
B         	   9.33246	   6.41851	   0.00000	   0.00000	   0.07623	   0.01525	   0.00000	   0.01525	  -0.03049	  -0.00000	   0.00000	  -0.00000	  -0.04574
N         	 -10.66694	  -2.87587	   0.00000	   0.00000	   0.07623	   0.00000	   0.00000	   0.00000	  -0.03049	   0.00000	   0.00000	   0.00000	  -0.04574
N         	 -10.66613	   1.42437	   0.00000	   0.00000	   0.07623	  -0.00000	  -0.00000	  -0.00000	  -0.03049	   0.00000	  -0.00000	   0.00000	  -0.04574
N         	 -10.66425	   5.72024	   0.00000	   0.00000	   0.06098	  -0.00000	  -0.00000	  -0.00000	  -0.01525	  -0.00000	  -0.00000	  -0.00000	  -0.04574
N         	  -8.01705	  -2.87550	   0.00000	   0.04574	   0.10672	   0.04574	   0.00000	   0.04574	  -0.03049	   0.00000	   0.00000	   0.00000	  -0.07623
N         	  -8.01529	   1.42816	   0.00000	  -0.01525	   0.12196	  -0.03049	  -0.00000	  -0.03049	  -0.04574	   0.00000	  -0.00000	   0.00000	  -0.07623
N         	  -8.00690	   5.72327	   0.00000	   0.00000	   0.06098	  -0.00000	  -0.00000	  -0.00000	   0.00000	   0.00000	  -0.00000	   0.00000	  -0.06098
N         	  -5.36728	  -2.87503	   0.00000	   0.74701	   0.30490	   0.36588	   0.00000	   0.36588	   0.03049	   0.00000	   0.00000	   0.00000	  -0.33539
N         	  -5.36501	   1.43664	   0.00000	  -0.19819	   0.30490	  -0.12196	  -0.00000	  -0.12196	  -0.03049	   0.00000	  -0.00000	   0.00000	  -0.27441
N         	  -5.34416	   5.73040	   0.00000	   0.03049	   0.00000	   0.01525	  -0.00000	   0.01525	   0.13721	   0.00000	  -0.00000	   0.00000	  -0.15245
N         	  -2.71052	  -2.87176	   0.00000	  36.19207	   1.63123	   8.40010	   0.00000	   8.40010	   3.91801	   0.00000	   0.00000	   0.00000	  -5.53400
N         	  -2.71187	   1.44743	   0.00000	  -0.47260	  -0.51834	   0.65554	   0.00000	   0.65554	   3.49115	   0.00000	   0.00000	   0.00000	  -2.98806
N         	  -2.67070	   5.73837	   0.00000	   1.70746	  -0.15245	  -0.27441	  -0.00000	  -0.27441	   0.51834	  -0.00000	  -0.00000	  -0.00000	  -0.36588
N         	   0.00000	  -2.82998	   0.00000	   5.21385	   3.20149	   0.00000	   0.00000	   0.00000	   0.01525	   0.00000	   0.00000	   0.00000	  -3.21673
N         	   0.00000	   5.74105	   0.00000	   0.07623	  -0.22868	   0.00000	   0.00000	   0.00000	   0.56407	   0.00000	   0.00000	   0.00000	  -0.33539
N         	   2.71052	  -2.87176	   0.00000	  36.19207	   1.63123	  -8.40010	  -0.00000	  -8.40010	   3.91801	  -0.00000	  -0.00000	  -0.00000	  -5.53400
N         	   2.71187	   1.44743	   0.00000	  -0.47260	  -0.51834	  -0.65554	   0.00000	  -0.65554	   3.49115	  -0.00000	   0.00000	  -0.00000	  -2.98806
N         	   2.67070	   5.73837	   0.00000	   1.70746	  -0.15245	   0.27441	   0.00000	   0.27441	   0.51834	  -0.00000	   0.00000	  -0.00000	  -0.36588
N         	   5.36728	  -2.87503	   0.00000	   0.74701	   0.30490	  -0.36588	   0.00000	  -0.36588	   0.03049	  -0.00000	   0.00000	  -0.00000	  -0.33539
N         	   5.36501	   1.43664	   0.00000	  -0.19819	   0.30490	   0.12196	  -0.00000	   0.12196	  -0.03049	  -0.00000	  -0.00000	  -0.00000	  -0.27441
N         	   5.34416	   5.73040	   0.00000	   0.03049	   0.00000	  -0.01525	   0.00000	  -0.01525	   0.13721	   0.00000	   0.00000	   0.00000	  -0.15245
N         	   8.01705	  -2.87550	   0.00000	   0.04574	   0.10672	  -0.04574	   0.00000	  -0.04574	  -0.03049	  -0.00000	   0.00000	  -0.00000	  -0.07623
N         	   8.01529	   1.42816	   0.00000	  -0.01525	   0.12196	   0.03049	  -0.00000	   0.03049	  -0.04574	  -0.00000	  -0.00000	  -0.00000	  -0.07623
N         	   8.00690	   5.72327	   0.00000	   0.00000	   0.06098	   0.00000	  -0.00000	   0.00000	   0.00000	  -0.00000	  -0.00000	  -0.00000	  -0.06098
N         	  10.66694	  -2.87587	   0.00000	   0.00000	   0.07623	  -0.00000	   0.00000	  -0.00000	  -0.03049	  -0.00000	   0.00000	  -0.00000	  -0.04574
N         	  10.66613	   1.42437	   0.00000	   0.00000	   0.07623	   0.00000	  -0.00000	   0.00000	  -0.03049	  -0.00000	  -0.00000	  -0.00000	  -0.04574
N         	  10.66425	   5.72024	   0.00000	   0.00000	   0.06098	   0.00000	   0.00000	   0.00000	  -0.01525	   0.00000	   0.00000	   0.00000	  -0.04574
N         	 -11.99215	  -5.02419	   0.00000	   0.00000	   0.06098	  -0.00000	  -0.00000	  -0.00000	  -0.01525	  -0.00000	  -0.00000	  -0.00000	  -0.04574
N         	 -11.99215	  -0.72613	   0.00000	   0.00000	   0.07623	   0.00000	  -0.00000	   0.00000	  -0.03049	  -0.00000	  -0.00000	  -0.00000	  -0.04574
N         	 -11.99215	   3.57263	   0.00000	   0.00000	   0.06098	   0.00000	  -0.00000	   0.00000	  -0.03049	   0.00000	  -0.00000	   0.00000	  -0.04574
N         	  -9.33811	  -5.02390	   0.00000	   0.00000	   0.06098	   0.01525	  -0.00000	   0.01525	  -0.01525	  -0.00000	  -0.00000	  -0.00000	  -0.04574
N         	  -9.34596	  -0.72532	   0.00000	   0.06098	   0.12196	   0.01525	  -0.00000	   0.01525	  -0.04574	   0.00000	  -0.00000	   0.00000	  -0.06098
N         	  -9.33655	   3.57460	   0.00000	   0.00000	   0.06098	  -0.01525	   0.00000	  -0.01525	  -0.01525	   0.00000	   0.00000	   0.00000	  -0.04574
N         	  -6.68192	  -5.02185	   0.00000	   0.04574	   0.06098	   0.06098	  -0.00000	   0.06098	   0.03049	  -0.00000	  -0.00000	  -0.00000	  -0.09147
N         	  -6.70659	  -0.72276	   0.00000	   1.29584	   0.51834	   0.13721	   0.00000	   0.13721	  -0.22868	   0.00000	   0.00000	   0.00000	  -0.28966
N         	  -6.67922	   3.58165	   0.00000	  -0.01525	   0.09147	  -0.06098	   0.00000	  -0.06098	   0.01525	   0.00000	   0.00000	   0.00000	  -0.10672
N         	  -4.01807	  -5.01622	   0.00000	   1.99712	  -0.01525	   0.64030	  -0.00000	   0.64030	   0.56407	  -0.00000	  -0.00000	  -0.00000	  -0.54883
N         	  -4.08777	  -0.72033	   0.00000	  23.21842	   6.32675	   3.38443	   0.00000	   3.38443	  -2.65266	  -0.00000	   0.00000	  -0.00000	  -3.67409
N         	  -4.01583	   3.59277	   0.00000	   0.30490	   0.07623	  -0.27441	  -0.00000	  -0.27441	   0.27441	  -0.00000	  -0.00000	  -0.00000	  -0.35064
N         	  -1.33757	  -4.99671	   0.00000	  -0.01525	  -0.12196	   0.12196	   0.00000	   0.12196	   0.53358	   0.00000	   0.00000	   0.00000	  -0.42687
N         	  -1.34080	   3.58826	   0.00000	  23.96543	  -2.43923	  -3.21673	   0.00000	  -3.21673	   5.97611	  -0.00000	   0.00000	  -0.00000	  -3.53688
N         	   1.33757	  -4.99671	   0.00000	  -0.01525	  -0.12196	  -0.12196	  -0.00000	  -0.12196	   0.53358	   0.00000	  -0.00000	   0.00000	  -0.42687
N         	   1.34080	   3.58826	   0.00000	  23.96543	  -2.43923	   3.21673	  -0.00000	   3.21673	   5.97611	  -0.00000	  -0.00000	  -0.00000	  -3.53688
N         	   4.01807	  -5.01622	   0.00000	   1.99712	  -0.01525	  -0.64030	   0.00000	  -0.64030	   0.56407	   0.00000	   0.00000	   0.00000	  -0.54883
N         	   4.08777	  -0.72033	   0.00000	  23.21842	   6.32675	  -3.38443	   0.00000	  -3.38443	  -2.65266	  -0.00000	   0.00000	  -0.00000	  -3.67409
N         	   4.01583	   3.59277	   0.00000	   0.30490	   0.07623	   0.27441	  -0.00000	   0.27441	   0.27441	   0.00000	  -0.00000	   0.00000	  -0.35064
N         	   6.68192	  -5.02185	   0.00000	   0.04574	   0.06098	  -0.06098	   0.00000	  -0.06098	   0.03049	   0.00000	   0.00000	   0.00000	  -0.09147
N         	   6.70659	  -0.72276	   0.00000	   1.29584	   0.51834	  -0.13721	  -0.00000	  -0.13721	  -0.22868	  -0.00000	  -0.00000	  -0.00000	  -0.28966
N         	   6.67922	   3.58165	   0.00000	  -0.01525	   0.09147	   0.06098	  -0.00000	   0.06098	   0.01525	   0.00000	  -0.00000	   0.00000	  -0.10672
N         	   9.33811	  -5.02390	   0.00000	   0.00000	   0.06098	  -0.01525	   0.00000	  -0.01525	  -0.01525	  -0.00000	   0.00000	  -0.00000	  -0.04574
N         	   9.34596	  -0.72532	   0.00000	   0.06098	   0.12196	  -0.01525	  -0.00000	  -0.01525	  -0.04574	  -0.00000	  -0.00000	  -0.00000	  -0.06098
N         	   9.33655	   3.57460	   0.00000	   0.00000	   0.06098	   0.01525	  -0.00000	   0.01525	  -0.01525	   0.00000	  -0.00000	   0.00000	  -0.04574
N         	   1.56212	  -0.75890	   0.00000	 248.70997	  75.53990	-112.35702	   0.00000	-112.35702	  -3.00330	   0.00000	   0.00000	   0.00000	 -72.55184
N         	  -1.56212	  -0.75890	   0.00000	 248.70997	  75.53990	 112.35702	   0.00000	 112.35702	  -3.00330	   0.00000	   0.00000	   0.00000	 -72.55184
N         	   0.00000	   1.51779	   0.00000	 260.29631	 -70.44801	   0.00000	  -0.00000	   0.00000	 133.76126	   0.00000	  -0.00000	   0.00000	 -63.31326
