--------------------------------------------------------------------------------------------------------------------------------------------------------------------------
  AtomName	    r_1i_X	    r_1i_Y	    r_1i_Z	     EFGxx	     EFGxy	     EFGxz	     EFGyx	     EFGyy	     EFGyz	     EFGzx	     EFGzy	     EFGzz	[Hatree/Bohr_radius^2]
--------------------------------------------------------------------------------------------------------------------------------------------------------------------------
10B  eQ___:	  8.459000	[Q/milibarn]*(10^-1)
11B  eQ___:	  4.059000	[Q/milibarn]*(10^-1)
14N  eQ___:	  2.044000	[Q/milibarn]*(10^-1)
15N  eQ___:	  0.000000	[Q/milibarn]*(10^-1)
10B  etc____:	---       	---       	---       	  -0.15259	  -0.00000	   0.00000	  -0.00000	  -0.18359	  -0.00000	   0.00000	  -0.00000	   0.33618
11B  etc____:	---       	---       	---       	  -0.15259	  -0.00000	   0.00000	  -0.00000	  -0.18359	  -0.00000	   0.00000	  -0.00000	   0.33618
14N  etc____:	---       	---       	---       	   0.14183	   0.00000	   0.00000	   0.00000	  -0.09491	  -0.00000	   0.00000	  -0.00000	  -0.04691
15N  etc____:	---       	---       	---       	   0.14183	   0.00000	   0.00000	   0.00000	  -0.09491	  -0.00000	   0.00000	  -0.00000	  -0.04691
MinDif[A]:	 -11.99215	  -6.44815	   0.00000
MaxDif[A]:	  10.66694	   6.42816	   0.00000
--------------------------------------------------------------------------------------------------------------------------------------------------------------------------
B         	 -10.66355	  -4.32523	   0.00000	  -0.15228	   0.00310	  -0.00000	   0.00310	  -0.18393	  -0.00000	  -0.00000	  -0.00000	   0.33621
B         	 -10.66650	  -0.02580	   0.00000	  -0.15353	   0.00376	  -0.00000	   0.00376	  -0.18374	   0.00000	  -0.00000	   0.00000	   0.33727
B         	 -10.66214	   4.27067	   0.00000	  -0.15325	   0.00391	   0.00000	   0.00391	  -0.18313	   0.00000	   0.00000	   0.00000	   0.33638
B         	  -8.00633	  -4.32451	   0.00000	  -0.15127	   0.00853	  -0.00000	   0.00853	  -0.18417	  -0.00000	  -0.00000	  -0.00000	   0.33544
B         	  -8.01852	  -0.02258	   0.00000	  -0.15421	   0.01147	   0.00000	   0.01147	  -0.18354	   0.00000	   0.00000	   0.00000	   0.33774
B         	  -8.00130	   4.27400	   0.00000	  -0.15347	   0.01158	   0.00000	   0.01158	  -0.18250	  -0.00000	   0.00000	  -0.00000	   0.33597
B         	  -5.34691	  -4.32110	   0.00000	  -0.14612	   0.01187	   0.00000	   0.01187	  -0.18701	  -0.00000	   0.00000	  -0.00000	   0.33313
B         	  -5.38019	  -0.01626	   0.00000	  -0.15560	   0.02265	   0.00000	   0.02265	  -0.18295	  -0.00000	   0.00000	  -0.00000	   0.33855
B         	  -5.33640	   4.28032	   0.00000	  -0.15422	   0.01821	  -0.00000	   0.01821	  -0.18016	   0.00000	  -0.00000	   0.00000	   0.33439
B         	  -2.67990	  -4.30841	   0.00000	  -0.13461	   0.01293	   0.00000	   0.01293	  -0.19492	   0.00000	   0.00000	   0.00000	   0.32952
B         	  -2.75587	  -0.00623	   0.00000	  -0.13708	   0.05450	  -0.00000	   0.05450	  -0.19157	   0.00000	  -0.00000	   0.00000	   0.32866
B         	  -2.66317	   4.28132	   0.00000	  -0.15702	   0.01920	  -0.00000	   0.01920	  -0.17351	   0.00000	  -0.00000	   0.00000	   0.33053
B         	   0.00000	  -4.27651	   0.00000	  -0.12575	   0.00000	  -0.00000	   0.00000	  -0.19853	   0.00000	  -0.00000	   0.00000	   0.32429
B         	   0.00000	   4.27916	   0.00000	  -0.16005	   0.00000	  -0.00000	   0.00000	  -0.16727	  -0.00000	  -0.00000	  -0.00000	   0.32732
B         	   2.67990	  -4.30841	   0.00000	  -0.13461	  -0.01293	  -0.00000	  -0.01293	  -0.19492	  -0.00000	  -0.00000	  -0.00000	   0.32952
B         	   2.75587	  -0.00623	   0.00000	  -0.13708	  -0.05450	  -0.00000	  -0.05450	  -0.19157	  -0.00000	  -0.00000	  -0.00000	   0.32866
B         	   2.66317	   4.28132	   0.00000	  -0.15702	  -0.01920	  -0.00000	  -0.01920	  -0.17351	  -0.00000	  -0.00000	  -0.00000	   0.33053
B         	   5.34691	  -4.32110	   0.00000	  -0.14612	  -0.01187	   0.00000	  -0.01187	  -0.18701	   0.00000	   0.00000	   0.00000	   0.33313
B         	   5.38019	  -0.01626	   0.00000	  -0.15560	  -0.02265	   0.00000	  -0.02265	  -0.18295	   0.00000	   0.00000	   0.00000	   0.33855
B         	   5.33640	   4.28032	   0.00000	  -0.15422	  -0.01821	  -0.00000	  -0.01821	  -0.18016	   0.00000	  -0.00000	   0.00000	   0.33439
B         	   8.00633	  -4.32451	   0.00000	  -0.15127	  -0.00853	  -0.00000	  -0.00853	  -0.18417	   0.00000	  -0.00000	   0.00000	   0.33544
B         	   8.01852	  -0.02258	   0.00000	  -0.15421	  -0.01147	  -0.00000	  -0.01147	  -0.18354	  -0.00000	  -0.00000	  -0.00000	   0.33774
B         	   8.00130	   4.27400	   0.00000	  -0.15347	  -0.01158	  -0.00000	  -0.01158	  -0.18250	   0.00000	  -0.00000	   0.00000	   0.33597
B         	  10.66355	  -4.32523	   0.00000	  -0.15228	  -0.00310	  -0.00000	  -0.00310	  -0.18393	   0.00000	  -0.00000	   0.00000	   0.33621
B         	  10.66650	  -0.02580	   0.00000	  -0.15353	  -0.00376	  -0.00000	  -0.00376	  -0.18374	  -0.00000	  -0.00000	  -0.00000	   0.33727
B         	  10.66214	   4.27067	   0.00000	  -0.15325	  -0.00391	   0.00000	  -0.00391	  -0.18313	  -0.00000	   0.00000	  -0.00000	   0.33638
B         	 -11.99215	  -2.17601	   0.00000	  -0.15273	  -0.00000	   0.00000	  -0.00000	  -0.18387	   0.00000	   0.00000	   0.00000	   0.33660
B         	 -11.99215	   2.12287	   0.00000	  -0.15330	  -0.00000	   0.00000	  -0.00000	  -0.18343	  -0.00000	   0.00000	  -0.00000	   0.33674
B         	 -11.99215	   6.41807	   0.00000	  -0.15259	  -0.00000	   0.00000	  -0.00000	  -0.18359	  -0.00000	   0.00000	  -0.00000	   0.33618
B         	  -9.33867	  -2.17531	   0.00000	  -0.15257	   0.00657	  -0.00000	   0.00657	  -0.18379	  -0.00000	  -0.00000	  -0.00000	   0.33638
B         	  -9.33473	   2.12460	   0.00000	  -0.15382	   0.00906	   0.00000	   0.00906	  -0.18286	   0.00000	   0.00000	   0.00000	   0.33668
B         	  -9.33246	   6.41851	   0.00000	  -0.15264	   0.00635	  -0.00000	   0.00635	  -0.18330	  -0.00000	  -0.00000	  -0.00000	   0.33594
B         	  -6.68638	  -2.17296	   0.00000	  -0.15094	   0.01320	  -0.00000	   0.01320	  -0.18391	   0.00000	  -0.00000	   0.00000	   0.33484
B         	  -6.67729	   2.13069	   0.00000	  -0.15483	   0.01926	  -0.00000	   0.01926	  -0.18083	   0.00000	  -0.00000	   0.00000	   0.33566
B         	  -6.67043	   6.42184	   0.00000	  -0.15133	   0.01149	   0.00000	   0.01149	  -0.18385	  -0.00000	   0.00000	  -0.00000	   0.33517
B         	  -4.03379	  -2.16734	   0.00000	  -0.14207	   0.02007	   0.00000	   0.02007	  -0.18569	   0.00000	   0.00000	   0.00000	   0.32775
B         	  -4.01213	   2.13841	   0.00000	  -0.15788	   0.03393	  -0.00000	   0.03393	  -0.17303	   0.00000	  -0.00000	   0.00000	   0.33091
B         	  -4.00237	   6.42816	   0.00000	  -0.14860	   0.01295	   0.00000	   0.01295	  -0.18505	   0.00000	   0.00000	   0.00000	   0.33365
B         	  -1.35161	  -2.13409	   0.00000	  -0.09922	   0.05694	  -0.00000	   0.05694	  -0.20470	   0.00000	  -0.00000	   0.00000	   0.30392
B         	  -1.32294	   2.10120	   0.00000	  -0.18837	   0.03198	  -0.00000	   0.03198	  -0.12058	   0.00000	  -0.00000	   0.00000	   0.30894
B         	  -1.33071	  -6.44815	   0.00000	  -0.14502	   0.00754	   0.00000	   0.00754	  -0.18528	  -0.00000	   0.00000	  -0.00000	   0.33031
B         	   1.35161	  -2.13409	   0.00000	  -0.09922	  -0.05694	  -0.00000	  -0.05694	  -0.20470	  -0.00000	  -0.00000	  -0.00000	   0.30392
B         	   1.32294	   2.10120	   0.00000	  -0.18837	  -0.03198	  -0.00000	  -0.03198	  -0.12058	  -0.00000	  -0.00000	  -0.00000	   0.30894
B         	   1.33071	  -6.44815	   0.00000	  -0.14502	  -0.00754	   0.00000	  -0.00754	  -0.18528	   0.00000	   0.00000	   0.00000	   0.33031
B         	   4.03379	  -2.16734	   0.00000	  -0.14207	  -0.02007	   0.00000	  -0.02007	  -0.18569	  -0.00000	   0.00000	  -0.00000	   0.32775
B         	   4.01213	   2.13841	   0.00000	  -0.15788	  -0.03393	  -0.00000	  -0.03393	  -0.17303	  -0.00000	  -0.00000	  -0.00000	   0.33091
B         	   4.00237	   6.42816	   0.00000	  -0.14860	  -0.01295	  -0.00000	  -0.01295	  -0.18505	   0.00000	  -0.00000	   0.00000	   0.33365
B         	   6.68638	  -2.17296	   0.00000	  -0.15094	  -0.01320	  -0.00000	  -0.01320	  -0.18391	  -0.00000	  -0.00000	  -0.00000	   0.33484
B         	   6.67729	   2.13069	   0.00000	  -0.15483	  -0.01926	  -0.00000	  -0.01926	  -0.18083	   0.00000	  -0.00000	   0.00000	   0.33566
B         	   6.67043	   6.42184	   0.00000	  -0.15133	  -0.01149	   0.00000	  -0.01149	  -0.18385	  -0.00000	   0.00000	  -0.00000	   0.33517
B         	   9.33867	  -2.17531	   0.00000	  -0.15257	  -0.00657	  -0.00000	  -0.00657	  -0.18379	   0.00000	  -0.00000	   0.00000	   0.33638
B         	   9.33473	   2.12460	   0.00000	  -0.15382	  -0.00906	   0.00000	  -0.00906	  -0.18286	  -0.00000	   0.00000	  -0.00000	   0.33668
B         	   9.33246	   6.41851	   0.00000	  -0.15264	  -0.00635	  -0.00000	  -0.00635	  -0.18330	  -0.00000	  -0.00000	  -0.00000	   0.33594
N         	 -10.66694	  -2.87587	   0.00000	   0.13680	  -0.00295	   0.00000	  -0.00295	  -0.09206	  -0.00000	   0.00000	  -0.00000	  -0.04473
N         	 -10.66613	   1.42437	   0.00000	   0.14058	   0.00103	  -0.00000	   0.00103	  -0.09045	   0.00000	  -0.00000	   0.00000	  -0.05013
N         	 -10.66425	   5.72024	   0.00000	   0.14563	  -0.00117	  -0.00000	  -0.00117	  -0.09640	  -0.00000	  -0.00000	  -0.00000	  -0.04922
N         	  -8.01705	  -2.87550	   0.00000	   0.13446	  -0.01002	  -0.00000	  -0.01002	  -0.09262	   0.00000	  -0.00000	   0.00000	  -0.04184
N         	  -8.01529	   1.42816	   0.00000	   0.13998	   0.00586	  -0.00000	   0.00586	  -0.08837	  -0.00000	  -0.00000	  -0.00000	  -0.05161
N         	  -8.00690	   5.72327	   0.00000	   0.14972	  -0.00193	   0.00000	  -0.00193	  -0.09997	   0.00000	   0.00000	   0.00000	  -0.04976
N         	  -5.36728	  -2.87503	   0.00000	   0.13424	  -0.02096	  -0.00000	  -0.02096	  -0.09656	  -0.00000	  -0.00000	  -0.00000	  -0.03769
N         	  -5.36501	   1.43664	   0.00000	   0.14616	   0.01753	  -0.00000	   0.01753	  -0.08607	  -0.00000	  -0.00000	  -0.00000	  -0.06008
N         	  -5.34416	   5.73040	   0.00000	   0.15761	  -0.00073	   0.00000	  -0.00073	  -0.10537	   0.00000	   0.00000	   0.00000	  -0.05225
N         	  -2.71052	  -2.87176	   0.00000	   0.17318	   0.01001	   0.00000	   0.01001	  -0.09390	   0.00000	   0.00000	   0.00000	  -0.07928
N         	  -2.71187	   1.44743	   0.00000	   0.16550	   0.04342	   0.00000	   0.04342	  -0.07655	  -0.00000	   0.00000	  -0.00000	  -0.08894
N         	  -2.67070	   5.73837	   0.00000	   0.16215	   0.00056	  -0.00000	   0.00056	  -0.09848	  -0.00000	  -0.00000	  -0.00000	  -0.06367
N         	   0.00000	  -2.82998	   0.00000	   0.21385	   0.00000	  -0.00000	   0.00000	  -0.09331	   0.00000	  -0.00000	   0.00000	  -0.12054
N         	   0.00000	   5.74105	   0.00000	   0.15604	  -0.00000	  -0.00000	  -0.00000	  -0.09351	   0.00000	  -0.00000	   0.00000	  -0.06253
N         	   2.71052	  -2.87176	   0.00000	   0.17318	  -0.01001	   0.00000	  -0.01001	  -0.09390	  -0.00000	   0.00000	  -0.00000	  -0.07928
N         	   2.71187	   1.44743	   0.00000	   0.16550	  -0.04342	   0.00000	  -0.04342	  -0.07655	   0.00000	   0.00000	   0.00000	  -0.08894
N         	   2.67070	   5.73837	   0.00000	   0.16215	  -0.00056	  -0.00000	  -0.00056	  -0.09848	   0.00000	  -0.00000	   0.00000	  -0.06367
N         	   5.36728	  -2.87503	   0.00000	   0.13424	   0.02096	  -0.00000	   0.02096	  -0.09656	   0.00000	  -0.00000	   0.00000	  -0.03769
N         	   5.36501	   1.43664	   0.00000	   0.14616	  -0.01753	  -0.00000	  -0.01753	  -0.08607	   0.00000	  -0.00000	   0.00000	  -0.06008
N         	   5.34416	   5.73040	   0.00000	   0.15761	   0.00073	   0.00000	   0.00073	  -0.10537	  -0.00000	   0.00000	  -0.00000	  -0.05225
N         	   8.01705	  -2.87550	   0.00000	   0.13446	   0.01002	   0.00000	   0.01002	  -0.09262	   0.00000	   0.00000	   0.00000	  -0.04184
N         	   8.01529	   1.42816	   0.00000	   0.13998	  -0.00586	   0.00000	  -0.00586	  -0.08837	  -0.00000	   0.00000	  -0.00000	  -0.05161
N         	   8.00690	   5.72327	   0.00000	   0.14972	   0.00193	   0.00000	   0.00193	  -0.09997	  -0.00000	   0.00000	  -0.00000	  -0.04976
N         	  10.66694	  -2.87587	   0.00000	   0.13680	   0.00295	   0.00000	   0.00295	  -0.09206	   0.00000	   0.00000	   0.00000	  -0.04473
N         	  10.66613	   1.42437	   0.00000	   0.14058	  -0.00103	  -0.00000	  -0.00103	  -0.09045	  -0.00000	  -0.00000	  -0.00000	  -0.05013
N         	  10.66425	   5.72024	   0.00000	   0.14563	   0.00117	   0.00000	   0.00117	  -0.09640	   0.00000	   0.00000	   0.00000	  -0.04922
N         	 -11.99215	  -5.02419	   0.00000	   0.14183	   0.00000	   0.00000	   0.00000	  -0.09491	  -0.00000	   0.00000	  -0.00000	  -0.04691
N         	 -11.99215	  -0.72613	   0.00000	   0.13334	   0.00000	   0.00000	   0.00000	  -0.08795	  -0.00000	   0.00000	  -0.00000	  -0.04539
N         	 -11.99215	   3.57263	   0.00000	   0.14518	   0.00000	   0.00000	   0.00000	  -0.09462	   0.00000	   0.00000	   0.00000	  -0.05055
N         	  -9.33811	  -5.02390	   0.00000	   0.14238	  -0.00484	  -0.00000	  -0.00484	  -0.09620	  -0.00000	  -0.00000	  -0.00000	  -0.04619
N         	  -9.34596	  -0.72532	   0.00000	   0.12898	  -0.00288	  -0.00000	  -0.00288	  -0.08558	  -0.00000	  -0.00000	  -0.00000	  -0.04340
N         	  -9.33655	   3.57460	   0.00000	   0.14667	   0.00121	   0.00000	   0.00121	  -0.09502	   0.00000	   0.00000	   0.00000	  -0.05165
N         	  -6.68192	  -5.02185	   0.00000	   0.14573	  -0.00983	  -0.00000	  -0.00983	  -0.10096	  -0.00000	  -0.00000	  -0.00000	  -0.04477
N         	  -6.70659	  -0.72276	   0.00000	   0.11433	  -0.00774	   0.00000	  -0.00774	  -0.07760	   0.00000	   0.00000	   0.00000	  -0.03672
N         	  -6.67922	   3.58165	   0.00000	   0.15269	   0.00581	  -0.00000	   0.00581	  -0.09741	  -0.00000	  -0.00000	  -0.00000	  -0.05526
N         	  -4.01807	  -5.01622	   0.00000	   0.15493	  -0.00963	  -0.00000	  -0.00963	  -0.10136	  -0.00000	  -0.00000	  -0.00000	  -0.05355
N         	  -4.08777	  -0.72033	   0.00000	   0.09991	  -0.00050	   0.00000	  -0.00050	  -0.06612	   0.00000	   0.00000	   0.00000	  -0.03380
N         	  -4.01583	   3.59277	   0.00000	   0.16429	   0.00945	  -0.00000	   0.00945	  -0.10295	  -0.00000	  -0.00000	  -0.00000	  -0.06134
N         	  -1.33757	  -4.99671	   0.00000	   0.16602	   0.00707	  -0.00000	   0.00707	  -0.09233	  -0.00000	  -0.00000	  -0.00000	  -0.07369
N         	  -1.34080	   3.58826	   0.00000	   0.15227	  -0.00888	  -0.00000	  -0.00888	  -0.06709	   0.00000	  -0.00000	   0.00000	  -0.08519
N         	   1.33757	  -4.99671	   0.00000	   0.16602	  -0.00707	  -0.00000	  -0.00707	  -0.09233	   0.00000	  -0.00000	   0.00000	  -0.07369
N         	   1.34080	   3.58826	   0.00000	   0.15227	   0.00888	  -0.00000	   0.00888	  -0.06709	  -0.00000	  -0.00000	  -0.00000	  -0.08519
N         	   4.01807	  -5.01622	   0.00000	   0.15493	   0.00963	  -0.00000	   0.00963	  -0.10136	   0.00000	  -0.00000	   0.00000	  -0.05355
N         	   4.08777	  -0.72033	   0.00000	   0.09991	   0.00050	   0.00000	   0.00050	  -0.06612	  -0.00000	   0.00000	  -0.00000	  -0.03380
N         	   4.01583	   3.59277	   0.00000	   0.16429	  -0.00945	  -0.00000	  -0.00945	  -0.10295	   0.00000	  -0.00000	   0.00000	  -0.06134
N         	   6.68192	  -5.02185	   0.00000	   0.14573	   0.00983	  -0.00000	   0.00983	  -0.10096	   0.00000	  -0.00000	   0.00000	  -0.04477
N         	   6.70659	  -0.72276	   0.00000	   0.11433	   0.00774	   0.00000	   0.00774	  -0.07760	   0.00000	   0.00000	   0.00000	  -0.03672
N         	   6.67922	   3.58165	   0.00000	   0.15269	  -0.00581	  -0.00000	  -0.00581	  -0.09741	   0.00000	  -0.00000	   0.00000	  -0.05526
N         	   9.33811	  -5.02390	   0.00000	   0.14238	   0.00484	  -0.00000	   0.00484	  -0.09620	   0.00000	  -0.00000	   0.00000	  -0.04619
N         	   9.34596	  -0.72532	   0.00000	   0.12898	   0.00288	  -0.00000	   0.00288	  -0.08558	   0.00000	  -0.00000	   0.00000	  -0.04340
N         	   9.33655	   3.57460	   0.00000	   0.14667	  -0.00121	  -0.00000	  -0.00121	  -0.09502	  -0.00000	  -0.00000	  -0.00000	  -0.05165
N         	   1.56212	  -0.75890	   0.00000	   0.21436	  -0.26896	  -0.00000	  -0.26896	  -0.06011	   0.00000	  -0.00000	   0.00000	  -0.15425
N         	  -1.56212	  -0.75890	   0.00000	   0.21436	   0.26896	   0.00000	   0.26896	  -0.06011	  -0.00000	   0.00000	  -0.00000	  -0.15425
N         	   0.00000	   1.51779	   0.00000	  -0.02668	   0.00000	   0.00000	   0.00000	   0.24668	  -0.00000	   0.00000	  -0.00000	  -0.22000
