--------------------------------------------------------------------------------------------------------------------------------------------------------------------------
  AtomName	    r_1i_X	    r_1i_Y	    r_1i_Z	  iso[MHz]	       Axx	       Axy	       Axz	       Ayx	       Ayy	       Ayz	       Azx	       Azy	       Azz
--------------------------------------------------------------------------------------------------------------------------------------------------------------------------
10B  g-factor___:   0.600215 [No-unit]
11B  g-factor___:   1.792433 [No-unit]
14N  g-factor___:   0.403761 [No-unit]
15N  g-factor___:  -0.566378 [No-unit]
10B  etc____:	---       	---       	---       	   0.00000
11B  etc____:	---       	---       	---       	   0.00000
14N  etc____:	---       	---       	---       	   0.00000
15N  etc____:	---       	---       	---       	   0.00000
MinDif[A]:	 -11.99215	  -6.44815	   0.00000
MaxDif[A]:	  10.66694	   6.42816	   0.00000
--------------------------------------------------------------------------------------------------------------------------------------------------------------------------
B         	 -10.66355	  -4.32523	   0.00000	  -0.00000	   0.06098	   0.00000	   0.00000	   0.00000	  -0.01525	  -0.00000	   0.00000	  -0.00000	  -0.04574
B         	 -10.66650	  -0.02580	   0.00000	   0.01525	   0.07623	  -0.00000	   0.00000	  -0.00000	  -0.03049	   0.00000	   0.00000	   0.00000	  -0.04574
B         	 -10.66214	   4.27067	   0.00000	  -0.00000	   0.06098	  -0.00000	   0.00000	  -0.00000	  -0.01525	   0.00000	   0.00000	   0.00000	  -0.04574
B         	  -8.00633	  -4.32451	   0.00000	  -0.01525	   0.07623	   0.03049	   0.00000	   0.03049	  -0.01525	  -0.00000	   0.00000	  -0.00000	  -0.07623
B         	  -8.01852	  -0.02258	   0.00000	   0.27441	   0.15245	  -0.04574	   0.00000	  -0.04574	  -0.06098	   0.00000	   0.00000	   0.00000	  -0.09147
B         	  -8.00130	   4.27400	   0.00000	  -0.00000	   0.06098	  -0.01525	   0.00000	  -0.01525	  -0.00000	   0.00000	   0.00000	   0.00000	  -0.06098
B         	  -5.34691	  -4.32110	   0.00000	  -0.15245	   0.12196	   0.10672	   0.00000	   0.10672	   0.09147	  -0.00000	   0.00000	  -0.00000	  -0.21343
B         	  -5.38019	  -0.01626	   0.00000	   2.92708	   0.64030	  -0.44211	   0.00000	  -0.44211	  -0.10672	   0.00000	   0.00000	   0.00000	  -0.53358
B         	  -5.33640	   4.28032	   0.00000	  -0.01525	   0.07623	  -0.12196	  -0.00000	  -0.12196	   0.07623	   0.00000	  -0.00000	   0.00000	  -0.15245
B         	  -2.67990	  -4.30841	   0.00000	   4.87846	  -0.60981	   0.01525	   0.00000	   0.01525	   1.49403	  -0.00000	   0.00000	  -0.00000	  -0.88422
B         	  -2.75587	  -0.00623	   0.00000	   2.50021	   2.77462	  -3.15575	   0.00000	  -3.15575	   1.14339	   0.00000	   0.00000	   0.00000	  -3.91801
B         	  -2.66317	   4.28132	   0.00000	   3.59786	   0.54883	  -0.67079	  -0.00000	  -0.67079	   0.13721	  -0.00000	  -0.00000	  -0.00000	  -0.68603
B         	   0.00000	  -4.27651	   0.00000	  -0.56407	  -0.15245	   0.00000	  -0.00000	   0.00000	   0.70128	   0.00000	  -0.00000	   0.00000	  -0.56407
B         	   0.00000	   4.27916	   0.00000	  -0.76226	  -0.32015	   0.00000	   0.00000	   0.00000	   1.21961	   0.00000	   0.00000	   0.00000	  -0.91471
B         	   2.67990	  -4.30841	   0.00000	   4.87846	  -0.60981	  -0.01525	  -0.00000	  -0.01525	   1.49403	  -0.00000	  -0.00000	  -0.00000	  -0.88422
B         	   2.75587	  -0.00623	   0.00000	   2.50021	   2.77462	   3.15575	   0.00000	   3.15575	   1.14339	   0.00000	   0.00000	   0.00000	  -3.91801
B         	   2.66317	   4.28132	   0.00000	   3.59786	   0.54883	   0.67079	   0.00000	   0.67079	   0.13721	  -0.00000	   0.00000	  -0.00000	  -0.68603
B         	   5.34691	  -4.32110	   0.00000	  -0.15245	   0.12196	  -0.10672	  -0.00000	  -0.10672	   0.09147	   0.00000	  -0.00000	   0.00000	  -0.21343
B         	   5.38019	  -0.01626	   0.00000	   2.92708	   0.64030	   0.44211	  -0.00000	   0.44211	  -0.10672	  -0.00000	  -0.00000	  -0.00000	  -0.53358
B         	   5.33640	   4.28032	   0.00000	  -0.01525	   0.07623	   0.12196	   0.00000	   0.12196	   0.07623	  -0.00000	   0.00000	  -0.00000	  -0.15245
B         	   8.00633	  -4.32451	   0.00000	  -0.01525	   0.07623	  -0.03049	   0.00000	  -0.03049	  -0.01525	   0.00000	   0.00000	   0.00000	  -0.07623
B         	   8.01852	  -0.02258	   0.00000	   0.27441	   0.15245	   0.04574	   0.00000	   0.04574	  -0.06098	  -0.00000	   0.00000	  -0.00000	  -0.09147
B         	   8.00130	   4.27400	   0.00000	  -0.00000	   0.06098	   0.03049	   0.00000	   0.03049	  -0.00000	  -0.00000	   0.00000	  -0.00000	  -0.06098
B         	  10.66355	  -4.32523	   0.00000	  -0.00000	   0.06098	  -0.00000	   0.00000	  -0.00000	  -0.01525	   0.00000	   0.00000	   0.00000	  -0.04574
B         	  10.66650	  -0.02580	   0.00000	   0.01525	   0.07623	   0.00000	   0.00000	   0.00000	  -0.03049	  -0.00000	   0.00000	  -0.00000	  -0.04574
B         	  10.66214	   4.27067	   0.00000	  -0.00000	   0.06098	   0.00000	   0.00000	   0.00000	  -0.01525	  -0.00000	   0.00000	  -0.00000	  -0.04574
B         	 -11.99215	  -2.17601	   0.00000	  -0.00000	   0.07623	   0.00000	  -0.00000	   0.00000	  -0.03049	   0.00000	  -0.00000	   0.00000	  -0.04574
B         	 -11.99215	   2.12287	   0.00000	   0.00000	   0.06098	  -0.00000	   0.00000	  -0.00000	  -0.03049	   0.00000	   0.00000	   0.00000	  -0.04574
B         	 -11.99215	   6.41807	   0.00000	  -0.00000	   0.06098	  -0.00000	  -0.00000	  -0.00000	  -0.01525	   0.00000	  -0.00000	   0.00000	  -0.04574
B         	  -9.33867	  -2.17531	   0.00000	  -0.01525	   0.09147	   0.01525	  -0.00000	   0.01525	  -0.03049	   0.00000	  -0.00000	   0.00000	  -0.06098
B         	  -9.33473	   2.12460	   0.00000	   0.00000	   0.07623	  -0.01525	   0.00000	  -0.01525	  -0.03049	   0.00000	   0.00000	   0.00000	  -0.04574
B         	  -9.33246	   6.41851	   0.00000	  -0.00000	   0.06098	   0.00000	  -0.00000	   0.00000	  -0.01525	  -0.00000	  -0.00000	  -0.00000	  -0.04574
B         	  -6.68638	  -2.17296	   0.00000	  -0.10672	   0.19819	   0.07623	  -0.00000	   0.07623	  -0.03049	   0.00000	  -0.00000	   0.00000	  -0.15245
B         	  -6.67729	   2.13069	   0.00000	  -0.00000	   0.13721	  -0.07623	   0.00000	  -0.07623	  -0.03049	   0.00000	   0.00000	   0.00000	  -0.12196
B         	  -6.67043	   6.42184	   0.00000	  -0.01525	   0.04574	  -0.00000	  -0.00000	  -0.00000	   0.03049	  -0.00000	  -0.00000	  -0.00000	  -0.09147
B         	  -4.03379	  -2.16734	   0.00000	  -1.61599	   0.80799	   0.47260	  -0.00000	   0.47260	   0.10672	   0.00000	  -0.00000	   0.00000	  -0.91471
B         	  -4.01213	   2.13841	   0.00000	  -0.68603	   0.39637	  -0.32015	   0.00000	  -0.32015	   0.10672	   0.00000	   0.00000	   0.00000	  -0.48785
B         	  -4.00237	   6.42816	   0.00000	   0.48785	  -0.04574	  -0.09147	  -0.00000	  -0.09147	   0.28966	   0.00000	  -0.00000	   0.00000	  -0.24392
B         	  -1.35161	  -2.13409	   0.00000	  -1.90565	  -1.11290	  -1.53976	  -0.00000	  -1.53976	   5.65596	   0.00000	  -0.00000	   0.00000	  -4.54307
B         	  -1.32294	   2.10120	   0.00000	  -3.87228	   4.54307	  -2.22580	   0.00000	  -2.22580	  -0.33539	   0.00000	   0.00000	   0.00000	  -4.22292
B         	  -1.33071	  -6.44815	   0.00000	  -0.09147	  -0.16770	  -0.01525	   0.00000	  -0.01525	   0.44211	   0.00000	   0.00000	   0.00000	  -0.27441
B         	   1.35161	  -2.13409	   0.00000	  -1.90565	  -1.11290	   1.53976	   0.00000	   1.53976	   5.65596	   0.00000	   0.00000	   0.00000	  -4.54307
B         	   1.32294	   2.10120	   0.00000	  -3.87228	   4.54307	   2.22580	  -0.00000	   2.22580	  -0.33539	   0.00000	  -0.00000	   0.00000	  -4.22292
B         	   1.33071	  -6.44815	   0.00000	  -0.09147	  -0.16770	   0.01525	  -0.00000	   0.01525	   0.44211	   0.00000	  -0.00000	   0.00000	  -0.27441
B         	   4.03379	  -2.16734	   0.00000	  -1.61599	   0.80799	  -0.47260	  -0.00000	  -0.47260	   0.10672	  -0.00000	  -0.00000	  -0.00000	  -0.91471
B         	   4.01213	   2.13841	   0.00000	  -0.68603	   0.39637	   0.32015	   0.00000	   0.32015	   0.10672	  -0.00000	   0.00000	  -0.00000	  -0.48785
B         	   4.00237	   6.42816	   0.00000	   0.48785	  -0.04574	   0.09147	   0.00000	   0.09147	   0.28966	   0.00000	   0.00000	   0.00000	  -0.24392
B         	   6.68638	  -2.17296	   0.00000	  -0.10672	   0.19819	  -0.07623	  -0.00000	  -0.07623	  -0.03049	  -0.00000	  -0.00000	  -0.00000	  -0.15245
B         	   6.67729	   2.13069	   0.00000	  -0.00000	   0.13721	   0.07623	   0.00000	   0.07623	  -0.03049	  -0.00000	   0.00000	  -0.00000	  -0.12196
B         	   6.67043	   6.42184	   0.00000	  -0.01525	   0.04574	   0.00000	   0.00000	   0.00000	   0.03049	   0.00000	   0.00000	   0.00000	  -0.09147
B         	   9.33867	  -2.17531	   0.00000	  -0.01525	   0.09147	  -0.01525	  -0.00000	  -0.01525	  -0.03049	  -0.00000	  -0.00000	  -0.00000	  -0.06098
B         	   9.33473	   2.12460	   0.00000	   0.00000	   0.07623	   0.01525	   0.00000	   0.01525	  -0.03049	  -0.00000	   0.00000	  -0.00000	  -0.04574
B         	   9.33246	   6.41851	   0.00000	  -0.00000	   0.06098	  -0.00000	  -0.00000	  -0.00000	  -0.01525	   0.00000	  -0.00000	   0.00000	  -0.04574
N         	 -10.66694	  -2.87587	   0.00000	   0.00000	   0.07623	   0.00000	   0.00000	   0.00000	  -0.03049	   0.00000	   0.00000	   0.00000	  -0.04574
N         	 -10.66613	   1.42437	   0.00000	   0.00000	   0.07623	  -0.00000	  -0.00000	  -0.00000	  -0.03049	   0.00000	  -0.00000	   0.00000	  -0.04574
N         	 -10.66425	   5.72024	   0.00000	   0.00000	   0.06098	  -0.00000	  -0.00000	  -0.00000	  -0.01525	   0.00000	  -0.00000	   0.00000	  -0.04574
N         	  -8.01705	  -2.87550	   0.00000	   0.09147	   0.10672	   0.06098	   0.00000	   0.06098	  -0.03049	   0.00000	   0.00000	   0.00000	  -0.07623
N         	  -8.01529	   1.42816	   0.00000	   0.00000	   0.12196	  -0.03049	  -0.00000	  -0.03049	  -0.04574	   0.00000	  -0.00000	   0.00000	  -0.07623
N         	  -8.00690	   5.72327	   0.00000	   0.01525	   0.06098	  -0.00000	  -0.00000	  -0.00000	   0.00000	   0.00000	  -0.00000	   0.00000	  -0.06098
N         	  -5.36728	  -2.87503	   0.00000	   1.35682	   0.35064	   0.51834	  -0.00000	   0.51834	   0.07623	  -0.00000	  -0.00000	  -0.00000	  -0.42687
N         	  -5.36501	   1.43664	   0.00000	  -0.03049	   0.32015	  -0.07623	  -0.00000	  -0.07623	  -0.03049	   0.00000	  -0.00000	   0.00000	  -0.28966
N         	  -5.34416	   5.73040	   0.00000	   0.10672	  -0.01525	   0.03049	  -0.00000	   0.03049	   0.19819	   0.00000	  -0.00000	   0.00000	  -0.18294
N         	  -2.71052	  -2.87176	   0.00000	  39.01243	   1.92089	   9.39103	   0.00000	   9.39103	   4.34488	   0.00000	   0.00000	   0.00000	  -6.26577
N         	  -2.71187	   1.44743	   0.00000	   5.42729	  -0.59456	   1.12814	   0.00000	   1.12814	   3.96375	   0.00000	   0.00000	   0.00000	  -3.36919
N         	  -2.67070	   5.73837	   0.00000	   2.60693	  -0.18294	  -0.38113	  -0.00000	  -0.38113	   0.67079	  -0.00000	  -0.00000	  -0.00000	  -0.48785
N         	   0.00000	  -2.82998	   0.00000	   8.88794	   3.87228	   0.00000	  -0.00000	   0.00000	  -0.47260	   0.00000	  -0.00000	   0.00000	  -3.38443
N         	   0.00000	   5.74105	   0.00000	   0.47260	  -0.27441	   0.00000	  -0.00000	   0.00000	   0.64030	   0.00000	  -0.00000	   0.00000	  -0.38113
N         	   2.71052	  -2.87176	   0.00000	  39.01243	   1.92089	  -9.39103	   0.00000	  -9.39103	   4.34488	  -0.00000	   0.00000	  -0.00000	  -6.26577
N         	   2.71187	   1.44743	   0.00000	   5.42729	  -0.59456	  -1.12814	   0.00000	  -1.12814	   3.96375	   0.00000	   0.00000	   0.00000	  -3.36919
N         	   2.67070	   5.73837	   0.00000	   2.60693	  -0.18294	   0.38113	   0.00000	   0.38113	   0.67079	  -0.00000	   0.00000	  -0.00000	  -0.48785
N         	   5.36728	  -2.87503	   0.00000	   1.35682	   0.35064	  -0.51834	  -0.00000	  -0.51834	   0.07623	   0.00000	  -0.00000	   0.00000	  -0.42687
N         	   5.36501	   1.43664	   0.00000	  -0.03049	   0.32015	   0.07623	  -0.00000	   0.07623	  -0.03049	  -0.00000	  -0.00000	  -0.00000	  -0.28966
N         	   5.34416	   5.73040	   0.00000	   0.10672	  -0.01525	  -0.03049	   0.00000	  -0.03049	   0.19819	  -0.00000	   0.00000	  -0.00000	  -0.18294
N         	   8.01705	  -2.87550	   0.00000	   0.09147	   0.10672	  -0.06098	   0.00000	  -0.06098	  -0.03049	  -0.00000	   0.00000	  -0.00000	  -0.07623
N         	   8.01529	   1.42816	   0.00000	   0.00000	   0.12196	   0.03049	  -0.00000	   0.03049	  -0.04574	  -0.00000	  -0.00000	  -0.00000	  -0.07623
N         	   8.00690	   5.72327	   0.00000	   0.01525	   0.06098	   0.00000	   0.00000	   0.00000	   0.00000	  -0.00000	   0.00000	  -0.00000	  -0.06098
N         	  10.66694	  -2.87587	   0.00000	   0.00000	   0.07623	  -0.00000	   0.00000	  -0.00000	  -0.03049	  -0.00000	   0.00000	  -0.00000	  -0.04574
N         	  10.66613	   1.42437	   0.00000	   0.00000	   0.07623	   0.00000	  -0.00000	   0.00000	  -0.03049	  -0.00000	  -0.00000	  -0.00000	  -0.04574
N         	  10.66425	   5.72024	   0.00000	   0.00000	   0.06098	   0.00000	   0.00000	   0.00000	  -0.01525	   0.00000	   0.00000	   0.00000	  -0.04574
N         	 -11.99215	  -5.02419	   0.00000	   0.00000	   0.06098	  -0.00000	  -0.00000	  -0.00000	  -0.01525	  -0.00000	  -0.00000	  -0.00000	  -0.04574
N         	 -11.99215	  -0.72613	   0.00000	   0.01525	   0.07623	   0.00000	  -0.00000	   0.00000	  -0.03049	   0.00000	  -0.00000	   0.00000	  -0.04574
N         	 -11.99215	   3.57263	   0.00000	  -0.00000	   0.06098	  -0.00000	  -0.00000	  -0.00000	  -0.03049	   0.00000	  -0.00000	   0.00000	  -0.04574
N         	  -9.33811	  -5.02390	   0.00000	   0.01525	   0.06098	   0.01525	  -0.00000	   0.01525	  -0.01525	  -0.00000	  -0.00000	  -0.00000	  -0.04574
N         	  -9.34596	  -0.72532	   0.00000	   0.12196	   0.12196	   0.01525	  -0.00000	   0.01525	  -0.06098	   0.00000	  -0.00000	   0.00000	  -0.07623
N         	  -9.33655	   3.57460	   0.00000	   0.00000	   0.06098	  -0.01525	  -0.00000	  -0.01525	  -0.01525	   0.00000	  -0.00000	   0.00000	  -0.04574
N         	  -6.68192	  -5.02185	   0.00000	   0.12196	   0.06098	   0.09147	  -0.00000	   0.09147	   0.04574	  -0.00000	  -0.00000	  -0.00000	  -0.12196
N         	  -6.70659	  -0.72276	   0.00000	   1.75320	   0.60981	   0.19819	   0.00000	   0.19819	  -0.25917	   0.00000	   0.00000	   0.00000	  -0.35064
N         	  -6.67922	   3.58165	   0.00000	  -0.01525	   0.09147	  -0.04574	  -0.00000	  -0.04574	   0.01525	  -0.00000	  -0.00000	  -0.00000	  -0.10672
N         	  -4.01807	  -5.01622	   0.00000	   2.88134	  -0.03049	   0.85373	  -0.00000	   0.85373	   0.76226	  -0.00000	  -0.00000	  -0.00000	  -0.73177
N         	  -4.08777	  -0.72033	   0.00000	  25.35274	   6.69264	   4.02473	   0.00000	   4.02473	  -2.59168	  -0.00000	   0.00000	  -0.00000	  -4.10096
N         	  -4.01583	   3.59277	   0.00000	   0.53358	   0.06098	  -0.30490	  -0.00000	  -0.30490	   0.35064	  -0.00000	  -0.00000	  -0.00000	  -0.39637
N         	  -1.33757	  -4.99671	   0.00000	   0.25917	  -0.07623	   0.15245	   0.00000	   0.15245	   0.50309	   0.00000	   0.00000	   0.00000	  -0.44211
N         	  -1.34080	   3.58826	   0.00000	  30.26169	  -3.12526	  -3.88752	   0.00000	  -3.88752	   7.57686	  -0.00000	   0.00000	  -0.00000	  -4.45159
N         	   1.33757	  -4.99671	   0.00000	   0.25917	  -0.07623	  -0.15245	  -0.00000	  -0.15245	   0.50309	   0.00000	  -0.00000	   0.00000	  -0.44211
N         	   1.34080	   3.58826	   0.00000	  30.26169	  -3.12526	   3.88752	  -0.00000	   3.88752	   7.57686	  -0.00000	  -0.00000	  -0.00000	  -4.45159
N         	   4.01807	  -5.01622	   0.00000	   2.88134	  -0.03049	  -0.85373	  -0.00000	  -0.85373	   0.76226	   0.00000	  -0.00000	   0.00000	  -0.73177
N         	   4.08777	  -0.72033	   0.00000	  25.35274	   6.69264	  -4.02473	   0.00000	  -4.02473	  -2.59168	  -0.00000	   0.00000	  -0.00000	  -4.10096
N         	   4.01583	   3.59277	   0.00000	   0.53358	   0.06098	   0.30490	  -0.00000	   0.30490	   0.35064	   0.00000	  -0.00000	   0.00000	  -0.39637
N         	   6.68192	  -5.02185	   0.00000	   0.12196	   0.06098	  -0.09147	  -0.00000	  -0.09147	   0.04574	   0.00000	  -0.00000	   0.00000	  -0.12196
N         	   6.70659	  -0.72276	   0.00000	   1.75320	   0.60981	  -0.19819	   0.00000	  -0.19819	  -0.25917	  -0.00000	   0.00000	  -0.00000	  -0.35064
N         	   6.67922	   3.58165	   0.00000	  -0.01525	   0.09147	   0.04574	  -0.00000	   0.04574	   0.01525	   0.00000	  -0.00000	   0.00000	  -0.10672
N         	   9.33811	  -5.02390	   0.00000	   0.01525	   0.06098	  -0.01525	   0.00000	  -0.01525	  -0.01525	   0.00000	   0.00000	   0.00000	  -0.04574
N         	   9.34596	  -0.72532	   0.00000	   0.12196	   0.12196	  -0.01525	  -0.00000	  -0.01525	  -0.06098	  -0.00000	  -0.00000	  -0.00000	  -0.07623
N         	   9.33655	   3.57460	   0.00000	   0.00000	   0.06098	   0.01525	  -0.00000	   0.01525	  -0.01525	  -0.00000	  -0.00000	  -0.00000	  -0.04574
N         	   1.56212	  -0.75890	   0.00000	 250.20400	  67.93255	-101.47196	   0.00000	-101.47196	  -1.15863	   0.00000	   0.00000	   0.00000	 -66.77392
N         	  -1.56212	  -0.75890	   0.00000	 250.20400	  67.93255	 101.47196	   0.00000	 101.47196	  -1.15863	   0.00000	   0.00000	   0.00000	 -66.77392
N         	   0.00000	   1.51779	   0.00000	 262.20196	 -71.28649	   0.00000	  -0.00000	   0.00000	 137.72501	   0.00000	  -0.00000	   0.00000	 -66.43852
