--------------------------------------------------------------------------------------------------------------------------------------------------------------------------
  AtomName	    r_1i_X	    r_1i_Y	    r_1i_Z	     EFGxx	     EFGxy	     EFGxz	     EFGyx	     EFGyy	     EFGyz	     EFGzx	     EFGzy	     EFGzz	[Hatree/Bohr_radius^2]
--------------------------------------------------------------------------------------------------------------------------------------------------------------------------
10B  eQ___:	  8.459000	[Q/milibarn]*(10^-1)
11B  eQ___:	  4.059000	[Q/milibarn]*(10^-1)
14N  eQ___:	  2.044000	[Q/milibarn]*(10^-1)
15N  eQ___:	  0.000000	[Q/milibarn]*(10^-1)
10B  etc____:	---       	---       	---       	  -0.17270	   0.00000	  -0.00000	   0.00000	  -0.20065	  -0.00000	  -0.00000	  -0.00000	   0.37335
11B  etc____:	---       	---       	---       	  -0.17270	   0.00000	  -0.00000	   0.00000	  -0.20065	  -0.00000	  -0.00000	  -0.00000	   0.37335
14N  etc____:	---       	---       	---       	   0.14826	   0.00000	   0.00000	   0.00000	  -0.09466	   0.00000	   0.00000	   0.00000	  -0.05361
15N  etc____:	---       	---       	---       	   0.14826	   0.00000	   0.00000	   0.00000	  -0.09466	   0.00000	   0.00000	   0.00000	  -0.05361
MinDif[A]:	 -11.99215	  -6.44815	   0.00000
MaxDif[A]:	  10.66694	   6.42816	   0.00000
--------------------------------------------------------------------------------------------------------------------------------------------------------------------------
B         	 -10.66355	  -4.32523	   0.00000	  -0.17218	   0.00335	   0.00000	   0.00335	  -0.20064	  -0.00000	   0.00000	  -0.00000	   0.37282
B         	 -10.66650	  -0.02580	   0.00000	  -0.17245	   0.00406	  -0.00000	   0.00406	  -0.20122	  -0.00000	  -0.00000	  -0.00000	   0.37367
B         	 -10.66214	   4.27067	   0.00000	  -0.17232	   0.00381	   0.00000	   0.00381	  -0.20067	  -0.00000	   0.00000	  -0.00000	   0.37300
B         	  -8.00633	  -4.32451	   0.00000	  -0.17033	   0.00911	   0.00000	   0.00911	  -0.20186	   0.00000	   0.00000	   0.00000	   0.37219
B         	  -8.01852	  -0.02258	   0.00000	  -0.17315	   0.01233	  -0.00000	   0.01233	  -0.20089	   0.00000	  -0.00000	   0.00000	   0.37404
B         	  -8.00130	   4.27400	   0.00000	  -0.17272	   0.01197	   0.00000	   0.01197	  -0.19985	  -0.00000	   0.00000	  -0.00000	   0.37257
B         	  -5.34691	  -4.32110	   0.00000	  -0.16558	   0.01331	   0.00000	   0.01331	  -0.20472	  -0.00000	   0.00000	  -0.00000	   0.37029
B         	  -5.38019	  -0.01626	   0.00000	  -0.17396	   0.02374	  -0.00000	   0.02374	  -0.20075	   0.00000	  -0.00000	   0.00000	   0.37471
B         	  -5.33640	   4.28032	   0.00000	  -0.17400	   0.01925	   0.00000	   0.01925	  -0.19730	   0.00000	   0.00000	   0.00000	   0.37130
B         	  -2.67990	  -4.30841	   0.00000	  -0.15376	   0.01197	  -0.00000	   0.01197	  -0.21332	   0.00000	  -0.00000	   0.00000	   0.36707
B         	  -2.75587	  -0.00623	   0.00000	  -0.15337	   0.04860	   0.00000	   0.04860	  -0.21099	   0.00000	   0.00000	   0.00000	   0.36437
B         	  -2.66317	   4.28132	   0.00000	  -0.17789	   0.02313	  -0.00000	   0.02313	  -0.19011	  -0.00000	  -0.00000	  -0.00000	   0.36800
B         	   0.00000	  -4.27651	   0.00000	  -0.14699	  -0.00000	   0.00000	  -0.00000	  -0.21578	  -0.00000	   0.00000	  -0.00000	   0.36277
B         	   0.00000	   4.27916	   0.00000	  -0.18342	  -0.00000	  -0.00000	  -0.00000	  -0.18232	  -0.00000	  -0.00000	  -0.00000	   0.36575
B         	   2.67990	  -4.30841	   0.00000	  -0.15376	  -0.01197	   0.00000	  -0.01197	  -0.21332	  -0.00000	   0.00000	  -0.00000	   0.36707
B         	   2.75587	  -0.00623	   0.00000	  -0.15337	  -0.04860	  -0.00000	  -0.04860	  -0.21099	   0.00000	  -0.00000	   0.00000	   0.36437
B         	   2.66317	   4.28132	   0.00000	  -0.17789	  -0.02313	   0.00000	  -0.02313	  -0.19011	  -0.00000	   0.00000	  -0.00000	   0.36800
B         	   5.34691	  -4.32110	   0.00000	  -0.16558	  -0.01331	  -0.00000	  -0.01331	  -0.20472	  -0.00000	  -0.00000	  -0.00000	   0.37029
B         	   5.38019	  -0.01626	   0.00000	  -0.17396	  -0.02374	  -0.00000	  -0.02374	  -0.20075	   0.00000	  -0.00000	   0.00000	   0.37471
B         	   5.33640	   4.28032	   0.00000	  -0.17400	  -0.01925	  -0.00000	  -0.01925	  -0.19730	  -0.00000	  -0.00000	  -0.00000	   0.37130
B         	   8.00633	  -4.32451	   0.00000	  -0.17033	  -0.00911	  -0.00000	  -0.00911	  -0.20186	   0.00000	  -0.00000	   0.00000	   0.37219
B         	   8.01852	  -0.02258	   0.00000	  -0.17315	  -0.01233	   0.00000	  -0.01233	  -0.20089	   0.00000	   0.00000	   0.00000	   0.37404
B         	   8.00130	   4.27400	   0.00000	  -0.17272	  -0.01197	  -0.00000	  -0.01197	  -0.19985	  -0.00000	  -0.00000	  -0.00000	   0.37257
B         	  10.66355	  -4.32523	   0.00000	  -0.17218	  -0.00335	  -0.00000	  -0.00335	  -0.20064	  -0.00000	  -0.00000	  -0.00000	   0.37282
B         	  10.66650	  -0.02580	   0.00000	  -0.17245	  -0.00406	   0.00000	  -0.00406	  -0.20122	   0.00000	   0.00000	   0.00000	   0.37367
B         	  10.66214	   4.27067	   0.00000	  -0.17232	  -0.00381	  -0.00000	  -0.00381	  -0.20067	   0.00000	  -0.00000	   0.00000	   0.37300
B         	 -11.99215	  -2.17601	   0.00000	  -0.17181	   0.00000	  -0.00000	   0.00000	  -0.20116	  -0.00000	  -0.00000	  -0.00000	   0.37295
B         	 -11.99215	   2.12287	   0.00000	  -0.17191	   0.00000	   0.00000	   0.00000	  -0.20118	   0.00000	   0.00000	   0.00000	   0.37308
B         	 -11.99215	   6.41807	   0.00000	  -0.17270	   0.00000	  -0.00000	   0.00000	  -0.20065	  -0.00000	  -0.00000	  -0.00000	   0.37335
B         	  -9.33867	  -2.17531	   0.00000	  -0.17163	   0.00702	  -0.00000	   0.00702	  -0.20102	   0.00000	  -0.00000	   0.00000	   0.37265
B         	  -9.33473	   2.12460	   0.00000	  -0.17155	   0.00676	   0.00000	   0.00676	  -0.20136	  -0.00000	   0.00000	  -0.00000	   0.37290
B         	  -9.33246	   6.41851	   0.00000	  -0.17261	   0.00874	  -0.00000	   0.00874	  -0.20051	  -0.00000	  -0.00000	  -0.00000	   0.37312
B         	  -6.68638	  -2.17296	   0.00000	  -0.17027	   0.01242	  -0.00000	   0.01242	  -0.20164	   0.00000	  -0.00000	   0.00000	   0.37191
B         	  -6.67729	   2.13069	   0.00000	  -0.16989	   0.01368	   0.00000	   0.01368	  -0.20171	  -0.00000	   0.00000	  -0.00000	   0.37161
B         	  -6.67043	   6.42184	   0.00000	  -0.17425	   0.02009	   0.00000	   0.02009	  -0.19804	   0.00000	   0.00000	   0.00000	   0.37228
B         	  -4.03379	  -2.16734	   0.00000	  -0.16866	   0.01406	   0.00000	   0.01406	  -0.20198	  -0.00000	   0.00000	  -0.00000	   0.37064
B         	  -4.01213	   2.13841	   0.00000	  -0.16148	   0.02101	   0.00000	   0.02101	  -0.20395	  -0.00000	   0.00000	  -0.00000	   0.36544
B         	  -4.00237	   6.42816	   0.00000	  -0.17750	   0.03547	  -0.00000	   0.03547	  -0.19082	  -0.00000	  -0.00000	  -0.00000	   0.36832
B         	  -1.35161	  -2.13409	   0.00000	  -0.16591	   0.00792	   0.00000	   0.00792	  -0.20203	   0.00000	   0.00000	   0.00000	   0.36794
B         	  -1.32294	   2.10120	   0.00000	  -0.12364	   0.05167	   0.00000	   0.05167	  -0.21792	  -0.00000	   0.00000	  -0.00000	   0.34156
B         	  -1.33071	  -6.44815	   0.00000	  -0.20707	   0.04148	   0.00000	   0.04148	  -0.13936	   0.00000	   0.00000	   0.00000	   0.34643
B         	   1.35161	  -2.13409	   0.00000	  -0.16591	  -0.00792	  -0.00000	  -0.00792	  -0.20203	   0.00000	  -0.00000	   0.00000	   0.36794
B         	   1.32294	   2.10120	   0.00000	  -0.12364	  -0.05167	  -0.00000	  -0.05167	  -0.21792	   0.00000	  -0.00000	   0.00000	   0.34156
B         	   1.33071	  -6.44815	   0.00000	  -0.20707	  -0.04148	  -0.00000	  -0.04148	  -0.13936	   0.00000	  -0.00000	   0.00000	   0.34643
B         	   4.03379	  -2.16734	   0.00000	  -0.16866	  -0.01406	  -0.00000	  -0.01406	  -0.20198	  -0.00000	  -0.00000	  -0.00000	   0.37064
B         	   4.01213	   2.13841	   0.00000	  -0.16148	  -0.02101	  -0.00000	  -0.02101	  -0.20395	  -0.00000	  -0.00000	  -0.00000	   0.36544
B         	   4.00237	   6.42816	   0.00000	  -0.17750	  -0.03547	  -0.00000	  -0.03547	  -0.19082	   0.00000	  -0.00000	   0.00000	   0.36832
B         	   6.68638	  -2.17296	   0.00000	  -0.17027	  -0.01242	   0.00000	  -0.01242	  -0.20164	   0.00000	   0.00000	   0.00000	   0.37191
B         	   6.67729	   2.13069	   0.00000	  -0.16989	  -0.01368	  -0.00000	  -0.01368	  -0.20171	  -0.00000	  -0.00000	  -0.00000	   0.37161
B         	   6.67043	   6.42184	   0.00000	  -0.17425	  -0.02009	   0.00000	  -0.02009	  -0.19804	   0.00000	   0.00000	   0.00000	   0.37228
B         	   9.33867	  -2.17531	   0.00000	  -0.17163	  -0.00702	   0.00000	  -0.00702	  -0.20102	   0.00000	   0.00000	   0.00000	   0.37265
B         	   9.33473	   2.12460	   0.00000	  -0.17155	  -0.00676	  -0.00000	  -0.00676	  -0.20136	  -0.00000	  -0.00000	  -0.00000	   0.37290
B         	   9.33246	   6.41851	   0.00000	  -0.17261	  -0.00874	  -0.00000	  -0.00874	  -0.20051	  -0.00000	  -0.00000	  -0.00000	   0.37312
N         	 -10.66694	  -2.87587	   0.00000	   0.14189	  -0.00277	   0.00000	  -0.00277	  -0.08922	   0.00000	   0.00000	   0.00000	  -0.05266
N         	 -10.66613	   1.42437	   0.00000	   0.14499	   0.00089	  -0.00000	   0.00089	  -0.08795	  -0.00000	  -0.00000	  -0.00000	  -0.05703
N         	 -10.66425	   5.72024	   0.00000	   0.15140	  -0.00050	  -0.00000	  -0.00050	  -0.09483	   0.00000	  -0.00000	   0.00000	  -0.05657
N         	  -8.01705	  -2.87550	   0.00000	   0.14014	  -0.01032	   0.00000	  -0.01032	  -0.09091	  -0.00000	   0.00000	  -0.00000	  -0.04924
N         	  -8.01529	   1.42816	   0.00000	   0.14546	   0.00369	  -0.00000	   0.00369	  -0.08652	  -0.00000	  -0.00000	  -0.00000	  -0.05895
N         	  -8.00690	   5.72327	   0.00000	   0.15431	  -0.00205	  -0.00000	  -0.00205	  -0.09755	   0.00000	  -0.00000	   0.00000	  -0.05676
N         	  -5.36728	  -2.87503	   0.00000	   0.14053	  -0.02269	   0.00000	  -0.02269	  -0.09481	  -0.00000	   0.00000	  -0.00000	  -0.04572
N         	  -5.36501	   1.43664	   0.00000	   0.14966	   0.01415	   0.00000	   0.01415	  -0.08481	   0.00000	   0.00000	   0.00000	  -0.06485
N         	  -5.34416	   5.73040	   0.00000	   0.16266	  -0.00224	  -0.00000	  -0.00224	  -0.10366	   0.00000	  -0.00000	   0.00000	  -0.05900
N         	  -2.71052	  -2.87176	   0.00000	   0.17598	   0.00177	   0.00000	   0.00177	  -0.09400	  -0.00000	   0.00000	  -0.00000	  -0.08200
N         	  -2.71187	   1.44743	   0.00000	   0.16724	   0.03378	   0.00000	   0.03378	  -0.08342	  -0.00000	   0.00000	  -0.00000	  -0.08382
N         	  -2.67070	   5.73837	   0.00000	   0.16691	  -0.00127	   0.00000	  -0.00127	  -0.09688	  -0.00000	   0.00000	  -0.00000	  -0.07003
N         	   0.00000	  -2.82998	   0.00000	   0.20768	   0.00000	  -0.00000	   0.00000	  -0.08529	   0.00000	  -0.00000	   0.00000	  -0.12239
N         	   0.00000	   5.74105	   0.00000	   0.16126	  -0.00000	  -0.00000	  -0.00000	  -0.09062	  -0.00000	  -0.00000	  -0.00000	  -0.07065
N         	   2.71052	  -2.87176	   0.00000	   0.17598	  -0.00177	  -0.00000	  -0.00177	  -0.09400	  -0.00000	  -0.00000	  -0.00000	  -0.08200
N         	   2.71187	   1.44743	   0.00000	   0.16724	  -0.03378	  -0.00000	  -0.03378	  -0.08342	  -0.00000	  -0.00000	  -0.00000	  -0.08382
N         	   2.67070	   5.73837	   0.00000	   0.16691	   0.00127	  -0.00000	   0.00127	  -0.09688	  -0.00000	  -0.00000	  -0.00000	  -0.07003
N         	   5.36728	  -2.87503	   0.00000	   0.14053	   0.02269	  -0.00000	   0.02269	  -0.09481	  -0.00000	  -0.00000	  -0.00000	  -0.04572
N         	   5.36501	   1.43664	   0.00000	   0.14966	  -0.01415	  -0.00000	  -0.01415	  -0.08481	   0.00000	  -0.00000	   0.00000	  -0.06485
N         	   5.34416	   5.73040	   0.00000	   0.16266	   0.00224	  -0.00000	   0.00224	  -0.10366	  -0.00000	  -0.00000	  -0.00000	  -0.05900
N         	   8.01705	  -2.87550	   0.00000	   0.14014	   0.01032	  -0.00000	   0.01032	  -0.09091	  -0.00000	  -0.00000	  -0.00000	  -0.04924
N         	   8.01529	   1.42816	   0.00000	   0.14546	  -0.00369	  -0.00000	  -0.00369	  -0.08652	  -0.00000	  -0.00000	  -0.00000	  -0.05895
N         	   8.00690	   5.72327	   0.00000	   0.15431	   0.00205	   0.00000	   0.00205	  -0.09755	   0.00000	   0.00000	   0.00000	  -0.05676
N         	  10.66694	  -2.87587	   0.00000	   0.14189	   0.00277	  -0.00000	   0.00277	  -0.08922	   0.00000	  -0.00000	   0.00000	  -0.05266
N         	  10.66613	   1.42437	   0.00000	   0.14499	  -0.00089	   0.00000	  -0.00089	  -0.08795	  -0.00000	   0.00000	  -0.00000	  -0.05703
N         	  10.66425	   5.72024	   0.00000	   0.15140	   0.00050	   0.00000	   0.00050	  -0.09483	   0.00000	   0.00000	   0.00000	  -0.05657
N         	 -11.99215	  -5.02419	   0.00000	   0.14826	   0.00000	   0.00000	   0.00000	  -0.09466	   0.00000	   0.00000	   0.00000	  -0.05361
N         	 -11.99215	  -0.72613	   0.00000	   0.13870	  -0.00000	   0.00000	  -0.00000	  -0.08533	   0.00000	   0.00000	   0.00000	  -0.05338
N         	 -11.99215	   3.57263	   0.00000	   0.14973	  -0.00000	  -0.00000	  -0.00000	  -0.09190	   0.00000	  -0.00000	   0.00000	  -0.05783
N         	  -9.33811	  -5.02390	   0.00000	   0.14825	  -0.00447	   0.00000	  -0.00447	  -0.09515	   0.00000	   0.00000	   0.00000	  -0.05310
N         	  -9.34596	  -0.72532	   0.00000	   0.13470	  -0.00343	  -0.00000	  -0.00343	  -0.08369	   0.00000	  -0.00000	   0.00000	  -0.05100
N         	  -9.33655	   3.57460	   0.00000	   0.15144	   0.00108	   0.00000	   0.00108	  -0.09296	   0.00000	   0.00000	   0.00000	  -0.05848
N         	  -6.68192	  -5.02185	   0.00000	   0.15145	  -0.01064	   0.00000	  -0.01064	  -0.09939	  -0.00000	   0.00000	  -0.00000	  -0.05206
N         	  -6.70659	  -0.72276	   0.00000	   0.11981	  -0.00880	  -0.00000	  -0.00880	  -0.07605	   0.00000	  -0.00000	   0.00000	  -0.04376
N         	  -6.67922	   3.58165	   0.00000	   0.15721	   0.00422	   0.00000	   0.00422	  -0.09558	  -0.00000	   0.00000	  -0.00000	  -0.06162
N         	  -4.01807	  -5.01622	   0.00000	   0.15867	  -0.01179	   0.00000	  -0.01179	  -0.09887	  -0.00000	   0.00000	  -0.00000	  -0.05981
N         	  -4.08777	  -0.72033	   0.00000	   0.10171	  -0.00678	  -0.00000	  -0.00678	  -0.06369	  -0.00000	  -0.00000	  -0.00000	  -0.03802
N         	  -4.01583	   3.59277	   0.00000	   0.16998	   0.00760	  -0.00000	   0.00760	  -0.10402	  -0.00000	  -0.00000	  -0.00000	  -0.06596
N         	  -1.33757	  -4.99671	   0.00000	   0.16926	   0.00601	  -0.00000	   0.00601	  -0.08889	   0.00000	  -0.00000	   0.00000	  -0.08038
N         	  -1.34080	   3.58826	   0.00000	   0.16220	  -0.00947	  -0.00000	  -0.00947	  -0.07831	   0.00000	  -0.00000	   0.00000	  -0.08390
N         	   1.33757	  -4.99671	   0.00000	   0.16926	  -0.00601	   0.00000	  -0.00601	  -0.08889	   0.00000	   0.00000	   0.00000	  -0.08038
N         	   1.34080	   3.58826	   0.00000	   0.16220	   0.00947	   0.00000	   0.00947	  -0.07831	  -0.00000	   0.00000	  -0.00000	  -0.08390
N         	   4.01807	  -5.01622	   0.00000	   0.15867	   0.01179	   0.00000	   0.01179	  -0.09887	  -0.00000	   0.00000	  -0.00000	  -0.05981
N         	   4.08777	  -0.72033	   0.00000	   0.10171	   0.00678	  -0.00000	   0.00678	  -0.06369	  -0.00000	  -0.00000	  -0.00000	  -0.03802
N         	   4.01583	   3.59277	   0.00000	   0.16998	  -0.00760	   0.00000	  -0.00760	  -0.10402	  -0.00000	   0.00000	  -0.00000	  -0.06596
N         	   6.68192	  -5.02185	   0.00000	   0.15145	   0.01064	  -0.00000	   0.01064	  -0.09939	  -0.00000	  -0.00000	  -0.00000	  -0.05206
N         	   6.70659	  -0.72276	   0.00000	   0.11981	   0.00880	   0.00000	   0.00880	  -0.07605	   0.00000	   0.00000	   0.00000	  -0.04376
N         	   6.67922	   3.58165	   0.00000	   0.15721	  -0.00422	  -0.00000	  -0.00422	  -0.09558	  -0.00000	  -0.00000	  -0.00000	  -0.06162
N         	   9.33811	  -5.02390	   0.00000	   0.14825	   0.00447	  -0.00000	   0.00447	  -0.09515	  -0.00000	  -0.00000	  -0.00000	  -0.05310
N         	   9.34596	  -0.72532	   0.00000	   0.13470	   0.00343	   0.00000	   0.00343	  -0.08369	   0.00000	   0.00000	   0.00000	  -0.05100
N         	   9.33655	   3.57460	   0.00000	   0.15144	  -0.00108	  -0.00000	  -0.00108	  -0.09296	   0.00000	  -0.00000	   0.00000	  -0.05848
N         	   1.56212	  -0.75890	   0.00000	   0.29351	  -0.34730	  -0.00000	  -0.34730	  -0.04775	   0.00000	  -0.00000	   0.00000	  -0.24576
N         	  -1.56212	  -0.75890	   0.00000	   0.29351	   0.34730	   0.00000	   0.34730	  -0.04775	   0.00000	   0.00000	   0.00000	  -0.24576
N         	   0.00000	   1.51779	   0.00000	  -0.02068	  -0.00000	   0.00000	  -0.00000	   0.23132	   0.00000	   0.00000	   0.00000	  -0.21063
