--------------------------------------------------------------------------------------------------------------------------------------------------------------------------
  AtomName	    r_1i_X	    r_1i_Y	    r_1i_Z	  iso[MHz]	       Axx	       Axy	       Axz	       Ayx	       Ayy	       Ayz	       Azx	       Azy	       Azz
--------------------------------------------------------------------------------------------------------------------------------------------------------------------------
10B  g-factor___:   0.600215 [No-unit]
11B  g-factor___:   1.792433 [No-unit]
14N  g-factor___:   0.403761 [No-unit]
15N  g-factor___:  -0.566378 [No-unit]
10B  etc____:	---       	---       	---       	   0.00000
11B  etc____:	---       	---       	---       	   0.00000
14N  etc____:	---       	---       	---       	   0.00000
15N  etc____:	---       	---       	---       	   0.00000
MinDif[A]:	 -10.20901	  -6.50222	  -2.90443
MaxDif[A]:	   8.97728	   6.43603	   0.38271
--------------------------------------------------------------------------------------------------------------------------------------------------------------------------
B         	  -8.97552	  -4.34649	  -2.90443	   0.00000	   0.06098	   0.01525	   0.01525	   0.01525	  -0.01525	   0.00000	   0.01525	   0.00000	  -0.04574
B         	  -8.97140	  -0.03597	  -2.90443	   0.00000	   0.09147	  -0.00000	   0.01525	  -0.00000	  -0.04574	  -0.00000	   0.01525	  -0.00000	  -0.04574
B         	  -8.97459	   4.27661	  -2.90443	   0.00000	   0.06098	  -0.00000	   0.01525	  -0.00000	  -0.01525	  -0.00000	   0.01525	  -0.00000	  -0.04574
B         	  -6.50857	  -4.34664	  -2.90441	   0.00000	   0.04574	   0.03049	   0.04574	   0.03049	  -0.00000	   0.01525	   0.04574	   0.01525	  -0.04574
B         	  -6.49541	  -0.03568	  -2.90441	   0.13721	   0.13721	  -0.03049	   0.07623	  -0.03049	  -0.07623	  -0.00000	   0.07623	  -0.00000	  -0.06098
B         	  -6.50599	   4.27701	  -2.90441	   0.00000	   0.04574	  -0.03049	   0.04574	  -0.03049	  -0.01525	  -0.01525	   0.04574	  -0.01525	  -0.04574
B         	  -4.13422	  -4.33833	  -2.41552	  -0.04574	   0.01525	   0.09147	   0.10672	   0.09147	   0.07623	   0.06098	   0.10672	   0.06098	  -0.09147
B         	  -4.09040	  -0.02989	  -2.45014	   1.84467	   0.48785	  -0.38113	   0.35064	  -0.38113	  -0.18294	  -0.03049	   0.35064	  -0.03049	  -0.30490
B         	  -4.12963	   4.28585	  -2.41633	  -0.04574	   0.01525	  -0.10672	   0.12196	  -0.10672	   0.06098	  -0.07623	   0.12196	  -0.07623	  -0.06098
B         	  -2.21978	  -4.33510	  -0.86773	   1.38731	  -0.36588	   0.16770	   0.07623	   0.16770	   0.82324	  -0.03049	   0.07623	  -0.03049	  -0.45736
B         	  -2.07816	  -0.03689	  -0.96466	   0.01525	  -1.15863	  -1.43305	   2.92708	  -1.43305	   0.56407	  -3.35394	   2.92708	  -3.35394	   0.60981
B         	  -2.21482	   4.28894	  -0.87423	   3.64360	   0.24392	  -0.67079	   0.60981	  -0.67079	   0.13721	  -0.38113	   0.60981	  -0.38113	  -0.38113
B         	   0.00000	  -4.33701	   0.07767	  -1.06716	  -0.21343	  -0.00000	  -0.00000	  -0.00000	   0.67079	  -0.06098	  -0.00000	  -0.06098	  -0.45736
B         	   0.00000	   4.30233	   0.06597	  -0.79275	  -0.51834	   0.00000	  -0.00000	   0.00000	   1.47878	  -0.27441	  -0.00000	  -0.27441	  -0.96045
B         	   2.21978	  -4.33510	  -0.86773	   1.38731	  -0.36588	  -0.16770	  -0.07623	  -0.16770	   0.82324	  -0.03049	  -0.07623	  -0.03049	  -0.45736
B         	   2.07816	  -0.03689	  -0.96466	   0.01525	  -1.15863	   1.43305	  -2.92708	   1.43305	   0.56407	  -3.35394	  -2.92708	  -3.35394	   0.60981
B         	   2.21482	   4.28894	  -0.87423	   3.64360	   0.24392	   0.67079	  -0.60981	   0.67079	   0.13721	  -0.38113	  -0.60981	  -0.38113	  -0.38113
B         	   4.13422	  -4.33833	  -2.41552	  -0.04574	   0.01525	  -0.09147	  -0.10672	  -0.09147	   0.07623	   0.06098	  -0.10672	   0.06098	  -0.09147
B         	   4.09040	  -0.02989	  -2.45014	   1.84467	   0.48785	   0.38113	  -0.35064	   0.38113	  -0.18294	  -0.03049	  -0.35064	  -0.03049	  -0.30490
B         	   4.12963	   4.28585	  -2.41633	  -0.04574	   0.01525	   0.10672	  -0.12196	   0.10672	   0.06098	  -0.07623	  -0.12196	  -0.07623	  -0.06098
B         	   6.50857	  -4.34664	  -2.90441	   0.00000	   0.04574	  -0.03049	  -0.04574	  -0.03049	  -0.00000	   0.01525	  -0.04574	   0.01525	  -0.04574
B         	   6.49541	  -0.03568	  -2.90441	   0.13721	   0.13721	   0.03049	  -0.07623	   0.03049	  -0.07623	  -0.00000	  -0.07623	  -0.00000	  -0.06098
B         	   6.50599	   4.27701	  -2.90441	   0.00000	   0.04574	   0.03049	  -0.04574	   0.03049	  -0.01525	  -0.01525	  -0.04574	  -0.01525	  -0.04574
B         	   8.97552	  -4.34649	  -2.90443	   0.00000	   0.06098	  -0.01525	  -0.01525	  -0.01525	  -0.01525	   0.00000	  -0.01525	   0.00000	  -0.04574
B         	   8.97140	  -0.03597	  -2.90443	   0.00000	   0.09147	   0.00000	  -0.01525	   0.00000	  -0.04574	  -0.00000	  -0.01525	  -0.00000	  -0.04574
B         	   8.97459	   4.27661	  -2.90443	   0.00000	   0.06098	   0.00000	  -0.01525	   0.00000	  -0.01525	  -0.00000	  -0.01525	  -0.00000	  -0.04574
B         	 -10.20901	   6.43603	  -2.90443	   0.00000	   0.06098	   0.00000	   0.00000	   0.00000	  -0.01525	  -0.00000	   0.00000	  -0.00000	  -0.03049
B         	 -10.20901	  -2.19039	  -2.90443	   0.00000	   0.07623	   0.00000	  -0.00000	   0.00000	  -0.03049	   0.00000	  -0.00000	   0.00000	  -0.04574
B         	 -10.20901	   2.11814	  -2.90443	   0.00000	   0.07623	  -0.00000	  -0.00000	  -0.00000	  -0.03049	  -0.00000	  -0.00000	  -0.00000	  -0.04574
B         	  -7.74289	   6.43587	  -2.90443	   0.00000	   0.04574	  -0.00000	   0.01525	  -0.00000	  -0.00000	  -0.00000	   0.01525	  -0.00000	  -0.04574
B         	  -7.73688	  -2.19035	  -2.90443	   0.00000	   0.09147	   0.01525	   0.03049	   0.01525	  -0.04574	   0.01525	   0.03049	   0.01525	  -0.04574
B         	  -7.73483	   2.11987	  -2.90443	   0.00000	   0.09147	  -0.01525	   0.03049	  -0.01525	  -0.04574	  -0.00000	   0.03049	  -0.00000	  -0.04574
B         	  -5.27443	  -6.50222	  -2.90343	  -0.01525	   0.01525	  -0.00000	   0.04574	  -0.00000	   0.04574	  -0.00000	   0.04574	  -0.00000	  -0.04574
B         	  -5.26203	  -2.18810	  -2.90343	  -0.07623	   0.10672	   0.09147	   0.13721	   0.09147	  -0.04574	   0.04574	   0.13721	   0.04574	  -0.06098
B         	  -5.25707	   2.12183	  -2.90343	   0.04574	   0.09147	  -0.07623	   0.13721	  -0.07623	  -0.06098	  -0.04574	   0.13721	  -0.04574	  -0.04574
B         	  -3.15202	  -6.49785	  -1.69341	   0.16770	  -0.09147	  -0.06098	   0.09147	  -0.06098	   0.21343	  -0.06098	   0.09147	  -0.06098	  -0.12196
B         	  -3.10409	  -2.18255	  -1.73748	  -0.88422	   0.04574	   0.42687	   0.60981	   0.42687	   0.07623	   0.41162	   0.60981	   0.41162	  -0.12196
B         	  -3.08395	   2.12298	  -1.75073	  -0.53358	   0.10672	  -0.28966	   0.50309	  -0.28966	   0.01525	  -0.22868	   0.50309	  -0.22868	  -0.13721
B         	  -1.19387	  -6.49003	  -0.20409	  -0.04574	  -0.21343	  -0.03049	   0.03049	  -0.03049	   0.45736	  -0.01525	   0.03049	  -0.01525	  -0.22868
B         	  -1.16141	  -2.16790	  -0.20909	  -3.96375	  -1.43305	  -0.64030	   0.39637	  -0.64030	   4.81748	   0.35064	   0.39637	   0.35064	  -3.38443
B         	  -1.15802	   2.13289	  -0.20056	 -11.08325	   2.66791	  -2.28678	   4.03997	  -2.28678	  -0.53358	  -0.83849	   4.03997	  -0.83849	  -2.13433
B         	   1.19387	  -6.49003	  -0.20410	  -0.04574	  -0.21343	   0.03049	  -0.03049	   0.03049	   0.45736	  -0.01525	  -0.03049	  -0.01525	  -0.22868
B         	   1.16141	  -2.16790	  -0.20909	  -3.96375	  -1.43305	   0.64030	  -0.39637	   0.64030	   4.81748	   0.35064	  -0.39637	   0.35064	  -3.38443
B         	   1.15802	   2.13289	  -0.20056	 -11.08325	   2.66791	   2.28678	  -4.03997	   2.28678	  -0.53358	  -0.83849	  -4.03997	  -0.83849	  -2.13433
B         	   3.15202	  -6.49785	  -1.69341	   0.16770	  -0.09147	   0.06098	  -0.09147	   0.06098	   0.21343	  -0.06098	  -0.09147	  -0.06098	  -0.12196
B         	   3.10409	  -2.18255	  -1.73748	  -0.88422	   0.04574	  -0.42687	  -0.60981	  -0.42687	   0.07623	   0.41162	  -0.60981	   0.41162	  -0.12196
B         	   3.08395	   2.12298	  -1.75073	  -0.53358	   0.10672	   0.28966	  -0.50309	   0.28966	   0.01525	  -0.22868	  -0.50309	  -0.22868	  -0.13721
B         	   5.27443	  -6.50222	  -2.90343	  -0.01525	   0.01525	   0.00000	  -0.04574	   0.00000	   0.04574	  -0.00000	  -0.04574	  -0.00000	  -0.04574
B         	   5.26203	  -2.18810	  -2.90343	  -0.07623	   0.10672	  -0.09147	  -0.13721	  -0.09147	  -0.04574	   0.04574	  -0.13721	   0.04574	  -0.06098
B         	   5.25707	   2.12183	  -2.90343	   0.04574	   0.09147	   0.07623	  -0.13721	   0.07623	  -0.06098	  -0.04574	  -0.13721	  -0.04574	  -0.04574
B         	   7.74289	   6.43587	  -2.90443	   0.00000	   0.04574	   0.00000	  -0.01525	   0.00000	  -0.00000	  -0.00000	  -0.01525	  -0.00000	  -0.04574
B         	   7.73688	  -2.19035	  -2.90443	   0.00000	   0.09147	  -0.01525	  -0.03049	  -0.01525	  -0.04574	   0.01525	  -0.03049	   0.01525	  -0.04574
B         	   7.73483	   2.11987	  -2.90443	   0.00000	   0.09147	   0.01525	  -0.03049	   0.01525	  -0.04574	  -0.00000	  -0.03049	  -0.00000	  -0.04574
N         	  -8.97516	  -2.91130	  -2.90443	   0.00000	   0.07623	   0.01525	   0.01525	   0.01525	  -0.03049	   0.00000	   0.01525	   0.00000	  -0.04574
N         	  -8.97329	   1.39944	  -2.90443	   0.00000	   0.07623	  -0.00000	   0.01525	  -0.00000	  -0.04574	  -0.00000	   0.01525	  -0.00000	  -0.04574
N         	  -8.97729	   5.71292	  -2.90443	   0.00000	   0.04574	  -0.00000	   0.01525	  -0.00000	  -0.01525	  -0.00000	   0.01525	  -0.00000	  -0.03049
N         	  -6.50772	  -2.91041	  -2.90441	   0.06098	   0.09147	   0.04574	   0.06098	   0.04574	  -0.03049	   0.03049	   0.06098	   0.03049	  -0.04574
N         	  -6.50197	   1.40165	  -2.90441	   0.01525	   0.10672	  -0.03049	   0.07623	  -0.03049	  -0.06098	  -0.01525	   0.07623	  -0.01525	  -0.04574
N         	  -6.51338	   5.71447	  -2.90441	   0.00000	   0.03049	  -0.01525	   0.03049	  -0.01525	   0.00000	  -0.00000	   0.03049	  -0.00000	  -0.04574
N         	  -4.08289	  -2.90970	  -2.52230	   0.65554	   0.22868	   0.27441	   0.18294	   0.27441	  -0.04574	   0.10672	   0.18294	   0.10672	  -0.16770
N         	  -4.06464	   1.40915	  -2.53842	   0.39637	   0.21343	  -0.03049	   0.21343	  -0.03049	  -0.24392	  -0.10672	   0.21343	  -0.10672	   0.03049
N         	  -4.09447	   5.72044	  -2.50750	   0.01525	  -0.03049	  -0.01525	   0.07623	  -0.01525	   0.10672	  -0.03049	   0.07623	  -0.03049	  -0.07623
N         	  -2.23377	  -2.90899	  -0.87306	  19.91021	  -1.05192	   3.24722	   2.37825	   3.24722	   1.53976	   3.56737	   2.37825	   3.56737	  -0.50309
N         	  -2.13685	   1.41213	  -0.96165	   6.46396	   1.93614	   1.29584	   1.81418	   1.29584	   0.30490	   1.41780	   1.81418	   1.41780	  -2.24104
N         	  -2.25444	   5.72600	  -0.84826	   1.55501	  -0.28966	  -0.30490	   0.10672	  -0.30490	   0.67079	  -0.16770	   0.10672	  -0.16770	  -0.38113
N         	   0.00000	  -2.93005	   0.18816	  -4.13145	   2.94232	  -0.00000	   0.00000	  -0.00000	  -0.18294	  -0.27441	   0.00000	  -0.27441	  -2.75938
N         	   0.00000	   5.73372	   0.15499	   0.25917	  -0.36588	  -0.00000	   0.00000	  -0.00000	   0.76226	   0.12196	   0.00000	   0.12196	  -0.38113
N         	   2.23377	  -2.90899	  -0.87306	  19.91021	  -1.05192	  -3.24722	  -2.37825	  -3.24722	   1.53976	   3.56737	  -2.37825	   3.56737	  -0.50309
N         	   2.13685	   1.41213	  -0.96165	   6.46396	   1.93614	  -1.29584	  -1.81418	  -1.29584	   0.30490	   1.41780	  -1.81418	   1.41780	  -2.24104
N         	   2.25444	   5.72600	  -0.84826	   1.55501	  -0.28966	   0.30490	  -0.10672	   0.30490	   0.67079	  -0.16770	  -0.10672	  -0.16770	  -0.38113
N         	   4.08289	  -2.90970	  -2.52230	   0.65554	   0.22868	  -0.27441	  -0.18294	  -0.27441	  -0.04574	   0.10672	  -0.18294	   0.10672	  -0.16770
N         	   4.06464	   1.40915	  -2.53842	   0.39637	   0.21343	   0.03049	  -0.21343	   0.03049	  -0.24392	  -0.10672	  -0.21343	  -0.10672	   0.03049
N         	   4.09447	   5.72044	  -2.50750	   0.01525	  -0.03049	   0.01525	  -0.07623	   0.01525	   0.10672	  -0.03049	  -0.07623	  -0.03049	  -0.07623
N         	   6.50772	  -2.91041	  -2.90441	   0.06098	   0.09147	  -0.04574	  -0.06098	  -0.04574	  -0.03049	   0.03049	  -0.06098	   0.03049	  -0.04574
N         	   6.50197	   1.40165	  -2.90441	   0.01525	   0.10672	   0.03049	  -0.07623	   0.03049	  -0.06098	  -0.01525	  -0.07623	  -0.01525	  -0.04574
N         	   6.51338	   5.71447	  -2.90441	   0.00000	   0.03049	   0.01525	  -0.03049	   0.01525	   0.00000	  -0.00000	  -0.03049	  -0.00000	  -0.04574
N         	   8.97515	  -2.91130	  -2.90443	   0.00000	   0.07623	  -0.01525	  -0.01525	  -0.01525	  -0.03049	   0.00000	  -0.01525	   0.00000	  -0.04574
N         	   8.97329	   1.39944	  -2.90443	   0.00000	   0.07623	   0.00000	  -0.01525	   0.00000	  -0.04574	  -0.00000	  -0.01525	  -0.00000	  -0.04574
N         	   8.97728	   5.71292	  -2.90443	   0.00000	   0.04574	   0.00000	  -0.01525	   0.00000	  -0.01525	  -0.00000	  -0.01525	  -0.00000	  -0.03049
N         	 -10.20901	  -5.06954	  -2.90443	   0.00000	   0.06098	  -0.00000	   0.00000	  -0.00000	  -0.01525	   0.00000	   0.00000	   0.00000	  -0.03049
N         	 -10.20901	  -0.75530	  -2.90443	   0.00000	   0.09147	   0.00000	  -0.00000	   0.00000	  -0.04574	   0.00000	  -0.00000	   0.00000	  -0.04574
N         	 -10.20901	   3.55471	  -2.90443	   0.00000	   0.06098	   0.00000	   0.00000	   0.00000	  -0.03049	  -0.00000	   0.00000	  -0.00000	  -0.04574
N         	  -7.74495	  -5.06956	  -2.90443	   0.00000	   0.04574	   0.01525	   0.01525	   0.01525	  -0.01525	   0.00000	   0.01525	   0.00000	  -0.04574
N         	  -7.73729	  -0.75486	  -2.90443	   0.06098	   0.12196	   0.01525	   0.03049	   0.01525	  -0.06098	   0.00000	   0.03049	   0.00000	  -0.06098
N         	  -7.74203	   3.55590	  -2.90443	   0.00000	   0.06098	  -0.01525	   0.03049	  -0.01525	  -0.03049	  -0.01525	   0.03049	  -0.01525	  -0.04574
N         	  -5.27785	  -5.06784	  -2.90343	   0.01525	   0.01525	   0.04574	   0.06098	   0.04574	   0.03049	   0.03049	   0.06098	   0.03049	  -0.04574
N         	  -5.26122	  -0.75214	  -2.90343	   0.82324	   0.42687	   0.12196	   0.12196	   0.12196	  -0.24392	   0.01525	   0.12196	   0.01525	  -0.19819
N         	  -5.27189	   3.55969	  -2.90343	  -0.01525	   0.04574	  -0.06098	   0.09147	  -0.06098	  -0.01525	  -0.03049	   0.09147	  -0.03049	  -0.01525
N         	  -3.14272	  -5.06418	  -1.69462	   0.94520	  -0.12196	   0.27441	   0.15245	   0.27441	   0.39637	   0.19819	   0.15245	   0.19819	  -0.25917
N         	  -3.05829	  -0.74842	  -1.79023	  18.50766	  -0.24392	   1.26535	   4.37537	   1.26535	  -2.77462	   1.81418	   4.37537	   1.81418	   3.01855
N         	  -3.11991	   3.56532	  -1.71700	  -0.09147	   0.03049	  -0.28966	   0.19819	  -0.28966	   0.13721	  -0.10672	   0.19819	  -0.10672	  -0.15245
N         	  -1.23220	  -5.06446	  -0.12591	   0.10672	  -0.09147	   0.15245	   0.07623	   0.15245	   0.47260	   0.00000	   0.07623	   0.00000	  -0.38113
N         	  -1.23195	   3.58504	  -0.12285	  35.12491	  -3.59786	  -3.11002	   0.89947	  -3.11002	   7.14999	  -3.64360	   0.89947	  -3.64360	  -3.55213
N         	   1.23220	  -5.06446	  -0.12591	   0.10672	  -0.09147	  -0.15245	  -0.07623	  -0.15245	   0.47260	   0.00000	  -0.07623	   0.00000	  -0.38113
N         	   1.23195	   3.58504	  -0.12285	  35.12491	  -3.59786	   3.11002	  -0.89947	   3.11002	   7.14999	  -3.64360	  -0.89947	  -3.64360	  -3.55213
N         	   3.14272	  -5.06418	  -1.69462	   0.94520	  -0.12196	  -0.27441	  -0.15245	  -0.27441	   0.39637	   0.19819	  -0.15245	   0.19819	  -0.25917
N         	   3.05829	  -0.74842	  -1.79023	  18.50766	  -0.24392	  -1.26535	  -4.37537	  -1.26535	  -2.77462	   1.81418	  -4.37537	   1.81418	   3.01855
N         	   3.11991	   3.56532	  -1.71700	  -0.09147	   0.03049	   0.28966	  -0.19819	   0.28966	   0.13721	  -0.10672	  -0.19819	  -0.10672	  -0.15245
N         	   5.27785	  -5.06784	  -2.90343	   0.01525	   0.01525	  -0.04574	  -0.06098	  -0.04574	   0.03049	   0.03049	  -0.06098	   0.03049	  -0.04574
N         	   5.26122	  -0.75214	  -2.90343	   0.82324	   0.42687	  -0.12196	  -0.12196	  -0.12196	  -0.24392	   0.01525	  -0.12196	   0.01525	  -0.19819
N         	   5.27189	   3.55969	  -2.90343	  -0.01525	   0.04574	   0.06098	  -0.09147	   0.06098	  -0.01525	  -0.03049	  -0.09147	  -0.03049	  -0.01525
N         	   7.74495	  -5.06956	  -2.90443	   0.00000	   0.04574	  -0.01525	  -0.01525	  -0.01525	  -0.01525	   0.00000	  -0.01525	   0.00000	  -0.04574
N         	   7.73729	  -0.75486	  -2.90443	   0.06098	   0.12196	  -0.01525	  -0.03049	  -0.01525	  -0.06098	   0.00000	  -0.03049	   0.00000	  -0.06098
N         	   7.74203	   3.55590	  -2.90443	   0.00000	   0.06098	   0.01525	  -0.03049	   0.01525	  -0.03049	  -0.01525	  -0.03049	  -0.01525	  -0.04574
N         	   1.19495	  -0.77972	  -0.19136	 301.35160	  74.18308	 -70.12786	 -42.51882	 -70.12786	 -28.79816	  24.80392	 -42.51882	  24.80392	 -45.38492
N         	  -1.19495	  -0.77972	  -0.19136	 301.35160	  74.18308	  70.12786	  42.51882	  70.12786	 -28.79816	  24.80392	  42.51882	  24.80392	 -45.38492
N         	   0.00000	   1.55943	   0.38271	 184.45151	 -98.43817	   0.00000	  -0.00000	   0.00000	 167.59033	  77.65898	  -0.00000	  77.65898	 -69.13692
