--------------------------------------------------------------------------------------------------------------------------------------------------------------------------
  AtomName	    r_1i_X	    r_1i_Y	    r_1i_Z	     EFGxx	     EFGxy	     EFGxz	     EFGyx	     EFGyy	     EFGyz	     EFGzx	     EFGzy	     EFGzz	[Hatree/Bohr_radius^2]
--------------------------------------------------------------------------------------------------------------------------------------------------------------------------
10B  eQ___:	  8.459000	[Q/milibarn]*(10^-1)
11B  eQ___:	  4.059000	[Q/milibarn]*(10^-1)
14N  eQ___:	  2.044000	[Q/milibarn]*(10^-1)
15N  eQ___:	  0.000000	[Q/milibarn]*(10^-1)
10B  etc____:	---       	---       	---       	  -0.19771	   0.00000	   0.00000	   0.00000	  -0.19384	   0.00038	   0.00000	   0.00038	   0.39155
11B  etc____:	---       	---       	---       	  -0.19771	   0.00000	   0.00000	   0.00000	  -0.19384	   0.00038	   0.00000	   0.00038	   0.39155
14N  etc____:	---       	---       	---       	  -0.03795	  -0.00000	   0.00000	  -0.00000	   0.00660	  -0.00011	   0.00000	  -0.00011	   0.03136
15N  etc____:	---       	---       	---       	  -0.03795	  -0.00000	   0.00000	  -0.00000	   0.00660	  -0.00011	   0.00000	  -0.00011	   0.03136
MinDif[A]:	 -10.20901	  -6.50222	  -2.90443
MaxDif[A]:	   8.97728	   6.43603	   0.38271
--------------------------------------------------------------------------------------------------------------------------------------------------------------------------
B         	  -8.97552	  -4.34649	  -2.90443	  -0.19682	   0.00254	   0.00048	   0.00254	  -0.19477	  -0.00005	   0.00048	  -0.00005	   0.39160
B         	  -8.97140	  -0.03597	  -2.90443	  -0.19822	   0.00350	   0.00047	   0.00350	  -0.19303	  -0.00004	   0.00047	  -0.00004	   0.39125
B         	  -8.97459	   4.27661	  -2.90443	  -0.19837	   0.00252	   0.00050	   0.00252	  -0.19300	  -0.00004	   0.00050	  -0.00004	   0.39137
B         	  -6.50857	  -4.34664	  -2.90441	  -0.19382	   0.00552	   0.00556	   0.00552	  -0.19617	  -0.00190	   0.00556	  -0.00190	   0.38999
B         	  -6.49541	  -0.03568	  -2.90441	  -0.19705	   0.00960	   0.00475	   0.00960	  -0.19280	  -0.00140	   0.00475	  -0.00140	   0.38986
B         	  -6.50599	   4.27701	  -2.90441	  -0.19701	   0.00557	   0.00512	   0.00557	  -0.19322	  -0.00164	   0.00512	  -0.00164	   0.39023
B         	  -4.13422	  -4.33833	  -2.41552	  -0.04115	  -0.01654	  -0.25123	  -0.01654	  -0.20324	   0.06254	  -0.25123	   0.06254	   0.24441
B         	  -4.09040	  -0.02989	  -2.45014	  -0.07356	   0.00292	  -0.23890	   0.00292	  -0.19113	   0.05893	  -0.23890	   0.05893	   0.26469
B         	  -4.12963	   4.28585	  -2.41633	  -0.05380	  -0.01217	  -0.25303	  -0.01217	  -0.19627	   0.05497	  -0.25303	   0.05497	   0.25007
B         	  -2.21978	  -4.33510	  -0.86773	   0.06038	   0.01406	  -0.27696	   0.01406	  -0.21442	  -0.00411	  -0.27696	  -0.00411	   0.15404
B         	  -2.07816	  -0.03689	  -0.96466	   0.04300	   0.05545	  -0.27572	   0.05545	  -0.17773	   0.03568	  -0.27572	   0.03568	   0.13474
B         	  -2.21482	   4.28894	  -0.87423	   0.05244	   0.02393	  -0.29006	   0.02393	  -0.18862	  -0.01425	  -0.29006	  -0.01425	   0.13618
B         	   0.00000	  -4.33701	   0.07767	  -0.15800	  -0.00000	   0.00000	  -0.00000	  -0.23496	  -0.06989	   0.00000	  -0.06989	   0.39297
B         	   0.00000	   4.30233	   0.06597	  -0.19448	  -0.00000	   0.00000	  -0.00000	  -0.20213	  -0.06159	   0.00000	  -0.06159	   0.39661
B         	   2.21978	  -4.33510	  -0.86773	   0.06038	  -0.01407	   0.27696	  -0.01407	  -0.21442	  -0.00411	   0.27696	  -0.00411	   0.15404
B         	   2.07816	  -0.03689	  -0.96466	   0.04300	  -0.05545	   0.27573	  -0.05545	  -0.17773	   0.03568	   0.27573	   0.03568	   0.13474
B         	   2.21482	   4.28894	  -0.87423	   0.05244	  -0.02393	   0.29006	  -0.02393	  -0.18862	  -0.01425	   0.29006	  -0.01425	   0.13618
B         	   4.13422	  -4.33833	  -2.41552	  -0.04115	   0.01654	   0.25123	   0.01654	  -0.20324	   0.06254	   0.25123	   0.06254	   0.24441
B         	   4.09040	  -0.02989	  -2.45014	  -0.07356	  -0.00292	   0.23890	  -0.00292	  -0.19113	   0.05893	   0.23890	   0.05893	   0.26469
B         	   4.12963	   4.28585	  -2.41633	  -0.05380	   0.01217	   0.25303	   0.01217	  -0.19627	   0.05497	   0.25303	   0.05497	   0.25007
B         	   6.50857	  -4.34664	  -2.90441	  -0.19382	  -0.00552	  -0.00556	  -0.00552	  -0.19617	  -0.00190	  -0.00556	  -0.00190	   0.38999
B         	   6.49541	  -0.03568	  -2.90441	  -0.19705	  -0.00960	  -0.00475	  -0.00960	  -0.19280	  -0.00140	  -0.00475	  -0.00140	   0.38986
B         	   6.50599	   4.27701	  -2.90441	  -0.19701	  -0.00557	  -0.00512	  -0.00557	  -0.19322	  -0.00164	  -0.00512	  -0.00164	   0.39023
B         	   8.97552	  -4.34649	  -2.90443	  -0.19682	  -0.00254	  -0.00048	  -0.00254	  -0.19477	  -0.00005	  -0.00048	  -0.00005	   0.39160
B         	   8.97140	  -0.03597	  -2.90443	  -0.19822	  -0.00350	  -0.00047	  -0.00350	  -0.19303	  -0.00004	  -0.00047	  -0.00004	   0.39125
B         	   8.97459	   4.27661	  -2.90443	  -0.19837	  -0.00252	  -0.00050	  -0.00252	  -0.19300	  -0.00004	  -0.00050	  -0.00004	   0.39137
B         	 -10.20901	   6.43603	  -2.90443	  -0.19771	   0.00000	   0.00000	   0.00000	  -0.19384	   0.00038	   0.00000	   0.00038	   0.39155
B         	 -10.20901	  -2.19039	  -2.90443	  -0.19764	   0.00000	   0.00000	   0.00000	  -0.19392	   0.00036	   0.00000	   0.00036	   0.39155
B         	 -10.20901	   2.11814	  -2.90443	  -0.19934	   0.00000	   0.00000	   0.00000	  -0.19186	   0.00035	   0.00000	   0.00035	   0.39121
B         	  -7.74289	   6.43587	  -2.90443	  -0.19743	   0.00482	   0.00377	   0.00482	  -0.19314	  -0.00307	   0.00377	  -0.00307	   0.39057
B         	  -7.73688	  -2.19035	  -2.90443	  -0.19722	   0.00728	   0.00354	   0.00728	  -0.19325	  -0.00292	   0.00354	  -0.00292	   0.39048
B         	  -7.73483	   2.11987	  -2.90443	  -0.19844	   0.00671	   0.00345	   0.00671	  -0.19179	  -0.00285	   0.00345	  -0.00285	   0.39023
B         	  -5.27443	  -6.50222	  -2.90343	  -0.17602	  -0.00402	  -0.09107	  -0.00402	  -0.20030	   0.04560	  -0.09107	   0.04560	   0.37634
B         	  -5.26203	  -2.18810	  -2.90343	  -0.17677	   0.00252	  -0.08718	   0.00252	  -0.19933	   0.04550	  -0.08718	   0.04550	   0.37611
B         	  -5.25707	   2.12183	  -2.90343	  -0.18364	   0.00278	  -0.08556	   0.00278	  -0.19387	   0.04280	  -0.08556	   0.04280	   0.37751
B         	  -3.15202	  -6.49785	  -1.69341	   0.07727	   0.00520	  -0.28737	   0.00520	  -0.19783	   0.01065	  -0.28737	   0.01065	   0.12056
B         	  -3.10409	  -2.18255	  -1.73748	   0.07652	  -0.00328	  -0.28007	  -0.00328	  -0.20116	   0.04052	  -0.28007	   0.04052	   0.12463
B         	  -3.08395	   2.12298	  -1.75073	   0.03850	   0.02743	  -0.28795	   0.02743	  -0.18163	   0.00363	  -0.28795	   0.00363	   0.14315
B         	  -1.19387	  -6.49003	  -0.20409	  -0.08406	   0.02297	  -0.21704	   0.02297	  -0.21015	  -0.05075	  -0.21704	  -0.05075	   0.29421
B         	  -1.16141	  -2.16790	  -0.20909	  -0.02770	   0.03471	  -0.20112	   0.03471	  -0.25335	  -0.01157	  -0.20112	  -0.01157	   0.28105
B         	  -1.15802	   2.13289	  -0.20056	  -0.07133	   0.03148	  -0.26905	   0.03148	  -0.15664	  -0.05484	  -0.26905	  -0.05484	   0.22797
B         	   1.19387	  -6.49003	  -0.20410	  -0.08406	  -0.02297	   0.21704	  -0.02297	  -0.21015	  -0.05075	   0.21704	  -0.05075	   0.29421
B         	   1.16141	  -2.16790	  -0.20909	  -0.02770	  -0.03471	   0.20112	  -0.03471	  -0.25335	  -0.01157	   0.20112	  -0.01157	   0.28105
B         	   1.15802	   2.13289	  -0.20056	  -0.07133	  -0.03148	   0.26905	  -0.03148	  -0.15665	  -0.05484	   0.26905	  -0.05484	   0.22797
B         	   3.15202	  -6.49785	  -1.69341	   0.07727	  -0.00520	   0.28737	  -0.00520	  -0.19783	   0.01065	   0.28737	   0.01065	   0.12056
B         	   3.10409	  -2.18255	  -1.73748	   0.07652	   0.00328	   0.28007	   0.00328	  -0.20116	   0.04052	   0.28007	   0.04052	   0.12463
B         	   3.08395	   2.12298	  -1.75073	   0.03850	  -0.02743	   0.28795	  -0.02743	  -0.18164	   0.00363	   0.28795	   0.00363	   0.14315
B         	   5.27443	  -6.50222	  -2.90343	  -0.17604	   0.00402	   0.09107	   0.00402	  -0.20030	   0.04560	   0.09107	   0.04560	   0.37634
B         	   5.26203	  -2.18810	  -2.90343	  -0.17677	  -0.00252	   0.08718	  -0.00252	  -0.19933	   0.04550	   0.08718	   0.04550	   0.37611
B         	   5.25707	   2.12183	  -2.90343	  -0.18364	  -0.00278	   0.08556	  -0.00278	  -0.19387	   0.04280	   0.08556	   0.04280	   0.37751
B         	   7.74289	   6.43587	  -2.90443	  -0.19743	  -0.00482	  -0.00377	  -0.00482	  -0.19314	  -0.00307	  -0.00377	  -0.00307	   0.39057
B         	   7.73688	  -2.19035	  -2.90443	  -0.19722	  -0.00728	  -0.00354	  -0.00728	  -0.19325	  -0.00292	  -0.00354	  -0.00292	   0.39048
B         	   7.73483	   2.11987	  -2.90443	  -0.19844	  -0.00671	  -0.00345	  -0.00671	  -0.19179	  -0.00285	  -0.00345	  -0.00285	   0.39023
N         	  -8.97516	  -2.91130	  -2.90443	  -0.03163	   0.00016	   0.00409	   0.00016	   0.00282	   0.00058	   0.00409	   0.00058	   0.02881
N         	  -8.97329	   1.39944	  -2.90443	  -0.02724	  -0.00123	   0.00395	  -0.00123	  -0.00290	   0.00061	   0.00395	   0.00061	   0.03014
N         	  -8.97729	   5.71292	  -2.90443	  -0.03794	  -0.00178	   0.00435	  -0.00178	   0.00568	   0.00061	   0.00435	   0.00061	   0.03226
N         	  -6.50772	  -2.91041	  -2.90441	  -0.02765	   0.00441	  -0.07251	   0.00441	   0.00695	  -0.02020	  -0.07251	  -0.02020	   0.02071
N         	  -6.50197	   1.40165	  -2.90441	  -0.02059	  -0.00254	  -0.07114	  -0.00254	  -0.00130	  -0.01992	  -0.07114	  -0.01992	   0.02189
N         	  -6.51338	   5.71447	  -2.90441	  -0.03106	  -0.00073	  -0.07722	  -0.00073	   0.00723	  -0.02064	  -0.07722	  -0.02064	   0.02382
N         	  -4.08289	  -2.90970	  -2.52230	  -0.05744	  -0.03472	   0.03362	  -0.03472	   0.01228	   0.03738	   0.03362	   0.03738	   0.04517
N         	  -4.06464	   1.40915	  -2.53842	  -0.04991	  -0.03106	   0.04972	  -0.03106	   0.00241	   0.02882	   0.04972	   0.02882	   0.04750
N         	  -4.09447	   5.72044	  -2.50750	  -0.06474	  -0.03530	   0.03934	  -0.03530	   0.01043	   0.03323	   0.03934	   0.03323	   0.05432
N         	  -2.23377	  -2.90899	  -0.87306	  -0.05958	   0.01746	  -0.00368	   0.01746	   0.00697	  -0.01805	  -0.00368	  -0.01805	   0.05262
N         	  -2.13685	   1.41213	  -0.96165	  -0.02405	   0.00854	   0.01884	   0.00854	  -0.01782	   0.00318	   0.01884	   0.00318	   0.04187
N         	  -2.25444	   5.72600	  -0.84826	  -0.04866	   0.02375	   0.00535	   0.02375	   0.00032	  -0.02717	   0.00535	  -0.02717	   0.04834
N         	   0.00000	  -2.93005	   0.18816	   0.00917	   0.00000	  -0.00000	   0.00000	   0.00316	  -0.11221	  -0.00000	  -0.11221	  -0.01234
N         	   0.00000	   5.73372	   0.15499	   0.01777	   0.00000	  -0.00000	   0.00000	   0.00813	  -0.11407	  -0.00000	  -0.11407	  -0.02590
N         	   2.23377	  -2.90899	  -0.87306	  -0.05958	  -0.01746	   0.00368	  -0.01746	   0.00697	  -0.01805	   0.00368	  -0.01805	   0.05262
N         	   2.13685	   1.41213	  -0.96165	  -0.02405	  -0.00854	  -0.01884	  -0.00854	  -0.01782	   0.00318	  -0.01884	   0.00318	   0.04187
N         	   2.25444	   5.72600	  -0.84826	  -0.04866	  -0.02375	  -0.00535	  -0.02375	   0.00032	  -0.02717	  -0.00535	  -0.02717	   0.04834
N         	   4.08289	  -2.90970	  -2.52230	  -0.05744	   0.03472	  -0.03362	   0.03472	   0.01228	   0.03738	  -0.03362	   0.03738	   0.04517
N         	   4.06464	   1.40915	  -2.53842	  -0.04991	   0.03106	  -0.04972	   0.03106	   0.00241	   0.02882	  -0.04972	   0.02882	   0.04750
N         	   4.09447	   5.72044	  -2.50750	  -0.06474	   0.03530	  -0.03934	   0.03530	   0.01043	   0.03323	  -0.03934	   0.03323	   0.05432
N         	   6.50772	  -2.91041	  -2.90441	  -0.02765	  -0.00441	   0.07251	  -0.00441	   0.00695	  -0.02020	   0.07251	  -0.02020	   0.02071
N         	   6.50197	   1.40165	  -2.90441	  -0.02059	   0.00254	   0.07114	   0.00254	  -0.00130	  -0.01992	   0.07114	  -0.01992	   0.02189
N         	   6.51338	   5.71447	  -2.90441	  -0.03106	   0.00073	   0.07722	   0.00073	   0.00723	  -0.02064	   0.07722	  -0.02064	   0.02382
N         	   8.97515	  -2.91130	  -2.90443	  -0.03163	  -0.00016	  -0.00409	  -0.00016	   0.00282	   0.00058	  -0.00409	   0.00058	   0.02881
N         	   8.97329	   1.39944	  -2.90443	  -0.02724	   0.00125	  -0.00395	   0.00125	  -0.00290	   0.00061	  -0.00395	   0.00061	   0.03014
N         	   8.97728	   5.71292	  -2.90443	  -0.03795	   0.00178	  -0.00435	   0.00178	   0.00568	   0.00061	  -0.00435	   0.00061	   0.03226
N         	 -10.20901	  -5.06954	  -2.90443	  -0.03795	  -0.00000	   0.00000	  -0.00000	   0.00660	  -0.00011	   0.00000	  -0.00011	   0.03136
N         	 -10.20901	  -0.75530	  -2.90443	  -0.02689	  -0.00000	  -0.00000	  -0.00000	  -0.00196	  -0.00010	  -0.00000	  -0.00010	   0.02885
N         	 -10.20901	   3.55471	  -2.90443	  -0.03434	  -0.00000	   0.00000	  -0.00000	   0.00165	  -0.00008	   0.00000	  -0.00008	   0.03268
N         	  -7.74495	  -5.06956	  -2.90443	  -0.03628	  -0.00070	  -0.00117	  -0.00070	   0.00557	   0.00026	  -0.00117	   0.00026	   0.03071
N         	  -7.73729	  -0.75486	  -2.90443	  -0.02531	  -0.00058	  -0.00150	  -0.00058	  -0.00275	   0.00027	  -0.00150	   0.00027	   0.02806
N         	  -7.74203	   3.55590	  -2.90443	  -0.03229	  -0.00476	  -0.00128	  -0.00476	  -0.00007	   0.00035	  -0.00128	   0.00035	   0.03235
N         	  -5.27785	  -5.06784	  -2.90343	  -0.01772	  -0.02076	  -0.03296	  -0.02076	   0.00931	   0.12084	  -0.03296	   0.12084	   0.00841
N         	  -5.26122	  -0.75214	  -2.90343	  -0.00887	  -0.01641	  -0.02595	  -0.01641	   0.00260	   0.11082	  -0.02595	   0.11082	   0.00627
N         	  -5.27189	   3.55969	  -2.90343	  -0.01325	  -0.02482	  -0.03112	  -0.02482	   0.00441	   0.11291	  -0.03112	   0.11291	   0.00884
N         	  -3.14272	  -5.06418	  -1.69462	  -0.06431	  -0.02188	  -0.01480	  -0.02188	   0.01017	   0.02189	  -0.01480	   0.02189	   0.05414
N         	  -3.05829	  -0.74842	  -1.79023	  -0.04434	  -0.01561	   0.00386	  -0.01561	   0.00014	   0.01774	   0.00386	   0.01774	   0.04420
N         	  -3.11991	   3.56532	  -1.71700	  -0.07052	  -0.03255	  -0.00791	  -0.03255	   0.00675	   0.02737	  -0.00791	   0.02737	   0.06378
N         	  -1.23220	  -5.06446	  -0.12591	  -0.02205	   0.03182	   0.02243	   0.03182	   0.01166	  -0.07820	   0.02243	  -0.07820	   0.01039
N         	  -1.23195	   3.58504	  -0.12285	  -0.01226	   0.04211	   0.02460	   0.04211	   0.03599	  -0.09156	   0.02460	  -0.09156	  -0.02373
N         	   1.23220	  -5.06446	  -0.12591	  -0.02205	  -0.03182	  -0.02243	  -0.03182	   0.01166	  -0.07820	  -0.02243	  -0.07820	   0.01039
N         	   1.23195	   3.58504	  -0.12285	  -0.01226	  -0.04211	  -0.02460	  -0.04211	   0.03599	  -0.09155	  -0.02460	  -0.09155	  -0.02373
N         	   3.14272	  -5.06418	  -1.69462	  -0.06431	   0.02188	   0.01480	   0.02188	   0.01017	   0.02189	   0.01480	   0.02189	   0.05414
N         	   3.05829	  -0.74842	  -1.79023	  -0.04434	   0.01561	  -0.00386	   0.01561	   0.00014	   0.01774	  -0.00386	   0.01774	   0.04420
N         	   3.11991	   3.56532	  -1.71700	  -0.07052	   0.03255	   0.00791	   0.03255	   0.00675	   0.02737	   0.00791	   0.02737	   0.06378
N         	   5.27785	  -5.06784	  -2.90343	  -0.01772	   0.02076	   0.03296	   0.02076	   0.00931	   0.12084	   0.03296	   0.12084	   0.00841
N         	   5.26122	  -0.75214	  -2.90343	  -0.00887	   0.01641	   0.02595	   0.01641	   0.00260	   0.11082	   0.02595	   0.11082	   0.00627
N         	   5.27189	   3.55969	  -2.90343	  -0.01325	   0.02482	   0.03112	   0.02482	   0.00441	   0.11291	   0.03112	   0.11291	   0.00884
N         	   7.74495	  -5.06956	  -2.90443	  -0.03628	   0.00070	   0.00117	   0.00070	   0.00557	   0.00026	   0.00117	   0.00026	   0.03071
N         	   7.73729	  -0.75486	  -2.90443	  -0.02531	   0.00058	   0.00150	   0.00058	  -0.00275	   0.00027	   0.00150	   0.00027	   0.02806
N         	   7.74203	   3.55590	  -2.90443	  -0.03229	   0.00476	   0.00128	   0.00476	  -0.00007	   0.00035	   0.00128	   0.00035	   0.03236
N         	   1.19495	  -0.77972	  -0.19136	   0.33484	  -0.21770	   0.02348	  -0.21770	  -0.14824	  -0.05854	   0.02348	  -0.05854	  -0.18660
N         	  -1.19495	  -0.77972	  -0.19136	   0.33484	   0.21770	  -0.02348	   0.21770	  -0.14824	  -0.05854	  -0.02348	  -0.05854	  -0.18660
N         	   0.00000	   1.55943	   0.38271	  -0.29670	  -0.00000	  -0.00000	  -0.00000	   0.57582	   0.33252	  -0.00000	   0.33252	  -0.27912
