--------------------------------------------------------------------------------------------------------------------------------------------------------------------------
  AtomName	    r_1i_X	    r_1i_Y	    r_1i_Z	     EFGxx	     EFGxy	     EFGxz	     EFGyx	     EFGyy	     EFGyz	     EFGzx	     EFGzy	     EFGzz	[Hatree/Bohr_radius^2]
--------------------------------------------------------------------------------------------------------------------------------------------------------------------------
10B  eQ___:	  8.459000	[Q/milibarn]*(10^-1)
11B  eQ___:	  4.059000	[Q/milibarn]*(10^-1)
14N  eQ___:	  2.044000	[Q/milibarn]*(10^-1)
15N  eQ___:	  0.000000	[Q/milibarn]*(10^-1)
10B  etc____:	---       	---       	---       	  -0.18134	   0.00000	   0.00000	   0.00000	  -0.17506	   0.00041	   0.00000	   0.00041	   0.35639
11B  etc____:	---       	---       	---       	  -0.18134	   0.00000	   0.00000	   0.00000	  -0.17506	   0.00041	   0.00000	   0.00041	   0.35639
14N  etc____:	---       	---       	---       	  -0.03999	  -0.00000	   0.00000	  -0.00000	   0.00657	  -0.00012	   0.00000	  -0.00012	   0.03342
15N  etc____:	---       	---       	---       	  -0.03999	  -0.00000	   0.00000	  -0.00000	   0.00657	  -0.00012	   0.00000	  -0.00012	   0.03342
MinDif[A]:	 -10.29514	  -6.55244	  -2.94368
MaxDif[A]:	   9.05239	   6.50843	   0.35029
--------------------------------------------------------------------------------------------------------------------------------------------------------------------------
B         	  -9.05146	  -4.37655	  -2.94368	  -0.18012	   0.00229	   0.00050	   0.00229	  -0.17621	  -0.00003	   0.00050	  -0.00003	   0.35633
B         	  -9.04786	  -0.02345	  -2.94368	  -0.18076	   0.00320	   0.00048	   0.00320	  -0.17534	  -0.00003	   0.00048	  -0.00003	   0.35609
B         	  -9.05028	   4.32942	  -2.94368	  -0.18110	   0.00228	   0.00051	   0.00228	  -0.17515	  -0.00003	   0.00051	  -0.00003	   0.35625
B         	  -6.56360	  -4.37559	  -2.94365	  -0.17649	   0.00520	   0.00525	   0.00520	  -0.17838	  -0.00129	   0.00525	  -0.00129	   0.35487
B         	  -6.55199	  -0.02467	  -2.94365	  -0.17964	   0.00909	   0.00459	   0.00909	  -0.17512	  -0.00090	   0.00459	  -0.00090	   0.35476
B         	  -6.56071	   4.32925	  -2.94365	  -0.17971	   0.00549	   0.00492	   0.00549	  -0.17541	  -0.00103	   0.00492	  -0.00103	   0.35512
B         	  -4.16901	  -4.36857	  -2.45240	  -0.03841	  -0.01373	  -0.22826	  -0.01373	  -0.18520	   0.05501	  -0.22826	   0.05501	   0.22360
B         	  -4.13113	  -0.01875	  -2.48138	  -0.06362	   0.00325	  -0.21812	   0.00325	  -0.17597	   0.05212	  -0.21812	   0.05212	   0.23959
B         	  -4.16534	   4.33675	  -2.44873	  -0.04754	  -0.00994	  -0.23162	  -0.00994	  -0.17822	   0.05046	  -0.23162	   0.05046	   0.22576
B         	  -2.23563	  -4.36741	  -0.89543	   0.05405	   0.01300	  -0.25238	   0.01300	  -0.19327	  -0.00317	  -0.25238	  -0.00317	   0.13922
B         	  -2.12198	  -0.02353	  -0.96342	   0.05258	   0.05001	  -0.24734	   0.05001	  -0.16967	   0.03751	  -0.24734	   0.03751	   0.11708
B         	  -2.23436	   4.33891	  -0.89189	   0.04462	   0.02189	  -0.26406	   0.02189	  -0.16910	  -0.01103	  -0.26406	  -0.01103	   0.12448
B         	   0.00000	  -4.36514	   0.06330	  -0.14323	  -0.00000	   0.00000	  -0.00000	  -0.21436	  -0.06442	   0.00000	  -0.06442	   0.35759
B         	   0.00000	   4.35265	   0.05328	  -0.17894	  -0.00000	   0.00000	  -0.00000	  -0.18282	  -0.05584	   0.00000	  -0.05584	   0.36175
B         	   2.23563	  -4.36741	  -0.89543	   0.05405	  -0.01300	   0.25238	  -0.01300	  -0.19327	  -0.00317	   0.25238	  -0.00317	   0.13922
B         	   2.12198	  -0.02353	  -0.96342	   0.05258	  -0.05001	   0.24734	  -0.05001	  -0.16967	   0.03751	   0.24734	   0.03751	   0.11708
B         	   2.23436	   4.33891	  -0.89189	   0.04462	  -0.02189	   0.26406	  -0.02189	  -0.16910	  -0.01103	   0.26406	  -0.01103	   0.12448
B         	   4.16901	  -4.36857	  -2.45240	  -0.03841	   0.01373	   0.22826	   0.01373	  -0.18520	   0.05501	   0.22826	   0.05501	   0.22360
B         	   4.13113	  -0.01875	  -2.48138	  -0.06362	  -0.00325	   0.21812	  -0.00325	  -0.17597	   0.05212	   0.21812	   0.05212	   0.23959
B         	   4.16534	   4.33675	  -2.44873	  -0.04754	   0.00994	   0.23162	   0.00994	  -0.17822	   0.05046	   0.23162	   0.05046	   0.22576
B         	   6.56360	  -4.37559	  -2.94365	  -0.17649	  -0.00520	  -0.00525	  -0.00520	  -0.17838	  -0.00129	  -0.00525	  -0.00129	   0.35487
B         	   6.55199	  -0.02467	  -2.94365	  -0.17964	  -0.00909	  -0.00459	  -0.00909	  -0.17512	  -0.00090	  -0.00459	  -0.00090	   0.35476
B         	   6.56071	   4.32925	  -2.94365	  -0.17971	  -0.00549	  -0.00492	  -0.00549	  -0.17541	  -0.00103	  -0.00492	  -0.00103	   0.35512
B         	   9.05146	  -4.37655	  -2.94368	  -0.18012	  -0.00229	  -0.00050	  -0.00229	  -0.17621	  -0.00003	  -0.00050	  -0.00003	   0.35633
B         	   9.04786	  -0.02345	  -2.94368	  -0.18076	  -0.00320	  -0.00048	  -0.00320	  -0.17534	  -0.00003	  -0.00048	  -0.00003	   0.35609
B         	   9.05028	   4.32942	  -2.94368	  -0.18110	  -0.00228	  -0.00051	  -0.00228	  -0.17515	  -0.00003	  -0.00051	  -0.00003	   0.35625
B         	 -10.29514	   6.50722	  -2.94368	  -0.18134	   0.00000	   0.00000	   0.00000	  -0.17506	   0.00041	   0.00000	   0.00041	   0.35639
B         	 -10.29514	  -2.19888	  -2.94368	  -0.18039	   0.00000	   0.00000	   0.00000	  -0.17605	   0.00038	   0.00000	   0.00038	   0.35644
B         	 -10.29514	   2.15181	  -2.94368	  -0.18162	   0.00000	  -0.00000	   0.00000	  -0.17449	   0.00039	  -0.00000	   0.00039	   0.35611
B         	  -7.80732	   6.50843	  -2.94368	  -0.18017	   0.00490	   0.00378	   0.00490	  -0.17500	  -0.00315	   0.00378	  -0.00315	   0.35517
B         	  -7.80416	  -2.19931	  -2.94368	  -0.17999	   0.00615	   0.00355	   0.00615	  -0.17519	  -0.00299	   0.00355	  -0.00299	   0.35518
B         	  -7.80091	   2.15192	  -2.94368	  -0.18120	   0.00633	   0.00354	   0.00633	  -0.17371	  -0.00299	   0.00354	  -0.00299	   0.35491
B         	  -5.31800	  -6.55244	  -2.94268	  -0.15988	  -0.00328	  -0.08425	  -0.00328	  -0.18160	   0.04207	  -0.08425	   0.04207	   0.34149
B         	  -5.30900	  -2.19714	  -2.94268	  -0.15985	   0.00165	  -0.08063	   0.00165	  -0.18148	   0.04180	  -0.08063	   0.04180	   0.34133
B         	  -5.30357	   2.15338	  -2.94268	  -0.16566	   0.00239	  -0.08045	   0.00239	  -0.17637	   0.04026	  -0.08045	   0.04026	   0.34204
B         	  -3.17620	  -6.54848	  -1.72337	   0.06851	   0.00434	  -0.26127	   0.00434	  -0.17895	   0.01129	  -0.26127	   0.01129	   0.11044
B         	  -3.13305	  -2.19289	  -1.76429	   0.06687	  -0.00009	  -0.25335	  -0.00009	  -0.18263	   0.03394	  -0.25335	   0.03394	   0.11576
B         	  -3.11896	   2.15368	  -1.76586	   0.03853	   0.02475	  -0.26151	   0.02475	  -0.16422	   0.00740	  -0.26151	   0.00740	   0.12569
B         	  -1.20308	  -6.54031	  -0.22178	  -0.07657	   0.02041	  -0.19822	   0.02041	  -0.19123	  -0.04517	  -0.19822	  -0.04517	   0.26781
B         	  -1.17915	  -2.18026	  -0.21174	  -0.02471	   0.04361	  -0.18182	   0.04361	  -0.22904	  -0.01979	  -0.18182	  -0.01979	   0.25375
B         	  -1.16478	   2.15882	  -0.20790	  -0.08062	   0.03518	  -0.24239	   0.03518	  -0.13314	  -0.04386	  -0.24239	  -0.04386	   0.21375
B         	   1.20308	  -6.54031	  -0.22179	  -0.07657	  -0.02041	   0.19822	  -0.02041	  -0.19123	  -0.04517	   0.19822	  -0.04517	   0.26781
B         	   1.17915	  -2.18026	  -0.21174	  -0.02471	  -0.04361	   0.18182	  -0.04361	  -0.22904	  -0.01979	   0.18182	  -0.01979	   0.25375
B         	   1.16478	   2.15882	  -0.20790	  -0.08062	  -0.03518	   0.24239	  -0.03518	  -0.13314	  -0.04386	   0.24239	  -0.04386	   0.21375
B         	   3.17620	  -6.54848	  -1.72337	   0.06851	  -0.00434	   0.26127	  -0.00434	  -0.17895	   0.01129	   0.26127	   0.01129	   0.11044
B         	   3.13305	  -2.19289	  -1.76429	   0.06687	   0.00009	   0.25335	   0.00009	  -0.18263	   0.03394	   0.25335	   0.03394	   0.11576
B         	   3.11896	   2.15368	  -1.76586	   0.03853	  -0.02475	   0.26151	  -0.02475	  -0.16422	   0.00740	   0.26151	   0.00740	   0.12569
B         	   5.31800	  -6.55244	  -2.94268	  -0.15988	   0.00328	   0.08425	   0.00328	  -0.18160	   0.04207	   0.08425	   0.04207	   0.34149
B         	   5.30900	  -2.19714	  -2.94268	  -0.15985	  -0.00165	   0.08063	  -0.00165	  -0.18148	   0.04180	   0.08063	   0.04180	   0.34133
B         	   5.30357	   2.15338	  -2.94268	  -0.16566	  -0.00239	   0.08045	  -0.00239	  -0.17637	   0.04026	   0.08045	   0.04026	   0.34204
B         	   7.80732	   6.50843	  -2.94368	  -0.18017	  -0.00490	  -0.00378	  -0.00490	  -0.17500	  -0.00315	  -0.00378	  -0.00315	   0.35517
B         	   7.80416	  -2.19931	  -2.94368	  -0.17999	  -0.00615	  -0.00355	  -0.00615	  -0.17519	  -0.00299	  -0.00355	  -0.00299	   0.35518
B         	   7.80091	   2.15192	  -2.94368	  -0.18120	  -0.00633	  -0.00354	  -0.00633	  -0.17371	  -0.00299	  -0.00354	  -0.00299	   0.35491
N         	  -9.05170	  -2.92759	  -2.94368	  -0.03601	  -0.00024	   0.00404	  -0.00024	   0.00480	   0.00057	   0.00404	   0.00057	   0.03121
N         	  -9.04964	   1.42529	  -2.94368	  -0.03098	  -0.00173	   0.00398	  -0.00173	  -0.00110	   0.00060	   0.00398	   0.00060	   0.03208
N         	  -9.05239	   5.77881	  -2.94368	  -0.03894	  -0.00114	   0.00430	  -0.00114	   0.00501	   0.00060	   0.00430	   0.00060	   0.03393
N         	  -6.56432	  -2.92620	  -2.94365	  -0.03035	   0.00311	  -0.07047	   0.00311	   0.00717	  -0.01818	  -0.07047	  -0.01818	   0.02317
N         	  -6.55865	   1.42611	  -2.94365	  -0.02461	  -0.00242	  -0.07036	  -0.00242	   0.00070	  -0.01818	  -0.07036	  -0.01818	   0.02391
N         	  -6.56771	   5.78011	  -2.94365	  -0.03323	  -0.00113	  -0.07491	  -0.00113	   0.00751	  -0.01863	  -0.07491	  -0.01863	   0.02572
N         	  -4.12150	  -2.92629	  -2.55278	  -0.05613	  -0.03395	   0.03071	  -0.03395	   0.01119	   0.03851	   0.03071	   0.03851	   0.04495
N         	  -4.10605	   1.43255	  -2.56311	  -0.05359	  -0.03121	   0.04712	  -0.03121	   0.00326	   0.03200	   0.04712	   0.03200	   0.05033
N         	  -4.13106	   5.78467	  -2.53793	  -0.06400	  -0.03537	   0.03528	  -0.03537	   0.01082	   0.03427	   0.03528	   0.03427	   0.05319
N         	  -2.24958	  -2.92811	  -0.90036	  -0.05967	   0.02467	   0.00475	   0.02467	   0.00799	  -0.01241	   0.00475	  -0.01241	   0.05167
N         	  -2.17372	   1.43588	  -0.96107	  -0.02389	   0.01614	   0.01846	   0.01614	  -0.00570	   0.00203	   0.01846	   0.00203	   0.02959
N         	  -2.27133	   5.79073	  -0.87137	  -0.05054	   0.02362	   0.00349	   0.02362	   0.00297	  -0.02927	   0.00349	  -0.02927	   0.04756
N         	   0.00000	  -2.94468	   0.17657	   0.02569	  -0.00000	  -0.00000	  -0.00000	   0.00436	  -0.11838	  -0.00000	  -0.11838	  -0.03005
N         	   0.00000	   5.79797	   0.13916	   0.01422	   0.00000	  -0.00000	   0.00000	   0.00838	  -0.11455	  -0.00000	  -0.11455	  -0.02260
N         	   2.24958	  -2.92811	  -0.90036	  -0.05967	  -0.02467	  -0.00474	  -0.02467	   0.00799	  -0.01241	  -0.00474	  -0.01241	   0.05167
N         	   2.17372	   1.43588	  -0.96107	  -0.02389	  -0.01614	  -0.01846	  -0.01614	  -0.00570	   0.00203	  -0.01846	   0.00203	   0.02959
N         	   2.27133	   5.79073	  -0.87137	  -0.05054	  -0.02362	  -0.00349	  -0.02362	   0.00297	  -0.02927	  -0.00349	  -0.02927	   0.04756
N         	   4.12150	  -2.92629	  -2.55278	  -0.05613	   0.03395	  -0.03071	   0.03395	   0.01119	   0.03851	  -0.03071	   0.03851	   0.04495
N         	   4.10605	   1.43255	  -2.56311	  -0.05359	   0.03121	  -0.04712	   0.03121	   0.00326	   0.03200	  -0.04712	   0.03200	   0.05033
N         	   4.13106	   5.78467	  -2.53793	  -0.06400	   0.03537	  -0.03528	   0.03537	   0.01082	   0.03427	  -0.03528	   0.03427	   0.05319
N         	   6.56432	  -2.92620	  -2.94365	  -0.03035	  -0.00311	   0.07047	  -0.00311	   0.00717	  -0.01818	   0.07047	  -0.01818	   0.02317
N         	   6.55865	   1.42611	  -2.94365	  -0.02461	   0.00242	   0.07036	   0.00242	   0.00070	  -0.01818	   0.07036	  -0.01818	   0.02391
N         	   6.56771	   5.78011	  -2.94365	  -0.03323	   0.00113	   0.07491	   0.00113	   0.00751	  -0.01863	   0.07491	  -0.01863	   0.02572
N         	   9.05170	  -2.92759	  -2.94368	  -0.03601	   0.00024	  -0.00404	   0.00024	   0.00480	   0.00057	  -0.00404	   0.00057	   0.03121
N         	   9.04964	   1.42529	  -2.94368	  -0.03098	   0.00173	  -0.00398	   0.00173	  -0.00110	   0.00060	  -0.00398	   0.00060	   0.03208
N         	   9.05239	   5.77881	  -2.94368	  -0.03894	   0.00114	  -0.00430	   0.00114	   0.00501	   0.00060	  -0.00430	   0.00060	   0.03393
N         	 -10.29514	  -5.10658	  -2.94368	  -0.03999	  -0.00000	   0.00000	  -0.00000	   0.00657	  -0.00012	   0.00000	  -0.00012	   0.03342
N         	 -10.29514	  -0.75022	  -2.94368	  -0.03134	  -0.00000	   0.00000	  -0.00000	   0.00037	  -0.00012	   0.00000	  -0.00012	   0.03097
N         	 -10.29514	   3.60139	  -2.94368	  -0.03656	  -0.00000	   0.00000	  -0.00000	   0.00213	  -0.00010	   0.00000	  -0.00010	   0.03443
N         	  -7.80989	  -5.10555	  -2.94368	  -0.03841	  -0.00116	  -0.00054	  -0.00116	   0.00551	   0.00012	  -0.00054	   0.00012	   0.03289
N         	  -7.80411	  -0.75029	  -2.94368	  -0.02900	  -0.00063	  -0.00090	  -0.00063	  -0.00115	   0.00013	  -0.00090	   0.00013	   0.03016
N         	  -7.80743	   3.60160	  -2.94368	  -0.03449	  -0.00443	  -0.00074	  -0.00443	   0.00095	   0.00022	  -0.00074	   0.00022	   0.03355
N         	  -5.32263	  -5.10461	  -2.94268	  -0.02052	  -0.02157	  -0.03339	  -0.02157	   0.00904	   0.11940	  -0.03339	   0.11940	   0.01148
N         	  -5.30850	  -0.74878	  -2.94268	  -0.01212	  -0.01587	  -0.02667	  -0.01587	   0.00216	   0.11019	  -0.02667	   0.11019	   0.00996
N         	  -5.31693	   3.60421	  -2.94268	  -0.01602	  -0.02441	  -0.03114	  -0.02441	   0.00457	   0.11343	  -0.03114	   0.11343	   0.01145
N         	  -3.16700	  -5.10139	  -1.72831	  -0.06150	  -0.02187	  -0.01524	  -0.02187	   0.01049	   0.02195	  -0.01524	   0.02195	   0.05101
N         	  -3.09442	  -0.74574	  -1.81104	  -0.04776	  -0.01413	   0.00887	  -0.01413	  -0.00111	   0.02630	   0.00887	   0.02630	   0.04887
N         	  -3.15080	   3.60967	  -1.73938	  -0.06908	  -0.03183	  -0.00911	  -0.03183	   0.00802	   0.02681	  -0.00911	   0.02681	   0.06107
N         	  -1.24023	  -5.10122	  -0.14719	  -0.02278	   0.03550	   0.02248	   0.03550	   0.01173	  -0.07883	   0.02248	  -0.07883	   0.01105
N         	  -1.24086	   3.62897	  -0.13879	  -0.01852	   0.03709	   0.02177	   0.03709	   0.04203	  -0.09259	   0.02177	  -0.09259	  -0.02350
N         	   1.24023	  -5.10122	  -0.14719	  -0.02278	  -0.03550	  -0.02248	  -0.03550	   0.01173	  -0.07883	  -0.02248	  -0.07883	   0.01105
N         	   1.24086	   3.62897	  -0.13879	  -0.01852	  -0.03709	  -0.02177	  -0.03709	   0.04203	  -0.09259	  -0.02177	  -0.09259	  -0.02350
N         	   3.16700	  -5.10139	  -1.72831	  -0.06150	   0.02187	   0.01524	   0.02187	   0.01049	   0.02195	   0.01524	   0.02195	   0.05101
N         	   3.09442	  -0.74574	  -1.81104	  -0.04776	   0.01413	  -0.00887	   0.01413	  -0.00111	   0.02630	  -0.00887	   0.02630	   0.04887
N         	   3.15080	   3.60967	  -1.73938	  -0.06908	   0.03183	   0.00911	   0.03183	   0.00802	   0.02681	   0.00911	   0.02681	   0.06107
N         	   5.32263	  -5.10461	  -2.94268	  -0.02052	   0.02157	   0.03339	   0.02157	   0.00904	   0.11940	   0.03339	   0.11940	   0.01148
N         	   5.30850	  -0.74878	  -2.94268	  -0.01212	   0.01587	   0.02667	   0.01587	   0.00216	   0.11019	   0.02667	   0.11019	   0.00996
N         	   5.31693	   3.60421	  -2.94268	  -0.01602	   0.02441	   0.03114	   0.02441	   0.00457	   0.11343	   0.03114	   0.11343	   0.01145
N         	   7.80989	  -5.10555	  -2.94368	  -0.03841	   0.00116	   0.00054	   0.00116	   0.00551	   0.00012	   0.00054	   0.00012	   0.03289
N         	   7.80411	  -0.75029	  -2.94368	  -0.02900	   0.00063	   0.00090	   0.00063	  -0.00115	   0.00013	   0.00090	   0.00013	   0.03016
N         	   7.80743	   3.60160	  -2.94368	  -0.03449	   0.00443	   0.00074	   0.00443	   0.00095	   0.00022	   0.00074	   0.00022	   0.03355
N         	   1.25390	  -0.78517	  -0.17515	   0.28924	  -0.22461	  -0.01026	  -0.22461	  -0.11983	  -0.03075	  -0.01026	  -0.03075	  -0.16942
N         	  -1.25390	  -0.78517	  -0.17514	   0.28924	   0.22461	   0.01026	   0.22461	  -0.11983	  -0.03075	   0.01026	  -0.03075	  -0.16942
N         	   0.00000	   1.57033	   0.35029	  -0.24234	   0.00000	  -0.00000	   0.00000	   0.42575	   0.26311	  -0.00000	   0.26311	  -0.18340
