--------------------------------------------------------------------------------------------------------------------------------------------------------------------------
  AtomName	    r_1i_X	    r_1i_Y	    r_1i_Z	  iso[MHz]	       Axx	       Axy	       Axz	       Ayx	       Ayy	       Ayz	       Azx	       Azy	       Azz
--------------------------------------------------------------------------------------------------------------------------------------------------------------------------
10B  g-factor___:   0.600215 [No-unit]
11B  g-factor___:   1.792433 [No-unit]
14N  g-factor___:   0.403761 [No-unit]
15N  g-factor___:  -0.566378 [No-unit]
10B  etc____:	---       	---       	---       	   0.00000
11B  etc____:	---       	---       	---       	   0.00000
14N  etc____:	---       	---       	---       	   0.00000
15N  etc____:	---       	---       	---       	   0.00000
MinDif[A]:	 -10.29514	  -6.55244	  -2.94368
MaxDif[A]:	   9.05239	   6.50843	   0.35029
--------------------------------------------------------------------------------------------------------------------------------------------------------------------------
B         	  -9.05146	  -4.37655	  -2.94368	   0.00000	   0.06098	   0.01525	   0.01525	   0.01525	  -0.01525	   0.00000	   0.01525	   0.00000	  -0.04574
B         	  -9.04786	  -0.02345	  -2.94368	   0.01525	   0.09147	  -0.00000	   0.01525	  -0.00000	  -0.04574	  -0.00000	   0.01525	  -0.00000	  -0.04574
B         	  -9.05028	   4.32942	  -2.94368	   0.00000	   0.06098	  -0.00000	   0.01525	  -0.00000	  -0.01525	  -0.00000	   0.01525	  -0.00000	  -0.04574
B         	  -6.56360	  -4.37559	  -2.94365	   0.00000	   0.04574	   0.03049	   0.04574	   0.03049	  -0.00000	   0.01525	   0.04574	   0.01525	  -0.04574
B         	  -6.55199	  -0.02467	  -2.94365	   0.21343	   0.15245	  -0.04574	   0.07623	  -0.04574	  -0.07623	  -0.00000	   0.07623	  -0.00000	  -0.07623
B         	  -6.56071	   4.32925	  -2.94365	   0.00000	   0.04574	  -0.03049	   0.04574	  -0.03049	  -0.00000	  -0.01525	   0.04574	  -0.01525	  -0.04574
B         	  -4.16901	  -4.36857	  -2.45240	  -0.06098	   0.01525	   0.09147	   0.12196	   0.09147	   0.07623	   0.06098	   0.12196	   0.06098	  -0.09147
B         	  -4.13113	  -0.01875	  -2.48138	   2.43923	   0.54883	  -0.47260	   0.35064	  -0.47260	  -0.18294	  -0.03049	   0.35064	  -0.03049	  -0.36588
B         	  -4.16534	   4.33675	  -2.44873	  -0.04574	   0.00000	  -0.09147	   0.12196	  -0.09147	   0.06098	  -0.07623	   0.12196	  -0.07623	  -0.07623
B         	  -2.23563	  -4.36741	  -0.89543	   2.10384	  -0.44211	   0.15245	   0.09147	   0.15245	   0.96045	  -0.04574	   0.09147	  -0.04574	  -0.51834
B         	  -2.12198	  -0.02353	  -0.96342	   0.96045	  -1.06716	  -1.40256	   2.89659	  -1.40256	   0.60981	  -3.14051	   2.89659	  -3.14051	   0.45736
B         	  -2.23436	   4.33891	  -0.89189	   3.70458	   0.22868	  -0.65554	   0.60981	  -0.65554	   0.13721	  -0.39637	   0.60981	  -0.39637	  -0.36588
B         	   0.00000	  -4.36514	   0.06330	  -0.80799	  -0.19819	   0.00000	  -0.00000	   0.00000	   0.70128	  -0.04574	  -0.00000	  -0.04574	  -0.50309
B         	   0.00000	   4.35265	   0.05328	  -0.85373	  -0.38113	   0.00000	   0.00000	   0.00000	   1.28060	  -0.19819	   0.00000	  -0.19819	  -0.89947
B         	   2.23563	  -4.36741	  -0.89543	   2.10384	  -0.44211	  -0.15245	  -0.09147	  -0.15245	   0.96045	  -0.04574	  -0.09147	  -0.04574	  -0.51834
B         	   2.12198	  -0.02353	  -0.96342	   0.96045	  -1.06716	   1.40256	  -2.89659	   1.40256	   0.60981	  -3.14051	  -2.89659	  -3.14051	   0.45736
B         	   2.23436	   4.33891	  -0.89189	   3.70458	   0.22868	   0.65554	  -0.60981	   0.65554	   0.13721	  -0.39637	  -0.60981	  -0.39637	  -0.36588
B         	   4.16901	  -4.36857	  -2.45240	  -0.06098	   0.01525	  -0.09147	  -0.12196	  -0.09147	   0.07623	   0.06098	  -0.12196	   0.06098	  -0.09147
B         	   4.13113	  -0.01875	  -2.48138	   2.43923	   0.54883	   0.47260	  -0.35064	   0.47260	  -0.18294	  -0.03049	  -0.35064	  -0.03049	  -0.36588
B         	   4.16534	   4.33675	  -2.44873	  -0.04574	   0.00000	   0.09147	  -0.12196	   0.09147	   0.06098	  -0.07623	  -0.12196	  -0.07623	  -0.07623
B         	   6.56360	  -4.37559	  -2.94365	   0.00000	   0.04574	  -0.03049	  -0.04574	  -0.03049	  -0.00000	   0.01525	  -0.04574	   0.01525	  -0.04574
B         	   6.55199	  -0.02467	  -2.94365	   0.21343	   0.15245	   0.04574	  -0.07623	   0.04574	  -0.07623	  -0.00000	  -0.07623	  -0.00000	  -0.07623
B         	   6.56071	   4.32925	  -2.94365	   0.00000	   0.04574	   0.03049	  -0.04574	   0.03049	  -0.00000	  -0.01525	  -0.04574	  -0.01525	  -0.04574
B         	   9.05146	  -4.37655	  -2.94368	   0.00000	   0.06098	  -0.01525	  -0.01525	  -0.01525	  -0.01525	   0.00000	  -0.01525	   0.00000	  -0.04574
B         	   9.04786	  -0.02345	  -2.94368	   0.01525	   0.09147	   0.00000	  -0.01525	   0.00000	  -0.04574	  -0.00000	  -0.01525	  -0.00000	  -0.04574
B         	   9.05028	   4.32942	  -2.94368	   0.00000	   0.06098	   0.00000	  -0.01525	   0.00000	  -0.01525	  -0.00000	  -0.01525	  -0.00000	  -0.04574
B         	 -10.29514	   6.50722	  -2.94368	   0.00000	   0.06098	   0.00000	  -0.00000	   0.00000	  -0.01525	   0.00000	  -0.00000	   0.00000	  -0.03049
B         	 -10.29514	  -2.19888	  -2.94368	   0.00000	   0.07623	  -0.00000	   0.00000	  -0.00000	  -0.03049	   0.00000	   0.00000	   0.00000	  -0.04574
B         	 -10.29514	   2.15181	  -2.94368	   0.00000	   0.07623	   0.00000	  -0.00000	   0.00000	  -0.03049	  -0.00000	  -0.00000	  -0.00000	  -0.04574
B         	  -7.80732	   6.50843	  -2.94368	   0.00000	   0.04574	   0.00000	   0.01525	   0.00000	  -0.00000	   0.00000	   0.01525	   0.00000	  -0.04574
B         	  -7.80416	  -2.19931	  -2.94368	  -0.01525	   0.09147	   0.01525	   0.03049	   0.01525	  -0.04574	   0.01525	   0.03049	   0.01525	  -0.04574
B         	  -7.80091	   2.15192	  -2.94368	   0.00000	   0.07623	  -0.01525	   0.03049	  -0.01525	  -0.04574	  -0.00000	   0.03049	  -0.00000	  -0.04574
B         	  -5.31800	  -6.55244	  -2.94268	  -0.01525	   0.01525	  -0.00000	   0.04574	  -0.00000	   0.04574	   0.00000	   0.04574	   0.00000	  -0.04574
B         	  -5.30900	  -2.19714	  -2.94268	  -0.09147	   0.10672	   0.07623	   0.15245	   0.07623	  -0.04574	   0.03049	   0.15245	   0.03049	  -0.07623
B         	  -5.30357	   2.15338	  -2.94268	   0.07623	   0.09147	  -0.07623	   0.13721	  -0.07623	  -0.04574	  -0.04574	   0.13721	  -0.04574	  -0.04574
B         	  -3.17620	  -6.54848	  -1.72337	   0.24392	  -0.09147	  -0.07623	   0.09147	  -0.07623	   0.24392	  -0.06098	   0.09147	  -0.06098	  -0.15245
B         	  -3.13305	  -2.19289	  -1.76429	  -0.85373	   0.03049	   0.38113	   0.64030	   0.38113	   0.09147	   0.36588	   0.64030	   0.36588	  -0.12196
B         	  -3.11896	   2.15368	  -1.76586	  -0.42687	   0.07623	  -0.27441	   0.48785	  -0.27441	   0.04574	  -0.22868	   0.48785	  -0.22868	  -0.12196
B         	  -1.20308	  -6.54031	  -0.22178	  -0.06098	  -0.19819	  -0.03049	   0.04574	  -0.03049	   0.44211	  -0.01525	   0.04574	  -0.01525	  -0.22868
B         	  -1.17915	  -2.18026	  -0.21174	  -0.47260	  -1.52452	  -0.82324	   0.53358	  -0.82324	   4.96993	   0.35064	   0.53358	   0.35064	  -3.44541
B         	  -1.16478	   2.15882	  -0.20790	  -5.86940	   2.43923	  -2.14957	   3.65884	  -2.14957	  -0.25917	  -0.77750	   3.65884	  -0.77750	  -2.16482
B         	   1.20308	  -6.54031	  -0.22179	  -0.06098	  -0.19819	   0.03049	  -0.04574	   0.03049	   0.44211	  -0.01525	  -0.04574	  -0.01525	  -0.22868
B         	   1.17915	  -2.18026	  -0.21174	  -0.47260	  -1.52452	   0.82324	  -0.53358	   0.82324	   4.96993	   0.35064	  -0.53358	   0.35064	  -3.44541
B         	   1.16478	   2.15882	  -0.20790	  -5.86940	   2.43923	   2.14957	  -3.65884	   2.14957	  -0.25917	  -0.77750	  -3.65884	  -0.77750	  -2.16482
B         	   3.17620	  -6.54848	  -1.72337	   0.24392	  -0.09147	   0.07623	  -0.09147	   0.07623	   0.24392	  -0.06098	  -0.09147	  -0.06098	  -0.15245
B         	   3.13305	  -2.19289	  -1.76429	  -0.85373	   0.03049	  -0.38113	  -0.64030	  -0.38113	   0.09147	   0.36588	  -0.64030	   0.36588	  -0.12196
B         	   3.11896	   2.15368	  -1.76586	  -0.42687	   0.07623	   0.27441	  -0.48785	   0.27441	   0.04574	  -0.22868	  -0.48785	  -0.22868	  -0.12196
B         	   5.31800	  -6.55244	  -2.94268	  -0.01525	   0.01525	   0.00000	  -0.04574	   0.00000	   0.04574	   0.00000	  -0.04574	   0.00000	  -0.04574
B         	   5.30900	  -2.19714	  -2.94268	  -0.09147	   0.10672	  -0.07623	  -0.15245	  -0.07623	  -0.04574	   0.03049	  -0.15245	   0.03049	  -0.07623
B         	   5.30357	   2.15338	  -2.94268	   0.07623	   0.09147	   0.07623	  -0.13721	   0.07623	  -0.04574	  -0.04574	  -0.13721	  -0.04574	  -0.04574
B         	   7.80732	   6.50843	  -2.94368	   0.00000	   0.04574	  -0.00000	  -0.01525	  -0.00000	  -0.00000	   0.00000	  -0.01525	   0.00000	  -0.04574
B         	   7.80416	  -2.19931	  -2.94368	  -0.01525	   0.09147	  -0.01525	  -0.03049	  -0.01525	  -0.04574	   0.01525	  -0.03049	   0.01525	  -0.04574
B         	   7.80091	   2.15192	  -2.94368	   0.00000	   0.07623	   0.01525	  -0.03049	   0.01525	  -0.04574	  -0.00000	  -0.03049	  -0.00000	  -0.04574
N         	  -9.05170	  -2.92759	  -2.94368	   0.01525	   0.07623	   0.01525	   0.01525	   0.01525	  -0.03049	   0.00000	   0.01525	   0.00000	  -0.04574
N         	  -9.04964	   1.42529	  -2.94368	   0.00000	   0.07623	  -0.00000	   0.01525	  -0.00000	  -0.04574	  -0.00000	   0.01525	  -0.00000	  -0.04574
N         	  -9.05239	   5.77881	  -2.94368	   0.00000	   0.04574	  -0.00000	   0.01525	  -0.00000	  -0.01525	  -0.00000	   0.01525	  -0.00000	  -0.03049
N         	  -6.56432	  -2.92620	  -2.94365	   0.10672	   0.10672	   0.06098	   0.07623	   0.06098	  -0.04574	   0.03049	   0.07623	   0.03049	  -0.06098
N         	  -6.55865	   1.42611	  -2.94365	   0.01525	   0.10672	  -0.03049	   0.09147	  -0.03049	  -0.06098	  -0.01525	   0.09147	  -0.01525	  -0.04574
N         	  -6.56771	   5.78011	  -2.94365	   0.01525	   0.03049	  -0.01525	   0.03049	  -0.01525	   0.00000	  -0.00000	   0.03049	  -0.00000	  -0.03049
N         	  -4.12150	  -2.92629	  -2.55278	   1.02143	   0.36588	   0.39637	   0.19819	   0.39637	  -0.09147	   0.12196	   0.19819	   0.12196	  -0.27441
N         	  -4.10605	   1.43255	  -2.56311	   0.44211	   0.24392	   0.01525	   0.16770	   0.01525	  -0.28966	  -0.12196	   0.16770	  -0.12196	   0.03049
N         	  -4.13106	   5.78467	  -2.53793	   0.04574	  -0.03049	   0.01525	   0.06098	   0.01525	   0.13721	  -0.03049	   0.06098	  -0.03049	  -0.09147
N         	  -2.24958	  -2.92811	  -0.90036	  21.75488	  -1.34158	   4.02473	   3.07953	   4.02473	   1.81418	   4.51258	   3.07953	   4.51258	  -0.48785
N         	  -2.17372	   1.43588	  -0.96107	   5.76268	   1.67697	   1.72271	   1.53976	   1.72271	   0.96045	   1.72271	   1.53976	   1.72271	  -2.63742
N         	  -2.27133	   5.79073	  -0.87137	   1.82942	  -0.36588	  -0.30490	   0.10672	  -0.30490	   0.77750	  -0.21343	   0.10672	  -0.21343	  -0.41162
N         	   0.00000	  -2.94468	   0.17657	   0.04574	   3.64360	  -0.00000	   0.00000	  -0.00000	  -0.54883	  -0.21343	   0.00000	  -0.21343	  -3.09477
N         	   0.00000	   5.79797	   0.13916	   0.56407	  -0.45736	   0.00000	  -0.00000	   0.00000	   0.88422	   0.24392	  -0.00000	   0.24392	  -0.41162
N         	   2.24958	  -2.92811	  -0.90036	  21.75488	  -1.34158	  -4.02473	  -3.07953	  -4.02473	   1.81418	   4.51258	  -3.07953	   4.51258	  -0.48785
N         	   2.17372	   1.43588	  -0.96107	   5.76268	   1.67697	  -1.72271	  -1.53976	  -1.72271	   0.96045	   1.72271	  -1.53976	   1.72271	  -2.63742
N         	   2.27133	   5.79073	  -0.87137	   1.82942	  -0.36588	   0.30490	  -0.10672	   0.30490	   0.77750	  -0.21343	  -0.10672	  -0.21343	  -0.41162
N         	   4.12150	  -2.92629	  -2.55278	   1.02143	   0.36588	  -0.39637	  -0.19819	  -0.39637	  -0.09147	   0.12196	  -0.19819	   0.12196	  -0.27441
N         	   4.10605	   1.43255	  -2.56311	   0.44211	   0.24392	  -0.01525	  -0.16770	  -0.01525	  -0.28966	  -0.12196	  -0.16770	  -0.12196	   0.03049
N         	   4.13106	   5.78467	  -2.53793	   0.04574	  -0.03049	  -0.01525	  -0.06098	  -0.01525	   0.13721	  -0.03049	  -0.06098	  -0.03049	  -0.09147
N         	   6.56432	  -2.92620	  -2.94365	   0.10672	   0.10672	  -0.06098	  -0.07623	  -0.06098	  -0.04574	   0.03049	  -0.07623	   0.03049	  -0.06098
N         	   6.55865	   1.42611	  -2.94365	   0.01525	   0.10672	   0.03049	  -0.09147	   0.03049	  -0.06098	  -0.01525	  -0.09147	  -0.01525	  -0.04574
N         	   6.56771	   5.78011	  -2.94365	   0.01525	   0.03049	   0.01525	  -0.03049	   0.01525	   0.00000	  -0.00000	  -0.03049	  -0.00000	  -0.03049
N         	   9.05170	  -2.92759	  -2.94368	   0.01525	   0.07623	  -0.01525	  -0.01525	  -0.01525	  -0.03049	   0.00000	  -0.01525	   0.00000	  -0.04574
N         	   9.04964	   1.42529	  -2.94368	   0.00000	   0.07623	   0.00000	  -0.01525	   0.00000	  -0.04574	  -0.00000	  -0.01525	  -0.00000	  -0.04574
N         	   9.05239	   5.77881	  -2.94368	   0.00000	   0.04574	   0.00000	  -0.01525	   0.00000	  -0.01525	  -0.00000	  -0.01525	  -0.00000	  -0.03049
N         	 -10.29514	  -5.10658	  -2.94368	   0.00000	   0.06098	   0.00000	  -0.00000	   0.00000	  -0.01525	   0.00000	  -0.00000	   0.00000	  -0.03049
N         	 -10.29514	  -0.75022	  -2.94368	   0.01525	   0.09147	  -0.00000	  -0.00000	  -0.00000	  -0.04574	   0.00000	  -0.00000	   0.00000	  -0.04574
N         	 -10.29514	   3.60139	  -2.94368	   0.00000	   0.06098	  -0.00000	  -0.00000	  -0.00000	  -0.03049	  -0.00000	  -0.00000	  -0.00000	  -0.04574
N         	  -7.80989	  -5.10555	  -2.94368	   0.00000	   0.04574	   0.01525	   0.01525	   0.01525	  -0.01525	   0.00000	   0.01525	   0.00000	  -0.04574
N         	  -7.80411	  -0.75029	  -2.94368	   0.12196	   0.13721	   0.01525	   0.03049	   0.01525	  -0.07623	   0.00000	   0.03049	   0.00000	  -0.06098
N         	  -7.80743	   3.60160	  -2.94368	   0.00000	   0.06098	  -0.01525	   0.03049	  -0.01525	  -0.03049	  -0.01525	   0.03049	  -0.01525	  -0.03049
N         	  -5.32263	  -5.10461	  -2.94268	   0.03049	   0.01525	   0.04574	   0.07623	   0.04574	   0.03049	   0.04574	   0.07623	   0.04574	  -0.04574
N         	  -5.30850	  -0.74878	  -2.94268	   1.17388	   0.57932	   0.18294	   0.13721	   0.18294	  -0.30490	   0.01525	   0.13721	   0.01525	  -0.27441
N         	  -5.31693	   3.60421	  -2.94268	  -0.01525	   0.01525	  -0.06098	   0.07623	  -0.06098	  -0.03049	  -0.03049	   0.07623	  -0.03049	   0.00000
N         	  -3.16700	  -5.10139	  -1.72831	   1.25011	  -0.18294	   0.39637	   0.21343	   0.39637	   0.51834	   0.30490	   0.21343	   0.30490	  -0.33539
N         	  -3.09442	  -0.74574	  -1.81104	  20.12365	  -0.24392	   1.67697	   5.25959	   1.67697	  -3.21673	   2.33251	   5.25959	   2.33251	   3.47590
N         	  -3.15080	   3.60967	  -1.73938	   0.01525	  -0.00000	  -0.30490	   0.15245	  -0.30490	   0.18294	  -0.06098	   0.15245	  -0.06098	  -0.18294
N         	  -1.24023	  -5.10122	  -0.14719	   0.30490	  -0.03049	   0.19819	   0.10672	   0.19819	   0.45736	   0.01525	   0.10672	   0.01525	  -0.42687
N         	  -1.24086	   3.62897	  -0.13879	  31.81670	  -3.91801	  -3.01855	   0.77750	  -3.01855	   7.88176	  -3.49115	   0.77750	  -3.49115	  -3.96375
N         	   1.24023	  -5.10122	  -0.14719	   0.30490	  -0.03049	  -0.19819	  -0.10672	  -0.19819	   0.45736	   0.01525	  -0.10672	   0.01525	  -0.42687
N         	   1.24086	   3.62897	  -0.13879	  31.81670	  -3.91801	   3.01855	  -0.77750	   3.01855	   7.88176	  -3.49115	  -0.77750	  -3.49115	  -3.96375
N         	   3.16700	  -5.10139	  -1.72831	   1.25011	  -0.18294	  -0.39637	  -0.21343	  -0.39637	   0.51834	   0.30490	  -0.21343	   0.30490	  -0.33539
N         	   3.09442	  -0.74574	  -1.81104	  20.12365	  -0.24392	  -1.67697	  -5.25959	  -1.67697	  -3.21673	   2.33251	  -5.25959	   2.33251	   3.47590
N         	   3.15080	   3.60967	  -1.73938	   0.01525	  -0.00000	   0.30490	  -0.15245	   0.30490	   0.18294	  -0.06098	  -0.15245	  -0.06098	  -0.18294
N         	   5.32263	  -5.10461	  -2.94268	   0.03049	   0.01525	  -0.04574	  -0.07623	  -0.04574	   0.03049	   0.04574	  -0.07623	   0.04574	  -0.04574
N         	   5.30850	  -0.74878	  -2.94268	   1.17388	   0.57932	  -0.18294	  -0.13721	  -0.18294	  -0.30490	   0.01525	  -0.13721	   0.01525	  -0.27441
N         	   5.31693	   3.60421	  -2.94268	  -0.01525	   0.01525	   0.06098	  -0.07623	   0.06098	  -0.03049	  -0.03049	  -0.07623	  -0.03049	   0.00000
N         	   7.80989	  -5.10555	  -2.94368	   0.00000	   0.04574	  -0.01525	  -0.01525	  -0.01525	  -0.01525	   0.00000	  -0.01525	   0.00000	  -0.04574
N         	   7.80411	  -0.75029	  -2.94368	   0.12196	   0.13721	  -0.01525	  -0.03049	  -0.01525	  -0.07623	   0.00000	  -0.03049	   0.00000	  -0.06098
N         	   7.80743	   3.60160	  -2.94368	   0.00000	   0.06098	   0.01525	  -0.03049	   0.01525	  -0.03049	  -0.01525	  -0.03049	  -0.01525	  -0.03049
N         	   1.25390	  -0.78517	  -0.17515	 230.82736	  66.13362	 -71.34747	 -47.77841	 -71.34747	 -24.66671	  29.34698	 -47.77841	  29.34698	 -41.46691
N         	  -1.25390	  -0.78517	  -0.17514	 230.82736	  66.13362	  71.34747	  47.77841	  71.34747	 -24.66671	  29.34698	  47.77841	  29.34698	 -41.46691
N         	   0.00000	   1.57033	   0.35029	 152.17745	 -85.52549	   0.00000	  -0.00000	   0.00000	 147.61914	  65.85920	  -0.00000	  65.85920	 -62.09364
