--------------------------------------------------------------------------------------------------------------------------------------------------------------------------
  AtomName	    r_1i_X	    r_1i_Y	    r_1i_Z	  iso[MHz]	       Axx	       Axy	       Axz	       Ayx	       Ayy	       Ayz	       Azx	       Azy	       Azz
--------------------------------------------------------------------------------------------------------------------------------------------------------------------------
10B  g-factor___:   0.600215 [No-unit]
11B  g-factor___:   1.792433 [No-unit]
14N  g-factor___:   0.403761 [No-unit]
15N  g-factor___:  -0.566378 [No-unit]
10B  etc____:	---       	---       	---       	   0.00000
11B  etc____:	---       	---       	---       	   0.00000
14N  etc____:	---       	---       	---       	   0.00000
15N  etc____:	---       	---       	---       	   0.00000
MinDif[A]:	 -10.29514	  -6.55244	  -2.94368
MaxDif[A]:	   9.05239	   6.50843	   0.35029
--------------------------------------------------------------------------------------------------------------------------------------------------------------------------
B         	  -9.05146	  -4.37655	  -2.94368	   0.00000	   0.06098	   0.01525	   0.01525	   0.01525	  -0.01525	   0.00000	   0.01525	   0.00000	  -0.04574
B         	  -9.04786	  -0.02345	  -2.94368	   0.00000	   0.09147	  -0.00000	   0.01525	  -0.00000	  -0.04574	  -0.00000	   0.01525	  -0.00000	  -0.04574
B         	  -9.05028	   4.32942	  -2.94368	   0.00000	   0.06098	  -0.00000	   0.01525	  -0.00000	  -0.01525	  -0.00000	   0.01525	  -0.00000	  -0.04574
B         	  -6.56360	  -4.37559	  -2.94365	   0.00000	   0.04574	   0.03049	   0.04574	   0.03049	  -0.00000	   0.01525	   0.04574	   0.01525	  -0.04574
B         	  -6.55199	  -0.02467	  -2.94365	   0.13721	   0.13721	  -0.03049	   0.07623	  -0.03049	  -0.07623	  -0.00000	   0.07623	  -0.00000	  -0.06098
B         	  -6.56071	   4.32925	  -2.94365	   0.00000	   0.04574	  -0.03049	   0.04574	  -0.03049	  -0.01525	  -0.01525	   0.04574	  -0.01525	  -0.04574
B         	  -4.16901	  -4.36857	  -2.45240	  -0.04574	   0.01525	   0.09147	   0.10672	   0.09147	   0.07623	   0.06098	   0.10672	   0.06098	  -0.09147
B         	  -4.13113	  -0.01875	  -2.48138	   1.84467	   0.48785	  -0.38113	   0.35064	  -0.38113	  -0.18294	  -0.03049	   0.35064	  -0.03049	  -0.30490
B         	  -4.16534	   4.33675	  -2.44873	  -0.04574	   0.01525	  -0.10672	   0.12196	  -0.10672	   0.06098	  -0.07623	   0.12196	  -0.07623	  -0.06098
B         	  -2.23563	  -4.36741	  -0.89543	   1.38731	  -0.36588	   0.16770	   0.07623	   0.16770	   0.82324	  -0.03049	   0.07623	  -0.03049	  -0.45736
B         	  -2.12198	  -0.02353	  -0.96342	   0.01525	  -1.15863	  -1.43305	   2.92708	  -1.43305	   0.56407	  -3.35394	   2.92708	  -3.35394	   0.60981
B         	  -2.23436	   4.33891	  -0.89189	   3.64360	   0.24392	  -0.67079	   0.60981	  -0.67079	   0.13721	  -0.38113	   0.60981	  -0.38113	  -0.38113
B         	   0.00000	  -4.36514	   0.06330	  -1.06716	  -0.21343	  -0.00000	  -0.00000	  -0.00000	   0.67079	  -0.06098	  -0.00000	  -0.06098	  -0.45736
B         	   0.00000	   4.35265	   0.05328	  -0.79275	  -0.51834	   0.00000	  -0.00000	   0.00000	   1.47878	  -0.27441	  -0.00000	  -0.27441	  -0.96045
B         	   2.23563	  -4.36741	  -0.89543	   1.38731	  -0.36588	  -0.16770	  -0.07623	  -0.16770	   0.82324	  -0.03049	  -0.07623	  -0.03049	  -0.45736
B         	   2.12198	  -0.02353	  -0.96342	   0.01525	  -1.15863	   1.43305	  -2.92708	   1.43305	   0.56407	  -3.35394	  -2.92708	  -3.35394	   0.60981
B         	   2.23436	   4.33891	  -0.89189	   3.64360	   0.24392	   0.67079	  -0.60981	   0.67079	   0.13721	  -0.38113	  -0.60981	  -0.38113	  -0.38113
B         	   4.16901	  -4.36857	  -2.45240	  -0.04574	   0.01525	  -0.09147	  -0.10672	  -0.09147	   0.07623	   0.06098	  -0.10672	   0.06098	  -0.09147
B         	   4.13113	  -0.01875	  -2.48138	   1.84467	   0.48785	   0.38113	  -0.35064	   0.38113	  -0.18294	  -0.03049	  -0.35064	  -0.03049	  -0.30490
B         	   4.16534	   4.33675	  -2.44873	  -0.04574	   0.01525	   0.10672	  -0.12196	   0.10672	   0.06098	  -0.07623	  -0.12196	  -0.07623	  -0.06098
B         	   6.56360	  -4.37559	  -2.94365	   0.00000	   0.04574	  -0.03049	  -0.04574	  -0.03049	  -0.00000	   0.01525	  -0.04574	   0.01525	  -0.04574
B         	   6.55199	  -0.02467	  -2.94365	   0.13721	   0.13721	   0.03049	  -0.07623	   0.03049	  -0.07623	  -0.00000	  -0.07623	  -0.00000	  -0.06098
B         	   6.56071	   4.32925	  -2.94365	   0.00000	   0.04574	   0.03049	  -0.04574	   0.03049	  -0.01525	  -0.01525	  -0.04574	  -0.01525	  -0.04574
B         	   9.05146	  -4.37655	  -2.94368	   0.00000	   0.06098	  -0.01525	  -0.01525	  -0.01525	  -0.01525	   0.00000	  -0.01525	   0.00000	  -0.04574
B         	   9.04786	  -0.02345	  -2.94368	   0.00000	   0.09147	   0.00000	  -0.01525	   0.00000	  -0.04574	  -0.00000	  -0.01525	  -0.00000	  -0.04574
B         	   9.05028	   4.32942	  -2.94368	   0.00000	   0.06098	   0.00000	  -0.01525	   0.00000	  -0.01525	  -0.00000	  -0.01525	  -0.00000	  -0.04574
B         	 -10.29514	   6.50722	  -2.94368	   0.00000	   0.06098	   0.00000	   0.00000	   0.00000	  -0.01525	  -0.00000	   0.00000	  -0.00000	  -0.03049
B         	 -10.29514	  -2.19888	  -2.94368	   0.00000	   0.07623	   0.00000	  -0.00000	   0.00000	  -0.03049	   0.00000	  -0.00000	   0.00000	  -0.04574
B         	 -10.29514	   2.15181	  -2.94368	   0.00000	   0.07623	  -0.00000	  -0.00000	  -0.00000	  -0.03049	  -0.00000	  -0.00000	  -0.00000	  -0.04574
B         	  -7.80732	   6.50843	  -2.94368	   0.00000	   0.04574	  -0.00000	   0.01525	  -0.00000	  -0.00000	  -0.00000	   0.01525	  -0.00000	  -0.04574
B         	  -7.80416	  -2.19931	  -2.94368	   0.00000	   0.09147	   0.01525	   0.03049	   0.01525	  -0.04574	   0.01525	   0.03049	   0.01525	  -0.04574
B         	  -7.80091	   2.15192	  -2.94368	   0.00000	   0.09147	  -0.01525	   0.03049	  -0.01525	  -0.04574	  -0.00000	   0.03049	  -0.00000	  -0.04574
B         	  -5.31800	  -6.55244	  -2.94268	  -0.01525	   0.01525	  -0.00000	   0.04574	  -0.00000	   0.04574	  -0.00000	   0.04574	  -0.00000	  -0.04574
B         	  -5.30900	  -2.19714	  -2.94268	  -0.07623	   0.10672	   0.09147	   0.13721	   0.09147	  -0.04574	   0.04574	   0.13721	   0.04574	  -0.06098
B         	  -5.30357	   2.15338	  -2.94268	   0.04574	   0.09147	  -0.07623	   0.13721	  -0.07623	  -0.06098	  -0.04574	   0.13721	  -0.04574	  -0.04574
B         	  -3.17620	  -6.54848	  -1.72337	   0.16770	  -0.09147	  -0.06098	   0.09147	  -0.06098	   0.21343	  -0.06098	   0.09147	  -0.06098	  -0.12196
B         	  -3.13305	  -2.19289	  -1.76429	  -0.88422	   0.04574	   0.42687	   0.60981	   0.42687	   0.07623	   0.41162	   0.60981	   0.41162	  -0.12196
B         	  -3.11896	   2.15368	  -1.76586	  -0.53358	   0.10672	  -0.28966	   0.50309	  -0.28966	   0.01525	  -0.22868	   0.50309	  -0.22868	  -0.13721
B         	  -1.20308	  -6.54031	  -0.22178	  -0.04574	  -0.21343	  -0.03049	   0.03049	  -0.03049	   0.45736	  -0.01525	   0.03049	  -0.01525	  -0.22868
B         	  -1.17915	  -2.18026	  -0.21174	  -3.96375	  -1.43305	  -0.64030	   0.39637	  -0.64030	   4.81748	   0.35064	   0.39637	   0.35064	  -3.38443
B         	  -1.16478	   2.15882	  -0.20790	 -11.08325	   2.66791	  -2.28678	   4.03997	  -2.28678	  -0.53358	  -0.83849	   4.03997	  -0.83849	  -2.13433
B         	   1.20308	  -6.54031	  -0.22179	  -0.04574	  -0.21343	   0.03049	  -0.03049	   0.03049	   0.45736	  -0.01525	  -0.03049	  -0.01525	  -0.22868
B         	   1.17915	  -2.18026	  -0.21174	  -3.96375	  -1.43305	   0.64030	  -0.39637	   0.64030	   4.81748	   0.35064	  -0.39637	   0.35064	  -3.38443
B         	   1.16478	   2.15882	  -0.20790	 -11.08325	   2.66791	   2.28678	  -4.03997	   2.28678	  -0.53358	  -0.83849	  -4.03997	  -0.83849	  -2.13433
B         	   3.17620	  -6.54848	  -1.72337	   0.16770	  -0.09147	   0.06098	  -0.09147	   0.06098	   0.21343	  -0.06098	  -0.09147	  -0.06098	  -0.12196
B         	   3.13305	  -2.19289	  -1.76429	  -0.88422	   0.04574	  -0.42687	  -0.60981	  -0.42687	   0.07623	   0.41162	  -0.60981	   0.41162	  -0.12196
B         	   3.11896	   2.15368	  -1.76586	  -0.53358	   0.10672	   0.28966	  -0.50309	   0.28966	   0.01525	  -0.22868	  -0.50309	  -0.22868	  -0.13721
B         	   5.31800	  -6.55244	  -2.94268	  -0.01525	   0.01525	   0.00000	  -0.04574	   0.00000	   0.04574	  -0.00000	  -0.04574	  -0.00000	  -0.04574
B         	   5.30900	  -2.19714	  -2.94268	  -0.07623	   0.10672	  -0.09147	  -0.13721	  -0.09147	  -0.04574	   0.04574	  -0.13721	   0.04574	  -0.06098
B         	   5.30357	   2.15338	  -2.94268	   0.04574	   0.09147	   0.07623	  -0.13721	   0.07623	  -0.06098	  -0.04574	  -0.13721	  -0.04574	  -0.04574
B         	   7.80732	   6.50843	  -2.94368	   0.00000	   0.04574	   0.00000	  -0.01525	   0.00000	  -0.00000	  -0.00000	  -0.01525	  -0.00000	  -0.04574
B         	   7.80416	  -2.19931	  -2.94368	   0.00000	   0.09147	  -0.01525	  -0.03049	  -0.01525	  -0.04574	   0.01525	  -0.03049	   0.01525	  -0.04574
B         	   7.80091	   2.15192	  -2.94368	   0.00000	   0.09147	   0.01525	  -0.03049	   0.01525	  -0.04574	  -0.00000	  -0.03049	  -0.00000	  -0.04574
N         	  -9.05170	  -2.92759	  -2.94368	   0.00000	   0.07623	   0.01525	   0.01525	   0.01525	  -0.03049	   0.00000	   0.01525	   0.00000	  -0.04574
N         	  -9.04964	   1.42529	  -2.94368	   0.00000	   0.07623	  -0.00000	   0.01525	  -0.00000	  -0.04574	  -0.00000	   0.01525	  -0.00000	  -0.04574
N         	  -9.05239	   5.77881	  -2.94368	   0.00000	   0.04574	  -0.00000	   0.01525	  -0.00000	  -0.01525	  -0.00000	   0.01525	  -0.00000	  -0.03049
N         	  -6.56432	  -2.92620	  -2.94365	   0.06098	   0.09147	   0.04574	   0.06098	   0.04574	  -0.03049	   0.03049	   0.06098	   0.03049	  -0.04574
N         	  -6.55865	   1.42611	  -2.94365	   0.01525	   0.10672	  -0.03049	   0.07623	  -0.03049	  -0.06098	  -0.01525	   0.07623	  -0.01525	  -0.04574
N         	  -6.56771	   5.78011	  -2.94365	   0.00000	   0.03049	  -0.01525	   0.03049	  -0.01525	   0.00000	  -0.00000	   0.03049	  -0.00000	  -0.04574
N         	  -4.12150	  -2.92629	  -2.55278	   0.65554	   0.22868	   0.27441	   0.18294	   0.27441	  -0.04574	   0.10672	   0.18294	   0.10672	  -0.16770
N         	  -4.10605	   1.43255	  -2.56311	   0.39637	   0.21343	  -0.03049	   0.21343	  -0.03049	  -0.24392	  -0.10672	   0.21343	  -0.10672	   0.03049
N         	  -4.13106	   5.78467	  -2.53793	   0.01525	  -0.03049	  -0.01525	   0.07623	  -0.01525	   0.10672	  -0.03049	   0.07623	  -0.03049	  -0.07623
N         	  -2.24958	  -2.92811	  -0.90036	  19.91021	  -1.05192	   3.24722	   2.37825	   3.24722	   1.53976	   3.56737	   2.37825	   3.56737	  -0.50309
N         	  -2.17372	   1.43588	  -0.96107	   6.46396	   1.93614	   1.29584	   1.81418	   1.29584	   0.30490	   1.41780	   1.81418	   1.41780	  -2.24104
N         	  -2.27133	   5.79073	  -0.87137	   1.55501	  -0.28966	  -0.30490	   0.10672	  -0.30490	   0.67079	  -0.16770	   0.10672	  -0.16770	  -0.38113
N         	   0.00000	  -2.94468	   0.17657	  -4.13145	   2.94232	  -0.00000	   0.00000	  -0.00000	  -0.18294	  -0.27441	   0.00000	  -0.27441	  -2.75938
N         	   0.00000	   5.79797	   0.13916	   0.25917	  -0.36588	  -0.00000	   0.00000	  -0.00000	   0.76226	   0.12196	   0.00000	   0.12196	  -0.38113
N         	   2.24958	  -2.92811	  -0.90036	  19.91021	  -1.05192	  -3.24722	  -2.37825	  -3.24722	   1.53976	   3.56737	  -2.37825	   3.56737	  -0.50309
N         	   2.17372	   1.43588	  -0.96107	   6.46396	   1.93614	  -1.29584	  -1.81418	  -1.29584	   0.30490	   1.41780	  -1.81418	   1.41780	  -2.24104
N         	   2.27133	   5.79073	  -0.87137	   1.55501	  -0.28966	   0.30490	  -0.10672	   0.30490	   0.67079	  -0.16770	  -0.10672	  -0.16770	  -0.38113
N         	   4.12150	  -2.92629	  -2.55278	   0.65554	   0.22868	  -0.27441	  -0.18294	  -0.27441	  -0.04574	   0.10672	  -0.18294	   0.10672	  -0.16770
N         	   4.10605	   1.43255	  -2.56311	   0.39637	   0.21343	   0.03049	  -0.21343	   0.03049	  -0.24392	  -0.10672	  -0.21343	  -0.10672	   0.03049
N         	   4.13106	   5.78467	  -2.53793	   0.01525	  -0.03049	   0.01525	  -0.07623	   0.01525	   0.10672	  -0.03049	  -0.07623	  -0.03049	  -0.07623
N         	   6.56432	  -2.92620	  -2.94365	   0.06098	   0.09147	  -0.04574	  -0.06098	  -0.04574	  -0.03049	   0.03049	  -0.06098	   0.03049	  -0.04574
N         	   6.55865	   1.42611	  -2.94365	   0.01525	   0.10672	   0.03049	  -0.07623	   0.03049	  -0.06098	  -0.01525	  -0.07623	  -0.01525	  -0.04574
N         	   6.56771	   5.78011	  -2.94365	   0.00000	   0.03049	   0.01525	  -0.03049	   0.01525	   0.00000	  -0.00000	  -0.03049	  -0.00000	  -0.04574
N         	   9.05170	  -2.92759	  -2.94368	   0.00000	   0.07623	  -0.01525	  -0.01525	  -0.01525	  -0.03049	   0.00000	  -0.01525	   0.00000	  -0.04574
N         	   9.04964	   1.42529	  -2.94368	   0.00000	   0.07623	   0.00000	  -0.01525	   0.00000	  -0.04574	  -0.00000	  -0.01525	  -0.00000	  -0.04574
N         	   9.05239	   5.77881	  -2.94368	   0.00000	   0.04574	   0.00000	  -0.01525	   0.00000	  -0.01525	  -0.00000	  -0.01525	  -0.00000	  -0.03049
N         	 -10.29514	  -5.10658	  -2.94368	   0.00000	   0.06098	  -0.00000	   0.00000	  -0.00000	  -0.01525	   0.00000	   0.00000	   0.00000	  -0.03049
N         	 -10.29514	  -0.75022	  -2.94368	   0.00000	   0.09147	   0.00000	  -0.00000	   0.00000	  -0.04574	   0.00000	  -0.00000	   0.00000	  -0.04574
N         	 -10.29514	   3.60139	  -2.94368	   0.00000	   0.06098	   0.00000	   0.00000	   0.00000	  -0.03049	  -0.00000	   0.00000	  -0.00000	  -0.04574
N         	  -7.80989	  -5.10555	  -2.94368	   0.00000	   0.04574	   0.01525	   0.01525	   0.01525	  -0.01525	   0.00000	   0.01525	   0.00000	  -0.04574
N         	  -7.80411	  -0.75029	  -2.94368	   0.06098	   0.12196	   0.01525	   0.03049	   0.01525	  -0.06098	   0.00000	   0.03049	   0.00000	  -0.06098
N         	  -7.80743	   3.60160	  -2.94368	   0.00000	   0.06098	  -0.01525	   0.03049	  -0.01525	  -0.03049	  -0.01525	   0.03049	  -0.01525	  -0.04574
N         	  -5.32263	  -5.10461	  -2.94268	   0.01525	   0.01525	   0.04574	   0.06098	   0.04574	   0.03049	   0.03049	   0.06098	   0.03049	  -0.04574
N         	  -5.30850	  -0.74878	  -2.94268	   0.82324	   0.42687	   0.12196	   0.12196	   0.12196	  -0.24392	   0.01525	   0.12196	   0.01525	  -0.19819
N         	  -5.31693	   3.60421	  -2.94268	  -0.01525	   0.04574	  -0.06098	   0.09147	  -0.06098	  -0.01525	  -0.03049	   0.09147	  -0.03049	  -0.01525
N         	  -3.16700	  -5.10139	  -1.72831	   0.94520	  -0.12196	   0.27441	   0.15245	   0.27441	   0.39637	   0.19819	   0.15245	   0.19819	  -0.25917
N         	  -3.09442	  -0.74574	  -1.81104	  18.50766	  -0.24392	   1.26535	   4.37537	   1.26535	  -2.77462	   1.81418	   4.37537	   1.81418	   3.01855
N         	  -3.15080	   3.60967	  -1.73938	  -0.09147	   0.03049	  -0.28966	   0.19819	  -0.28966	   0.13721	  -0.10672	   0.19819	  -0.10672	  -0.15245
N         	  -1.24023	  -5.10122	  -0.14719	   0.10672	  -0.09147	   0.15245	   0.07623	   0.15245	   0.47260	   0.00000	   0.07623	   0.00000	  -0.38113
N         	  -1.24086	   3.62897	  -0.13879	  35.12491	  -3.59786	  -3.11002	   0.89947	  -3.11002	   7.14999	  -3.64360	   0.89947	  -3.64360	  -3.55213
N         	   1.24023	  -5.10122	  -0.14719	   0.10672	  -0.09147	  -0.15245	  -0.07623	  -0.15245	   0.47260	   0.00000	  -0.07623	   0.00000	  -0.38113
N         	   1.24086	   3.62897	  -0.13879	  35.12491	  -3.59786	   3.11002	  -0.89947	   3.11002	   7.14999	  -3.64360	  -0.89947	  -3.64360	  -3.55213
N         	   3.16700	  -5.10139	  -1.72831	   0.94520	  -0.12196	  -0.27441	  -0.15245	  -0.27441	   0.39637	   0.19819	  -0.15245	   0.19819	  -0.25917
N         	   3.09442	  -0.74574	  -1.81104	  18.50766	  -0.24392	  -1.26535	  -4.37537	  -1.26535	  -2.77462	   1.81418	  -4.37537	   1.81418	   3.01855
N         	   3.15080	   3.60967	  -1.73938	  -0.09147	   0.03049	   0.28966	  -0.19819	   0.28966	   0.13721	  -0.10672	  -0.19819	  -0.10672	  -0.15245
N         	   5.32263	  -5.10461	  -2.94268	   0.01525	   0.01525	  -0.04574	  -0.06098	  -0.04574	   0.03049	   0.03049	  -0.06098	   0.03049	  -0.04574
N         	   5.30850	  -0.74878	  -2.94268	   0.82324	   0.42687	  -0.12196	  -0.12196	  -0.12196	  -0.24392	   0.01525	  -0.12196	   0.01525	  -0.19819
N         	   5.31693	   3.60421	  -2.94268	  -0.01525	   0.04574	   0.06098	  -0.09147	   0.06098	  -0.01525	  -0.03049	  -0.09147	  -0.03049	  -0.01525
N         	   7.80989	  -5.10555	  -2.94368	   0.00000	   0.04574	  -0.01525	  -0.01525	  -0.01525	  -0.01525	   0.00000	  -0.01525	   0.00000	  -0.04574
N         	   7.80411	  -0.75029	  -2.94368	   0.06098	   0.12196	  -0.01525	  -0.03049	  -0.01525	  -0.06098	   0.00000	  -0.03049	   0.00000	  -0.06098
N         	   7.80743	   3.60160	  -2.94368	   0.00000	   0.06098	   0.01525	  -0.03049	   0.01525	  -0.03049	  -0.01525	  -0.03049	  -0.01525	  -0.04574
N         	   1.25390	  -0.78517	  -0.17515	 301.35160	  74.18308	 -70.12786	 -42.51882	 -70.12786	 -28.79816	  24.80392	 -42.51882	  24.80392	 -45.38492
N         	  -1.25390	  -0.78517	  -0.17514	 301.35160	  74.18308	  70.12786	  42.51882	  70.12786	 -28.79816	  24.80392	  42.51882	  24.80392	 -45.38492
N         	   0.00000	   1.57033	   0.35029	 184.45151	 -98.43817	   0.00000	  -0.00000	   0.00000	 167.59033	  77.65898	  -0.00000	  77.65898	 -69.13692
