--------------------------------------------------------------------------------------------------------------------------------------------------------------------------
  AtomName	    r_1i_X	    r_1i_Y	    r_1i_Z	     EFGxx	     EFGxy	     EFGxz	     EFGyx	     EFGyy	     EFGyz	     EFGzx	     EFGzy	     EFGzz	[Hatree/Bohr_radius^2]
--------------------------------------------------------------------------------------------------------------------------------------------------------------------------
10B  eQ___:	  8.459000	[Q/milibarn]*(10^-1)
11B  eQ___:	  4.059000	[Q/milibarn]*(10^-1)
14N  eQ___:	  2.044000	[Q/milibarn]*(10^-1)
15N  eQ___:	  0.000000	[Q/milibarn]*(10^-1)
10B  etc____:	---       	---       	---       	  -0.19771	   0.00000	  -0.00000	   0.00000	  -0.19385	   0.00038	  -0.00000	   0.00038	   0.39155
11B  etc____:	---       	---       	---       	  -0.19771	   0.00000	  -0.00000	   0.00000	  -0.19385	   0.00038	  -0.00000	   0.00038	   0.39155
14N  etc____:	---       	---       	---       	  -0.03794	  -0.00000	  -0.00000	  -0.00000	   0.00660	  -0.00011	  -0.00000	  -0.00011	   0.03136
15N  etc____:	---       	---       	---       	  -0.03794	  -0.00000	  -0.00000	  -0.00000	   0.00660	  -0.00011	  -0.00000	  -0.00011	   0.03136
MinDif[A]:	 -10.29514	  -6.55244	  -2.94368
MaxDif[A]:	   9.05239	   6.50843	   0.35029
--------------------------------------------------------------------------------------------------------------------------------------------------------------------------
B         	  -9.05146	  -4.37655	  -2.94368	  -0.19681	   0.00253	   0.00048	   0.00253	  -0.19477	  -0.00005	   0.00048	  -0.00005	   0.39159
B         	  -9.04786	  -0.02345	  -2.94368	  -0.19822	   0.00350	   0.00047	   0.00350	  -0.19303	  -0.00004	   0.00047	  -0.00004	   0.39125
B         	  -9.05028	   4.32942	  -2.94368	  -0.19837	   0.00252	   0.00050	   0.00252	  -0.19300	  -0.00004	   0.00050	  -0.00004	   0.39137
B         	  -6.56360	  -4.37559	  -2.94365	  -0.19382	   0.00552	   0.00556	   0.00552	  -0.19617	  -0.00190	   0.00556	  -0.00190	   0.39000
B         	  -6.55199	  -0.02467	  -2.94365	  -0.19706	   0.00960	   0.00475	   0.00960	  -0.19280	  -0.00140	   0.00475	  -0.00140	   0.38986
B         	  -6.56071	   4.32925	  -2.94365	  -0.19701	   0.00557	   0.00512	   0.00557	  -0.19322	  -0.00164	   0.00512	  -0.00164	   0.39023
B         	  -4.16901	  -4.36857	  -2.45240	  -0.04116	  -0.01654	  -0.25123	  -0.01654	  -0.20324	   0.06254	  -0.25123	   0.06254	   0.24441
B         	  -4.13113	  -0.01875	  -2.48138	  -0.07357	   0.00292	  -0.23890	   0.00292	  -0.19113	   0.05893	  -0.23890	   0.05893	   0.26470
B         	  -4.16534	   4.33675	  -2.44873	  -0.05381	  -0.01217	  -0.25302	  -0.01217	  -0.19626	   0.05497	  -0.25302	   0.05497	   0.25007
B         	  -2.23563	  -4.36741	  -0.89543	   0.06039	   0.01406	  -0.27696	   0.01406	  -0.21443	  -0.00411	  -0.27696	  -0.00411	   0.15404
B         	  -2.12198	  -0.02353	  -0.96342	   0.04300	   0.05545	  -0.27572	   0.05545	  -0.17773	   0.03567	  -0.27572	   0.03567	   0.13475
B         	  -2.23436	   4.33891	  -0.89189	   0.05243	   0.02392	  -0.29006	   0.02392	  -0.18861	  -0.01426	  -0.29006	  -0.01426	   0.13618
B         	   0.00000	  -4.36514	   0.06330	  -0.15801	  -0.00000	   0.00000	  -0.00000	  -0.23496	  -0.06989	   0.00000	  -0.06989	   0.39297
B         	   0.00000	   4.35265	   0.05328	  -0.19449	  -0.00000	   0.00000	  -0.00000	  -0.20212	  -0.06160	   0.00000	  -0.06160	   0.39662
B         	   2.23563	  -4.36741	  -0.89543	   0.06039	  -0.01406	   0.27696	  -0.01406	  -0.21443	  -0.00411	   0.27696	  -0.00411	   0.15404
B         	   2.12198	  -0.02353	  -0.96342	   0.04300	  -0.05545	   0.27572	  -0.05545	  -0.17773	   0.03567	   0.27572	   0.03567	   0.13475
B         	   2.23436	   4.33891	  -0.89189	   0.05243	  -0.02392	   0.29006	  -0.02392	  -0.18861	  -0.01425	   0.29006	  -0.01425	   0.13618
B         	   4.16901	  -4.36857	  -2.45240	  -0.04116	   0.01654	   0.25123	   0.01654	  -0.20324	   0.06254	   0.25123	   0.06254	   0.24441
B         	   4.13113	  -0.01875	  -2.48138	  -0.07357	  -0.00292	   0.23890	  -0.00292	  -0.19113	   0.05893	   0.23890	   0.05893	   0.26470
B         	   4.16534	   4.33675	  -2.44873	  -0.05381	   0.01217	   0.25302	   0.01217	  -0.19626	   0.05497	   0.25302	   0.05497	   0.25007
B         	   6.56360	  -4.37559	  -2.94365	  -0.19382	  -0.00552	  -0.00556	  -0.00552	  -0.19617	  -0.00190	  -0.00556	  -0.00190	   0.39000
B         	   6.55199	  -0.02467	  -2.94365	  -0.19706	  -0.00960	  -0.00475	  -0.00960	  -0.19280	  -0.00140	  -0.00475	  -0.00140	   0.38986
B         	   6.56071	   4.32925	  -2.94365	  -0.19701	  -0.00557	  -0.00512	  -0.00557	  -0.19322	  -0.00164	  -0.00512	  -0.00164	   0.39023
B         	   9.05146	  -4.37655	  -2.94368	  -0.19681	  -0.00253	  -0.00048	  -0.00253	  -0.19477	  -0.00005	  -0.00048	  -0.00005	   0.39159
B         	   9.04786	  -0.02345	  -2.94368	  -0.19822	  -0.00350	  -0.00047	  -0.00350	  -0.19303	  -0.00004	  -0.00047	  -0.00004	   0.39125
B         	   9.05028	   4.32942	  -2.94368	  -0.19837	  -0.00252	  -0.00050	  -0.00252	  -0.19300	  -0.00004	  -0.00050	  -0.00004	   0.39137
B         	 -10.29514	   6.50722	  -2.94368	  -0.19771	   0.00000	  -0.00000	   0.00000	  -0.19385	   0.00038	  -0.00000	   0.00038	   0.39155
B         	 -10.29514	  -2.19888	  -2.94368	  -0.19764	   0.00000	  -0.00000	   0.00000	  -0.19391	   0.00036	  -0.00000	   0.00036	   0.39155
B         	 -10.29514	   2.15181	  -2.94368	  -0.19934	   0.00000	   0.00000	   0.00000	  -0.19186	   0.00035	   0.00000	   0.00035	   0.39122
B         	  -7.80732	   6.50843	  -2.94368	  -0.19742	   0.00482	   0.00377	   0.00482	  -0.19314	  -0.00307	   0.00377	  -0.00307	   0.39057
B         	  -7.80416	  -2.19931	  -2.94368	  -0.19723	   0.00728	   0.00354	   0.00728	  -0.19325	  -0.00292	   0.00354	  -0.00292	   0.39049
B         	  -7.80091	   2.15192	  -2.94368	  -0.19844	   0.00671	   0.00345	   0.00671	  -0.19179	  -0.00285	   0.00345	  -0.00285	   0.39023
B         	  -5.31800	  -6.55244	  -2.94268	  -0.17604	  -0.00402	  -0.09107	  -0.00402	  -0.20030	   0.04560	  -0.09107	   0.04560	   0.37634
B         	  -5.30900	  -2.19714	  -2.94268	  -0.17678	   0.00252	  -0.08717	   0.00252	  -0.19933	   0.04550	  -0.08717	   0.04550	   0.37611
B         	  -5.30357	   2.15338	  -2.94268	  -0.18364	   0.00278	  -0.08556	   0.00278	  -0.19387	   0.04279	  -0.08556	   0.04279	   0.37751
B         	  -3.17620	  -6.54848	  -1.72337	   0.07727	   0.00520	  -0.28737	   0.00520	  -0.19783	   0.01065	  -0.28737	   0.01065	   0.12056
B         	  -3.13305	  -2.19289	  -1.76429	   0.07652	  -0.00328	  -0.28007	  -0.00328	  -0.20114	   0.04052	  -0.28007	   0.04052	   0.12463
B         	  -3.11896	   2.15368	  -1.76586	   0.03850	   0.02743	  -0.28794	   0.02743	  -0.18164	   0.00362	  -0.28794	   0.00362	   0.14315
B         	  -1.20308	  -6.54031	  -0.22178	  -0.08406	   0.02297	  -0.21705	   0.02297	  -0.21015	  -0.05075	  -0.21705	  -0.05075	   0.29419
B         	  -1.17915	  -2.18026	  -0.21174	  -0.02770	   0.03470	  -0.20112	   0.03470	  -0.25335	  -0.01157	  -0.20112	  -0.01157	   0.28105
B         	  -1.16478	   2.15882	  -0.20790	  -0.07134	   0.03148	  -0.26906	   0.03148	  -0.15664	  -0.05484	  -0.26906	  -0.05484	   0.22797
B         	   1.20308	  -6.54031	  -0.22179	  -0.08406	  -0.02297	   0.21705	  -0.02297	  -0.21015	  -0.05075	   0.21705	  -0.05075	   0.29419
B         	   1.17915	  -2.18026	  -0.21174	  -0.02770	  -0.03470	   0.20112	  -0.03470	  -0.25335	  -0.01157	   0.20112	  -0.01157	   0.28105
B         	   1.16478	   2.15882	  -0.20790	  -0.07134	  -0.03148	   0.26906	  -0.03148	  -0.15664	  -0.05484	   0.26906	  -0.05484	   0.22797
B         	   3.17620	  -6.54848	  -1.72337	   0.07727	  -0.00520	   0.28737	  -0.00520	  -0.19783	   0.01065	   0.28737	   0.01065	   0.12056
B         	   3.13305	  -2.19289	  -1.76429	   0.07652	   0.00328	   0.28007	   0.00328	  -0.20114	   0.04052	   0.28007	   0.04052	   0.12463
B         	   3.11896	   2.15368	  -1.76586	   0.03850	  -0.02743	   0.28794	  -0.02743	  -0.18164	   0.00362	   0.28794	   0.00362	   0.14315
B         	   5.31800	  -6.55244	  -2.94268	  -0.17604	   0.00402	   0.09107	   0.00402	  -0.20030	   0.04560	   0.09107	   0.04560	   0.37634
B         	   5.30900	  -2.19714	  -2.94268	  -0.17678	  -0.00252	   0.08717	  -0.00252	  -0.19933	   0.04550	   0.08717	   0.04550	   0.37611
B         	   5.30357	   2.15338	  -2.94268	  -0.18364	  -0.00278	   0.08556	  -0.00278	  -0.19387	   0.04279	   0.08556	   0.04279	   0.37751
B         	   7.80732	   6.50843	  -2.94368	  -0.19742	  -0.00482	  -0.00377	  -0.00482	  -0.19314	  -0.00307	  -0.00377	  -0.00307	   0.39057
B         	   7.80416	  -2.19931	  -2.94368	  -0.19723	  -0.00728	  -0.00354	  -0.00728	  -0.19325	  -0.00292	  -0.00354	  -0.00292	   0.39049
B         	   7.80091	   2.15192	  -2.94368	  -0.19844	  -0.00671	  -0.00345	  -0.00671	  -0.19179	  -0.00285	  -0.00345	  -0.00285	   0.39023
N         	  -9.05170	  -2.92759	  -2.94368	  -0.03163	   0.00016	   0.00409	   0.00016	   0.00282	   0.00058	   0.00409	   0.00058	   0.02881
N         	  -9.04964	   1.42529	  -2.94368	  -0.02724	  -0.00123	   0.00395	  -0.00123	  -0.00290	   0.00061	   0.00395	   0.00061	   0.03014
N         	  -9.05239	   5.77881	  -2.94368	  -0.03795	  -0.00178	   0.00435	  -0.00178	   0.00569	   0.00061	   0.00435	   0.00061	   0.03226
N         	  -6.56432	  -2.92620	  -2.94365	  -0.02765	   0.00440	  -0.07251	   0.00440	   0.00694	  -0.02020	  -0.07251	  -0.02020	   0.02071
N         	  -6.55865	   1.42611	  -2.94365	  -0.02060	  -0.00254	  -0.07114	  -0.00254	  -0.00129	  -0.01992	  -0.07114	  -0.01992	   0.02189
N         	  -6.56771	   5.78011	  -2.94365	  -0.03106	  -0.00073	  -0.07722	  -0.00073	   0.00723	  -0.02064	  -0.07722	  -0.02064	   0.02382
N         	  -4.12150	  -2.92629	  -2.55278	  -0.05745	  -0.03472	   0.03363	  -0.03472	   0.01228	   0.03738	   0.03363	   0.03738	   0.04517
N         	  -4.10605	   1.43255	  -2.56311	  -0.04991	  -0.03106	   0.04972	  -0.03106	   0.00240	   0.02882	   0.04972	   0.02882	   0.04750
N         	  -4.13106	   5.78467	  -2.53793	  -0.06475	  -0.03530	   0.03934	  -0.03530	   0.01043	   0.03322	   0.03934	   0.03322	   0.05432
N         	  -2.24958	  -2.92811	  -0.90036	  -0.05958	   0.01746	  -0.00368	   0.01746	   0.00698	  -0.01805	  -0.00368	  -0.01805	   0.05261
N         	  -2.17372	   1.43588	  -0.96107	  -0.02405	   0.00854	   0.01885	   0.00854	  -0.01781	   0.00318	   0.01885	   0.00318	   0.04187
N         	  -2.27133	   5.79073	  -0.87137	  -0.04864	   0.02376	   0.00536	   0.02376	   0.00032	  -0.02717	   0.00536	  -0.02717	   0.04834
N         	   0.00000	  -2.94468	   0.17657	   0.00918	   0.00000	  -0.00000	   0.00000	   0.00315	  -0.11221	  -0.00000	  -0.11221	  -0.01233
N         	   0.00000	   5.79797	   0.13916	   0.01776	  -0.00000	  -0.00000	  -0.00000	   0.00813	  -0.11408	  -0.00000	  -0.11408	  -0.02589
N         	   2.24958	  -2.92811	  -0.90036	  -0.05958	  -0.01746	   0.00368	  -0.01746	   0.00697	  -0.01805	   0.00368	  -0.01805	   0.05261
N         	   2.17372	   1.43588	  -0.96107	  -0.02405	  -0.00854	  -0.01885	  -0.00854	  -0.01782	   0.00318	  -0.01885	   0.00318	   0.04187
N         	   2.27133	   5.79073	  -0.87137	  -0.04864	  -0.02376	  -0.00535	  -0.02376	   0.00032	  -0.02717	  -0.00535	  -0.02717	   0.04834
N         	   4.12150	  -2.92629	  -2.55278	  -0.05745	   0.03472	  -0.03363	   0.03472	   0.01228	   0.03738	  -0.03363	   0.03738	   0.04517
N         	   4.10605	   1.43255	  -2.56311	  -0.04991	   0.03106	  -0.04972	   0.03106	   0.00240	   0.02882	  -0.04972	   0.02882	   0.04750
N         	   4.13106	   5.78467	  -2.53793	  -0.06475	   0.03530	  -0.03934	   0.03530	   0.01043	   0.03322	  -0.03934	   0.03322	   0.05432
N         	   6.56432	  -2.92620	  -2.94365	  -0.02765	  -0.00440	   0.07251	  -0.00440	   0.00694	  -0.02020	   0.07251	  -0.02020	   0.02071
N         	   6.55865	   1.42611	  -2.94365	  -0.02060	   0.00254	   0.07114	   0.00254	  -0.00129	  -0.01992	   0.07114	  -0.01992	   0.02189
N         	   6.56771	   5.78011	  -2.94365	  -0.03106	   0.00073	   0.07722	   0.00073	   0.00723	  -0.02064	   0.07722	  -0.02064	   0.02382
N         	   9.05170	  -2.92759	  -2.94368	  -0.03163	  -0.00016	  -0.00409	  -0.00016	   0.00282	   0.00058	  -0.00409	   0.00058	   0.02881
N         	   9.04964	   1.42529	  -2.94368	  -0.02724	   0.00125	  -0.00395	   0.00125	  -0.00290	   0.00061	  -0.00395	   0.00061	   0.03014
N         	   9.05239	   5.77881	  -2.94368	  -0.03795	   0.00178	  -0.00435	   0.00178	   0.00569	   0.00061	  -0.00435	   0.00061	   0.03226
N         	 -10.29514	  -5.10658	  -2.94368	  -0.03794	  -0.00000	  -0.00000	  -0.00000	   0.00660	  -0.00011	  -0.00000	  -0.00011	   0.03136
N         	 -10.29514	  -0.75022	  -2.94368	  -0.02689	  -0.00000	   0.00000	  -0.00000	  -0.00196	  -0.00010	   0.00000	  -0.00010	   0.02885
N         	 -10.29514	   3.60139	  -2.94368	  -0.03433	  -0.00000	  -0.00000	  -0.00000	   0.00165	  -0.00008	  -0.00000	  -0.00008	   0.03269
N         	  -7.80989	  -5.10555	  -2.94368	  -0.03628	  -0.00070	  -0.00118	  -0.00070	   0.00557	   0.00026	  -0.00118	   0.00026	   0.03071
N         	  -7.80411	  -0.75029	  -2.94368	  -0.02531	  -0.00059	  -0.00150	  -0.00059	  -0.00276	   0.00027	  -0.00150	   0.00027	   0.02806
N         	  -7.80743	   3.60160	  -2.94368	  -0.03229	  -0.00476	  -0.00128	  -0.00476	  -0.00007	   0.00035	  -0.00128	   0.00035	   0.03236
N         	  -5.32263	  -5.10461	  -2.94268	  -0.01773	  -0.02076	  -0.03296	  -0.02076	   0.00931	   0.12084	  -0.03296	   0.12084	   0.00842
N         	  -5.30850	  -0.74878	  -2.94268	  -0.00887	  -0.01642	  -0.02595	  -0.01642	   0.00260	   0.11082	  -0.02595	   0.11082	   0.00627
N         	  -5.31693	   3.60421	  -2.94268	  -0.01325	  -0.02482	  -0.03111	  -0.02482	   0.00443	   0.11291	  -0.03111	   0.11291	   0.00884
N         	  -3.16700	  -5.10139	  -1.72831	  -0.06431	  -0.02188	  -0.01480	  -0.02188	   0.01017	   0.02189	  -0.01480	   0.02189	   0.05414
N         	  -3.09442	  -0.74574	  -1.81104	  -0.04435	  -0.01561	   0.00386	  -0.01561	   0.00015	   0.01774	   0.00386	   0.01774	   0.04420
N         	  -3.15080	   3.60967	  -1.73938	  -0.07052	  -0.03255	  -0.00790	  -0.03255	   0.00674	   0.02736	  -0.00790	   0.02736	   0.06378
N         	  -1.24023	  -5.10122	  -0.14719	  -0.02205	   0.03182	   0.02243	   0.03182	   0.01166	  -0.07820	   0.02243	  -0.07820	   0.01039
N         	  -1.24086	   3.62897	  -0.13879	  -0.01226	   0.04211	   0.02458	   0.04211	   0.03599	  -0.09155	   0.02458	  -0.09155	  -0.02373
N         	   1.24023	  -5.10122	  -0.14719	  -0.02204	  -0.03182	  -0.02243	  -0.03182	   0.01166	  -0.07820	  -0.02243	  -0.07820	   0.01038
N         	   1.24086	   3.62897	  -0.13879	  -0.01226	  -0.04211	  -0.02458	  -0.04211	   0.03599	  -0.09155	  -0.02458	  -0.09155	  -0.02373
N         	   3.16700	  -5.10139	  -1.72831	  -0.06431	   0.02188	   0.01480	   0.02188	   0.01017	   0.02189	   0.01480	   0.02189	   0.05414
N         	   3.09442	  -0.74574	  -1.81104	  -0.04435	   0.01561	  -0.00386	   0.01561	   0.00015	   0.01774	  -0.00386	   0.01774	   0.04420
N         	   3.15080	   3.60967	  -1.73938	  -0.07052	   0.03255	   0.00790	   0.03255	   0.00674	   0.02736	   0.00790	   0.02736	   0.06378
N         	   5.32263	  -5.10461	  -2.94268	  -0.01773	   0.02076	   0.03296	   0.02076	   0.00931	   0.12084	   0.03296	   0.12084	   0.00842
N         	   5.30850	  -0.74878	  -2.94268	  -0.00887	   0.01642	   0.02595	   0.01642	   0.00260	   0.11082	   0.02595	   0.11082	   0.00627
N         	   5.31693	   3.60421	  -2.94268	  -0.01325	   0.02482	   0.03111	   0.02482	   0.00443	   0.11291	   0.03111	   0.11291	   0.00884
N         	   7.80989	  -5.10555	  -2.94368	  -0.03628	   0.00070	   0.00118	   0.00070	   0.00557	   0.00026	   0.00118	   0.00026	   0.03071
N         	   7.80411	  -0.75029	  -2.94368	  -0.02531	   0.00059	   0.00150	   0.00059	  -0.00276	   0.00027	   0.00150	   0.00027	   0.02806
N         	   7.80743	   3.60160	  -2.94368	  -0.03229	   0.00476	   0.00128	   0.00476	  -0.00007	   0.00035	   0.00128	   0.00035	   0.03236
N         	   1.25390	  -0.78517	  -0.17515	   0.33484	  -0.21770	   0.02350	  -0.21770	  -0.14825	  -0.05853	   0.02350	  -0.05853	  -0.18659
N         	  -1.25390	  -0.78517	  -0.17514	   0.33484	   0.21770	  -0.02350	   0.21770	  -0.14824	  -0.05853	  -0.02350	  -0.05853	  -0.18660
N         	   0.00000	   1.57033	   0.35029	  -0.29671	   0.00000	  -0.00000	   0.00000	   0.57580	   0.33251	  -0.00000	   0.33251	  -0.27910
