VASP
--------------------------------------------------------------------------------------------------------------------------------------------------------------------------
  AtomName	    r_1i_X	    r_1i_Y	    r_1i_Z	  iso[MHz]	       Axx	       Axy	       Axz	       Ayx	       Ayy	       Ayz	       Azx	       Azy	       Azz
--------------------------------------------------------------------------------------------------------------------------------------------------------------------------
95Mo g-factor___:  -0.365700 [No-unit]
97Mo g-factor___:  -0.373400 [No-unit]
33S  g-factor___:   0.429214 [No-unit]
13C  g-factor___:   1.404824 [No-unit]
95Mo etc____:	---       	---       	---       	   0.00000
97Mo etc____:	---       	---       	---       	   0.00000
33S  etc____:	---       	---       	---       	   0.00000
13C  etc____:	---       	---       	---       	   0.00000
v1       :	  -9.54824	  -9.19228	  -3.92514
v2       :	   9.54824	  -9.19228	  -3.92514
v3       :	  -9.54824	   7.34576	  -3.92514
v4       :	   9.54824	   7.34576	  -3.92514
v5       :	  -9.54824	  -9.19228	   8.07486
v6       :	   9.54824	  -9.19228	   8.07486
v7       :	  -9.54824	   7.34576	   8.07486
v8       :	   9.54824	   7.34576	   8.07486
--------------------------------------------------------------------------------------------------------------------------------------------------------------------------
Mo        	  -6.36422	  -7.35775	  -0.89497	  -0.64030	  -0.01525	   0.09147	  -0.01525	   0.09147	  -0.04574	   0.03049	  -0.01525	   0.03049	   0.06098
Mo        	  -6.36396	  -1.84664	  -0.91427	   3.59786	  -0.44211	  -0.39637	   0.10672	  -0.39637	   0.79275	  -0.16770	   0.10672	  -0.16770	  -0.35064
Mo        	  -6.35973	   3.66513	  -0.90667	   1.99712	   0.16770	   0.39637	   0.04574	   0.39637	   0.64030	  -0.04574	   0.04574	  -0.04574	  -0.80799
Mo        	  -3.18121	  -7.34683	  -0.90292	  -1.64648	  -0.12196	  -0.70128	   0.28966	  -0.70128	   0.13721	  -0.28966	   0.28966	  -0.28966	  -0.01525
Mo        	  -3.18304	  -1.84081	  -0.94609	   9.14711	   3.67409	   4.60405	  -0.06098	   4.60405	  -1.76844	  -0.01525	  -0.06098	  -0.01525	  -1.90565
Mo        	  -3.17372	   3.66812	  -0.93004	   2.01236	 -12.66875	  -7.13475	  -2.50021	  -7.13475	  16.29710	  -2.10384	  -2.50021	  -2.10384	  -3.62835
Mo        	  -0.00000	  -7.34274	  -0.90810	   7.34818	   1.02143	   0.00000	  -0.00000	   0.00000	   0.24392	   0.12196	  -0.00000	   0.12196	  -1.26535
Mo        	  -0.00000	  -1.77952	  -1.00392	  41.95475	  11.93698	  -0.00000	  -0.00000	  -0.00000	  -0.76226	   8.27814	  -0.00000	   8.27814	 -11.17472
Mo        	  -0.00000	   3.67583	  -0.94363	  12.83645	  -4.29914	   0.00000	   0.00000	   0.00000	   6.17430	   0.06098	   0.00000	   0.06098	  -1.87516
Mo        	   3.18120	  -7.34683	  -0.90292	  -1.64648	  -0.12196	   0.70128	  -0.28966	   0.70128	   0.13721	  -0.28966	  -0.28966	  -0.28966	  -0.01525
Mo        	   3.18304	  -1.84081	  -0.94609	   9.14711	   3.67409	  -4.60405	   0.06098	  -4.60405	  -1.76844	  -0.01525	   0.06098	  -0.01525	  -1.90565
Mo        	   3.17372	   3.66812	  -0.93004	   2.01236	 -12.66875	   7.13475	   2.50021	   7.13475	  16.29710	  -2.10384	   2.50021	  -2.10384	  -3.62835
Mo        	   6.36421	  -7.35775	  -0.89497	  -0.64030	  -0.01525	  -0.09147	   0.01525	  -0.09147	  -0.04574	   0.03049	   0.01525	   0.03049	   0.06098
Mo        	   6.36395	  -1.84664	  -0.91427	   3.59786	  -0.44211	   0.39637	  -0.10672	   0.39637	   0.79275	  -0.16770	  -0.10672	  -0.16770	  -0.35064
Mo        	   6.35972	   3.66513	  -0.90667	   1.99712	   0.16770	  -0.39637	  -0.04574	  -0.39637	   0.64030	  -0.04574	  -0.04574	  -0.04574	  -0.80799
Mo        	  -9.54824	  -7.36095	  -0.89147	  -0.09147	  -0.09147	  -0.00000	   0.00000	  -0.00000	   0.12196	   0.01525	   0.00000	   0.01525	  -0.01525
Mo        	  -9.54824	  -1.84808	  -0.90375	  -0.67079	  -0.10672	   0.00000	  -0.00000	   0.00000	   0.06098	   0.00000	  -0.00000	   0.00000	   0.04574
Mo        	  -9.54824	   3.66321	  -0.89840	   1.55501	   0.06098	  -0.00000	   0.00000	  -0.00000	  -0.04574	  -0.00000	   0.00000	  -0.00000	  -0.01525
Mo        	  -7.95699	  -4.60365	  -0.89857	   1.52452	   0.15245	   0.13721	  -0.09147	   0.13721	  -0.04574	  -0.04574	  -0.09147	  -0.04574	  -0.10672
Mo        	  -7.95324	   0.90728	  -0.90698	  -1.46354	  -0.42687	  -0.44211	  -0.16770	  -0.44211	   0.60981	   0.41162	  -0.16770	   0.41162	  -0.18294
Mo        	  -7.95470	   6.42091	  -0.89289	  -0.09147	   0.10672	   0.03049	  -0.03049	   0.03049	  -0.00000	   0.00000	  -0.03049	   0.00000	  -0.09147
Mo        	  -4.77468	  -4.59650	  -0.91096	   3.36919	   0.19819	  -0.68603	  -0.06098	  -0.68603	   0.10672	   0.09147	  -0.06098	   0.09147	  -0.30490
Mo        	  -4.76549	   0.90924	  -0.93303	   2.08859	  14.87930	   9.39103	   0.56407	   9.39103	 -12.01321	   3.15575	   0.56407	   3.15575	  -2.86610
Mo        	  -4.76827	   6.42534	  -0.90080	  -1.58550	   0.76226	   0.30490	  -0.50309	   0.30490	  -0.60981	  -0.09147	  -0.50309	  -0.09147	  -0.15245
Mo        	  -1.59074	  -4.58477	  -0.92997	   1.46354	   2.98806	  16.41907	   2.95757	  16.41907	   0.62505	  -1.17388	   2.95757	  -1.17388	  -3.61311
Mo        	  -1.53999	   0.88766	  -1.00473	  43.86040	   2.60693	   5.85415	   7.30244	   5.85415	   9.17760	  -4.49733	   7.30244	  -4.49733	 -11.76928
Mo        	  -1.58851	   6.43362	  -0.91072	   1.58550	   0.60981	   0.33539	   0.12196	   0.33539	  -0.16770	  -0.06098	   0.12196	  -0.06098	  -0.45736
Mo        	   1.59074	  -4.58477	  -0.92997	   1.46354	   2.98806	 -16.41907	  -2.95757	 -16.41907	   0.62505	  -1.17388	  -2.95757	  -1.17388	  -3.61311
Mo        	   1.53999	   0.88766	  -1.00473	  43.86040	   2.60693	  -5.85415	  -7.30244	  -5.85415	   9.17760	  -4.49733	  -7.30244	  -4.49733	 -11.76928
Mo        	   1.58851	   6.43362	  -0.91072	   1.60074	   0.60981	  -0.33539	  -0.12196	  -0.33539	  -0.16770	  -0.06098	  -0.12196	  -0.06098	  -0.45736
Mo        	   4.77468	  -4.59650	  -0.91096	   3.36919	   0.19819	   0.68603	   0.06098	   0.68603	   0.10672	   0.09147	   0.06098	   0.09147	  -0.30490
Mo        	   4.76549	   0.90924	  -0.93303	   2.08859	  14.87930	  -9.39103	  -0.56407	  -9.39103	 -12.01321	   3.15575	  -0.56407	   3.15575	  -2.86610
Mo        	   4.76827	   6.42534	  -0.90080	  -1.58550	   0.76226	  -0.30490	   0.50309	  -0.30490	  -0.60981	  -0.09147	   0.50309	  -0.09147	  -0.15245
Mo        	   7.95698	  -4.60365	  -0.89857	   1.52452	   0.15245	  -0.13721	   0.09147	  -0.13721	  -0.04574	  -0.04574	   0.09147	  -0.04574	  -0.10672
Mo        	   7.95324	   0.90728	  -0.90698	  -1.46354	  -0.42687	   0.44211	   0.16770	   0.44211	   0.60981	   0.41162	   0.16770	   0.41162	  -0.18294
Mo        	   7.95470	   6.42091	  -0.89289	  -0.09147	   0.10672	  -0.03049	   0.03049	  -0.03049	  -0.00000	   0.00000	   0.03049	   0.00000	  -0.09147
S         	  -7.95341	  -8.27832	   0.66978	  -0.04574	   0.03049	  -0.00000	  -0.03049	  -0.00000	  -0.01525	   0.00000	  -0.03049	   0.00000	  -0.03049
S         	  -7.95102	  -2.76016	   0.65744	   0.27441	   0.06098	   0.03049	   0.04574	   0.03049	  -0.03049	   0.03049	   0.04574	   0.03049	  -0.03049
S         	  -7.94913	   2.74295	   0.65830	  -0.13721	  -0.10672	   0.07623	   0.09147	   0.07623	   0.27441	   0.30490	   0.09147	   0.30490	  -0.16770
S         	  -4.76553	  -8.27316	   0.66309	   0.62505	   0.01525	   0.01525	  -0.01525	   0.01525	   0.13721	  -0.04574	  -0.01525	  -0.04574	  -0.15245
S         	  -4.75730	  -2.74983	   0.64017	   6.66215	   0.04574	   0.10672	  -0.48785	   0.10672	  -0.13721	  -0.25917	  -0.48785	  -0.25917	   0.10672
S         	  -4.75192	   2.73848	   0.63872	   0.80799	   0.22868	  -1.14339	   0.97569	  -1.14339	  -1.09765	  -0.54883	   0.97569	  -0.54883	   0.86898
S         	  -1.58709	  -8.26621	   0.65665	   0.01525	   0.13721	  -0.15245	   0.36588	  -0.15245	  -0.00000	  -0.13721	   0.36588	  -0.13721	  -0.13721
S         	  -1.55995	  -2.70591	   0.60672	  -0.38113	   6.28102	  18.27898	  -8.62878	  18.27898	   3.82654	  -8.49157	  -8.62878	  -8.49157	 -10.10756
S         	  -1.56271	   2.70234	   0.60692	  -0.28966	 -11.23570	  -8.33912	  -3.17100	  -8.33912	  21.29753	  11.69306	  -3.17100	  11.69306	 -10.06182
S         	   1.58709	  -8.26621	   0.65665	   0.01525	   0.13721	   0.15245	  -0.36588	   0.15245	  -0.00000	  -0.13721	  -0.36588	  -0.13721	  -0.13721
S         	   1.55995	  -2.70591	   0.60672	  -0.38113	   6.28102	 -18.27898	   8.62878	 -18.27898	   3.82654	  -8.49157	   8.62878	  -8.49157	 -10.10756
S         	   1.56272	   2.70234	   0.60692	  -0.28966	 -11.23570	   8.33912	   3.17100	   8.33912	  21.29753	  11.69306	   3.17100	  11.69306	 -10.06182
S         	   4.76553	  -8.27316	   0.66309	   0.62505	   0.01525	  -0.01525	   0.01525	  -0.01525	   0.13721	  -0.04574	   0.01525	  -0.04574	  -0.15245
S         	   4.75730	  -2.74983	   0.64017	   6.66215	   0.04574	  -0.10672	   0.48785	  -0.10672	  -0.13721	  -0.25917	   0.48785	  -0.25917	   0.10672
S         	   4.75192	   2.73848	   0.63872	   0.80799	   0.22868	   1.14339	  -0.97569	   1.14339	  -1.09765	  -0.54883	  -0.97569	  -0.54883	   0.86898
S         	   7.95341	  -8.27832	   0.66978	  -0.04574	   0.03049	   0.00000	   0.03049	   0.00000	  -0.01525	   0.00000	   0.03049	   0.00000	  -0.03049
S         	   7.95102	  -2.76016	   0.65744	   0.27441	   0.06098	  -0.03049	  -0.04574	  -0.03049	  -0.03049	   0.03049	  -0.04574	   0.03049	  -0.03049
S         	   7.94913	   2.74295	   0.65830	  -0.13721	  -0.10672	  -0.07623	  -0.09147	  -0.07623	   0.27441	   0.30490	  -0.09147	   0.30490	  -0.16770
S         	  -9.54824	  -5.51859	   0.66707	  -0.03049	   0.03049	  -0.00000	   0.00000	  -0.00000	  -0.03049	   0.00000	   0.00000	   0.00000	   0.00000
S         	  -9.54824	  -0.00852	   0.65639	   0.53358	   0.16770	  -0.00000	  -0.00000	  -0.00000	  -0.00000	   0.07623	  -0.00000	   0.07623	  -0.16770
S         	  -9.54824	   5.49871	   0.66758	   0.57932	   0.04574	  -0.00000	   0.00000	  -0.00000	  -0.01525	   0.01525	   0.00000	   0.01525	  -0.04574
S         	  -6.35857	  -5.51380	   0.66178	   0.24392	   0.03049	   0.01525	  -0.01525	   0.01525	  -0.01525	  -0.00000	  -0.01525	  -0.00000	  -0.03049
S         	  -6.34524	  -0.00747	   0.64576	   0.42687	  -0.39637	   0.12196	  -0.28966	   0.12196	  -0.18294	  -0.64030	  -0.28966	  -0.64030	   0.56407
S         	  -6.35559	   5.49891	   0.66258	  -0.15245	   0.18294	   0.38113	  -0.27441	   0.38113	   0.06098	  -0.25917	  -0.27441	  -0.25917	  -0.24392
S         	  -3.17195	  -5.49598	   0.65015	   0.53358	  -0.33539	   0.00000	  -0.56407	   0.00000	  -0.32015	  -0.07623	  -0.56407	  -0.07623	   0.65554
S         	  -3.12346	  -0.00044	   0.60463	  -0.44211	  20.58100	   9.78741	 -11.99796	   9.78741	 -10.54967	  -3.11002	 -11.99796	  -3.11002	 -10.03133
S         	  -3.16873	   5.49430	   0.65070	   0.64030	  -0.32015	   0.27441	   0.53358	   0.27441	  -0.27441	   0.57932	   0.53358	   0.57932	   0.59456
S         	  -0.00000	  -5.48833	   0.64055	   0.70128	  -1.79893	   0.00000	  -0.00000	   0.00000	   0.99094	   0.99094	  -0.00000	   0.99094	   0.79275
S         	   0.00000	   5.49655	   0.64255	   5.86940	  -0.39637	   0.00000	   0.00000	   0.00000	   0.09147	   0.79275	   0.00000	   0.79275	   0.32015
S         	   3.17195	  -5.49598	   0.65015	   0.53358	  -0.33539	  -0.00000	   0.56407	  -0.00000	  -0.32015	  -0.07623	   0.56407	  -0.07623	   0.65554
S         	   3.12346	  -0.00044	   0.60463	  -0.44211	  20.58100	  -9.78741	  11.99796	  -9.78741	 -10.54967	  -3.11002	  11.99796	  -3.11002	 -10.03133
S         	   3.16873	   5.49430	   0.65070	   0.64030	  -0.32015	  -0.27441	  -0.53358	  -0.27441	  -0.27441	   0.57932	  -0.53358	   0.57932	   0.59456
S         	   6.35857	  -5.51380	   0.66178	   0.24392	   0.03049	  -0.01525	   0.01525	  -0.01525	  -0.01525	  -0.00000	   0.01525	  -0.00000	  -0.03049
S         	   6.34524	  -0.00747	   0.64576	   0.42687	  -0.39637	  -0.12196	   0.28966	  -0.12196	  -0.18294	  -0.64030	   0.28966	  -0.64030	   0.56407
S         	   6.35559	   5.49891	   0.66258	  -0.15245	   0.18294	  -0.38113	   0.27441	  -0.38113	   0.06098	  -0.25917	   0.27441	  -0.25917	  -0.24392
S         	  -7.95721	  -8.27917	  -2.45397	  -0.01525	   0.00000	  -0.00000	   0.00000	  -0.00000	   0.00000	  -0.03049	   0.00000	  -0.03049	  -0.01525
S         	  -7.96120	  -2.77020	  -2.46715	  -0.01525	   0.04574	   0.00000	   0.01525	   0.00000	  -0.04574	  -0.06098	   0.01525	  -0.06098	  -0.00000
S         	  -7.95716	   2.74917	  -2.46451	   0.27441	   0.09147	   0.10672	  -0.04574	   0.10672	   0.06098	  -0.07623	  -0.04574	  -0.07623	  -0.13721
S         	  -4.77414	  -8.27220	  -2.46014	   0.77750	  -0.00000	  -0.03049	   0.06098	  -0.03049	   0.09147	  -0.01525	   0.06098	  -0.01525	  -0.09147
S         	  -4.78643	  -2.76967	  -2.48852	  -0.38113	  -0.06098	  -0.04574	  -0.16770	  -0.04574	  -0.01525	  -0.10672	  -0.16770	  -0.10672	   0.07623
S         	  -4.77458	   2.75476	  -2.48239	   0.06098	   0.50309	  -1.40256	  -0.01525	  -1.40256	  -1.12814	  -0.00000	  -0.01525	  -0.00000	   0.62505
S         	  -1.59191	  -8.26208	  -2.46782	   0.30490	  -0.01525	  -0.01525	  -0.21343	  -0.01525	   0.06098	  -0.01525	  -0.21343	  -0.01525	  -0.03049
S         	  -1.60721	  -2.76762	  -2.52025	   3.91801	  -2.68315	   3.64360	   2.11908	   3.64360	   4.61929	   4.28390	   2.11908	   4.28390	  -1.93614
S         	  -1.59089	   2.77634	  -2.51940	   3.82654	  -0.35064	  -4.86321	   2.62217	  -4.86321	   2.22580	  -3.90277	   2.62217	  -3.90277	  -1.87516
S         	   1.59191	  -8.26208	  -2.46782	   0.30490	  -0.01525	   0.01525	   0.21343	   0.01525	   0.06098	  -0.01525	   0.21343	  -0.01525	  -0.03049
S         	   1.60721	  -2.76762	  -2.52025	   3.91801	  -2.68315	  -3.64360	  -2.11908	  -3.64360	   4.61929	   4.28390	  -2.11908	   4.28390	  -1.93614
S         	   1.59089	   2.77634	  -2.51940	   3.82654	  -0.35064	   4.86321	  -2.62217	   4.86321	   2.22580	  -3.90277	  -2.62217	  -3.90277	  -1.87516
S         	   4.77414	  -8.27220	  -2.46014	   0.77750	  -0.00000	   0.03049	  -0.06098	   0.03049	   0.09147	  -0.01525	  -0.06098	  -0.01525	  -0.09147
S         	   4.78643	  -2.76967	  -2.48852	  -0.38113	  -0.06098	   0.04574	   0.16770	   0.04574	  -0.01525	  -0.10672	   0.16770	  -0.10672	   0.07623
S         	   4.77458	   2.75476	  -2.48239	   0.06098	   0.50309	   1.40256	   0.01525	   1.40256	  -1.12814	  -0.00000	   0.01525	  -0.00000	   0.62505
S         	   7.95722	  -8.27917	  -2.45397	  -0.01525	   0.00000	   0.00000	  -0.00000	   0.00000	   0.00000	  -0.03049	  -0.00000	  -0.03049	  -0.01525
S         	   7.96121	  -2.77020	  -2.46715	  -0.01525	   0.04574	  -0.00000	  -0.01525	  -0.00000	  -0.04574	  -0.06098	  -0.01525	  -0.06098	  -0.00000
S         	   7.95716	   2.74917	  -2.46451	   0.27441	   0.09147	  -0.10672	   0.04574	  -0.10672	   0.06098	  -0.07623	   0.04574	  -0.07623	  -0.13721
S         	  -9.54824	  -5.52651	  -2.45779	  -0.03049	   0.04574	  -0.00000	  -0.00000	  -0.00000	  -0.00000	   0.01525	  -0.00000	   0.01525	  -0.04574
S         	  -9.54824	  -0.01022	  -2.46662	   0.79275	   0.12196	   0.00000	  -0.00000	   0.00000	  -0.03049	   0.03049	  -0.00000	   0.03049	  -0.07623
S         	  -9.54824	   5.50493	  -2.45511	   0.01525	   0.04574	  -0.00000	  -0.00000	  -0.00000	  -0.01525	  -0.00000	  -0.00000	  -0.00000	  -0.03049
S         	  -6.37023	  -5.52493	  -2.46299	  -0.03049	  -0.01525	   0.04574	   0.03049	   0.04574	   0.01525	   0.07623	   0.03049	   0.07623	  -0.00000
S         	  -6.37101	  -0.01014	  -2.47890	  -0.97569	  -0.76226	  -0.01525	   0.57932	  -0.01525	  -0.60981	   0.76226	   0.57932	   0.76226	   1.37207
S         	  -6.36448	   5.50885	  -2.46058	   0.18294	   0.00000	   0.16770	   0.07623	   0.16770	   0.18294	   0.10672	   0.07623	   0.10672	  -0.18294
S         	  -3.18841	  -5.51752	  -2.47532	  -0.92996	  -0.82324	  -0.07623	   0.70128	  -0.07623	  -0.57932	   0.19819	   0.70128	   0.19819	   1.40256
S         	  -3.19877	  -0.01205	  -2.52185	   3.84179	   5.80842	  -1.52452	   5.04616	  -1.52452	  -4.00948	  -0.41162	   5.04616	  -0.41162	  -1.79893
S         	  -3.18116	   5.51950	  -2.47412	  -0.89947	  -0.57932	   0.18294	  -0.54883	   0.18294	  -0.71652	  -0.85373	  -0.54883	  -0.85373	   1.29584
S         	  -0.00000	  -5.51298	  -2.48199	   0.06098	  -2.10384	   0.00000	   0.00000	   0.00000	   1.50927	   0.15245	   0.00000	   0.15245	   0.59456
S         	  -0.00000	  -0.00120	  -2.67670	  49.01327	 -29.19453	  -0.00000	  -0.00000	  -0.00000	 -29.10306	  -0.50309	  -0.00000	  -0.50309	  58.29759
S         	   0.00000	   5.53005	  -2.48515	  -0.44211	  -0.04574	  -0.00000	  -0.00000	  -0.00000	  -0.06098	   0.22868	  -0.00000	   0.22868	   0.10672
S         	   3.18841	  -5.51752	  -2.47532	  -0.92996	  -0.82324	   0.07623	  -0.70128	   0.07623	  -0.57932	   0.19819	  -0.70128	   0.19819	   1.40256
S         	   3.19877	  -0.01205	  -2.52185	   3.84179	   5.80842	   1.52452	  -5.04616	   1.52452	  -4.00948	  -0.41162	  -5.04616	  -0.41162	  -1.79893
S         	   3.18116	   5.51950	  -2.47412	  -0.89947	  -0.57932	  -0.18294	   0.54883	  -0.18294	  -0.71652	  -0.85373	   0.54883	  -0.85373	   1.29584
S         	   6.37023	  -5.52493	  -2.46299	  -0.03049	  -0.01525	  -0.04574	  -0.03049	  -0.04574	   0.01525	   0.07623	  -0.03049	   0.07623	  -0.00000
S         	   6.37101	  -0.01014	  -2.47890	  -0.97569	  -0.76226	   0.01525	  -0.57932	   0.01525	  -0.60981	   0.76226	  -0.57932	   0.76226	   1.37207
S         	   6.36448	   5.50885	  -2.46058	   0.18294	   0.00000	  -0.16770	  -0.07623	  -0.16770	   0.18294	   0.10672	  -0.07623	   0.10672	  -0.18294
C         	   0.00000	   0.00000	   0.00000	 249.09110	 -58.03842	  -0.00000	  -0.00000	  -0.00000	 -57.94695	  -0.13721	  -0.00000	  -0.13721	 115.98538
