2100.00000	   0.00000	   0.00000	   0.00000
   1.44559	   2.10723	   7.50000	       11B
   1.44559	   6.34356	   7.50000	       11B
   1.44559	  10.57988	   7.50000	       11B
   4.33678	   2.10723	   7.50000	       11B
   4.33678	   6.34356	   7.50000	       11B
   4.33678	  10.57988	   7.50000	       11B
   7.22797	   2.10723	   7.50000	       11B
   7.22797	   6.34356	   7.50000	       11B
   7.22797	  10.57988	   7.50000	       11B
  10.11916	   2.10723	   7.50000	       11B
  10.11916	   6.34356	   7.50000	       11B
  10.11916	  10.57988	   7.50000	       11B
  13.01035	   2.10723	   7.50000	       10B
  13.01035	   6.34356	   7.50000	       11B
  13.01035	  10.57988	   7.50000	       11B
  15.90153	   2.10723	   7.50000	       11B
  15.90153	   6.34356	   7.50000	       10B
  15.90153	  10.57988	   7.50000	       11B
  18.79272	   2.10723	   7.50000	       11B
  18.79272	   6.34356	   7.50000	       10B
  18.79272	  10.57988	   7.50000	       11B
  21.68391	   2.10723	   7.50000	       11B
  21.68391	   6.34356	   7.50000	       11B
  21.68391	  10.57988	   7.50000	       11B
  24.57510	   2.10723	   7.50000	       11B
  24.57510	   6.34356	   7.50000	       11B
  24.57510	  10.57988	   7.50000	       11B
   0.00000	   4.22539	   7.50000	       11B
   0.00000	   8.46172	   7.50000	       11B
   0.00000	  12.69804	   7.50000	       11B
   2.89119	   4.22539	   7.50000	       11B
   2.89119	   8.46172	   7.50000	       11B
   2.89119	  12.69804	   7.50000	       11B
   5.78238	   4.22539	   7.50000	       11B
   5.78238	   8.46172	   7.50000	       11B
   5.78238	  12.69804	   7.50000	       11B
   8.67356	   4.22539	   7.50000	       11B
   8.67356	   8.46172	   7.50000	       11B
   8.67356	  12.69804	   7.50000	       11B
  11.56475	   4.22539	   7.50000	       11B
  11.56475	   8.46172	   7.50000	       11B
  11.56475	  12.69804	   7.50000	       11B
  14.45594	   4.22539	   7.50000	       11B
  14.45594	   8.46172	   7.50000	       11B
  14.45594	  12.69804	   7.50000	       11B
  17.34713	   4.22539	   7.50000	       11B
  17.34713	   8.46172	   7.50000	       11B
  17.34713	  12.69804	   7.50000	       11B
  20.23832	   4.22539	   7.50000	       11B
  20.23832	   8.46172	   7.50000	       11B
  20.23832	  12.69804	   7.50000	       10B
  23.12950	   4.22539	   7.50000	       11B
  23.12950	   8.46172	   7.50000	       11B
  23.12950	  12.69804	   7.50000	       11B
   1.44559	   3.54361	   7.50000	       14N
   1.44559	   7.77994	   7.50000	       14N
   1.44559	  12.01627	   7.50000	       14N
   4.33678	   3.54361	   7.50000	       14N
   4.33678	   7.77994	   7.50000	       14N
   4.33678	  12.01627	   7.50000	       14N
   7.22797	   3.54361	   7.50000	       14N
   7.22797	   7.77994	   7.50000	       14N
   7.22797	  12.01627	   7.50000	       14N
  10.11916	   3.54361	   7.50000	       14N
  10.11916	   7.77994	   7.50000	       14N
  10.11916	  12.01627	   7.50000	       14N
  13.01035	   3.54361	   7.50000	       14N
  13.01035	   7.77994	   7.50000	       14N
  13.01035	  12.01627	   7.50000	       14N
  15.90153	   3.54361	   7.50000	       14N
  15.90153	   7.77994	   7.50000	       14N
  15.90153	  12.01627	   7.50000	       14N
  18.79272	   3.54361	   7.50000	       14N
  18.79272	   7.77994	   7.50000	       14N
  18.79272	  12.01627	   7.50000	       14N
  21.68391	   3.54361	   7.50000	       14N
  21.68391	   7.77994	   7.50000	       14N
  21.68391	  12.01627	   7.50000	       14N
  24.57510	   3.54361	   7.50000	       14N
  24.57510	   7.77994	   7.50000	       14N
  24.57510	  12.01627	   7.50000	       14N
   0.00000	   1.42545	   7.50000	       14N
   0.00000	   5.66177	   7.50000	       14N
   0.00000	   9.89810	   7.50000	       14N
   2.89119	   1.42545	   7.50000	       14N
   2.89119	   5.66177	   7.50000	       14N
   2.89119	   9.89810	   7.50000	       14N
   5.78238	   1.42545	   7.50000	       14N
   5.78238	   5.66177	   7.50000	       14N
   5.78238	   9.89810	   7.50000	       14N
   8.67356	   1.42545	   7.50000	       14N
   8.67356	   5.66177	   7.50000	       14N
   8.67356	   9.89810	   7.50000	       14N
  11.56475	   1.42545	   7.50000	       14N
  11.56475	   5.66177	   7.50000	       14N
  11.56475	   9.89810	   7.50000	       14N
  14.45594	   1.42545	   7.50000	       14N
  14.45594	   5.66177	   7.50000	       14N
  14.45594	   9.89810	   7.50000	       14N
  17.34713	   1.42545	   7.50000	       14N
  17.34713	   5.66177	   7.50000	       14N
  17.34713	   9.89810	   7.50000	       14N
  20.23832	   1.42545	   7.50000	       14N
  20.23832	   5.66177	   7.50000	       14N
  20.23832	   9.89810	   7.50000	       14N
  23.12950	   1.42545	   7.50000	       14N
  23.12950	   5.66177	   7.50000	       14N
  23.12950	   9.89810	   7.50000	       14N
   1.44559	  14.81621	   7.50000	       11B
   1.44559	  19.05254	   7.50000	       11B
   1.44559	  23.28887	   7.50000	       11B
   4.33678	  14.81621	   7.50000	       11B
   4.33678	  19.05254	   7.50000	       11B
   4.33678	  23.28887	   7.50000	       11B
   7.22797	  14.81621	   7.50000	       11B
   7.22797	  19.05254	   7.50000	       11B
   7.22797	  23.28887	   7.50000	       11B
  10.11916	  14.81621	   7.50000	       11B
  10.11916	  19.05254	   7.50000	       11B
  10.11916	  23.28887	   7.50000	       11B
  13.01035	  14.81621	   7.50000	       11B
  13.01035	  19.05254	   7.50000	       11B
  13.01035	  23.28887	   7.50000	       11B
  15.90153	  14.81621	   7.50000	       11B
  15.90153	  19.05254	   7.50000	       11B
  15.90153	  23.28887	   7.50000	       10B
  18.79272	  14.81621	   7.50000	       11B
  18.79272	  19.05254	   7.50000	       10B
  18.79272	  23.28887	   7.50000	       11B
  21.68391	  14.81621	   7.50000	       11B
  21.68391	  19.05254	   7.50000	       10B
  21.68391	  23.28887	   7.50000	       11B
  24.57510	  14.81621	   7.50000	       11B
  24.57510	  19.05254	   7.50000	       11B
  24.57510	  23.28887	   7.50000	       11B
   0.00000	  16.93437	   7.50000	       11B
   0.00000	  21.17070	   7.50000	       11B
   0.00000	  25.40703	   7.50000	       10B
   2.89119	  16.93437	   7.50000	       11B
   2.89119	  21.17070	   7.50000	       11B
   2.89119	  25.40703	   7.50000	       11B
   5.78238	  16.93437	   7.50000	       11B
   5.78238	  21.17070	   7.50000	       10B
   5.78238	  25.40703	   7.50000	       11B
   8.67356	  16.93437	   7.50000	       11B
   8.67356	  21.17070	   7.50000	       11B
   8.67356	  25.40703	   7.50000	       10B
  11.56475	  16.93437	   7.50000	       11B
  11.56475	  21.17070	   7.50000	       11B
  11.56475	  25.40703	   7.50000	       11B
  14.45594	  16.93437	   7.50000	       11B
  14.45594	  21.17070	   7.50000	       11B
  14.45594	  25.40703	   7.50000	       11B
  17.34713	  16.93437	   7.50000	       11B
  17.34713	  21.17070	   7.50000	       11B
  17.34713	  25.40703	   7.50000	       11B
  20.23832	  16.93437	   7.50000	       11B
  20.23832	  21.17070	   7.50000	       11B
  20.23832	  25.40703	   7.50000	       10B
  23.12950	  16.93437	   7.50000	       11B
  23.12950	  21.17070	   7.50000	       11B
  23.12950	  25.40703	   7.50000	       11B
   1.44559	  16.25260	   7.50000	       14N
   1.44559	  20.48893	   7.50000	       14N
   1.44559	  24.72526	   7.50000	       14N
   4.33678	  16.25260	   7.50000	       14N
   4.33678	  20.48893	   7.50000	       14N
   4.33678	  24.72526	   7.50000	       14N
   7.22797	  16.25260	   7.50000	       14N
   7.22797	  20.48893	   7.50000	       14N
   7.22797	  24.72526	   7.50000	       14N
  10.11916	  16.25260	   7.50000	       14N
  10.11916	  20.48893	   7.50000	       14N
  10.11916	  24.72526	   7.50000	       14N
  13.01035	  16.25260	   7.50000	       14N
  13.01035	  20.48893	   7.50000	       14N
  13.01035	  24.72526	   7.50000	       14N
  15.90153	  16.25260	   7.50000	       14N
  15.90153	  20.48893	   7.50000	       14N
  15.90153	  24.72526	   7.50000	       14N
  18.79272	  16.25260	   7.50000	       14N
  18.79272	  20.48893	   7.50000	       14N
  18.79272	  24.72526	   7.50000	       14N
  21.68391	  16.25260	   7.50000	       14N
  21.68391	  20.48893	   7.50000	       14N
  21.68391	  24.72526	   7.50000	       14N
  24.57510	  16.25260	   7.50000	       14N
  24.57510	  20.48893	   7.50000	       14N
  24.57510	  24.72526	   7.50000	       14N
   0.00000	  14.13443	   7.50000	       14N
   0.00000	  18.37076	   7.50000	       14N
   0.00000	  22.60709	   7.50000	       14N
   2.89119	  14.13443	   7.50000	       14N
   2.89119	  18.37076	   7.50000	       14N
   2.89119	  22.60709	   7.50000	       14N
   5.78238	  14.13443	   7.50000	       14N
   5.78238	  18.37076	   7.50000	       14N
   5.78238	  22.60709	   7.50000	       14N
   8.67356	  14.13443	   7.50000	       14N
   8.67356	  18.37076	   7.50000	       14N
   8.67356	  22.60709	   7.50000	       14N
  11.56475	  14.13443	   7.50000	       14N
  11.56475	  18.37076	   7.50000	       14N
  11.56475	  22.60709	   7.50000	       14N
  14.45594	  14.13443	   7.50000	       14N
  14.45594	  18.37076	   7.50000	       14N
  14.45594	  22.60709	   7.50000	       14N
  17.34713	  14.13443	   7.50000	       14N
  17.34713	  18.37076	   7.50000	       14N
  17.34713	  22.60709	   7.50000	       14N
  20.23832	  14.13443	   7.50000	       14N
  20.23832	  18.37076	   7.50000	       14N
  20.23832	  22.60709	   7.50000	       14N
  23.12950	  14.13443	   7.50000	       14N
  23.12950	  18.37076	   7.50000	       14N
  23.12950	  22.60709	   7.50000	       14N
   1.44559	  27.52520	   7.50000	       10B
   1.44559	  31.76153	   7.50000	       11B
   1.44559	  35.99785	   7.50000	       11B
   4.33678	  27.52520	   7.50000	       11B
   4.33678	  31.76153	   7.50000	       11B
   4.33678	  35.99785	   7.50000	       11B
   7.22797	  27.52520	   7.50000	       11B
   7.22797	  31.76153	   7.50000	       11B
   7.22797	  35.99785	   7.50000	       11B
  10.11916	  27.52520	   7.50000	       11B
  10.11916	  31.76153	   7.50000	       11B
  10.11916	  35.99785	   7.50000	       11B
  13.01035	  27.52520	   7.50000	       11B
  13.01035	  31.76153	   7.50000	       11B
  13.01035	  35.99785	   7.50000	       11B
  15.90153	  27.52520	   7.50000	       11B
  15.90153	  31.76153	   7.50000	       11B
  15.90153	  35.99785	   7.50000	       10B
  18.79272	  27.52520	   7.50000	       11B
  18.79272	  31.76153	   7.50000	       10B
  18.79272	  35.99785	   7.50000	       11B
  21.68391	  27.52520	   7.50000	       11B
  21.68391	  31.76153	   7.50000	       10B
  21.68391	  35.99785	   7.50000	       11B
  24.57510	  27.52520	   7.50000	       11B
  24.57510	  31.76153	   7.50000	       11B
  24.57510	  35.99785	   7.50000	       11B
   0.00000	  29.64336	   7.50000	       11B
   0.00000	  33.87969	   7.50000	       10B
   0.00000	  38.11602	   7.50000	       11B
   2.89119	  29.64336	   7.50000	       10B
   2.89119	  33.87969	   7.50000	       11B
   2.89119	  38.11602	   7.50000	       11B
   5.78238	  29.64336	   7.50000	       11B
   5.78238	  33.87969	   7.50000	       11B
   5.78238	  38.11602	   7.50000	       11B
   8.67356	  29.64336	   7.50000	       11B
   8.67356	  33.87969	   7.50000	       11B
   8.67356	  38.11602	   7.50000	       11B
  11.56475	  29.64336	   7.50000	       11B
  11.56475	  33.87969	   7.50000	       11B
  11.56475	  38.11602	   7.50000	       11B
  14.45594	  29.64336	   7.50000	       11B
  14.45594	  33.87969	   7.50000	       11B
  14.45594	  38.11602	   7.50000	       11B
  17.34713	  29.64336	   7.50000	       11B
  17.34713	  33.87969	   7.50000	       11B
  17.34713	  38.11602	   7.50000	       11B
  20.23832	  29.64336	   7.50000	       10B
  20.23832	  33.87969	   7.50000	       11B
  20.23832	  38.11602	   7.50000	       10B
  23.12950	  29.64336	   7.50000	       11B
  23.12950	  33.87969	   7.50000	       11B
  23.12950	  38.11602	   7.50000	       11B
   1.44559	  28.96159	   7.50000	       14N
   1.44559	  33.19791	   7.50000	       14N
   1.44559	  37.43424	   7.50000	       14N
   4.33678	  28.96159	   7.50000	       14N
   4.33678	  33.19791	   7.50000	       14N
   4.33678	  37.43424	   7.50000	       14N
   7.22797	  28.96159	   7.50000	       14N
   7.22797	  33.19791	   7.50000	       14N
   7.22797	  37.43424	   7.50000	       14N
  10.11916	  28.96159	   7.50000	       14N
  10.11916	  33.19791	   7.50000	       14N
  10.11916	  37.43424	   7.50000	       14N
  13.01035	  28.96159	   7.50000	       14N
  13.01035	  33.19791	   7.50000	       14N
  13.01035	  37.43424	   7.50000	       14N
  15.90153	  28.96159	   7.50000	       14N
  15.90153	  33.19791	   7.50000	       14N
  15.90153	  37.43424	   7.50000	       14N
  18.79272	  28.96159	   7.50000	       14N
  18.79272	  33.19791	   7.50000	       14N
  18.79272	  37.43424	   7.50000	       14N
  21.68391	  28.96159	   7.50000	       14N
  21.68391	  33.19791	   7.50000	       14N
  21.68391	  37.43424	   7.50000	       14N
  24.57510	  28.96159	   7.50000	       14N
  24.57510	  33.19791	   7.50000	       14N
  24.57510	  37.43424	   7.50000	       14N
   0.00000	  26.84342	   7.50000	       14N
   0.00000	  31.07975	   7.50000	       14N
   0.00000	  35.31607	   7.50000	       14N
   2.89119	  26.84342	   7.50000	       14N
   2.89119	  31.07975	   7.50000	       14N
   2.89119	  35.31607	   7.50000	       14N
   5.78238	  26.84342	   7.50000	       14N
   5.78238	  31.07975	   7.50000	       14N
   5.78238	  35.31607	   7.50000	       14N
   8.67356	  26.84342	   7.50000	       14N
   8.67356	  31.07975	   7.50000	       14N
   8.67356	  35.31607	   7.50000	       14N
  11.56475	  26.84342	   7.50000	       14N
  11.56475	  31.07975	   7.50000	       14N
  11.56475	  35.31607	   7.50000	       14N
  14.45594	  26.84342	   7.50000	       14N
  14.45594	  31.07975	   7.50000	       14N
  14.45594	  35.31607	   7.50000	       14N
  17.34713	  26.84342	   7.50000	       14N
  17.34713	  31.07975	   7.50000	       14N
  17.34713	  35.31607	   7.50000	       14N
  20.23832	  26.84342	   7.50000	       14N
  20.23832	  31.07975	   7.50000	       14N
  20.23832	  35.31607	   7.50000	       14N
  23.12950	  26.84342	   7.50000	       14N
  23.12950	  31.07975	   7.50000	       14N
  23.12950	  35.31607	   7.50000	       14N
   1.44559	  40.23418	   7.50000	       10B
   1.44559	  44.47051	   7.50000	       11B
   1.44559	  48.70684	   7.50000	       11B
   4.33678	  40.23418	   7.50000	       10B
   4.33678	  44.47051	   7.50000	       11B
   4.33678	  48.70684	   7.50000	       11B
   7.22797	  40.23418	   7.50000	       10B
   7.22797	  44.47051	   7.50000	       11B
   7.22797	  48.70684	   7.50000	       11B
  10.11916	  40.23418	   7.50000	       11B
  10.11916	  44.47051	   7.50000	       10B
  10.11916	  48.70684	   7.50000	       11B
  13.01035	  40.23418	   7.50000	       10B
  13.01035	  44.47051	   7.50000	       11B
  13.01035	  48.70684	   7.50000	       11B
  15.90153	  40.23418	   7.50000	       11B
  15.90153	  44.47051	   7.50000	       10B
  15.90153	  48.70684	   7.50000	       11B
  18.79272	  40.23418	   7.50000	       11B
  18.79272	  44.47051	   7.50000	       10B
  18.79272	  48.70684	   7.50000	       10B
  21.68391	  40.23418	   7.50000	       10B
  21.68391	  44.47051	   7.50000	       11B
  21.68391	  48.70684	   7.50000	       11B
  24.57510	  40.23418	   7.50000	       11B
  24.57510	  44.47051	   7.50000	       11B
  24.57510	  48.70684	   7.50000	       11B
   0.00000	  42.35234	   7.50000	       11B
   0.00000	  46.58867	   7.50000	       11B
   0.00000	  50.82500	   7.50000	       11B
   2.89119	  42.35234	   7.50000	       10B
   2.89119	  46.58867	   7.50000	       11B
   2.89119	  50.82500	   7.50000	       10B
   5.78238	  42.35234	   7.50000	       11B
   5.78238	  46.58867	   7.50000	       11B
   5.78238	  50.82500	   7.50000	       11B
   8.67356	  42.35234	   7.50000	       11B
   8.67356	  46.58867	   7.50000	       11B
   8.67356	  50.82500	   7.50000	       11B
  11.56475	  42.35234	   7.50000	       11B
  11.56475	  46.58867	   7.50000	       11B
  11.56475	  50.82500	   7.50000	       11B
  14.45594	  42.35234	   7.50000	       10B
  14.45594	  46.58867	   7.50000	       11B
  14.45594	  50.82500	   7.50000	       10B
  17.34713	  42.35234	   7.50000	       11B
  17.34713	  46.58867	   7.50000	       11B
  17.34713	  50.82500	   7.50000	       11B
  20.23832	  42.35234	   7.50000	       10B
  20.23832	  46.58867	   7.50000	       11B
  20.23832	  50.82500	   7.50000	       10B
  23.12950	  42.35234	   7.50000	       11B
  23.12950	  46.58867	   7.50000	       11B
  23.12950	  50.82500	   7.50000	       11B
   1.44559	  41.67057	   7.50000	       14N
   1.44559	  45.90690	   7.50000	       14N
   1.44559	  50.14323	   7.50000	       14N
   4.33678	  41.67057	   7.50000	       14N
   4.33678	  45.90690	   7.50000	       14N
   4.33678	  50.14323	   7.50000	       14N
   7.22797	  41.67057	   7.50000	       14N
   7.22797	  45.90690	   7.50000	       14N
   7.22797	  50.14323	   7.50000	       14N
  10.11916	  41.67057	   7.50000	       14N
  10.11916	  45.90690	   7.50000	       14N
  10.11916	  50.14323	   7.50000	       14N
  13.01035	  41.67057	   7.50000	       14N
  13.01035	  45.90690	   7.50000	       14N
  13.01035	  50.14323	   7.50000	       14N
  15.90153	  41.67057	   7.50000	       14N
  15.90153	  45.90690	   7.50000	       14N
  15.90153	  50.14323	   7.50000	       14N
  18.79272	  41.67057	   7.50000	       15N
  18.79272	  45.90690	   7.50000	       14N
  18.79272	  50.14323	   7.50000	       14N
  21.68391	  41.67057	   7.50000	       14N
  21.68391	  45.90690	   7.50000	       14N
  21.68391	  50.14323	   7.50000	       14N
  24.57510	  41.67057	   7.50000	       14N
  24.57510	  45.90690	   7.50000	       14N
  24.57510	  50.14323	   7.50000	       14N
   0.00000	  39.55240	   7.50000	       14N
   0.00000	  43.78873	   7.50000	       14N
   0.00000	  48.02506	   7.50000	       14N
   2.89119	  39.55240	   7.50000	       14N
   2.89119	  43.78873	   7.50000	       14N
   2.89119	  48.02506	   7.50000	       14N
   5.78238	  39.55240	   7.50000	       14N
   5.78238	  43.78873	   7.50000	       14N
   5.78238	  48.02506	   7.50000	       14N
   8.67356	  39.55240	   7.50000	       14N
   8.67356	  43.78873	   7.50000	       14N
   8.67356	  48.02506	   7.50000	       14N
  11.56475	  39.55240	   7.50000	       14N
  11.56475	  43.78873	   7.50000	       14N
  11.56475	  48.02506	   7.50000	       14N
  14.45594	  39.55240	   7.50000	       14N
  14.45594	  43.78873	   7.50000	       14N
  14.45594	  48.02506	   7.50000	       14N
  17.34713	  39.55240	   7.50000	       14N
  17.34713	  43.78873	   7.50000	       14N
  17.34713	  48.02506	   7.50000	       14N
  20.23832	  39.55240	   7.50000	       14N
  20.23832	  43.78873	   7.50000	       14N
  20.23832	  48.02506	   7.50000	       14N
  23.12950	  39.55240	   7.50000	       14N
  23.12950	  43.78873	   7.50000	       14N
  23.12950	  48.02506	   7.50000	       14N
   1.44559	  52.94317	   7.50000	       11B
   1.44559	  57.17950	   7.50000	       11B
   1.44559	  61.41582	   7.50000	       10B
   4.33678	  52.94317	   7.50000	       11B
   4.33678	  57.17950	   7.50000	       11B
   4.33678	  61.41582	   7.50000	       11B
   7.22797	  52.94317	   7.50000	       11B
   7.22797	  57.17950	   7.50000	       11B
   7.22797	  61.41582	   7.50000	       10B
  10.11916	  52.94317	   7.50000	       11B
  10.11916	  57.17950	   7.50000	       10B
  10.11916	  61.41582	   7.50000	       10B
  13.01035	  52.94317	   7.50000	       11B
  13.01035	  57.17950	   7.50000	       11B
  13.01035	  61.41582	   7.50000	       11B
  15.90153	  52.94317	   7.50000	       11B
  15.90153	  57.17950	   7.50000	       11B
  15.90153	  61.41582	   7.50000	       11B
  18.79272	  52.94317	   7.50000	       11B
  18.79272	  57.17950	   7.50000	       11B
  18.79272	  61.41582	   7.50000	       11B
  21.68391	  52.94317	   7.50000	       11B
  21.68391	  57.17950	   7.50000	       10B
  21.68391	  61.41582	   7.50000	       11B
  24.57510	  52.94317	   7.50000	       11B
  24.57510	  57.17950	   7.50000	       11B
  24.57510	  61.41582	   7.50000	       10B
   0.00000	  55.06133	   7.50000	       10B
   0.00000	  59.29766	   7.50000	       11B
   0.00000	  63.53399	   7.50000	       11B
   2.89119	  55.06133	   7.50000	       11B
   2.89119	  59.29766	   7.50000	       11B
   2.89119	  63.53399	   7.50000	       11B
   5.78238	  55.06133	   7.50000	       11B
   5.78238	  59.29766	   7.50000	       11B
   5.78238	  63.53399	   7.50000	       11B
   8.67356	  55.06133	   7.50000	       11B
   8.67356	  59.29766	   7.50000	       11B
   8.67356	  63.53399	   7.50000	       11B
  11.56475	  55.06133	   7.50000	       11B
  11.56475	  59.29766	   7.50000	       11B
  11.56475	  63.53399	   7.50000	       10B
  14.45594	  55.06133	   7.50000	       11B
  14.45594	  59.29766	   7.50000	       10B
  14.45594	  63.53399	   7.50000	       11B
  17.34713	  55.06133	   7.50000	       11B
  17.34713	  59.29766	   7.50000	       11B
  17.34713	  63.53399	   7.50000	       11B
  20.23832	  55.06133	   7.50000	       11B
  20.23832	  59.29766	   7.50000	       11B
  20.23832	  63.53399	   7.50000	       11B
  23.12950	  55.06133	   7.50000	       10B
  23.12950	  59.29766	   7.50000	       10B
  23.12950	  63.53399	   7.50000	       11B
   1.44559	  54.37956	   7.50000	       14N
   1.44559	  58.61588	   7.50000	       14N
   1.44559	  62.85221	   7.50000	       14N
   4.33678	  54.37956	   7.50000	       14N
   4.33678	  58.61588	   7.50000	       14N
   4.33678	  62.85221	   7.50000	       14N
   7.22797	  54.37956	   7.50000	       14N
   7.22797	  58.61588	   7.50000	       14N
   7.22797	  62.85221	   7.50000	       14N
  10.11916	  54.37956	   7.50000	       14N
  10.11916	  58.61588	   7.50000	       14N
  10.11916	  62.85221	   7.50000	       14N
  13.01035	  54.37956	   7.50000	       14N
  13.01035	  58.61588	   7.50000	       14N
  13.01035	  62.85221	   7.50000	       14N
  15.90153	  54.37956	   7.50000	       14N
  15.90153	  58.61588	   7.50000	       14N
  15.90153	  62.85221	   7.50000	       14N
  18.79272	  54.37956	   7.50000	       14N
  18.79272	  58.61588	   7.50000	       14N
  18.79272	  62.85221	   7.50000	       14N
  21.68391	  54.37956	   7.50000	       14N
  21.68391	  58.61588	   7.50000	       14N
  21.68391	  62.85221	   7.50000	       14N
  24.57510	  54.37956	   7.50000	       14N
  24.57510	  58.61588	   7.50000	       14N
  24.57510	  62.85221	   7.50000	       14N
   0.00000	  52.26139	   7.50000	       14N
   0.00000	  56.49772	   7.50000	       14N
   0.00000	  60.73404	   7.50000	       14N
   2.89119	  52.26139	   7.50000	       14N
   2.89119	  56.49772	   7.50000	       14N
   2.89119	  60.73404	   7.50000	       14N
   5.78238	  52.26139	   7.50000	       14N
   5.78238	  56.49772	   7.50000	       14N
   5.78238	  60.73404	   7.50000	       14N
   8.67356	  52.26139	   7.50000	       14N
   8.67356	  56.49772	   7.50000	       14N
   8.67356	  60.73404	   7.50000	       14N
  11.56475	  52.26139	   7.50000	       14N
  11.56475	  56.49772	   7.50000	       14N
  11.56475	  60.73404	   7.50000	       14N
  14.45594	  52.26139	   7.50000	       14N
  14.45594	  56.49772	   7.50000	       14N
  14.45594	  60.73404	   7.50000	       14N
  17.34713	  52.26139	   7.50000	       14N
  17.34713	  56.49772	   7.50000	       14N
  17.34713	  60.73404	   7.50000	       14N
  20.23832	  52.26139	   7.50000	       14N
  20.23832	  56.49772	   7.50000	       14N
  20.23832	  60.73404	   7.50000	       14N
  23.12950	  52.26139	   7.50000	       14N
  23.12950	  56.49772	   7.50000	       14N
  23.12950	  60.73404	   7.50000	       14N
   1.44559	  65.65215	   7.50000	       11B
   1.44559	  69.88848	   7.50000	       11B
   1.44559	  74.12481	   7.50000	       11B
   4.33678	  65.65215	   7.50000	       10B
   4.33678	  69.88848	   7.50000	       10B
   4.33678	  74.12481	   7.50000	       11B
   7.22797	  65.65215	   7.50000	       11B
   7.22797	  69.88848	   7.50000	       11B
   7.22797	  74.12481	   7.50000	       11B
  10.11916	  65.65215	   7.50000	       11B
  10.11916	  69.88848	   7.50000	       11B
  10.11916	  74.12481	   7.50000	       10B
  13.01035	  65.65215	   7.50000	       10B
  13.01035	  69.88848	   7.50000	       11B
  13.01035	  74.12481	   7.50000	       11B
  15.90153	  65.65215	   7.50000	       11B
  15.90153	  69.88848	   7.50000	       11B
  15.90153	  74.12481	   7.50000	       11B
  18.79272	  65.65215	   7.50000	       11B
  18.79272	  69.88848	   7.50000	       11B
  18.79272	  74.12481	   7.50000	       11B
  21.68391	  65.65215	   7.50000	       11B
  21.68391	  69.88848	   7.50000	       11B
  21.68391	  74.12481	   7.50000	       11B
  24.57510	  65.65215	   7.50000	       11B
  24.57510	  69.88848	   7.50000	       11B
  24.57510	  74.12481	   7.50000	       11B
   0.00000	  67.77031	   7.50000	       10B
   0.00000	  72.00664	   7.50000	       10B
   0.00000	  76.24297	   7.50000	       11B
   2.89119	  67.77031	   7.50000	       11B
   2.89119	  72.00664	   7.50000	       10B
   2.89119	  76.24297	   7.50000	       10B
   5.78238	  67.77031	   7.50000	       11B
   5.78238	  72.00664	   7.50000	       11B
   5.78238	  76.24297	   7.50000	       11B
   8.67356	  67.77031	   7.50000	       11B
   8.67356	  72.00664	   7.50000	       11B
   8.67356	  76.24297	   7.50000	       11B
  11.56475	  67.77031	   7.50000	       11B
  11.56475	  72.00664	   7.50000	       11B
  11.56475	  76.24297	   7.50000	       11B
  14.45594	  67.77031	   7.50000	       11B
  14.45594	  72.00664	   7.50000	       11B
  14.45594	  76.24297	   7.50000	       10B
  17.34713	  67.77031	   7.50000	       11B
  17.34713	  72.00664	   7.50000	       11B
  17.34713	  76.24297	   7.50000	       11B
  20.23832	  67.77031	   7.50000	       11B
  20.23832	  72.00664	   7.50000	       11B
  20.23832	  76.24297	   7.50000	       11B
  23.12950	  67.77031	   7.50000	       10B
  23.12950	  72.00664	   7.50000	       10B
  23.12950	  76.24297	   7.50000	       11B
   1.44559	  67.08854	   7.50000	       14N
   1.44559	  71.32487	   7.50000	       14N
   1.44559	  75.56120	   7.50000	       14N
   4.33678	  67.08854	   7.50000	       14N
   4.33678	  71.32487	   7.50000	       14N
   4.33678	  75.56120	   7.50000	       14N
   7.22797	  67.08854	   7.50000	       14N
   7.22797	  71.32487	   7.50000	       14N
   7.22797	  75.56120	   7.50000	       14N
  10.11916	  67.08854	   7.50000	       14N
  10.11916	  71.32487	   7.50000	       14N
  10.11916	  75.56120	   7.50000	       14N
  13.01035	  67.08854	   7.50000	       14N
  13.01035	  71.32487	   7.50000	       14N
  13.01035	  75.56120	   7.50000	       14N
  15.90153	  67.08854	   7.50000	       14N
  15.90153	  71.32487	   7.50000	       14N
  15.90153	  75.56120	   7.50000	       14N
  18.79272	  67.08854	   7.50000	       14N
  18.79272	  71.32487	   7.50000	       14N
  18.79272	  75.56120	   7.50000	       14N
  21.68391	  67.08854	   7.50000	       14N
  21.68391	  71.32487	   7.50000	       14N
  21.68391	  75.56120	   7.50000	       14N
  24.57510	  67.08854	   7.50000	       14N
  24.57510	  71.32487	   7.50000	       14N
  24.57510	  75.56120	   7.50000	       14N
   0.00000	  64.97037	   7.50000	       14N
   0.00000	  69.20670	   7.50000	       14N
   0.00000	  73.44303	   7.50000	       14N
   2.89119	  64.97037	   7.50000	       14N
   2.89119	  69.20670	   7.50000	       14N
   2.89119	  73.44303	   7.50000	       14N
   5.78238	  64.97037	   7.50000	       14N
   5.78238	  69.20670	   7.50000	       14N
   5.78238	  73.44303	   7.50000	       14N
   8.67356	  64.97037	   7.50000	       14N
   8.67356	  69.20670	   7.50000	       14N
   8.67356	  73.44303	   7.50000	       14N
  11.56475	  64.97037	   7.50000	       14N
  11.56475	  69.20670	   7.50000	       14N
  11.56475	  73.44303	   7.50000	       14N
  14.45594	  64.97037	   7.50000	       14N
  14.45594	  69.20670	   7.50000	       14N
  14.45594	  73.44303	   7.50000	       14N
  17.34713	  64.97037	   7.50000	       14N
  17.34713	  69.20670	   7.50000	       14N
  17.34713	  73.44303	   7.50000	       14N
  20.23832	  64.97037	   7.50000	       14N
  20.23832	  69.20670	   7.50000	       14N
  20.23832	  73.44303	   7.50000	       14N
  23.12950	  64.97037	   7.50000	       14N
  23.12950	  69.20670	   7.50000	       14N
  23.12950	  73.44303	   7.50000	       14N
   1.44559	  78.36114	   7.50000	       11B
   4.33678	  78.36114	   7.50000	       11B
   7.22797	  78.36114	   7.50000	       11B
  10.11916	  78.36114	   7.50000	       10B
  13.01035	  78.36114	   7.50000	       11B
  15.90153	  78.36114	   7.50000	       10B
  18.79272	  78.36114	   7.50000	       11B
  21.68391	  78.36114	   7.50000	       11B
  24.57510	  78.36114	   7.50000	       11B
   1.44559	  79.79753	   7.50000	       14N
   4.33678	  79.79753	   7.50000	       14N
   7.22797	  79.79753	   7.50000	       14N
  10.11916	  79.79753	   7.50000	       14N
  13.01035	  79.79753	   7.50000	       14N
  15.90153	  79.79753	   7.50000	       14N
  18.79272	  79.79753	   7.50000	       14N
  21.68391	  79.79753	   7.50000	       14N
  24.57510	  79.79753	   7.50000	       14N
   0.00000	  77.67936	   7.50000	       14N
   2.89119	  77.67936	   7.50000	       14N
   5.78238	  77.67936	   7.50000	       14N
   8.67356	  77.67936	   7.50000	       14N
  11.56475	  77.67936	   7.50000	       14N
  14.45594	  77.67936	   7.50000	       14N
  17.34713	  77.67936	   7.50000	       14N
  20.23832	  77.67936	   7.50000	       14N
  23.12950	  77.67936	   7.50000	       14N
  27.46629	   2.10723	   7.50000	       11B
  27.46629	   6.34356	   7.50000	       10B
  27.46629	  10.57988	   7.50000	       11B
  30.35748	   2.10723	   7.50000	       11B
  30.35748	   6.34356	   7.50000	       11B
  30.35748	  10.57988	   7.50000	       11B
  33.24866	   2.10723	   7.50000	       11B
  33.24866	   6.34356	   7.50000	       11B
  33.24866	  10.57988	   7.50000	       10B
  36.13985	   2.10723	   7.50000	       10B
  36.13985	   6.34356	   7.50000	       11B
  36.13985	  10.57988	   7.50000	       10B
  39.03104	   2.10723	   7.50000	       10B
  39.03104	   6.34356	   7.50000	       10B
  39.03104	  10.57988	   7.50000	       11B
  41.92223	   2.10723	   7.50000	       11B
  41.92223	   6.34356	   7.50000	       11B
  41.92223	  10.57988	   7.50000	       11B
  44.81342	   2.10723	   7.50000	       11B
  44.81342	   6.34356	   7.50000	       11B
  44.81342	  10.57988	   7.50000	       11B
  47.70460	   2.10723	   7.50000	       11B
  47.70460	   6.34356	   7.50000	       11B
  47.70460	  10.57988	   7.50000	       11B
  50.59579	   2.10723	   7.50000	       11B
  50.59579	   6.34356	   7.50000	       11B
  50.59579	  10.57988	   7.50000	       10B
  26.02069	   4.22539	   7.50000	       11B
  26.02069	   8.46172	   7.50000	       11B
  26.02069	  12.69804	   7.50000	       11B
  28.91188	   4.22539	   7.50000	       10B
  28.91188	   8.46172	   7.50000	       11B
  28.91188	  12.69804	   7.50000	       11B
  31.80307	   4.22539	   7.50000	       11B
  31.80307	   8.46172	   7.50000	       11B
  31.80307	  12.69804	   7.50000	       11B
  34.69426	   4.22539	   7.50000	       11B
  34.69426	   8.46172	   7.50000	       10B
  34.69426	  12.69804	   7.50000	       11B
  37.58545	   4.22539	   7.50000	       11B
  37.58545	   8.46172	   7.50000	       11B
  37.58545	  12.69804	   7.50000	       10B
  40.47663	   4.22539	   7.50000	       10B
  40.47663	   8.46172	   7.50000	       11B
  40.47663	  12.69804	   7.50000	       11B
  43.36782	   4.22539	   7.50000	       11B
  43.36782	   8.46172	   7.50000	       11B
  43.36782	  12.69804	   7.50000	       11B
  46.25901	   4.22539	   7.50000	       11B
  46.25901	   8.46172	   7.50000	       11B
  46.25901	  12.69804	   7.50000	       11B
  49.15020	   4.22539	   7.50000	       11B
  49.15020	   8.46172	   7.50000	       11B
  49.15020	  12.69804	   7.50000	       11B
  27.46629	   3.54361	   7.50000	       14N
  27.46629	   7.77994	   7.50000	       14N
  27.46629	  12.01627	   7.50000	       14N
  30.35748	   3.54361	   7.50000	       14N
  30.35748	   7.77994	   7.50000	       14N
  30.35748	  12.01627	   7.50000	       14N
  33.24866	   3.54361	   7.50000	       14N
  33.24866	   7.77994	   7.50000	       14N
  33.24866	  12.01627	   7.50000	       14N
  36.13985	   3.54361	   7.50000	       14N
  36.13985	   7.77994	   7.50000	       14N
  36.13985	  12.01627	   7.50000	       14N
  39.03104	   3.54361	   7.50000	       14N
  39.03104	   7.77994	   7.50000	       14N
  39.03104	  12.01627	   7.50000	       14N
  41.92223	   3.54361	   7.50000	       14N
  41.92223	   7.77994	   7.50000	       14N
  41.92223	  12.01627	   7.50000	       14N
  44.81342	   3.54361	   7.50000	       14N
  44.81342	   7.77994	   7.50000	       14N
  44.81342	  12.01627	   7.50000	       14N
  47.70460	   3.54361	   7.50000	       14N
  47.70460	   7.77994	   7.50000	       14N
  47.70460	  12.01627	   7.50000	       14N
  50.59579	   3.54361	   7.50000	       14N
  50.59579	   7.77994	   7.50000	       14N
  50.59579	  12.01627	   7.50000	       14N
  26.02069	   1.42545	   7.50000	       14N
  26.02069	   5.66177	   7.50000	       14N
  26.02069	   9.89810	   7.50000	       14N
  28.91188	   1.42545	   7.50000	       14N
  28.91188	   5.66177	   7.50000	       14N
  28.91188	   9.89810	   7.50000	       14N
  31.80307	   1.42545	   7.50000	       14N
  31.80307	   5.66177	   7.50000	       14N
  31.80307	   9.89810	   7.50000	       14N
  34.69426	   1.42545	   7.50000	       14N
  34.69426	   5.66177	   7.50000	       14N
  34.69426	   9.89810	   7.50000	       14N
  37.58545	   1.42545	   7.50000	       14N
  37.58545	   5.66177	   7.50000	       14N
  37.58545	   9.89810	   7.50000	       14N
  40.47663	   1.42545	   7.50000	       14N
  40.47663	   5.66177	   7.50000	       14N
  40.47663	   9.89810	   7.50000	       14N
  43.36782	   1.42545	   7.50000	       14N
  43.36782	   5.66177	   7.50000	       14N
  43.36782	   9.89810	   7.50000	       14N
  46.25901	   1.42545	   7.50000	       14N
  46.25901	   5.66177	   7.50000	       14N
  46.25901	   9.89810	   7.50000	       14N
  49.15020	   1.42545	   7.50000	       14N
  49.15020	   5.66177	   7.50000	       14N
  49.15020	   9.89810	   7.50000	       14N
  27.46629	  14.81621	   7.50000	       11B
  27.46629	  19.05254	   7.50000	       11B
  27.46629	  23.28887	   7.50000	       11B
  30.35748	  14.81621	   7.50000	       11B
  30.35748	  19.05254	   7.50000	       11B
  30.35748	  23.28887	   7.50000	       11B
  33.24866	  14.81621	   7.50000	       10B
  33.24866	  19.05254	   7.50000	       11B
  33.24866	  23.28887	   7.50000	       11B
  36.13985	  14.81621	   7.50000	       11B
  36.13985	  19.05254	   7.50000	       10B
  36.13985	  23.28887	   7.50000	       10B
  39.03104	  14.81621	   7.50000	       11B
  39.03104	  19.05254	   7.50000	       10B
  39.03104	  23.28887	   7.50000	       10B
  41.92223	  14.81621	   7.50000	       11B
  41.92223	  19.05254	   7.50000	       11B
  41.92223	  23.28887	   7.50000	       10B
  44.81342	  14.81621	   7.50000	       11B
  44.81342	  19.05254	   7.50000	       11B
  44.81342	  23.28887	   7.50000	       10B
  47.70460	  14.81621	   7.50000	       10B
  47.70460	  19.05254	   7.50000	       11B
  47.70460	  23.28887	   7.50000	       11B
  50.59579	  14.81621	   7.50000	       11B
  50.59579	  19.05254	   7.50000	       11B
  50.59579	  23.28887	   7.50000	       11B
  26.02069	  16.93437	   7.50000	       11B
  26.02069	  21.17070	   7.50000	       11B
  26.02069	  25.40703	   7.50000	       11B
  28.91188	  16.93437	   7.50000	       11B
  28.91188	  21.17070	   7.50000	       11B
  28.91188	  25.40703	   7.50000	       11B
  31.80307	  16.93437	   7.50000	       11B
  31.80307	  21.17070	   7.50000	       10B
  31.80307	  25.40703	   7.50000	       11B
  34.69426	  16.93437	   7.50000	       11B
  34.69426	  21.17070	   7.50000	       11B
  34.69426	  25.40703	   7.50000	       11B
  37.58545	  16.93437	   7.50000	       11B
  37.58545	  21.17070	   7.50000	       11B
  37.58545	  25.40703	   7.50000	       11B
  40.47663	  16.93437	   7.50000	       11B
  40.47663	  21.17070	   7.50000	       11B
  40.47663	  25.40703	   7.50000	       11B
  43.36782	  16.93437	   7.50000	       11B
  43.36782	  21.17070	   7.50000	       11B
  43.36782	  25.40703	   7.50000	       11B
  46.25901	  16.93437	   7.50000	       11B
  46.25901	  21.17070	   7.50000	       11B
  46.25901	  25.40703	   7.50000	       11B
  49.15020	  16.93437	   7.50000	       10B
  49.15020	  21.17070	   7.50000	       11B
  49.15020	  25.40703	   7.50000	       10B
  27.46629	  16.25260	   7.50000	       14N
  27.46629	  20.48893	   7.50000	       14N
  27.46629	  24.72526	   7.50000	       14N
  30.35748	  16.25260	   7.50000	       14N
  30.35748	  20.48893	   7.50000	       14N
  30.35748	  24.72526	   7.50000	       14N
  33.24866	  16.25260	   7.50000	       14N
  33.24866	  20.48893	   7.50000	       14N
  33.24866	  24.72526	   7.50000	       14N
  36.13985	  16.25260	   7.50000	       14N
  36.13985	  20.48893	   7.50000	       14N
  36.13985	  24.72526	   7.50000	       14N
  39.03104	  16.25260	   7.50000	       14N
  39.03104	  20.48893	   7.50000	       14N
  39.03104	  24.72526	   7.50000	       14N
  41.92223	  16.25260	   7.50000	       14N
  41.92223	  20.48893	   7.50000	       14N
  41.92223	  24.72526	   7.50000	       14N
  44.81342	  16.25260	   7.50000	       14N
  44.81342	  20.48893	   7.50000	       14N
  44.81342	  24.72526	   7.50000	       14N
  47.70460	  16.25260	   7.50000	       14N
  47.70460	  20.48893	   7.50000	       14N
  47.70460	  24.72526	   7.50000	       14N
  50.59579	  16.25260	   7.50000	       14N
  50.59579	  20.48893	   7.50000	       14N
  50.59579	  24.72526	   7.50000	       14N
  26.02069	  14.13443	   7.50000	       14N
  26.02069	  18.37076	   7.50000	       14N
  26.02069	  22.60709	   7.50000	       14N
  28.91188	  14.13443	   7.50000	       14N
  28.91188	  18.37076	   7.50000	       14N
  28.91188	  22.60709	   7.50000	       14N
  31.80307	  14.13443	   7.50000	       14N
  31.80307	  18.37076	   7.50000	       14N
  31.80307	  22.60709	   7.50000	       14N
  34.69426	  14.13443	   7.50000	       14N
  34.69426	  18.37076	   7.50000	       14N
  34.69426	  22.60709	   7.50000	       14N
  37.58545	  14.13443	   7.50000	       14N
  37.58545	  18.37076	   7.50000	       14N
  37.58545	  22.60709	   7.50000	       14N
  40.47663	  14.13443	   7.50000	       14N
  40.47663	  18.37076	   7.50000	       14N
  40.47663	  22.60709	   7.50000	       14N
  43.36782	  14.13443	   7.50000	       14N
  43.36782	  18.37076	   7.50000	       14N
  43.36782	  22.60709	   7.50000	       14N
  46.25901	  14.13443	   7.50000	       14N
  46.25901	  18.37076	   7.50000	       14N
  46.25901	  22.60709	   7.50000	       14N
  49.15020	  14.13443	   7.50000	       14N
  49.15020	  18.37076	   7.50000	       14N
  49.15020	  22.60709	   7.50000	       14N
  27.46629	  27.52520	   7.50000	       10B
  27.46629	  31.76153	   7.50000	       11B
  27.46629	  35.99785	   7.50000	       10B
  30.35748	  27.52520	   7.50000	       11B
  30.35748	  31.76153	   7.50000	       10B
  30.35748	  35.99785	   7.50000	       11B
  33.24866	  27.52520	   7.50000	       11B
  33.24866	  31.76153	   7.50000	       11B
  33.24866	  35.99785	   7.50000	       11B
  36.13985	  27.52520	   7.50000	       11B
  36.13985	  31.76153	   7.50000	       11B
  36.13985	  35.99785	   7.50000	       11B
  39.03104	  27.52520	   7.50000	       11B
  39.03104	  31.76153	   7.50000	       11B
  39.03104	  35.99785	   7.50000	       11B
  41.92223	  27.52520	   7.50000	       11B
  41.92223	  31.76153	   7.50000	       11B
  41.92223	  35.99785	   7.50000	       11B
  44.81342	  27.52520	   7.50000	       11B
  44.81342	  31.76153	   7.50000	       10B
  44.81342	  35.99785	   7.50000	       11B
  47.70460	  27.52520	   7.50000	       11B
  47.70460	  31.76153	   7.50000	       11B
  47.70460	  35.99785	   7.50000	       11B
  50.59579	  27.52520	   7.50000	       11B
  50.59579	  31.76153	   7.50000	       11B
  50.59579	  35.99785	   7.50000	       10B
  26.02069	  29.64336	   7.50000	       11B
  26.02069	  33.87969	   7.50000	       11B
  26.02069	  38.11602	   7.50000	       11B
  28.91188	  29.64336	   7.50000	       10B
  28.91188	  33.87969	   7.50000	       10B
  28.91188	  38.11602	   7.50000	       11B
  31.80307	  29.64336	   7.50000	       11B
  31.80307	  33.87969	   7.50000	       10B
  31.80307	  38.11602	   7.50000	       11B
  34.69426	  29.64336	   7.50000	       11B
  34.69426	  33.87969	   7.50000	       10B
  34.69426	  38.11602	   7.50000	       11B
  37.58545	  29.64336	   7.50000	       10B
  37.58545	  33.87969	   7.50000	       11B
  37.58545	  38.11602	   7.50000	       11B
  40.47663	  29.64336	   7.50000	       11B
  40.47663	  33.87969	   7.50000	       11B
  40.47663	  38.11602	   7.50000	       11B
  43.36782	  29.64336	   7.50000	       11B
  43.36782	  33.87969	   7.50000	       10B
  43.36782	  38.11602	   7.50000	       11B
  46.25901	  29.64336	   7.50000	       11B
  46.25901	  33.87969	   7.50000	       11B
  46.25901	  38.11602	   7.50000	       11B
  49.15020	  29.64336	   7.50000	       11B
  49.15020	  33.87969	   7.50000	       10B
  49.15020	  38.11602	   7.50000	       11B
  27.46629	  28.96159	   7.50000	       14N
  27.46629	  33.19791	   7.50000	       14N
  27.46629	  37.43424	   7.50000	       14N
  30.35748	  28.96159	   7.50000	       14N
  30.35748	  33.19791	   7.50000	       14N
  30.35748	  37.43424	   7.50000	       14N
  33.24866	  28.96159	   7.50000	       14N
  33.24866	  33.19791	   7.50000	       14N
  33.24866	  37.43424	   7.50000	       14N
  36.13985	  28.96159	   7.50000	       14N
  36.13985	  33.19791	   7.50000	       14N
  36.13985	  37.43424	   7.50000	       14N
  39.03104	  28.96159	   7.50000	       14N
  39.03104	  33.19791	   7.50000	       14N
  39.03104	  37.43424	   7.50000	       14N
  41.92223	  28.96159	   7.50000	       14N
  41.92223	  33.19791	   7.50000	       14N
  41.92223	  37.43424	   7.50000	       14N
  44.81342	  28.96159	   7.50000	       14N
  44.81342	  33.19791	   7.50000	       14N
  44.81342	  37.43424	   7.50000	       14N
  47.70460	  28.96159	   7.50000	       14N
  47.70460	  33.19791	   7.50000	       14N
  47.70460	  37.43424	   7.50000	       14N
  50.59579	  28.96159	   7.50000	       14N
  50.59579	  33.19791	   7.50000	       14N
  50.59579	  37.43424	   7.50000	       14N
  26.02069	  26.84342	   7.50000	       14N
  26.02069	  31.07975	   7.50000	       14N
  26.02069	  35.31607	   7.50000	       14N
  28.91188	  26.84342	   7.50000	       14N
  28.91188	  31.07975	   7.50000	       14N
  28.91188	  35.31607	   7.50000	       14N
  31.80307	  26.84342	   7.50000	       14N
  31.80307	  31.07975	   7.50000	       14N
  31.80307	  35.31607	   7.50000	       14N
  34.69426	  26.84342	   7.50000	       14N
  34.69426	  31.07975	   7.50000	       14N
  34.69426	  35.31607	   7.50000	       14N
  37.58545	  26.84342	   7.50000	       14N
  37.58545	  31.07975	   7.50000	       14N
  37.58545	  35.31607	   7.50000	       14N
  40.47663	  26.84342	   7.50000	       14N
  40.47663	  31.07975	   7.50000	       14N
  40.47663	  35.31607	   7.50000	       14N
  43.36782	  26.84342	   7.50000	       14N
  43.36782	  31.07975	   7.50000	       14N
  43.36782	  35.31607	   7.50000	       14N
  46.25901	  26.84342	   7.50000	       14N
  46.25901	  31.07975	   7.50000	       14N
  46.25901	  35.31607	   7.50000	       14N
  49.15020	  26.84342	   7.50000	       14N
  49.15020	  31.07975	   7.50000	       14N
  49.15020	  35.31607	   7.50000	       14N
  27.44847	  40.21255	   7.50000	       11B
  27.44452	  44.45353	   7.50000	       11B
  27.44971	  48.68901	   7.50000	       11B
  30.30357	  40.21467	   7.50000	       10B
  30.28238	  44.46092	   7.50000	       11B
  30.31564	  48.69460	   7.50000	       11B
  33.16494	  40.21678	   7.50000	       11B
  33.09725	  44.47280	   7.50000	       10B
  33.19830	  48.70794	   7.50000	       10B
  36.05654	  40.24437	   7.50000	       11B
  35.85440	  44.48764	   7.50000	       10B
  36.11272	  48.71861	   7.50000	       10B
  39.03104	  40.33893	   7.50000	       11B
  39.03104	  48.73173	   7.50000	       11B
  42.00554	  40.24437	   7.50000	       11B
  42.20768	  44.48764	   7.50000	       11B
  41.94936	  48.71861	   7.50000	       10B
  44.89714	  40.21678	   7.50000	       11B
  44.96483	  44.47280	   7.50000	       11B
  44.86378	  48.70794	   7.50000	       11B
  47.75851	  40.21467	   7.50000	       11B
  47.77970	  44.46092	   7.50000	       11B
  47.74644	  48.69460	   7.50000	       11B
  50.61361	  40.21255	   7.50000	       11B
  50.61756	  44.45353	   7.50000	       11B
  50.61237	  48.68901	   7.50000	       11B
  26.02069	  42.33175	   7.50000	       10B
  26.02069	  46.57105	   7.50000	       11B
  26.02069	  50.80491	   7.50000	       11B
  28.86830	  42.33424	   7.50000	       11B
  28.87472	  46.57643	   7.50000	       11B
  28.88076	  50.80493	   7.50000	       10B
  31.70906	  42.33866	   7.50000	       11B
  31.73336	  46.58832	   7.50000	       10B
  31.74864	  50.81017	   7.50000	       11B
  34.54513	  42.34677	   7.50000	       11B
  34.61126	  46.60560	   7.50000	       11B
  34.64082	  50.82235	   7.50000	       11B
  37.47476	  42.42297	   7.50000	       11B
  37.63292	  46.57371	   7.50000	       11B
  37.57516	  50.87278	   7.50000	       10B
  40.58732	  42.42297	   7.50000	       11B
  40.42916	  46.57371	   7.50000	       11B
  40.48692	  50.87278	   7.50000	       10B
  43.51695	  42.34677	   7.50000	       10B
  43.45082	  46.60560	   7.50000	       11B
  43.42126	  50.82235	   7.50000	       11B
  46.35302	  42.33866	   7.50000	       11B
  46.32872	  46.58832	   7.50000	       11B
  46.31344	  50.81017	   7.50000	       11B
  49.19378	  42.33424	   7.50000	       10B
  49.18736	  46.57643	   7.50000	       11B
  49.18132	  50.80493	   7.50000	       11B
  27.44393	  41.65046	   7.50000	       14N
  27.44291	  45.89157	   7.50000	       14N
  27.44694	  50.12689	   7.50000	       14N
  30.28764	  41.65210	   7.50000	       14N
  30.28515	  45.89946	   7.50000	       14N
  30.30494	  50.13195	   7.50000	       14N
  33.12926	  41.65116	   7.50000	       14N
  33.12342	  45.91362	   7.50000	       14N
  33.18067	  50.14480	   7.50000	       14N
  35.98078	  41.66114	   7.50000	       14N
  35.96777	  45.92347	   7.50000	       14N
  36.10177	  50.16235	   7.50000	       14N
  39.03104	  41.78129	   7.50000	       14N
  39.03104	  50.18095	   7.50000	       14N
  42.08130	  41.66114	   7.50000	       14N
  42.09431	  45.92347	   7.50000	       14N
  41.96031	  50.16235	   7.50000	       14N
  44.93282	  41.65116	   7.50000	       14N
  44.93866	  45.91362	   7.50000	       14N
  44.88141	  50.14480	   7.50000	       14N
  47.77444	  41.65210	   7.50000	       14N
  47.77693	  45.89946	   7.50000	       14N
  47.75714	  50.13195	   7.50000	       14N
  50.61815	  41.65046	   7.50000	       14N
  50.61917	  45.89157	   7.50000	       14N
  50.61514	  50.12689	   7.50000	       14N
  26.02069	  39.53355	   7.50000	       14N
  26.02069	  43.76989	   7.50000	       14N
  26.02069	  48.00930	   7.50000	       14N
  28.87278	  39.53379	   7.50000	       14N
  28.85944	  43.77253	   7.50000	       14N
  28.87188	  48.01397	   7.50000	       14N
  31.73005	  39.53687	   7.50000	       14N
  31.68367	  43.77791	   7.50000	       14N
  31.73113	  48.02688	   7.50000	       14N
  34.60994	  39.54547	   7.50000	       14N
  34.46347	  43.78424	   7.50000	       14N
  34.61277	  48.04910	   7.50000	       14N
  37.55350	  39.60391	   7.50000	       14N
  37.55633	  48.04135	   7.50000	       14N
  40.50858	  39.60391	   7.50000	       14N
  40.50575	  48.04135	   7.50000	       14N
  43.45214	  39.54547	   7.50000	       14N
  43.59861	  43.78424	   7.50000	       14N
  43.44931	  48.04910	   7.50000	       14N
  46.33203	  39.53687	   7.50000	       14N
  46.37841	  43.77791	   7.50000	       14N
  46.33095	  48.02688	   7.50000	       14N
  49.18930	  39.53379	   7.50000	       14N
  49.20264	  43.77253	   7.50000	       14N
  49.19020	  48.01397	   7.50000	       14N
  40.97526	  43.74127	   7.50000	       14N
  37.08682	  43.74127	   7.50000	       14N
  39.03104	  46.04285	   7.50000	       14N
  27.46629	  52.94317	   7.50000	       11B
  27.46629	  57.17950	   7.50000	       11B
  27.46629	  61.41582	   7.50000	       11B
  30.35748	  52.94317	   7.50000	       11B
  30.35748	  57.17950	   7.50000	       11B
  30.35748	  61.41582	   7.50000	       11B
  33.24866	  52.94317	   7.50000	       10B
  33.24866	  57.17950	   7.50000	       11B
  33.24866	  61.41582	   7.50000	       11B
  36.13985	  52.94317	   7.50000	       11B
  36.13985	  57.17950	   7.50000	       11B
  36.13985	  61.41582	   7.50000	       11B
  39.03104	  52.94317	   7.50000	       11B
  39.03104	  57.17950	   7.50000	       11B
  39.03104	  61.41582	   7.50000	       11B
  41.92223	  52.94317	   7.50000	       11B
  41.92223	  57.17950	   7.50000	       11B
  41.92223	  61.41582	   7.50000	       11B
  44.81342	  52.94317	   7.50000	       11B
  44.81342	  57.17950	   7.50000	       11B
  44.81342	  61.41582	   7.50000	       11B
  47.70460	  52.94317	   7.50000	       11B
  47.70460	  57.17950	   7.50000	       11B
  47.70460	  61.41582	   7.50000	       11B
  50.59579	  52.94317	   7.50000	       10B
  50.59579	  57.17950	   7.50000	       11B
  50.59579	  61.41582	   7.50000	       11B
  26.02069	  55.06133	   7.50000	       10B
  26.02069	  59.29766	   7.50000	       10B
  26.02069	  63.53399	   7.50000	       11B
  28.91188	  55.06133	   7.50000	       11B
  28.91188	  59.29766	   7.50000	       11B
  28.91188	  63.53399	   7.50000	       10B
  31.80307	  55.06133	   7.50000	       11B
  31.80307	  59.29766	   7.50000	       11B
  31.80307	  63.53399	   7.50000	       10B
  34.69426	  55.06133	   7.50000	       10B
  34.69426	  59.29766	   7.50000	       11B
  34.69426	  63.53399	   7.50000	       11B
  37.58545	  55.06133	   7.50000	       11B
  37.58545	  59.29766	   7.50000	       11B
  37.58545	  63.53399	   7.50000	       11B
  40.47663	  55.06133	   7.50000	       11B
  40.47663	  59.29766	   7.50000	       10B
  40.47663	  63.53399	   7.50000	       11B
  43.36782	  55.06133	   7.50000	       11B
  43.36782	  59.29766	   7.50000	       11B
  43.36782	  63.53399	   7.50000	       11B
  46.25901	  55.06133	   7.50000	       11B
  46.25901	  59.29766	   7.50000	       11B
  46.25901	  63.53399	   7.50000	       11B
  49.15020	  55.06133	   7.50000	       11B
  49.15020	  59.29766	   7.50000	       11B
  49.15020	  63.53399	   7.50000	       11B
  27.46629	  54.37956	   7.50000	       14N
  27.46629	  58.61588	   7.50000	       14N
  27.46629	  62.85221	   7.50000	       14N
  30.35748	  54.37956	   7.50000	       14N
  30.35748	  58.61588	   7.50000	       14N
  30.35748	  62.85221	   7.50000	       14N
  33.24866	  54.37956	   7.50000	       14N
  33.24866	  58.61588	   7.50000	       14N
  33.24866	  62.85221	   7.50000	       14N
  36.13985	  54.37956	   7.50000	       14N
  36.13985	  58.61588	   7.50000	       14N
  36.13985	  62.85221	   7.50000	       14N
  39.03104	  54.37956	   7.50000	       14N
  39.03104	  58.61588	   7.50000	       14N
  39.03104	  62.85221	   7.50000	       14N
  41.92223	  54.37956	   7.50000	       14N
  41.92223	  58.61588	   7.50000	       14N
  41.92223	  62.85221	   7.50000	       14N
  44.81342	  54.37956	   7.50000	       14N
  44.81342	  58.61588	   7.50000	       14N
  44.81342	  62.85221	   7.50000	       14N
  47.70460	  54.37956	   7.50000	       14N
  47.70460	  58.61588	   7.50000	       14N
  47.70460	  62.85221	   7.50000	       14N
  50.59579	  54.37956	   7.50000	       14N
  50.59579	  58.61588	   7.50000	       14N
  50.59579	  62.85221	   7.50000	       14N
  26.02069	  52.26139	   7.50000	       14N
  26.02069	  56.49772	   7.50000	       14N
  26.02069	  60.73404	   7.50000	       14N
  28.91188	  52.26139	   7.50000	       14N
  28.91188	  56.49772	   7.50000	       14N
  28.91188	  60.73404	   7.50000	       14N
  31.80307	  52.26139	   7.50000	       14N
  31.80307	  56.49772	   7.50000	       14N
  31.80307	  60.73404	   7.50000	       14N
  34.69426	  52.26139	   7.50000	       14N
  34.69426	  56.49772	   7.50000	       14N
  34.69426	  60.73404	   7.50000	       14N
  37.58545	  52.26139	   7.50000	       14N
  37.58545	  56.49772	   7.50000	       14N
  37.58545	  60.73404	   7.50000	       14N
  40.47663	  52.26139	   7.50000	       14N
  40.47663	  56.49772	   7.50000	       14N
  40.47663	  60.73404	   7.50000	       14N
  43.36782	  52.26139	   7.50000	       14N
  43.36782	  56.49772	   7.50000	       14N
  43.36782	  60.73404	   7.50000	       14N
  46.25901	  52.26139	   7.50000	       14N
  46.25901	  56.49772	   7.50000	       14N
  46.25901	  60.73404	   7.50000	       14N
  49.15020	  52.26139	   7.50000	       14N
  49.15020	  56.49772	   7.50000	       14N
  49.15020	  60.73404	   7.50000	       14N
  27.46629	  65.65215	   7.50000	       10B
  27.46629	  69.88848	   7.50000	       11B
  27.46629	  74.12481	   7.50000	       11B
  30.35748	  65.65215	   7.50000	       11B
  30.35748	  69.88848	   7.50000	       11B
  30.35748	  74.12481	   7.50000	       10B
  33.24866	  65.65215	   7.50000	       11B
  33.24866	  69.88848	   7.50000	       11B
  33.24866	  74.12481	   7.50000	       11B
  36.13985	  65.65215	   7.50000	       10B
  36.13985	  69.88848	   7.50000	       11B
  36.13985	  74.12481	   7.50000	       11B
  39.03104	  65.65215	   7.50000	       11B
  39.03104	  69.88848	   7.50000	       11B
  39.03104	  74.12481	   7.50000	       11B
  41.92223	  65.65215	   7.50000	       11B
  41.92223	  69.88848	   7.50000	       11B
  41.92223	  74.12481	   7.50000	       10B
  44.81342	  65.65215	   7.50000	       11B
  44.81342	  69.88848	   7.50000	       11B
  44.81342	  74.12481	   7.50000	       10B
  47.70460	  65.65215	   7.50000	       11B
  47.70460	  69.88848	   7.50000	       11B
  47.70460	  74.12481	   7.50000	       11B
  50.59579	  65.65215	   7.50000	       11B
  50.59579	  69.88848	   7.50000	       11B
  50.59579	  74.12481	   7.50000	       11B
  26.02069	  67.77031	   7.50000	       11B
  26.02069	  72.00664	   7.50000	       11B
  26.02069	  76.24297	   7.50000	       11B
  28.91188	  67.77031	   7.50000	       11B
  28.91188	  72.00664	   7.50000	       10B
  28.91188	  76.24297	   7.50000	       11B
  31.80307	  67.77031	   7.50000	       10B
  31.80307	  72.00664	   7.50000	       11B
  31.80307	  76.24297	   7.50000	       11B
  34.69426	  67.77031	   7.50000	       11B
  34.69426	  72.00664	   7.50000	       11B
  34.69426	  76.24297	   7.50000	       11B
  37.58545	  67.77031	   7.50000	       11B
  37.58545	  72.00664	   7.50000	       11B
  37.58545	  76.24297	   7.50000	       11B
  40.47663	  67.77031	   7.50000	       10B
  40.47663	  72.00664	   7.50000	       10B
  40.47663	  76.24297	   7.50000	       11B
  43.36782	  67.77031	   7.50000	       11B
  43.36782	  72.00664	   7.50000	       11B
  43.36782	  76.24297	   7.50000	       10B
  46.25901	  67.77031	   7.50000	       11B
  46.25901	  72.00664	   7.50000	       11B
  46.25901	  76.24297	   7.50000	       11B
  49.15020	  67.77031	   7.50000	       10B
  49.15020	  72.00664	   7.50000	       11B
  49.15020	  76.24297	   7.50000	       11B
  27.46629	  67.08854	   7.50000	       14N
  27.46629	  71.32487	   7.50000	       14N
  27.46629	  75.56120	   7.50000	       14N
  30.35748	  67.08854	   7.50000	       14N
  30.35748	  71.32487	   7.50000	       14N
  30.35748	  75.56120	   7.50000	       14N
  33.24866	  67.08854	   7.50000	       14N
  33.24866	  71.32487	   7.50000	       14N
  33.24866	  75.56120	   7.50000	       14N
  36.13985	  67.08854	   7.50000	       14N
  36.13985	  71.32487	   7.50000	       14N
  36.13985	  75.56120	   7.50000	       14N
  39.03104	  67.08854	   7.50000	       14N
  39.03104	  71.32487	   7.50000	       14N
  39.03104	  75.56120	   7.50000	       14N
  41.92223	  67.08854	   7.50000	       14N
  41.92223	  71.32487	   7.50000	       14N
  41.92223	  75.56120	   7.50000	       14N
  44.81342	  67.08854	   7.50000	       14N
  44.81342	  71.32487	   7.50000	       14N
  44.81342	  75.56120	   7.50000	       14N
  47.70460	  67.08854	   7.50000	       14N
  47.70460	  71.32487	   7.50000	       14N
  47.70460	  75.56120	   7.50000	       14N
  50.59579	  67.08854	   7.50000	       14N
  50.59579	  71.32487	   7.50000	       14N
  50.59579	  75.56120	   7.50000	       14N
  26.02069	  64.97037	   7.50000	       14N
  26.02069	  69.20670	   7.50000	       14N
  26.02069	  73.44303	   7.50000	       14N
  28.91188	  64.97037	   7.50000	       14N
  28.91188	  69.20670	   7.50000	       14N
  28.91188	  73.44303	   7.50000	       14N
  31.80307	  64.97037	   7.50000	       14N
  31.80307	  69.20670	   7.50000	       14N
  31.80307	  73.44303	   7.50000	       14N
  34.69426	  64.97037	   7.50000	       14N
  34.69426	  69.20670	   7.50000	       14N
  34.69426	  73.44303	   7.50000	       14N
  37.58545	  64.97037	   7.50000	       14N
  37.58545	  69.20670	   7.50000	       14N
  37.58545	  73.44303	   7.50000	       14N
  40.47663	  64.97037	   7.50000	       14N
  40.47663	  69.20670	   7.50000	       14N
  40.47663	  73.44303	   7.50000	       14N
  43.36782	  64.97037	   7.50000	       14N
  43.36782	  69.20670	   7.50000	       14N
  43.36782	  73.44303	   7.50000	       14N
  46.25901	  64.97037	   7.50000	       14N
  46.25901	  69.20670	   7.50000	       14N
  46.25901	  73.44303	   7.50000	       14N
  49.15020	  64.97037	   7.50000	       14N
  49.15020	  69.20670	   7.50000	       14N
  49.15020	  73.44303	   7.50000	       14N
  27.46629	  78.36114	   7.50000	       11B
  30.35748	  78.36114	   7.50000	       11B
  33.24866	  78.36114	   7.50000	       11B
  36.13985	  78.36114	   7.50000	       11B
  39.03104	  78.36114	   7.50000	       11B
  41.92223	  78.36114	   7.50000	       11B
  44.81342	  78.36114	   7.50000	       11B
  47.70460	  78.36114	   7.50000	       10B
  50.59579	  78.36114	   7.50000	       11B
  27.46629	  79.79753	   7.50000	       14N
  30.35748	  79.79753	   7.50000	       14N
  33.24866	  79.79753	   7.50000	       14N
  36.13985	  79.79753	   7.50000	       14N
  39.03104	  79.79753	   7.50000	       14N
  41.92223	  79.79753	   7.50000	       14N
  44.81342	  79.79753	   7.50000	       14N
  47.70460	  79.79753	   7.50000	       14N
  50.59579	  79.79753	   7.50000	       14N
  26.02069	  77.67936	   7.50000	       14N
  28.91188	  77.67936	   7.50000	       14N
  31.80307	  77.67936	   7.50000	       14N
  34.69426	  77.67936	   7.50000	       14N
  37.58545	  77.67936	   7.50000	       14N
  40.47663	  77.67936	   7.50000	       14N
  43.36782	  77.67936	   7.50000	       14N
  46.25901	  77.67936	   7.50000	       14N
  49.15020	  77.67936	   7.50000	       14N
  53.48698	   2.10723	   7.50000	       11B
  53.48698	   6.34356	   7.50000	       11B
  53.48698	  10.57988	   7.50000	       11B
  56.37817	   2.10723	   7.50000	       11B
  56.37817	   6.34356	   7.50000	       11B
  56.37817	  10.57988	   7.50000	       11B
  59.26936	   2.10723	   7.50000	       11B
  59.26936	   6.34356	   7.50000	       11B
  59.26936	  10.57988	   7.50000	       11B
  62.16054	   2.10723	   7.50000	       11B
  62.16054	   6.34356	   7.50000	       11B
  62.16054	  10.57988	   7.50000	       11B
  65.05173	   2.10723	   7.50000	       10B
  65.05173	   6.34356	   7.50000	       11B
  65.05173	  10.57988	   7.50000	       11B
  67.94292	   2.10723	   7.50000	       10B
  67.94292	   6.34356	   7.50000	       10B
  67.94292	  10.57988	   7.50000	       11B
  70.83411	   2.10723	   7.50000	       11B
  70.83411	   6.34356	   7.50000	       10B
  70.83411	  10.57988	   7.50000	       11B
  73.72530	   2.10723	   7.50000	       11B
  73.72530	   6.34356	   7.50000	       11B
  73.72530	  10.57988	   7.50000	       11B
  76.61648	   2.10723	   7.50000	       11B
  76.61648	   6.34356	   7.50000	       11B
  76.61648	  10.57988	   7.50000	       11B
  52.04139	   4.22539	   7.50000	       11B
  52.04139	   8.46172	   7.50000	       10B
  52.04139	  12.69804	   7.50000	       11B
  54.93257	   4.22539	   7.50000	       11B
  54.93257	   8.46172	   7.50000	       11B
  54.93257	  12.69804	   7.50000	       11B
  57.82376	   4.22539	   7.50000	       11B
  57.82376	   8.46172	   7.50000	       11B
  57.82376	  12.69804	   7.50000	       11B
  60.71495	   4.22539	   7.50000	       11B
  60.71495	   8.46172	   7.50000	       11B
  60.71495	  12.69804	   7.50000	       11B
  63.60614	   4.22539	   7.50000	       11B
  63.60614	   8.46172	   7.50000	       10B
  63.60614	  12.69804	   7.50000	       11B
  66.49733	   4.22539	   7.50000	       10B
  66.49733	   8.46172	   7.50000	       11B
  66.49733	  12.69804	   7.50000	       11B
  69.38851	   4.22539	   7.50000	       10B
  69.38851	   8.46172	   7.50000	       11B
  69.38851	  12.69804	   7.50000	       11B
  72.27970	   4.22539	   7.50000	       11B
  72.27970	   8.46172	   7.50000	       11B
  72.27970	  12.69804	   7.50000	       11B
  75.17089	   4.22539	   7.50000	       11B
  75.17089	   8.46172	   7.50000	       11B
  75.17089	  12.69804	   7.50000	       11B
  53.48698	   3.54361	   7.50000	       14N
  53.48698	   7.77994	   7.50000	       14N
  53.48698	  12.01627	   7.50000	       14N
  56.37817	   3.54361	   7.50000	       14N
  56.37817	   7.77994	   7.50000	       14N
  56.37817	  12.01627	   7.50000	       14N
  59.26936	   3.54361	   7.50000	       14N
  59.26936	   7.77994	   7.50000	       14N
  59.26936	  12.01627	   7.50000	       14N
  62.16054	   3.54361	   7.50000	       14N
  62.16054	   7.77994	   7.50000	       14N
  62.16054	  12.01627	   7.50000	       14N
  65.05173	   3.54361	   7.50000	       14N
  65.05173	   7.77994	   7.50000	       14N
  65.05173	  12.01627	   7.50000	       14N
  67.94292	   3.54361	   7.50000	       14N
  67.94292	   7.77994	   7.50000	       14N
  67.94292	  12.01627	   7.50000	       14N
  70.83411	   3.54361	   7.50000	       14N
  70.83411	   7.77994	   7.50000	       14N
  70.83411	  12.01627	   7.50000	       14N
  73.72530	   3.54361	   7.50000	       14N
  73.72530	   7.77994	   7.50000	       14N
  73.72530	  12.01627	   7.50000	       14N
  76.61648	   3.54361	   7.50000	       14N
  76.61648	   7.77994	   7.50000	       14N
  76.61648	  12.01627	   7.50000	       14N
  52.04139	   1.42545	   7.50000	       14N
  52.04139	   5.66177	   7.50000	       14N
  52.04139	   9.89810	   7.50000	       14N
  54.93257	   1.42545	   7.50000	       14N
  54.93257	   5.66177	   7.50000	       14N
  54.93257	   9.89810	   7.50000	       14N
  57.82376	   1.42545	   7.50000	       14N
  57.82376	   5.66177	   7.50000	       14N
  57.82376	   9.89810	   7.50000	       14N
  60.71495	   1.42545	   7.50000	       14N
  60.71495	   5.66177	   7.50000	       14N
  60.71495	   9.89810	   7.50000	       14N
  63.60614	   1.42545	   7.50000	       14N
  63.60614	   5.66177	   7.50000	       14N
  63.60614	   9.89810	   7.50000	       14N
  66.49733	   1.42545	   7.50000	       14N
  66.49733	   5.66177	   7.50000	       14N
  66.49733	   9.89810	   7.50000	       14N
  69.38851	   1.42545	   7.50000	       14N
  69.38851	   5.66177	   7.50000	       14N
  69.38851	   9.89810	   7.50000	       14N
  72.27970	   1.42545	   7.50000	       14N
  72.27970	   5.66177	   7.50000	       14N
  72.27970	   9.89810	   7.50000	       14N
  75.17089	   1.42545	   7.50000	       14N
  75.17089	   5.66177	   7.50000	       14N
  75.17089	   9.89810	   7.50000	       14N
  53.48698	  14.81621	   7.50000	       11B
  53.48698	  19.05254	   7.50000	       11B
  53.48698	  23.28887	   7.50000	       11B
  56.37817	  14.81621	   7.50000	       10B
  56.37817	  19.05254	   7.50000	       11B
  56.37817	  23.28887	   7.50000	       11B
  59.26936	  14.81621	   7.50000	       11B
  59.26936	  19.05254	   7.50000	       11B
  59.26936	  23.28887	   7.50000	       11B
  62.16054	  14.81621	   7.50000	       11B
  62.16054	  19.05254	   7.50000	       11B
  62.16054	  23.28887	   7.50000	       11B
  65.05173	  14.81621	   7.50000	       11B
  65.05173	  19.05254	   7.50000	       11B
  65.05173	  23.28887	   7.50000	       10B
  67.94292	  14.81621	   7.50000	       11B
  67.94292	  19.05254	   7.50000	       11B
  67.94292	  23.28887	   7.50000	       10B
  70.83411	  14.81621	   7.50000	       11B
  70.83411	  19.05254	   7.50000	       11B
  70.83411	  23.28887	   7.50000	       10B
  73.72530	  14.81621	   7.50000	       11B
  73.72530	  19.05254	   7.50000	       11B
  73.72530	  23.28887	   7.50000	       11B
  76.61648	  14.81621	   7.50000	       11B
  76.61648	  19.05254	   7.50000	       11B
  76.61648	  23.28887	   7.50000	       11B
  52.04139	  16.93437	   7.50000	       11B
  52.04139	  21.17070	   7.50000	       11B
  52.04139	  25.40703	   7.50000	       11B
  54.93257	  16.93437	   7.50000	       11B
  54.93257	  21.17070	   7.50000	       11B
  54.93257	  25.40703	   7.50000	       11B
  57.82376	  16.93437	   7.50000	       11B
  57.82376	  21.17070	   7.50000	       10B
  57.82376	  25.40703	   7.50000	       11B
  60.71495	  16.93437	   7.50000	       11B
  60.71495	  21.17070	   7.50000	       11B
  60.71495	  25.40703	   7.50000	       11B
  63.60614	  16.93437	   7.50000	       11B
  63.60614	  21.17070	   7.50000	       11B
  63.60614	  25.40703	   7.50000	       11B
  66.49733	  16.93437	   7.50000	       11B
  66.49733	  21.17070	   7.50000	       10B
  66.49733	  25.40703	   7.50000	       11B
  69.38851	  16.93437	   7.50000	       11B
  69.38851	  21.17070	   7.50000	       11B
  69.38851	  25.40703	   7.50000	       10B
  72.27970	  16.93437	   7.50000	       11B
  72.27970	  21.17070	   7.50000	       11B
  72.27970	  25.40703	   7.50000	       11B
  75.17089	  16.93437	   7.50000	       11B
  75.17089	  21.17070	   7.50000	       11B
  75.17089	  25.40703	   7.50000	       11B
  53.48698	  16.25260	   7.50000	       14N
  53.48698	  20.48893	   7.50000	       14N
  53.48698	  24.72526	   7.50000	       14N
  56.37817	  16.25260	   7.50000	       14N
  56.37817	  20.48893	   7.50000	       14N
  56.37817	  24.72526	   7.50000	       14N
  59.26936	  16.25260	   7.50000	       14N
  59.26936	  20.48893	   7.50000	       14N
  59.26936	  24.72526	   7.50000	       14N
  62.16054	  16.25260	   7.50000	       14N
  62.16054	  20.48893	   7.50000	       14N
  62.16054	  24.72526	   7.50000	       14N
  65.05173	  16.25260	   7.50000	       14N
  65.05173	  20.48893	   7.50000	       14N
  65.05173	  24.72526	   7.50000	       14N
  67.94292	  16.25260	   7.50000	       14N
  67.94292	  20.48893	   7.50000	       14N
  67.94292	  24.72526	   7.50000	       14N
  70.83411	  16.25260	   7.50000	       14N
  70.83411	  20.48893	   7.50000	       14N
  70.83411	  24.72526	   7.50000	       14N
  73.72530	  16.25260	   7.50000	       14N
  73.72530	  20.48893	   7.50000	       14N
  73.72530	  24.72526	   7.50000	       14N
  76.61648	  16.25260	   7.50000	       14N
  76.61648	  20.48893	   7.50000	       14N
  76.61648	  24.72526	   7.50000	       14N
  52.04139	  14.13443	   7.50000	       14N
  52.04139	  18.37076	   7.50000	       14N
  52.04139	  22.60709	   7.50000	       14N
  54.93257	  14.13443	   7.50000	       14N
  54.93257	  18.37076	   7.50000	       14N
  54.93257	  22.60709	   7.50000	       14N
  57.82376	  14.13443	   7.50000	       14N
  57.82376	  18.37076	   7.50000	       14N
  57.82376	  22.60709	   7.50000	       14N
  60.71495	  14.13443	   7.50000	       14N
  60.71495	  18.37076	   7.50000	       14N
  60.71495	  22.60709	   7.50000	       14N
  63.60614	  14.13443	   7.50000	       14N
  63.60614	  18.37076	   7.50000	       14N
  63.60614	  22.60709	   7.50000	       14N
  66.49733	  14.13443	   7.50000	       14N
  66.49733	  18.37076	   7.50000	       14N
  66.49733	  22.60709	   7.50000	       14N
  69.38851	  14.13443	   7.50000	       14N
  69.38851	  18.37076	   7.50000	       14N
  69.38851	  22.60709	   7.50000	       14N
  72.27970	  14.13443	   7.50000	       14N
  72.27970	  18.37076	   7.50000	       14N
  72.27970	  22.60709	   7.50000	       14N
  75.17089	  14.13443	   7.50000	       14N
  75.17089	  18.37076	   7.50000	       14N
  75.17089	  22.60709	   7.50000	       14N
  53.48698	  27.52520	   7.50000	       10B
  53.48698	  31.76153	   7.50000	       11B
  53.48698	  35.99785	   7.50000	       11B
  56.37817	  27.52520	   7.50000	       11B
  56.37817	  31.76153	   7.50000	       10B
  56.37817	  35.99785	   7.50000	       11B
  59.26936	  27.52520	   7.50000	       11B
  59.26936	  31.76153	   7.50000	       10B
  59.26936	  35.99785	   7.50000	       11B
  62.16054	  27.52520	   7.50000	       11B
  62.16054	  31.76153	   7.50000	       10B
  62.16054	  35.99785	   7.50000	       11B
  65.05173	  27.52520	   7.50000	       11B
  65.05173	  31.76153	   7.50000	       11B
  65.05173	  35.99785	   7.50000	       11B
  67.94292	  27.52520	   7.50000	       11B
  67.94292	  31.76153	   7.50000	       11B
  67.94292	  35.99785	   7.50000	       11B
  70.83411	  27.52520	   7.50000	       11B
  70.83411	  31.76153	   7.50000	       11B
  70.83411	  35.99785	   7.50000	       11B
  73.72530	  27.52520	   7.50000	       11B
  73.72530	  31.76153	   7.50000	       11B
  73.72530	  35.99785	   7.50000	       10B
  76.61648	  27.52520	   7.50000	       11B
  76.61648	  31.76153	   7.50000	       11B
  76.61648	  35.99785	   7.50000	       10B
  52.04139	  29.64336	   7.50000	       11B
  52.04139	  33.87969	   7.50000	       11B
  52.04139	  38.11602	   7.50000	       11B
  54.93257	  29.64336	   7.50000	       10B
  54.93257	  33.87969	   7.50000	       11B
  54.93257	  38.11602	   7.50000	       11B
  57.82376	  29.64336	   7.50000	       11B
  57.82376	  33.87969	   7.50000	       11B
  57.82376	  38.11602	   7.50000	       11B
  60.71495	  29.64336	   7.50000	       11B
  60.71495	  33.87969	   7.50000	       11B
  60.71495	  38.11602	   7.50000	       11B
  63.60614	  29.64336	   7.50000	       11B
  63.60614	  33.87969	   7.50000	       11B
  63.60614	  38.11602	   7.50000	       11B
  66.49733	  29.64336	   7.50000	       10B
  66.49733	  33.87969	   7.50000	       11B
  66.49733	  38.11602	   7.50000	       11B
  69.38851	  29.64336	   7.50000	       11B
  69.38851	  33.87969	   7.50000	       11B
  69.38851	  38.11602	   7.50000	       11B
  72.27970	  29.64336	   7.50000	       11B
  72.27970	  33.87969	   7.50000	       11B
  72.27970	  38.11602	   7.50000	       11B
  75.17089	  29.64336	   7.50000	       11B
  75.17089	  33.87969	   7.50000	       10B
  75.17089	  38.11602	   7.50000	       11B
  53.48698	  28.96159	   7.50000	       14N
  53.48698	  33.19791	   7.50000	       14N
  53.48698	  37.43424	   7.50000	       14N
  56.37817	  28.96159	   7.50000	       14N
  56.37817	  33.19791	   7.50000	       14N
  56.37817	  37.43424	   7.50000	       14N
  59.26936	  28.96159	   7.50000	       14N
  59.26936	  33.19791	   7.50000	       14N
  59.26936	  37.43424	   7.50000	       14N
  62.16054	  28.96159	   7.50000	       14N
  62.16054	  33.19791	   7.50000	       14N
  62.16054	  37.43424	   7.50000	       14N
  65.05173	  28.96159	   7.50000	       14N
  65.05173	  33.19791	   7.50000	       14N
  65.05173	  37.43424	   7.50000	       14N
  67.94292	  28.96159	   7.50000	       14N
  67.94292	  33.19791	   7.50000	       14N
  67.94292	  37.43424	   7.50000	       14N
  70.83411	  28.96159	   7.50000	       14N
  70.83411	  33.19791	   7.50000	       14N
  70.83411	  37.43424	   7.50000	       14N
  73.72530	  28.96159	   7.50000	       14N
  73.72530	  33.19791	   7.50000	       14N
  73.72530	  37.43424	   7.50000	       14N
  76.61648	  28.96159	   7.50000	       14N
  76.61648	  33.19791	   7.50000	       14N
  76.61648	  37.43424	   7.50000	       14N
  52.04139	  26.84342	   7.50000	       14N
  52.04139	  31.07975	   7.50000	       14N
  52.04139	  35.31607	   7.50000	       14N
  54.93257	  26.84342	   7.50000	       14N
  54.93257	  31.07975	   7.50000	       14N
  54.93257	  35.31607	   7.50000	       14N
  57.82376	  26.84342	   7.50000	       14N
  57.82376	  31.07975	   7.50000	       14N
  57.82376	  35.31607	   7.50000	       14N
  60.71495	  26.84342	   7.50000	       14N
  60.71495	  31.07975	   7.50000	       14N
  60.71495	  35.31607	   7.50000	       14N
  63.60614	  26.84342	   7.50000	       14N
  63.60614	  31.07975	   7.50000	       14N
  63.60614	  35.31607	   7.50000	       14N
  66.49733	  26.84342	   7.50000	       14N
  66.49733	  31.07975	   7.50000	       14N
  66.49733	  35.31607	   7.50000	       14N
  69.38851	  26.84342	   7.50000	       14N
  69.38851	  31.07975	   7.50000	       14N
  69.38851	  35.31607	   7.50000	       14N
  72.27970	  26.84342	   7.50000	       14N
  72.27970	  31.07975	   7.50000	       14N
  72.27970	  35.31607	   7.50000	       14N
  75.17089	  26.84342	   7.50000	       14N
  75.17089	  31.07975	   7.50000	       14N
  75.17089	  35.31607	   7.50000	       14N
  53.48698	  40.23418	   7.50000	       10B
  53.48698	  44.47051	   7.50000	       10B
  53.48698	  48.70684	   7.50000	       11B
  56.37817	  40.23418	   7.50000	       11B
  56.37817	  44.47051	   7.50000	       11B
  56.37817	  48.70684	   7.50000	       11B
  59.26936	  40.23418	   7.50000	       11B
  59.26936	  44.47051	   7.50000	       11B
  59.26936	  48.70684	   7.50000	       11B
  62.16054	  40.23418	   7.50000	       11B
  62.16054	  44.47051	   7.50000	       11B
  62.16054	  48.70684	   7.50000	       11B
  65.05173	  40.23418	   7.50000	       10B
  65.05173	  44.47051	   7.50000	       11B
  65.05173	  48.70684	   7.50000	       11B
  67.94292	  40.23418	   7.50000	       11B
  67.94292	  44.47051	   7.50000	       11B
  67.94292	  48.70684	   7.50000	       11B
  70.83411	  40.23418	   7.50000	       11B
  70.83411	  44.47051	   7.50000	       11B
  70.83411	  48.70684	   7.50000	       10B
  73.72530	  40.23418	   7.50000	       11B
  73.72530	  44.47051	   7.50000	       11B
  73.72530	  48.70684	   7.50000	       11B
  76.61648	  40.23418	   7.50000	       11B
  76.61648	  44.47051	   7.50000	       11B
  76.61648	  48.70684	   7.50000	       11B
  52.04139	  42.35234	   7.50000	       10B
  52.04139	  46.58867	   7.50000	       11B
  52.04139	  50.82500	   7.50000	       11B
  54.93257	  42.35234	   7.50000	       11B
  54.93257	  46.58867	   7.50000	       11B
  54.93257	  50.82500	   7.50000	       11B
  57.82376	  42.35234	   7.50000	       11B
  57.82376	  46.58867	   7.50000	       10B
  57.82376	  50.82500	   7.50000	       11B
  60.71495	  42.35234	   7.50000	       11B
  60.71495	  46.58867	   7.50000	       10B
  60.71495	  50.82500	   7.50000	       11B
  63.60614	  42.35234	   7.50000	       11B
  63.60614	  46.58867	   7.50000	       11B
  63.60614	  50.82500	   7.50000	       11B
  66.49733	  42.35234	   7.50000	       11B
  66.49733	  46.58867	   7.50000	       11B
  66.49733	  50.82500	   7.50000	       10B
  69.38851	  42.35234	   7.50000	       10B
  69.38851	  46.58867	   7.50000	       10B
  69.38851	  50.82500	   7.50000	       11B
  72.27970	  42.35234	   7.50000	       11B
  72.27970	  46.58867	   7.50000	       11B
  72.27970	  50.82500	   7.50000	       11B
  75.17089	  42.35234	   7.50000	       11B
  75.17089	  46.58867	   7.50000	       11B
  75.17089	  50.82500	   7.50000	       11B
  53.48698	  41.67057	   7.50000	       14N
  53.48698	  45.90690	   7.50000	       14N
  53.48698	  50.14323	   7.50000	       14N
  56.37817	  41.67057	   7.50000	       14N
  56.37817	  45.90690	   7.50000	       14N
  56.37817	  50.14323	   7.50000	       14N
  59.26936	  41.67057	   7.50000	       14N
  59.26936	  45.90690	   7.50000	       14N
  59.26936	  50.14323	   7.50000	       14N
  62.16054	  41.67057	   7.50000	       14N
  62.16054	  45.90690	   7.50000	       14N
  62.16054	  50.14323	   7.50000	       14N
  65.05173	  41.67057	   7.50000	       14N
  65.05173	  45.90690	   7.50000	       14N
  65.05173	  50.14323	   7.50000	       15N
  67.94292	  41.67057	   7.50000	       14N
  67.94292	  45.90690	   7.50000	       14N
  67.94292	  50.14323	   7.50000	       14N
  70.83411	  41.67057	   7.50000	       14N
  70.83411	  45.90690	   7.50000	       14N
  70.83411	  50.14323	   7.50000	       14N
  73.72530	  41.67057	   7.50000	       14N
  73.72530	  45.90690	   7.50000	       14N
  73.72530	  50.14323	   7.50000	       14N
  76.61648	  41.67057	   7.50000	       14N
  76.61648	  45.90690	   7.50000	       14N
  76.61648	  50.14323	   7.50000	       14N
  52.04139	  39.55240	   7.50000	       14N
  52.04139	  43.78873	   7.50000	       14N
  52.04139	  48.02506	   7.50000	       14N
  54.93257	  39.55240	   7.50000	       14N
  54.93257	  43.78873	   7.50000	       14N
  54.93257	  48.02506	   7.50000	       14N
  57.82376	  39.55240	   7.50000	       14N
  57.82376	  43.78873	   7.50000	       14N
  57.82376	  48.02506	   7.50000	       14N
  60.71495	  39.55240	   7.50000	       14N
  60.71495	  43.78873	   7.50000	       14N
  60.71495	  48.02506	   7.50000	       14N
  63.60614	  39.55240	   7.50000	       14N
  63.60614	  43.78873	   7.50000	       14N
  63.60614	  48.02506	   7.50000	       14N
  66.49733	  39.55240	   7.50000	       14N
  66.49733	  43.78873	   7.50000	       14N
  66.49733	  48.02506	   7.50000	       14N
  69.38851	  39.55240	   7.50000	       14N
  69.38851	  43.78873	   7.50000	       14N
  69.38851	  48.02506	   7.50000	       14N
  72.27970	  39.55240	   7.50000	       14N
  72.27970	  43.78873	   7.50000	       14N
  72.27970	  48.02506	   7.50000	       14N
  75.17089	  39.55240	   7.50000	       14N
  75.17089	  43.78873	   7.50000	       14N
  75.17089	  48.02506	   7.50000	       14N
  53.48698	  52.94317	   7.50000	       11B
  53.48698	  57.17950	   7.50000	       11B
  53.48698	  61.41582	   7.50000	       11B
  56.37817	  52.94317	   7.50000	       11B
  56.37817	  57.17950	   7.50000	       10B
  56.37817	  61.41582	   7.50000	       10B
  59.26936	  52.94317	   7.50000	       11B
  59.26936	  57.17950	   7.50000	       11B
  59.26936	  61.41582	   7.50000	       11B
  62.16054	  52.94317	   7.50000	       10B
  62.16054	  57.17950	   7.50000	       10B
  62.16054	  61.41582	   7.50000	       11B
  65.05173	  52.94317	   7.50000	       11B
  65.05173	  57.17950	   7.50000	       11B
  65.05173	  61.41582	   7.50000	       11B
  67.94292	  52.94317	   7.50000	       11B
  67.94292	  57.17950	   7.50000	       11B
  67.94292	  61.41582	   7.50000	       11B
  70.83411	  52.94317	   7.50000	       11B
  70.83411	  57.17950	   7.50000	       11B
  70.83411	  61.41582	   7.50000	       11B
  73.72530	  52.94317	   7.50000	       10B
  73.72530	  57.17950	   7.50000	       11B
  73.72530	  61.41582	   7.50000	       10B
  76.61648	  52.94317	   7.50000	       11B
  76.61648	  57.17950	   7.50000	       11B
  76.61648	  61.41582	   7.50000	       10B
  52.04139	  55.06133	   7.50000	       11B
  52.04139	  59.29766	   7.50000	       11B
  52.04139	  63.53399	   7.50000	       11B
  54.93257	  55.06133	   7.50000	       10B
  54.93257	  59.29766	   7.50000	       11B
  54.93257	  63.53399	   7.50000	       11B
  57.82376	  55.06133	   7.50000	       11B
  57.82376	  59.29766	   7.50000	       10B
  57.82376	  63.53399	   7.50000	       11B
  60.71495	  55.06133	   7.50000	       11B
  60.71495	  59.29766	   7.50000	       11B
  60.71495	  63.53399	   7.50000	       10B
  63.60614	  55.06133	   7.50000	       10B
  63.60614	  59.29766	   7.50000	       11B
  63.60614	  63.53399	   7.50000	       11B
  66.49733	  55.06133	   7.50000	       10B
  66.49733	  59.29766	   7.50000	       11B
  66.49733	  63.53399	   7.50000	       11B
  69.38851	  55.06133	   7.50000	       11B
  69.38851	  59.29766	   7.50000	       11B
  69.38851	  63.53399	   7.50000	       11B
  72.27970	  55.06133	   7.50000	       11B
  72.27970	  59.29766	   7.50000	       11B
  72.27970	  63.53399	   7.50000	       10B
  75.17089	  55.06133	   7.50000	       11B
  75.17089	  59.29766	   7.50000	       11B
  75.17089	  63.53399	   7.50000	       11B
  53.48698	  54.37956	   7.50000	       14N
  53.48698	  58.61588	   7.50000	       14N
  53.48698	  62.85221	   7.50000	       14N
  56.37817	  54.37956	   7.50000	       14N
  56.37817	  58.61588	   7.50000	       14N
  56.37817	  62.85221	   7.50000	       14N
  59.26936	  54.37956	   7.50000	       14N
  59.26936	  58.61588	   7.50000	       14N
  59.26936	  62.85221	   7.50000	       14N
  62.16054	  54.37956	   7.50000	       14N
  62.16054	  58.61588	   7.50000	       14N
  62.16054	  62.85221	   7.50000	       14N
  65.05173	  54.37956	   7.50000	       14N
  65.05173	  58.61588	   7.50000	       14N
  65.05173	  62.85221	   7.50000	       14N
  67.94292	  54.37956	   7.50000	       14N
  67.94292	  58.61588	   7.50000	       14N
  67.94292	  62.85221	   7.50000	       14N
  70.83411	  54.37956	   7.50000	       14N
  70.83411	  58.61588	   7.50000	       14N
  70.83411	  62.85221	   7.50000	       14N
  73.72530	  54.37956	   7.50000	       14N
  73.72530	  58.61588	   7.50000	       14N
  73.72530	  62.85221	   7.50000	       14N
  76.61648	  54.37956	   7.50000	       14N
  76.61648	  58.61588	   7.50000	       14N
  76.61648	  62.85221	   7.50000	       14N
  52.04139	  52.26139	   7.50000	       14N
  52.04139	  56.49772	   7.50000	       14N
  52.04139	  60.73404	   7.50000	       14N
  54.93257	  52.26139	   7.50000	       14N
  54.93257	  56.49772	   7.50000	       14N
  54.93257	  60.73404	   7.50000	       14N
  57.82376	  52.26139	   7.50000	       14N
  57.82376	  56.49772	   7.50000	       14N
  57.82376	  60.73404	   7.50000	       14N
  60.71495	  52.26139	   7.50000	       14N
  60.71495	  56.49772	   7.50000	       14N
  60.71495	  60.73404	   7.50000	       14N
  63.60614	  52.26139	   7.50000	       14N
  63.60614	  56.49772	   7.50000	       14N
  63.60614	  60.73404	   7.50000	       14N
  66.49733	  52.26139	   7.50000	       14N
  66.49733	  56.49772	   7.50000	       14N
  66.49733	  60.73404	   7.50000	       14N
  69.38851	  52.26139	   7.50000	       14N
  69.38851	  56.49772	   7.50000	       14N
  69.38851	  60.73404	   7.50000	       14N
  72.27970	  52.26139	   7.50000	       14N
  72.27970	  56.49772	   7.50000	       14N
  72.27970	  60.73404	   7.50000	       14N
  75.17089	  52.26139	   7.50000	       14N
  75.17089	  56.49772	   7.50000	       14N
  75.17089	  60.73404	   7.50000	       14N
  53.48698	  65.65215	   7.50000	       11B
  53.48698	  69.88848	   7.50000	       11B
  53.48698	  74.12481	   7.50000	       11B
  56.37817	  65.65215	   7.50000	       11B
  56.37817	  69.88848	   7.50000	       11B
  56.37817	  74.12481	   7.50000	       11B
  59.26936	  65.65215	   7.50000	       11B
  59.26936	  69.88848	   7.50000	       10B
  59.26936	  74.12481	   7.50000	       10B
  62.16054	  65.65215	   7.50000	       11B
  62.16054	  69.88848	   7.50000	       11B
  62.16054	  74.12481	   7.50000	       11B
  65.05173	  65.65215	   7.50000	       11B
  65.05173	  69.88848	   7.50000	       11B
  65.05173	  74.12481	   7.50000	       11B
  67.94292	  65.65215	   7.50000	       11B
  67.94292	  69.88848	   7.50000	       11B
  67.94292	  74.12481	   7.50000	       10B
  70.83411	  65.65215	   7.50000	       11B
  70.83411	  69.88848	   7.50000	       11B
  70.83411	  74.12481	   7.50000	       11B
  73.72530	  65.65215	   7.50000	       11B
  73.72530	  69.88848	   7.50000	       11B
  73.72530	  74.12481	   7.50000	       11B
  76.61648	  65.65215	   7.50000	       11B
  76.61648	  69.88848	   7.50000	       10B
  76.61648	  74.12481	   7.50000	       10B
  52.04139	  67.77031	   7.50000	       11B
  52.04139	  72.00664	   7.50000	       11B
  52.04139	  76.24297	   7.50000	       11B
  54.93257	  67.77031	   7.50000	       11B
  54.93257	  72.00664	   7.50000	       11B
  54.93257	  76.24297	   7.50000	       11B
  57.82376	  67.77031	   7.50000	       11B
  57.82376	  72.00664	   7.50000	       10B
  57.82376	  76.24297	   7.50000	       11B
  60.71495	  67.77031	   7.50000	       10B
  60.71495	  72.00664	   7.50000	       10B
  60.71495	  76.24297	   7.50000	       11B
  63.60614	  67.77031	   7.50000	       11B
  63.60614	  72.00664	   7.50000	       11B
  63.60614	  76.24297	   7.50000	       11B
  66.49733	  67.77031	   7.50000	       11B
  66.49733	  72.00664	   7.50000	       11B
  66.49733	  76.24297	   7.50000	       10B
  69.38851	  67.77031	   7.50000	       11B
  69.38851	  72.00664	   7.50000	       11B
  69.38851	  76.24297	   7.50000	       11B
  72.27970	  67.77031	   7.50000	       10B
  72.27970	  72.00664	   7.50000	       11B
  72.27970	  76.24297	   7.50000	       11B
  75.17089	  67.77031	   7.50000	       10B
  75.17089	  72.00664	   7.50000	       11B
  75.17089	  76.24297	   7.50000	       11B
  53.48698	  67.08854	   7.50000	       14N
  53.48698	  71.32487	   7.50000	       14N
  53.48698	  75.56120	   7.50000	       14N
  56.37817	  67.08854	   7.50000	       14N
  56.37817	  71.32487	   7.50000	       14N
  56.37817	  75.56120	   7.50000	       14N
  59.26936	  67.08854	   7.50000	       14N
  59.26936	  71.32487	   7.50000	       14N
  59.26936	  75.56120	   7.50000	       14N
  62.16054	  67.08854	   7.50000	       14N
  62.16054	  71.32487	   7.50000	       14N
  62.16054	  75.56120	   7.50000	       14N
  65.05173	  67.08854	   7.50000	       14N
  65.05173	  71.32487	   7.50000	       14N
  65.05173	  75.56120	   7.50000	       14N
  67.94292	  67.08854	   7.50000	       14N
  67.94292	  71.32487	   7.50000	       14N
  67.94292	  75.56120	   7.50000	       14N
  70.83411	  67.08854	   7.50000	       14N
  70.83411	  71.32487	   7.50000	       14N
  70.83411	  75.56120	   7.50000	       14N
  73.72530	  67.08854	   7.50000	       14N
  73.72530	  71.32487	   7.50000	       14N
  73.72530	  75.56120	   7.50000	       14N
  76.61648	  67.08854	   7.50000	       14N
  76.61648	  71.32487	   7.50000	       14N
  76.61648	  75.56120	   7.50000	       14N
  52.04139	  64.97037	   7.50000	       14N
  52.04139	  69.20670	   7.50000	       14N
  52.04139	  73.44303	   7.50000	       14N
  54.93257	  64.97037	   7.50000	       14N
  54.93257	  69.20670	   7.50000	       14N
  54.93257	  73.44303	   7.50000	       14N
  57.82376	  64.97037	   7.50000	       14N
  57.82376	  69.20670	   7.50000	       14N
  57.82376	  73.44303	   7.50000	       14N
  60.71495	  64.97037	   7.50000	       14N
  60.71495	  69.20670	   7.50000	       14N
  60.71495	  73.44303	   7.50000	       14N
  63.60614	  64.97037	   7.50000	       14N
  63.60614	  69.20670	   7.50000	       14N
  63.60614	  73.44303	   7.50000	       14N
  66.49733	  64.97037	   7.50000	       14N
  66.49733	  69.20670	   7.50000	       14N
  66.49733	  73.44303	   7.50000	       14N
  69.38851	  64.97037	   7.50000	       14N
  69.38851	  69.20670	   7.50000	       14N
  69.38851	  73.44303	   7.50000	       14N
  72.27970	  64.97037	   7.50000	       14N
  72.27970	  69.20670	   7.50000	       14N
  72.27970	  73.44303	   7.50000	       14N
  75.17089	  64.97037	   7.50000	       14N
  75.17089	  69.20670	   7.50000	       14N
  75.17089	  73.44303	   7.50000	       14N
  53.48698	  78.36114	   7.50000	       10B
  56.37817	  78.36114	   7.50000	       11B
  59.26936	  78.36114	   7.50000	       11B
  62.16054	  78.36114	   7.50000	       10B
  65.05173	  78.36114	   7.50000	       11B
  67.94292	  78.36114	   7.50000	       11B
  70.83411	  78.36114	   7.50000	       11B
  73.72530	  78.36114	   7.50000	       10B
  76.61648	  78.36114	   7.50000	       10B
  53.48698	  79.79753	   7.50000	       14N
  56.37817	  79.79753	   7.50000	       14N
  59.26936	  79.79753	   7.50000	       14N
  62.16054	  79.79753	   7.50000	       14N
  65.05173	  79.79753	   7.50000	       14N
  67.94292	  79.79753	   7.50000	       14N
  70.83411	  79.79753	   7.50000	       14N
  73.72530	  79.79753	   7.50000	       14N
  76.61648	  79.79753	   7.50000	       14N
  52.04139	  77.67936	   7.50000	       14N
  54.93257	  77.67936	   7.50000	       14N
  57.82376	  77.67936	   7.50000	       14N
  60.71495	  77.67936	   7.50000	       14N
  63.60614	  77.67936	   7.50000	       14N
  66.49733	  77.67936	   7.50000	       14N
  69.38851	  77.67936	   7.50000	       14N
  72.27970	  77.67936	   7.50000	       14N
  75.17089	  77.67936	   7.50000	       14N
  79.50767	   2.10723	   7.50000	       10B
  79.50767	   6.34356	   7.50000	       11B
  79.50767	  10.57988	   7.50000	       11B
  78.06208	   4.22539	   7.50000	       11B
  78.06208	   8.46172	   7.50000	       11B
  78.06208	  12.69804	   7.50000	       11B
  79.50767	   3.54361	   7.50000	       14N
  79.50767	   7.77994	   7.50000	       14N
  79.50767	  12.01627	   7.50000	       14N
  78.06208	   1.42545	   7.50000	       14N
  78.06208	   5.66177	   7.50000	       14N
  78.06208	   9.89810	   7.50000	       14N
  79.50767	  14.81621	   7.50000	       11B
  79.50767	  19.05254	   7.50000	       10B
  79.50767	  23.28887	   7.50000	       11B
  78.06208	  16.93437	   7.50000	       10B
  78.06208	  21.17070	   7.50000	       11B
  78.06208	  25.40703	   7.50000	       11B
  79.50767	  16.25260	   7.50000	       14N
  79.50767	  20.48893	   7.50000	       14N
  79.50767	  24.72526	   7.50000	       14N
  78.06208	  14.13443	   7.50000	       14N
  78.06208	  18.37076	   7.50000	       14N
  78.06208	  22.60709	   7.50000	       14N
  79.50767	  27.52520	   7.50000	       11B
  79.50767	  31.76153	   7.50000	       10B
  79.50767	  35.99785	   7.50000	       11B
  78.06208	  29.64336	   7.50000	       11B
  78.06208	  33.87969	   7.50000	       11B
  78.06208	  38.11602	   7.50000	       11B
  79.50767	  28.96159	   7.50000	       14N
  79.50767	  33.19791	   7.50000	       14N
  79.50767	  37.43424	   7.50000	       14N
  78.06208	  26.84342	   7.50000	       14N
  78.06208	  31.07975	   7.50000	       14N
  78.06208	  35.31607	   7.50000	       14N
  79.50767	  40.23418	   7.50000	       11B
  79.50767	  44.47051	   7.50000	       11B
  79.50767	  48.70684	   7.50000	       10B
  78.06208	  42.35234	   7.50000	       11B
  78.06208	  46.58867	   7.50000	       11B
  78.06208	  50.82500	   7.50000	       11B
  79.50767	  41.67057	   7.50000	       14N
  79.50767	  45.90690	   7.50000	       14N
  79.50767	  50.14323	   7.50000	       14N
  78.06208	  39.55240	   7.50000	       14N
  78.06208	  43.78873	   7.50000	       14N
  78.06208	  48.02506	   7.50000	       14N
  79.50767	  52.94317	   7.50000	       11B
  79.50767	  57.17950	   7.50000	       11B
  79.50767	  61.41582	   7.50000	       11B
  78.06208	  55.06133	   7.50000	       11B
  78.06208	  59.29766	   7.50000	       11B
  78.06208	  63.53399	   7.50000	       10B
  79.50767	  54.37956	   7.50000	       14N
  79.50767	  58.61588	   7.50000	       14N
  79.50767	  62.85221	   7.50000	       14N
  78.06208	  52.26139	   7.50000	       14N
  78.06208	  56.49772	   7.50000	       14N
  78.06208	  60.73404	   7.50000	       14N
  79.50767	  65.65215	   7.50000	       11B
  79.50767	  69.88848	   7.50000	       10B
  79.50767	  74.12481	   7.50000	       11B
  78.06208	  67.77031	   7.50000	       11B
  78.06208	  72.00664	   7.50000	       11B
  78.06208	  76.24297	   7.50000	       11B
  79.50767	  67.08854	   7.50000	       14N
  79.50767	  71.32487	   7.50000	       14N
  79.50767	  75.56120	   7.50000	       14N
  78.06208	  64.97037	   7.50000	       14N
  78.06208	  69.20670	   7.50000	       14N
  78.06208	  73.44303	   7.50000	       14N
  79.50767	  78.36114	   7.50000	       11B
  79.50767	  79.79753	   7.50000	       14N
  78.06208	  77.67936	   7.50000	       14N
