--------------------------------------------------------------------------------------------------------------------------------------------------------------------------
  AtomName	    r_1i_X	    r_1i_Y	    r_1i_Z	     EFGxx	     EFGxy	     EFGxz	     EFGyx	     EFGyy	     EFGyz	     EFGzx	     EFGzy	     EFGzz	[Hatree/Bohr_radius^2]
--------------------------------------------------------------------------------------------------------------------------------------------------------------------------
10B  eQ___:	  8.459000	[Q/milibarn]*(10^-1)
11B  eQ___:	  4.059000	[Q/milibarn]*(10^-1)
14N  eQ___:	  2.044000	[Q/milibarn]*(10^-1)
15N  eQ___:	  0.000000	[Q/milibarn]*(10^-1)
10B  etc____:	---       	---       	---       	  -0.10233	  -0.00000	  -0.00000	  -0.00000	  -0.20567	   0.00000	  -0.00000	   0.00000	   0.30801
11B  etc____:	---       	---       	---       	  -0.10233	  -0.00000	  -0.00000	  -0.00000	  -0.20567	   0.00000	  -0.00000	   0.00000	   0.30801
14N  etc____:	---       	---       	---       	   0.32147	   0.00000	   0.00000	   0.00000	  -0.19099	   0.00000	   0.00000	   0.00000	  -0.13048
15N  etc____:	---       	---       	---       	   0.32147	   0.00000	   0.00000	   0.00000	  -0.19099	   0.00000	   0.00000	   0.00000	  -0.13048
MinDif[A]:	 -13.01035	  -6.34467	   0.00000
MaxDif[A]:	  11.58813	   6.31388	   0.00000
--------------------------------------------------------------------------------------------------------------------------------------------------------------------------
B         	 -11.58257	  -4.29591	   0.00000	  -0.10179	   0.00321	  -0.00000	   0.00321	  -0.20585	   0.00000	  -0.00000	   0.00000	   0.30764
B         	 -11.58652	  -0.05493	   0.00000	  -0.10218	   0.00531	   0.00000	   0.00531	  -0.20665	  -0.00000	   0.00000	  -0.00000	   0.30883
B         	 -11.58133	   4.18055	   0.00000	  -0.10304	   0.00539	  -0.00000	   0.00539	  -0.20525	   0.00000	  -0.00000	   0.00000	   0.30829
B         	  -8.72747	  -4.29379	   0.00000	  -0.10014	   0.00771	   0.00000	   0.00771	  -0.20635	   0.00000	   0.00000	   0.00000	   0.30649
B         	  -8.74866	  -0.04754	   0.00000	  -0.10294	   0.01331	  -0.00000	   0.01331	  -0.20701	   0.00000	  -0.00000	   0.00000	   0.30995
B         	  -8.71540	   4.18614	   0.00000	  -0.10257	   0.01909	  -0.00000	   0.01909	  -0.20448	   0.00000	  -0.00000	   0.00000	   0.30705
B         	  -5.86610	  -4.29168	   0.00000	  -0.09306	   0.00846	  -0.00000	   0.00846	  -0.20853	   0.00000	  -0.00000	   0.00000	   0.30159
B         	  -5.93379	  -0.03566	   0.00000	  -0.10760	   0.02394	  -0.00000	   0.02394	  -0.20684	   0.00000	  -0.00000	   0.00000	   0.31443
B         	  -5.83274	   4.19948	   0.00000	  -0.09908	   0.03182	  -0.00000	   0.03182	  -0.20299	   0.00000	  -0.00000	   0.00000	   0.30207
B         	  -2.97450	  -4.26409	   0.00000	  -0.06926	   0.01229	   0.00000	   0.01229	  -0.21569	  -0.00000	   0.00000	  -0.00000	   0.28494
B         	  -3.17664	  -0.02082	   0.00000	  -0.09602	   0.03979	  -0.00000	   0.03979	  -0.22293	   0.00000	  -0.00000	   0.00000	   0.31895
B         	  -2.91832	   4.21015	   0.00000	  -0.08483	   0.02609	   0.00000	   0.02609	  -0.20544	   0.00000	   0.00000	   0.00000	   0.29026
B         	   0.00000	  -4.16953	   0.00000	  -0.04662	   0.00000	  -0.00000	   0.00000	  -0.22176	   0.00000	  -0.00000	   0.00000	   0.26838
B         	   0.00000	   4.22327	   0.00000	  -0.08665	   0.00000	   0.00000	   0.00000	  -0.19970	   0.00000	   0.00000	   0.00000	   0.28634
B         	   2.97450	  -4.26409	   0.00000	  -0.06926	  -0.01229	  -0.00000	  -0.01229	  -0.21569	  -0.00000	  -0.00000	  -0.00000	   0.28494
B         	   3.17664	  -0.02082	   0.00000	  -0.09602	  -0.03979	   0.00000	  -0.03979	  -0.22293	  -0.00000	   0.00000	  -0.00000	   0.31895
B         	   2.91832	   4.21015	   0.00000	  -0.08483	  -0.02609	   0.00000	  -0.02609	  -0.20544	  -0.00000	   0.00000	  -0.00000	   0.29026
B         	   5.86610	  -4.29168	   0.00000	  -0.09306	  -0.00846	   0.00000	  -0.00846	  -0.20853	   0.00000	   0.00000	   0.00000	   0.30159
B         	   5.93379	  -0.03566	   0.00000	  -0.10760	  -0.02394	   0.00000	  -0.02394	  -0.20684	   0.00000	   0.00000	   0.00000	   0.31443
B         	   5.83274	   4.19948	   0.00000	  -0.09908	  -0.03182	  -0.00000	  -0.03182	  -0.20299	  -0.00000	  -0.00000	  -0.00000	   0.30207
B         	   8.72747	  -4.29379	   0.00000	  -0.10014	  -0.00771	   0.00000	  -0.00771	  -0.20635	   0.00000	   0.00000	   0.00000	   0.30649
B         	   8.74866	  -0.04754	   0.00000	  -0.10294	  -0.01331	  -0.00000	  -0.01331	  -0.20701	   0.00000	  -0.00000	   0.00000	   0.30995
B         	   8.71540	   4.18614	   0.00000	  -0.10257	  -0.01909	  -0.00000	  -0.01909	  -0.20448	  -0.00000	  -0.00000	  -0.00000	   0.30705
B         	  11.58257	  -4.29591	   0.00000	  -0.10179	  -0.00321	  -0.00000	  -0.00321	  -0.20585	  -0.00000	  -0.00000	  -0.00000	   0.30764
B         	  11.58652	  -0.05493	   0.00000	  -0.10218	  -0.00531	  -0.00000	  -0.00531	  -0.20665	  -0.00000	  -0.00000	  -0.00000	   0.30883
B         	  11.58133	   4.18055	   0.00000	  -0.10304	  -0.00539	  -0.00000	  -0.00539	  -0.20525	   0.00000	  -0.00000	   0.00000	   0.30829
B         	 -13.01035	  -2.17672	   0.00000	  -0.10128	  -0.00000	   0.00000	  -0.00000	  -0.20652	   0.00000	   0.00000	   0.00000	   0.30780
B         	 -13.01035	   2.06259	   0.00000	  -0.10321	  -0.00000	  -0.00000	  -0.00000	  -0.20564	  -0.00000	  -0.00000	  -0.00000	   0.30885
B         	 -13.01035	   6.29645	   0.00000	  -0.10233	  -0.00000	  -0.00000	  -0.00000	  -0.20567	   0.00000	  -0.00000	   0.00000	   0.30801
B         	 -10.16274	  -2.17423	   0.00000	  -0.10135	   0.00564	   0.00000	   0.00564	  -0.20650	  -0.00000	   0.00000	  -0.00000	   0.30785
B         	 -10.15632	   2.06797	   0.00000	  -0.10253	   0.01354	  -0.00000	   0.01354	  -0.20617	  -0.00000	  -0.00000	  -0.00000	   0.30869
B         	 -10.15028	   6.29647	   0.00000	  -0.10237	   0.00814	  -0.00000	   0.00814	  -0.20500	  -0.00000	  -0.00000	  -0.00000	   0.30738
B         	  -7.32198	  -2.16980	   0.00000	  -0.10007	   0.00905	   0.00000	   0.00905	  -0.20667	  -0.00000	   0.00000	  -0.00000	   0.30675
B         	  -7.29768	   2.07986	   0.00000	  -0.10344	   0.03262	  -0.00000	   0.03262	  -0.20448	  -0.00000	  -0.00000	  -0.00000	   0.30792
B         	  -7.28240	   6.30171	   0.00000	  -0.09861	   0.01365	   0.00000	   0.01365	  -0.20594	   0.00000	   0.00000	   0.00000	   0.30455
B         	  -4.48591	  -2.16169	   0.00000	  -0.09358	   0.01318	   0.00000	   0.01318	  -0.20576	   0.00000	   0.00000	   0.00000	   0.29934
B         	  -4.41978	   2.09714	   0.00000	  -0.10116	   0.06217	   0.00000	   0.06217	  -0.19760	   0.00000	   0.00000	   0.00000	   0.29876
B         	  -4.39022	   6.31388	   0.00000	  -0.08697	   0.01278	  -0.00000	   0.01278	  -0.21063	   0.00000	  -0.00000	   0.00000	   0.29760
B         	  -1.55628	  -2.08549	   0.00000	  -0.03704	   0.08855	  -0.00000	   0.08855	  -0.20339	  -0.00000	  -0.00000	  -0.00000	   0.24041
B         	  -1.39812	   2.06525	   0.00000	  -0.10001	   0.09698	   0.00000	   0.09698	  -0.15742	  -0.00000	   0.00000	  -0.00000	   0.25742
B         	  -1.45588	  -6.34467	   0.00000	  -0.07232	   0.01288	   0.00000	   0.01288	  -0.21292	   0.00000	   0.00000	   0.00000	   0.28524
B         	   1.55628	  -2.08549	   0.00000	  -0.03704	  -0.08855	  -0.00000	  -0.08855	  -0.20339	   0.00000	  -0.00000	   0.00000	   0.24041
B         	   1.39812	   2.06525	   0.00000	  -0.10001	  -0.09698	  -0.00000	  -0.09698	  -0.15742	   0.00000	  -0.00000	   0.00000	   0.25742
B         	   1.45588	  -6.34467	   0.00000	  -0.07232	  -0.01288	   0.00000	  -0.01288	  -0.21292	   0.00000	   0.00000	   0.00000	   0.28524
B         	   4.48591	  -2.16169	   0.00000	  -0.09358	  -0.01318	   0.00000	  -0.01318	  -0.20576	   0.00000	   0.00000	   0.00000	   0.29934
B         	   4.41978	   2.09714	   0.00000	  -0.10116	  -0.06217	  -0.00000	  -0.06217	  -0.19760	   0.00000	  -0.00000	   0.00000	   0.29876
B         	   4.39022	   6.31388	   0.00000	  -0.08697	  -0.01278	   0.00000	  -0.01278	  -0.21063	   0.00000	   0.00000	   0.00000	   0.29760
B         	   7.32198	  -2.16980	   0.00000	  -0.10007	  -0.00905	  -0.00000	  -0.00905	  -0.20667	   0.00000	  -0.00000	   0.00000	   0.30675
B         	   7.29768	   2.07986	   0.00000	  -0.10345	  -0.03262	   0.00000	  -0.03262	  -0.20448	  -0.00000	   0.00000	  -0.00000	   0.30792
B         	   7.28240	   6.30171	   0.00000	  -0.09861	  -0.01365	  -0.00000	  -0.01365	  -0.20594	  -0.00000	  -0.00000	  -0.00000	   0.30455
B         	  10.16274	  -2.17423	   0.00000	  -0.10135	  -0.00564	  -0.00000	  -0.00564	  -0.20650	  -0.00000	  -0.00000	  -0.00000	   0.30785
B         	  10.15632	   2.06797	   0.00000	  -0.10253	  -0.01354	   0.00000	  -0.01354	  -0.20617	  -0.00000	   0.00000	  -0.00000	   0.30869
B         	  10.15028	   6.29647	   0.00000	  -0.10237	  -0.00814	  -0.00000	  -0.00814	  -0.20500	   0.00000	  -0.00000	   0.00000	   0.30738
N         	 -11.58711	  -2.85800	   0.00000	   0.31242	  -0.00319	  -0.00000	  -0.00319	  -0.18569	  -0.00000	  -0.00000	  -0.00000	  -0.12673
N         	 -11.58813	   1.38311	   0.00000	   0.31415	   0.00210	   0.00000	   0.00210	  -0.18283	  -0.00000	   0.00000	  -0.00000	  -0.13133
N         	 -11.58410	   5.61842	   0.00000	   0.32624	  -0.00005	  -0.00000	  -0.00005	  -0.19220	  -0.00000	  -0.00000	  -0.00000	  -0.13405
N         	  -8.74340	  -2.85636	   0.00000	   0.30599	  -0.01416	   0.00000	  -0.01416	  -0.18502	  -0.00000	   0.00000	  -0.00000	  -0.12097
N         	  -8.74589	   1.39100	   0.00000	   0.31307	   0.01081	  -0.00000	   0.01081	  -0.17954	  -0.00000	  -0.00000	  -0.00000	  -0.13352
N         	  -8.72610	   5.62349	   0.00000	   0.33658	   0.00026	   0.00000	   0.00026	  -0.19914	   0.00000	   0.00000	   0.00000	  -0.13744
N         	  -5.90178	  -2.85730	   0.00000	   0.30406	  -0.03437	   0.00000	  -0.03437	  -0.18941	   0.00000	   0.00000	   0.00000	  -0.11465
N         	  -5.90762	   1.40516	   0.00000	   0.31833	   0.03701	  -0.00000	   0.03701	  -0.17537	  -0.00000	  -0.00000	  -0.00000	  -0.14297
N         	  -5.85037	   5.63634	   0.00000	   0.36091	   0.00425	   0.00000	   0.00425	  -0.21048	   0.00000	   0.00000	   0.00000	  -0.15043
N         	  -3.05026	  -2.84732	   0.00000	   0.39363	   0.03383	   0.00000	   0.03383	  -0.19503	   0.00000	   0.00000	   0.00000	  -0.19859
N         	  -3.06327	   1.41501	   0.00000	   0.37466	   0.09584	   0.00000	   0.09584	  -0.18684	  -0.00000	   0.00000	  -0.00000	  -0.18782
N         	  -2.92927	   5.65388	   0.00000	   0.38365	   0.01520	   0.00000	   0.01520	  -0.19701	   0.00000	   0.00000	   0.00000	  -0.18665
N         	   0.00000	  -2.72717	   0.00000	   0.51606	  -0.00000	   0.00000	  -0.00000	  -0.21066	  -0.00000	   0.00000	  -0.00000	  -0.30538
N         	   0.00000	   5.67249	   0.00000	   0.37148	  -0.00000	   0.00000	  -0.00000	  -0.18165	   0.00000	   0.00000	   0.00000	  -0.18983
N         	   3.05026	  -2.84732	   0.00000	   0.39363	  -0.03383	  -0.00000	  -0.03383	  -0.19503	   0.00000	  -0.00000	   0.00000	  -0.19859
N         	   3.06327	   1.41501	   0.00000	   0.37466	  -0.09584	  -0.00000	  -0.09584	  -0.18684	  -0.00000	  -0.00000	  -0.00000	  -0.18782
N         	   2.92927	   5.65388	   0.00000	   0.38365	  -0.01520	  -0.00000	  -0.01520	  -0.19701	   0.00000	  -0.00000	   0.00000	  -0.18665
N         	   5.90178	  -2.85730	   0.00000	   0.30406	   0.03437	  -0.00000	   0.03437	  -0.18941	   0.00000	  -0.00000	   0.00000	  -0.11465
N         	   5.90762	   1.40516	   0.00000	   0.31833	  -0.03701	   0.00000	  -0.03701	  -0.17537	  -0.00000	   0.00000	  -0.00000	  -0.14297
N         	   5.85037	   5.63634	   0.00000	   0.36091	  -0.00425	  -0.00000	  -0.00425	  -0.21048	  -0.00000	  -0.00000	  -0.00000	  -0.15043
N         	   8.74340	  -2.85636	   0.00000	   0.30599	   0.01416	  -0.00000	   0.01416	  -0.18502	   0.00000	  -0.00000	   0.00000	  -0.12097
N         	   8.74589	   1.39100	   0.00000	   0.31307	  -0.01081	   0.00000	  -0.01081	  -0.17954	  -0.00000	   0.00000	  -0.00000	  -0.13352
N         	   8.72610	   5.62349	   0.00000	   0.33658	  -0.00026	  -0.00000	  -0.00026	  -0.19914	   0.00000	  -0.00000	   0.00000	  -0.13744
N         	  11.58711	  -2.85800	   0.00000	   0.31242	   0.00319	  -0.00000	   0.00319	  -0.18569	   0.00000	  -0.00000	   0.00000	  -0.12673
N         	  11.58813	   1.38311	   0.00000	   0.31415	  -0.00210	  -0.00000	  -0.00210	  -0.18283	  -0.00000	  -0.00000	  -0.00000	  -0.13133
N         	  11.58410	   5.61842	   0.00000	   0.32624	   0.00005	  -0.00000	   0.00005	  -0.19220	   0.00000	  -0.00000	   0.00000	  -0.13405
N         	 -13.01035	  -4.97491	   0.00000	   0.32147	   0.00000	   0.00000	   0.00000	  -0.19099	   0.00000	   0.00000	   0.00000	  -0.13048
N         	 -13.01035	  -0.73858	   0.00000	   0.30801	   0.00000	   0.00000	   0.00000	  -0.18096	  -0.00000	   0.00000	  -0.00000	  -0.12704
N         	 -13.01035	   3.50084	   0.00000	   0.32218	   0.00000	   0.00000	   0.00000	  -0.18779	   0.00000	   0.00000	   0.00000	  -0.13438
N         	 -10.15826	  -4.97467	   0.00000	   0.32236	  -0.00500	   0.00000	  -0.00500	  -0.19224	   0.00000	   0.00000	   0.00000	  -0.13013
N         	 -10.17160	  -0.73593	   0.00000	   0.29869	  -0.00283	   0.00000	  -0.00283	  -0.17584	   0.00000	   0.00000	   0.00000	  -0.12285
N         	 -10.15916	   3.50551	   0.00000	   0.32838	   0.00489	  -0.00000	   0.00489	  -0.19156	   0.00000	  -0.00000	   0.00000	  -0.13683
N         	  -7.30099	  -4.97159	   0.00000	   0.33007	  -0.01524	   0.00000	  -0.01524	  -0.20145	   0.00000	   0.00000	   0.00000	  -0.12862
N         	  -7.34737	  -0.73055	   0.00000	   0.27065	  -0.00967	  -0.00000	  -0.00967	  -0.15924	   0.00000	  -0.00000	   0.00000	  -0.11140
N         	  -7.29991	   3.51842	   0.00000	   0.34538	   0.01789	  -0.00000	   0.01789	  -0.19650	   0.00000	  -0.00000	   0.00000	  -0.14888
N         	  -4.42110	  -4.96299	   0.00000	   0.35871	  -0.01389	   0.00000	  -0.01389	  -0.20693	   0.00000	   0.00000	   0.00000	  -0.15178
N         	  -4.56757	  -0.72422	   0.00000	   0.21403	  -0.00553	   0.00000	  -0.00553	  -0.12427	   0.00000	   0.00000	   0.00000	  -0.08976
N         	  -4.41827	   3.54064	   0.00000	   0.38290	   0.03943	  -0.00000	   0.03943	  -0.20302	   0.00000	  -0.00000	   0.00000	  -0.17988
N         	  -1.47754	  -4.90455	   0.00000	   0.40310	   0.02985	  -0.00000	   0.02985	  -0.19169	   0.00000	  -0.00000	   0.00000	  -0.21140
N         	  -1.47471	   3.53289	   0.00000	   0.37401	  -0.00083	   0.00000	  -0.00083	  -0.14495	  -0.00000	   0.00000	  -0.00000	  -0.22906
N         	   1.47754	  -4.90455	   0.00000	   0.40310	  -0.02985	   0.00000	  -0.02985	  -0.19169	   0.00000	   0.00000	   0.00000	  -0.21140
N         	   1.47471	   3.53289	   0.00000	   0.37401	   0.00083	  -0.00000	   0.00083	  -0.14495	  -0.00000	  -0.00000	  -0.00000	  -0.22906
N         	   4.42110	  -4.96299	   0.00000	   0.35871	   0.01389	   0.00000	   0.01389	  -0.20693	   0.00000	   0.00000	   0.00000	  -0.15178
N         	   4.56757	  -0.72422	   0.00000	   0.21403	   0.00553	  -0.00000	   0.00553	  -0.12427	   0.00000	  -0.00000	   0.00000	  -0.08976
N         	   4.41827	   3.54064	   0.00000	   0.38290	  -0.03943	   0.00000	  -0.03943	  -0.20302	  -0.00000	   0.00000	  -0.00000	  -0.17988
N         	   7.30099	  -4.97159	   0.00000	   0.33007	   0.01524	  -0.00000	   0.01524	  -0.20145	   0.00000	  -0.00000	   0.00000	  -0.12862
N         	   7.34737	  -0.73055	   0.00000	   0.27065	   0.00967	  -0.00000	   0.00967	  -0.15924	   0.00000	  -0.00000	   0.00000	  -0.11140
N         	   7.29991	   3.51842	   0.00000	   0.34538	  -0.01789	   0.00000	  -0.01789	  -0.19650	  -0.00000	   0.00000	  -0.00000	  -0.14888
N         	  10.15826	  -4.97467	   0.00000	   0.32236	   0.00500	  -0.00000	   0.00500	  -0.19224	  -0.00000	  -0.00000	  -0.00000	  -0.13013
N         	  10.17160	  -0.73593	   0.00000	   0.29869	   0.00283	  -0.00000	   0.00283	  -0.17584	  -0.00000	  -0.00000	  -0.00000	  -0.12285
N         	  10.15916	   3.50551	   0.00000	   0.32838	  -0.00489	   0.00000	  -0.00489	  -0.19156	   0.00000	   0.00000	   0.00000	  -0.13683
N         	   1.94422	  -0.76720	   0.00000	   0.20065	  -0.26455	  -0.00000	  -0.26455	  -0.03878	   0.00000	  -0.00000	   0.00000	  -0.16189
N         	  -1.94422	  -0.76720	   0.00000	   0.20065	   0.26455	  -0.00000	   0.26455	  -0.03878	   0.00000	  -0.00000	   0.00000	  -0.16189
N         	   0.00000	   1.53439	   0.00000	   0.20022	   0.00000	   0.00000	   0.00000	   0.11724	  -0.00000	   0.00000	  -0.00000	  -0.31746
