--------------------------------------------------------------------------------------------------------------------------------------------------------------------------
  AtomName	    r_1i_X	    r_1i_Y	    r_1i_Z	  iso[MHz]	       Axx	       Axy	       Axz	       Ayx	       Ayy	       Ayz	       Azx	       Azy	       Azz
--------------------------------------------------------------------------------------------------------------------------------------------------------------------------
10B  g-factor___:   0.600215 [No-unit]
11B  g-factor___:   1.792433 [No-unit]
14N  g-factor___:   0.403761 [No-unit]
15N  g-factor___:  -0.566378 [No-unit]
10B  etc____:	---       	---       	---       	   0.00000
11B  etc____:	---       	---       	---       	   0.00000
14N  etc____:	---       	---       	---       	   0.00000
15N  etc____:	---       	---       	---       	   0.00000
MinDif[A]:	 -13.01035	  -6.34467	   0.00000
MaxDif[A]:	  11.58813	   6.31388	   0.00000
--------------------------------------------------------------------------------------------------------------------------------------------------------------------------
B         	 -11.58257	  -4.29591	   0.00000	  -0.00000	   0.06098	   0.00000	  -0.00000	   0.00000	  -0.01525	   0.00000	  -0.00000	   0.00000	  -0.03049
B         	 -11.58652	  -0.05493	   0.00000	   0.01525	   0.06098	  -0.00000	  -0.00000	  -0.00000	  -0.03049	  -0.00000	  -0.00000	  -0.00000	  -0.03049
B         	 -11.58133	   4.18055	   0.00000	  -0.00000	   0.06098	  -0.00000	  -0.00000	  -0.00000	  -0.01525	  -0.00000	  -0.00000	  -0.00000	  -0.03049
B         	  -8.72747	  -4.29379	   0.00000	  -0.01525	   0.07623	   0.01525	   0.00000	   0.01525	  -0.01525	  -0.00000	   0.00000	  -0.00000	  -0.06098
B         	  -8.74866	  -0.04754	   0.00000	   0.22868	   0.12196	  -0.03049	  -0.00000	  -0.03049	  -0.04574	   0.00000	  -0.00000	   0.00000	  -0.07623
B         	  -8.71540	   4.18614	   0.00000	  -0.00000	   0.06098	  -0.01525	   0.00000	  -0.01525	  -0.00000	   0.00000	   0.00000	   0.00000	  -0.06098
B         	  -5.86610	  -4.29168	   0.00000	  -0.22868	   0.13721	   0.07623	  -0.00000	   0.07623	   0.09147	   0.00000	  -0.00000	   0.00000	  -0.22868
B         	  -5.93379	  -0.03566	   0.00000	   2.46972	   0.47260	  -0.33539	   0.00000	  -0.33539	  -0.07623	  -0.00000	   0.00000	  -0.00000	  -0.39637
B         	  -5.83274	   4.19948	   0.00000	   0.13721	   0.07623	  -0.15245	  -0.00000	  -0.15245	   0.10672	   0.00000	  -0.00000	   0.00000	  -0.16770
B         	  -2.97450	  -4.26409	   0.00000	   7.54637	  -0.86898	  -0.24392	   0.00000	  -0.24392	   2.14957	  -0.00000	   0.00000	  -0.00000	  -1.28060
B         	  -3.17664	  -0.02082	   0.00000	   4.36012	   2.19531	  -2.62217	   0.00000	  -2.62217	   0.94520	   0.00000	   0.00000	   0.00000	  -3.14051
B         	  -2.91832	   4.21015	   0.00000	   4.87846	   0.47260	  -0.70128	  -0.00000	  -0.70128	   0.18294	  -0.00000	  -0.00000	  -0.00000	  -0.65554
B         	   0.00000	  -4.16953	   0.00000	  -0.76226	  -0.06098	   0.00000	   0.00000	   0.00000	   0.67079	   0.00000	   0.00000	   0.00000	  -0.60981
B         	   0.00000	   4.22327	   0.00000	  -0.71652	  -0.35064	  -0.00000	  -0.00000	  -0.00000	   1.15863	   0.00000	  -0.00000	   0.00000	  -0.80799
B         	   2.97450	  -4.26409	   0.00000	   7.54637	  -0.86898	   0.24392	  -0.00000	   0.24392	   2.14957	  -0.00000	  -0.00000	  -0.00000	  -1.28060
B         	   3.17664	  -0.02082	   0.00000	   4.36012	   2.19531	   2.62217	  -0.00000	   2.62217	   0.94520	   0.00000	  -0.00000	   0.00000	  -3.14051
B         	   2.91832	   4.21015	   0.00000	   4.87846	   0.47260	   0.70128	   0.00000	   0.70128	   0.18294	  -0.00000	   0.00000	  -0.00000	  -0.65554
B         	   5.86610	  -4.29168	   0.00000	  -0.22868	   0.13721	  -0.07623	  -0.00000	  -0.07623	   0.09147	   0.00000	  -0.00000	   0.00000	  -0.22868
B         	   5.93379	  -0.03566	   0.00000	   2.46972	   0.47260	   0.33539	   0.00000	   0.33539	  -0.07623	   0.00000	   0.00000	   0.00000	  -0.39637
B         	   5.83274	   4.19948	   0.00000	   0.13721	   0.07623	   0.15245	  -0.00000	   0.15245	   0.10672	   0.00000	  -0.00000	   0.00000	  -0.16770
B         	   8.72747	  -4.29379	   0.00000	  -0.01525	   0.07623	  -0.01525	  -0.00000	  -0.01525	  -0.01525	   0.00000	  -0.00000	   0.00000	  -0.06098
B         	   8.74866	  -0.04754	   0.00000	   0.22868	   0.12196	   0.03049	  -0.00000	   0.03049	  -0.04574	  -0.00000	  -0.00000	  -0.00000	  -0.07623
B         	   8.71540	   4.18614	   0.00000	  -0.00000	   0.06098	   0.01525	   0.00000	   0.01525	  -0.00000	  -0.00000	   0.00000	  -0.00000	  -0.06098
B         	  11.58257	  -4.29591	   0.00000	  -0.00000	   0.06098	  -0.00000	  -0.00000	  -0.00000	  -0.01525	  -0.00000	  -0.00000	  -0.00000	  -0.03049
B         	  11.58652	  -0.05493	   0.00000	   0.01525	   0.06098	   0.00000	  -0.00000	   0.00000	  -0.03049	   0.00000	  -0.00000	   0.00000	  -0.03049
B         	  11.58133	   4.18055	   0.00000	  -0.00000	   0.06098	   0.00000	  -0.00000	   0.00000	  -0.01525	  -0.00000	  -0.00000	  -0.00000	  -0.03049
B         	 -13.01035	  -2.17672	   0.00000	  -0.00000	   0.06098	  -0.00000	  -0.00000	  -0.00000	  -0.03049	  -0.00000	  -0.00000	  -0.00000	  -0.03049
B         	 -13.01035	   2.06259	   0.00000	  -0.00000	   0.06098	   0.00000	  -0.00000	   0.00000	  -0.03049	  -0.00000	  -0.00000	  -0.00000	  -0.03049
B         	 -13.01035	   6.29645	   0.00000	  -0.00000	   0.04574	   0.00000	   0.00000	   0.00000	  -0.01525	  -0.00000	   0.00000	  -0.00000	  -0.03049
B         	 -10.16274	  -2.17423	   0.00000	  -0.01525	   0.07623	   0.01525	   0.00000	   0.01525	  -0.03049	  -0.00000	   0.00000	  -0.00000	  -0.04574
B         	 -10.15632	   2.06797	   0.00000	  -0.00000	   0.06098	  -0.01525	   0.00000	  -0.01525	  -0.03049	  -0.00000	   0.00000	  -0.00000	  -0.04574
B         	 -10.15028	   6.29647	   0.00000	  -0.00000	   0.06098	   0.00000	  -0.00000	   0.00000	  -0.01525	   0.00000	  -0.00000	   0.00000	  -0.04574
B         	  -7.32198	  -2.16980	   0.00000	  -0.12196	   0.16770	   0.04574	  -0.00000	   0.04574	  -0.04574	  -0.00000	  -0.00000	  -0.00000	  -0.13721
B         	  -7.29768	   2.07986	   0.00000	  -0.04574	   0.10672	  -0.06098	   0.00000	  -0.06098	  -0.01525	   0.00000	   0.00000	   0.00000	  -0.09147
B         	  -7.28240	   6.30171	   0.00000	  -0.03049	   0.06098	  -0.00000	   0.00000	  -0.00000	   0.03049	  -0.00000	   0.00000	  -0.00000	  -0.09147
B         	  -4.48591	  -2.16169	   0.00000	  -2.50021	   0.82324	   0.33539	   0.00000	   0.33539	   0.06098	  -0.00000	   0.00000	  -0.00000	  -0.88422
B         	  -4.41978	   2.09714	   0.00000	  -0.38113	   0.38113	  -0.36588	   0.00000	  -0.36588	   0.09147	  -0.00000	   0.00000	  -0.00000	  -0.47260
B         	  -4.39022	   6.31388	   0.00000	   0.91471	  -0.09147	  -0.12196	   0.00000	  -0.12196	   0.38113	  -0.00000	   0.00000	  -0.00000	  -0.28966
B         	  -1.55628	  -2.08549	   0.00000	  -8.12568	  -0.56407	  -2.82036	  -0.00000	  -2.82036	   5.50351	  -0.00000	  -0.00000	  -0.00000	  -4.93944
B         	  -1.39812	   2.06525	   0.00000	  -8.46108	   4.16194	  -1.63123	  -0.00000	  -1.63123	  -0.47260	  -0.00000	  -0.00000	  -0.00000	  -3.68934
B         	  -1.45588	  -6.34467	   0.00000	  -0.16770	  -0.16770	  -0.03049	   0.00000	  -0.03049	   0.44211	   0.00000	   0.00000	   0.00000	  -0.27441
B         	   1.55628	  -2.08549	   0.00000	  -8.12568	  -0.56407	   2.82036	   0.00000	   2.82036	   5.50351	  -0.00000	   0.00000	  -0.00000	  -4.93944
B         	   1.39812	   2.06525	   0.00000	  -8.46108	   4.16194	   1.63123	   0.00000	   1.63123	  -0.47260	  -0.00000	   0.00000	  -0.00000	  -3.68934
B         	   1.45588	  -6.34467	   0.00000	  -0.16770	  -0.16770	   0.03049	  -0.00000	   0.03049	   0.44211	   0.00000	  -0.00000	   0.00000	  -0.27441
B         	   4.48591	  -2.16169	   0.00000	  -2.50021	   0.82324	  -0.33539	   0.00000	  -0.33539	   0.06098	  -0.00000	   0.00000	  -0.00000	  -0.88422
B         	   4.41978	   2.09714	   0.00000	  -0.38113	   0.38113	   0.36588	   0.00000	   0.36588	   0.09147	   0.00000	   0.00000	   0.00000	  -0.47260
B         	   4.39022	   6.31388	   0.00000	   0.91471	  -0.09147	   0.12196	  -0.00000	   0.12196	   0.38113	  -0.00000	  -0.00000	  -0.00000	  -0.28966
B         	   7.32198	  -2.16980	   0.00000	  -0.12196	   0.16770	  -0.04574	  -0.00000	  -0.04574	  -0.04574	  -0.00000	  -0.00000	  -0.00000	  -0.13721
B         	   7.29768	   2.07986	   0.00000	  -0.04574	   0.10672	   0.06098	   0.00000	   0.06098	  -0.01525	  -0.00000	   0.00000	  -0.00000	  -0.09147
B         	   7.28240	   6.30171	   0.00000	  -0.03049	   0.06098	   0.00000	  -0.00000	   0.00000	   0.03049	   0.00000	  -0.00000	   0.00000	  -0.09147
B         	  10.16274	  -2.17423	   0.00000	  -0.01525	   0.07623	  -0.01525	   0.00000	  -0.01525	  -0.03049	   0.00000	   0.00000	   0.00000	  -0.04574
B         	  10.15632	   2.06797	   0.00000	  -0.00000	   0.06098	   0.01525	   0.00000	   0.01525	  -0.03049	   0.00000	   0.00000	   0.00000	  -0.04574
B         	  10.15028	   6.29647	   0.00000	  -0.00000	   0.06098	  -0.00000	  -0.00000	  -0.00000	  -0.01525	  -0.00000	  -0.00000	  -0.00000	  -0.04574
N         	 -11.58711	  -2.85800	   0.00000	   0.00000	   0.06098	   0.00000	  -0.00000	   0.00000	  -0.03049	  -0.00000	  -0.00000	  -0.00000	  -0.03049
N         	 -11.58813	   1.38311	   0.00000	  -0.00000	   0.06098	  -0.00000	   0.00000	  -0.00000	  -0.03049	  -0.00000	   0.00000	  -0.00000	  -0.03049
N         	 -11.58410	   5.61842	   0.00000	   0.00000	   0.06098	   0.00000	   0.00000	   0.00000	  -0.01525	  -0.00000	   0.00000	  -0.00000	  -0.03049
N         	  -8.74340	  -2.85636	   0.00000	   0.09147	   0.09147	   0.04574	   0.00000	   0.04574	  -0.01525	   0.00000	   0.00000	   0.00000	  -0.07623
N         	  -8.74589	   1.39100	   0.00000	  -0.03049	   0.09147	  -0.03049	  -0.00000	  -0.03049	  -0.03049	   0.00000	  -0.00000	   0.00000	  -0.06098
N         	  -8.72610	   5.62349	   0.00000	   0.03049	   0.06098	   0.01525	  -0.00000	   0.01525	   0.01525	   0.00000	  -0.00000	   0.00000	  -0.06098
N         	  -5.90178	  -2.85730	   0.00000	   1.82942	   0.32015	   0.65554	  -0.00000	   0.65554	   0.19819	  -0.00000	  -0.00000	  -0.00000	  -0.51834
N         	  -5.90762	   1.40516	   0.00000	  -0.24392	   0.22868	  -0.13721	   0.00000	  -0.13721	  -0.03049	  -0.00000	   0.00000	  -0.00000	  -0.19819
N         	  -5.85037	   5.63634	   0.00000	   0.32015	  -0.04574	   0.12196	   0.00000	   0.12196	   0.28966	   0.00000	   0.00000	   0.00000	  -0.25917
N         	  -3.05026	  -2.84732	   0.00000	  60.29471	   1.84467	  14.58964	  -0.00000	  14.58964	   7.80554	   0.00000	  -0.00000	   0.00000	  -9.65020
N         	  -3.06327	   1.41501	   0.00000	   5.39680	  -1.44829	  -0.22868	  -0.00000	  -0.22868	   4.71076	   0.00000	  -0.00000	   0.00000	  -3.26247
N         	  -2.92927	   5.65388	   0.00000	   2.45447	  -0.03049	  -0.35064	  -0.00000	  -0.35064	   0.47260	   0.00000	  -0.00000	   0.00000	  -0.44211
N         	   0.00000	  -2.72717	   0.00000	  13.32429	   4.63454	  -0.00000	   0.00000	  -0.00000	  -0.92996	   0.00000	   0.00000	   0.00000	  -3.70458
N         	   0.00000	   5.67249	   0.00000	  -0.28966	  -0.18294	   0.00000	   0.00000	   0.00000	   0.48785	   0.00000	   0.00000	   0.00000	  -0.32015
N         	   3.05026	  -2.84732	   0.00000	  60.29471	   1.84467	 -14.58964	   0.00000	 -14.58964	   7.80554	  -0.00000	   0.00000	  -0.00000	  -9.65020
N         	   3.06327	   1.41501	   0.00000	   5.39680	  -1.44829	   0.22868	  -0.00000	   0.22868	   4.71076	   0.00000	  -0.00000	   0.00000	  -3.26247
N         	   2.92927	   5.65388	   0.00000	   2.45447	  -0.03049	   0.35064	   0.00000	   0.35064	   0.47260	   0.00000	   0.00000	   0.00000	  -0.44211
N         	   5.90178	  -2.85730	   0.00000	   1.82942	   0.32015	  -0.65554	  -0.00000	  -0.65554	   0.19819	   0.00000	  -0.00000	   0.00000	  -0.51834
N         	   5.90762	   1.40516	   0.00000	  -0.24392	   0.22868	   0.13721	   0.00000	   0.13721	  -0.03049	   0.00000	   0.00000	   0.00000	  -0.19819
N         	   5.85037	   5.63634	   0.00000	   0.32015	  -0.04574	  -0.12196	   0.00000	  -0.12196	   0.28966	   0.00000	   0.00000	   0.00000	  -0.25917
N         	   8.74340	  -2.85636	   0.00000	   0.09147	   0.09147	  -0.04574	   0.00000	  -0.04574	  -0.01525	  -0.00000	   0.00000	  -0.00000	  -0.07623
N         	   8.74589	   1.39100	   0.00000	  -0.03049	   0.09147	   0.03049	  -0.00000	   0.03049	  -0.03049	  -0.00000	  -0.00000	  -0.00000	  -0.06098
N         	   8.72610	   5.62349	   0.00000	   0.03049	   0.06098	  -0.01525	  -0.00000	  -0.01525	   0.01525	   0.00000	  -0.00000	   0.00000	  -0.06098
N         	  11.58711	  -2.85800	   0.00000	   0.00000	   0.06098	  -0.00000	  -0.00000	  -0.00000	  -0.03049	   0.00000	  -0.00000	   0.00000	  -0.03049
N         	  11.58813	   1.38311	   0.00000	  -0.00000	   0.06098	   0.00000	   0.00000	   0.00000	  -0.03049	   0.00000	   0.00000	   0.00000	  -0.03049
N         	  11.58410	   5.61842	   0.00000	   0.00000	   0.06098	  -0.00000	  -0.00000	  -0.00000	  -0.01525	  -0.00000	  -0.00000	  -0.00000	  -0.03049
N         	 -13.01035	  -4.97491	   0.00000	   0.00000	   0.06098	   0.00000	   0.00000	   0.00000	  -0.01525	  -0.00000	   0.00000	  -0.00000	  -0.03049
N         	 -13.01035	  -0.73858	   0.00000	   0.01525	   0.06098	  -0.00000	   0.00000	  -0.00000	  -0.03049	   0.00000	   0.00000	   0.00000	  -0.03049
N         	 -13.01035	   3.50084	   0.00000	  -0.00000	   0.06098	   0.00000	   0.00000	   0.00000	  -0.01525	  -0.00000	   0.00000	  -0.00000	  -0.03049
N         	 -10.15826	  -4.97467	   0.00000	   0.01525	   0.06098	   0.01525	  -0.00000	   0.01525	  -0.01525	   0.00000	  -0.00000	   0.00000	  -0.04574
N         	 -10.17160	  -0.73593	   0.00000	   0.07623	   0.09147	   0.01525	  -0.00000	   0.01525	  -0.04574	   0.00000	  -0.00000	   0.00000	  -0.06098
N         	 -10.15916	   3.50551	   0.00000	   0.00000	   0.06098	  -0.01525	  -0.00000	  -0.01525	  -0.01525	  -0.00000	  -0.00000	  -0.00000	  -0.04574
N         	  -7.30099	  -4.97159	   0.00000	   0.27441	   0.06098	   0.13721	   0.00000	   0.13721	   0.07623	  -0.00000	   0.00000	  -0.00000	  -0.15245
N         	  -7.34737	  -0.73055	   0.00000	   1.20437	   0.44211	   0.18294	   0.00000	   0.18294	  -0.16770	  -0.00000	   0.00000	  -0.00000	  -0.27441
N         	  -7.29991	   3.51842	   0.00000	  -0.00000	   0.07623	  -0.03049	   0.00000	  -0.03049	   0.01525	   0.00000	   0.00000	   0.00000	  -0.09147
N         	  -4.42110	  -4.96299	   0.00000	   6.08283	   0.10672	   1.58550	   0.00000	   1.58550	   1.09765	  -0.00000	   0.00000	  -0.00000	  -1.20437
N         	  -4.56757	  -0.72422	   0.00000	  20.13889	   4.89370	   4.07046	   0.00000	   4.07046	  -1.43305	  -0.00000	   0.00000	  -0.00000	  -3.46066
N         	  -4.41827	   3.54064	   0.00000	   2.08859	   0.15245	  -0.41162	   0.00000	  -0.41162	   0.25917	   0.00000	   0.00000	   0.00000	  -0.42687
N         	  -1.47754	  -4.90455	   0.00000	   0.10672	  -0.01525	   0.13721	   0.00000	   0.13721	   0.51834	   0.00000	   0.00000	   0.00000	  -0.50309
N         	  -1.47471	   3.53289	   0.00000	  28.23408	  -1.12814	  -4.16194	   0.00000	  -4.16194	   4.54307	   0.00000	   0.00000	   0.00000	  -3.41492
N         	   1.47754	  -4.90455	   0.00000	   0.10672	  -0.01525	  -0.13721	  -0.00000	  -0.13721	   0.51834	   0.00000	  -0.00000	   0.00000	  -0.50309
N         	   1.47471	   3.53289	   0.00000	  28.23408	  -1.12814	   4.16194	  -0.00000	   4.16194	   4.54307	   0.00000	  -0.00000	   0.00000	  -3.41492
N         	   4.42110	  -4.96299	   0.00000	   6.08283	   0.10672	  -1.58550	  -0.00000	  -1.58550	   1.09765	  -0.00000	  -0.00000	  -0.00000	  -1.20437
N         	   4.56757	  -0.72422	   0.00000	  20.13889	   4.89370	  -4.07046	   0.00000	  -4.07046	  -1.43305	  -0.00000	   0.00000	  -0.00000	  -3.46066
N         	   4.41827	   3.54064	   0.00000	   2.08859	   0.15245	   0.41162	   0.00000	   0.41162	   0.25917	   0.00000	   0.00000	   0.00000	  -0.42687
N         	   7.30099	  -4.97159	   0.00000	   0.27441	   0.06098	  -0.13721	   0.00000	  -0.13721	   0.07623	   0.00000	   0.00000	   0.00000	  -0.15245
N         	   7.34737	  -0.73055	   0.00000	   1.20437	   0.44211	  -0.18294	   0.00000	  -0.18294	  -0.16770	   0.00000	   0.00000	   0.00000	  -0.27441
N         	   7.29991	   3.51842	   0.00000	  -0.00000	   0.07623	   0.03049	   0.00000	   0.03049	   0.01525	  -0.00000	   0.00000	  -0.00000	  -0.09147
N         	  10.15826	  -4.97467	   0.00000	   0.01525	   0.06098	  -0.01525	  -0.00000	  -0.01525	  -0.01525	  -0.00000	  -0.00000	  -0.00000	  -0.04574
N         	  10.17160	  -0.73593	   0.00000	   0.07623	   0.09147	  -0.01525	  -0.00000	  -0.01525	  -0.04574	  -0.00000	  -0.00000	  -0.00000	  -0.06098
N         	  10.15916	   3.50551	   0.00000	   0.00000	   0.06098	   0.01525	  -0.00000	   0.01525	  -0.01525	  -0.00000	  -0.00000	  -0.00000	  -0.04574
N         	   1.94422	  -0.76720	   0.00000	 190.62581	  42.27490	-108.13411	   0.00000	-108.13411	  24.98686	   0.00000	   0.00000	   0.00000	 -67.24652
N         	  -1.94422	  -0.76720	   0.00000	 190.62581	  42.27490	 108.13411	   0.00000	 108.13411	  24.98686	   0.00000	   0.00000	   0.00000	 -67.24652
N         	   0.00000	   1.53439	   0.00000	 201.26695	 -63.61816	  -0.00000	  -0.00000	  -0.00000	 124.09582	   0.00000	  -0.00000	   0.00000	 -60.47765
