--------------------------------------------------------------------------------------------------------------------------------------------------------------------------
  AtomName	    r_1i_X	    r_1i_Y	    r_1i_Z	     EFGxx	     EFGxy	     EFGxz	     EFGyx	     EFGyy	     EFGyz	     EFGzx	     EFGzy	     EFGzz	[Hatree/Bohr_radius^2]
--------------------------------------------------------------------------------------------------------------------------------------------------------------------------
10B  eQ___:	  8.459000	[Q/milibarn]*(10^-1)
11B  eQ___:	  4.059000	[Q/milibarn]*(10^-1)
14N  eQ___:	  2.044000	[Q/milibarn]*(10^-1)
15N  eQ___:	  0.000000	[Q/milibarn]*(10^-1)
10B  etc____:	---       	---       	---       	  -0.18116	   0.00000	  -0.00000	   0.00000	  -0.19750	  -0.00000	  -0.00000	  -0.00000	   0.37866
11B  etc____:	---       	---       	---       	  -0.18116	   0.00000	  -0.00000	   0.00000	  -0.19750	  -0.00000	  -0.00000	  -0.00000	   0.37866
14N  etc____:	---       	---       	---       	   0.09825	  -0.00000	   0.00000	  -0.00000	  -0.06618	   0.00000	   0.00000	   0.00000	  -0.03207
15N  etc____:	---       	---       	---       	   0.09825	  -0.00000	   0.00000	  -0.00000	  -0.06618	   0.00000	   0.00000	   0.00000	  -0.03207
MinDif[A]:	 -11.76588	  -6.47227	   0.00000
MaxDif[A]:	  10.46434	   6.45718	   0.00000
--------------------------------------------------------------------------------------------------------------------------------------------------------------------------
B         	 -10.46102	  -4.33868	   0.00000	  -0.18037	   0.00296	   0.00000	   0.00296	  -0.19782	   0.00000	   0.00000	   0.00000	   0.37819
B         	 -10.46378	  -0.02284	   0.00000	  -0.18154	   0.00360	   0.00000	   0.00360	  -0.19737	   0.00000	   0.00000	   0.00000	   0.37891
B         	 -10.46045	   4.29062	   0.00000	  -0.18159	   0.00374	   0.00000	   0.00374	  -0.19673	  -0.00000	   0.00000	  -0.00000	   0.37831
B         	  -7.85177	  -4.33667	   0.00000	  -0.17930	   0.00910	   0.00000	   0.00910	  -0.19837	  -0.00000	   0.00000	  -0.00000	   0.37765
B         	  -7.86005	  -0.02041	   0.00000	  -0.18132	   0.01212	   0.00000	   0.01212	  -0.19765	  -0.00000	   0.00000	  -0.00000	   0.37897
B         	  -7.84814	   4.29365	   0.00000	  -0.18203	   0.01126	  -0.00000	   0.01126	  -0.19595	  -0.00000	  -0.00000	  -0.00000	   0.37798
B         	  -5.24096	  -4.33230	   0.00000	  -0.17445	   0.01247	  -0.00000	   0.01247	  -0.20166	   0.00000	  -0.00000	   0.00000	   0.37611
B         	  -5.26185	  -0.01429	   0.00000	  -0.18228	   0.02319	   0.00000	   0.02319	  -0.19638	   0.00000	   0.00000	   0.00000	   0.37866
B         	  -5.23302	   4.29907	   0.00000	  -0.18359	   0.01812	  -0.00000	   0.01812	  -0.19343	  -0.00000	  -0.00000	  -0.00000	   0.37701
B         	  -2.62509	  -4.32145	   0.00000	  -0.16389	   0.01183	   0.00000	   0.01183	  -0.21008	  -0.00000	   0.00000	  -0.00000	   0.37397
B         	  -2.66775	  -0.00297	   0.00000	  -0.16044	   0.05136	  -0.00000	   0.05136	  -0.20503	   0.00000	  -0.00000	   0.00000	   0.36548
B         	  -2.61246	   4.30150	   0.00000	  -0.18793	   0.02082	  -0.00000	   0.02082	  -0.18644	  -0.00000	  -0.00000	  -0.00000	   0.37437
B         	   0.00000	  -4.29959	   0.00000	  -0.15614	   0.00000	   0.00000	   0.00000	  -0.21484	  -0.00000	   0.00000	  -0.00000	   0.37099
B         	   0.00000	   4.29981	   0.00000	  -0.19312	   0.00000	  -0.00000	   0.00000	  -0.17889	   0.00000	  -0.00000	   0.00000	   0.37200
B         	   2.62509	  -4.32145	   0.00000	  -0.16389	  -0.01183	  -0.00000	  -0.01183	  -0.21008	  -0.00000	  -0.00000	  -0.00000	   0.37397
B         	   2.66775	  -0.00297	   0.00000	  -0.16044	  -0.05136	  -0.00000	  -0.05136	  -0.20503	   0.00000	  -0.00000	   0.00000	   0.36548
B         	   2.61246	   4.30150	   0.00000	  -0.18793	  -0.02082	  -0.00000	  -0.02082	  -0.18644	   0.00000	  -0.00000	   0.00000	   0.37437
B         	   5.24096	  -4.33230	   0.00000	  -0.17445	  -0.01247	  -0.00000	  -0.01247	  -0.20166	   0.00000	  -0.00000	   0.00000	   0.37611
B         	   5.26185	  -0.01429	   0.00000	  -0.18228	  -0.02319	   0.00000	  -0.02319	  -0.19638	   0.00000	   0.00000	   0.00000	   0.37866
B         	   5.23302	   4.29907	   0.00000	  -0.18359	  -0.01812	  -0.00000	  -0.01812	  -0.19343	   0.00000	  -0.00000	   0.00000	   0.37701
B         	   7.85177	  -4.33667	   0.00000	  -0.17930	  -0.00910	  -0.00000	  -0.00910	  -0.19837	   0.00000	  -0.00000	   0.00000	   0.37765
B         	   7.86005	  -0.02041	   0.00000	  -0.18132	  -0.01212	  -0.00000	  -0.01212	  -0.19765	   0.00000	  -0.00000	   0.00000	   0.37897
B         	   7.84814	   4.29365	   0.00000	  -0.18203	  -0.01126	   0.00000	  -0.01126	  -0.19595	  -0.00000	   0.00000	  -0.00000	   0.37798
B         	  10.46102	  -4.33868	   0.00000	  -0.18037	  -0.00296	  -0.00000	  -0.00296	  -0.19782	   0.00000	  -0.00000	   0.00000	   0.37819
B         	  10.46378	  -0.02284	   0.00000	  -0.18154	  -0.00360	  -0.00000	  -0.00360	  -0.19737	   0.00000	  -0.00000	   0.00000	   0.37891
B         	  10.46045	   4.29062	   0.00000	  -0.18159	  -0.00374	   0.00000	  -0.00374	  -0.19673	   0.00000	   0.00000	   0.00000	   0.37831
B         	 -11.76588	  -2.18130	   0.00000	  -0.18076	   0.00000	  -0.00000	   0.00000	  -0.19743	   0.00000	  -0.00000	   0.00000	   0.37819
B         	 -11.76588	   2.13383	   0.00000	  -0.18103	   0.00000	  -0.00000	   0.00000	  -0.19745	  -0.00000	  -0.00000	  -0.00000	   0.37848
B         	 -11.76588	   6.44644	   0.00000	  -0.18116	   0.00000	  -0.00000	   0.00000	  -0.19750	  -0.00000	  -0.00000	  -0.00000	   0.37866
B         	  -9.16023	  -2.18007	   0.00000	  -0.18045	   0.00656	   0.00000	   0.00656	  -0.19757	  -0.00000	   0.00000	  -0.00000	   0.37802
B         	  -9.15695	   2.13526	   0.00000	  -0.18028	   0.00702	  -0.00000	   0.00702	  -0.19788	  -0.00000	  -0.00000	  -0.00000	   0.37817
B         	  -9.15504	   6.44721	   0.00000	  -0.18194	   0.00784	  -0.00000	   0.00784	  -0.19654	   0.00000	  -0.00000	   0.00000	   0.37849
B         	  -6.55337	  -2.17718	   0.00000	  -0.18004	   0.01145	  -0.00000	   0.01145	  -0.19751	   0.00000	  -0.00000	   0.00000	   0.37755
B         	  -6.54672	   2.14016	   0.00000	  -0.17875	   0.01392	   0.00000	   0.01392	  -0.19817	  -0.00000	   0.00000	  -0.00000	   0.37693
B         	  -6.54202	   6.45069	   0.00000	  -0.18290	   0.01844	  -0.00000	   0.01844	  -0.19472	  -0.00000	  -0.00000	  -0.00000	   0.37762
B         	  -3.94425	  -2.17033	   0.00000	  -0.17797	   0.01308	  -0.00000	   0.01308	  -0.19866	   0.00000	  -0.00000	   0.00000	   0.37663
B         	  -3.93118	   2.14733	   0.00000	  -0.16937	   0.02131	  -0.00000	   0.02131	  -0.20180	   0.00000	  -0.00000	   0.00000	   0.37117
B         	  -3.92509	   6.45718	   0.00000	  -0.18793	   0.03241	   0.00000	   0.03241	  -0.18638	   0.00000	   0.00000	   0.00000	   0.37431
B         	  -1.31459	  -2.14351	   0.00000	  -0.17579	   0.00750	   0.00000	   0.00750	  -0.19899	  -0.00000	   0.00000	  -0.00000	   0.37478
B         	  -1.29901	   2.11697	   0.00000	  -0.13191	   0.04634	  -0.00000	   0.04634	  -0.21928	  -0.00000	  -0.00000	  -0.00000	   0.35118
B         	  -1.30599	  -6.47227	   0.00000	  -0.21804	   0.03537	   0.00000	   0.03537	  -0.13586	   0.00000	   0.00000	   0.00000	   0.35390
B         	   1.31459	  -2.14351	   0.00000	  -0.17579	  -0.00750	  -0.00000	  -0.00750	  -0.19899	  -0.00000	  -0.00000	  -0.00000	   0.37478
B         	   1.29901	   2.11697	   0.00000	  -0.13191	  -0.04634	   0.00000	  -0.04634	  -0.21928	   0.00000	   0.00000	   0.00000	   0.35118
B         	   1.30599	  -6.47227	   0.00000	  -0.21804	  -0.03537	  -0.00000	  -0.03537	  -0.13586	   0.00000	  -0.00000	   0.00000	   0.35390
B         	   3.94425	  -2.17033	   0.00000	  -0.17797	  -0.01308	  -0.00000	  -0.01308	  -0.19866	  -0.00000	  -0.00000	  -0.00000	   0.37663
B         	   3.93118	   2.14733	   0.00000	  -0.16937	  -0.02131	   0.00000	  -0.02131	  -0.20180	  -0.00000	   0.00000	  -0.00000	   0.37117
B         	   3.92509	   6.45718	   0.00000	  -0.18793	  -0.03241	  -0.00000	  -0.03241	  -0.18638	  -0.00000	  -0.00000	  -0.00000	   0.37431
B         	   6.55337	  -2.17718	   0.00000	  -0.18004	  -0.01145	   0.00000	  -0.01145	  -0.19751	  -0.00000	   0.00000	  -0.00000	   0.37755
B         	   6.54672	   2.14016	   0.00000	  -0.17875	  -0.01392	   0.00000	  -0.01392	  -0.19817	  -0.00000	   0.00000	  -0.00000	   0.37693
B         	   6.54202	   6.45069	   0.00000	  -0.18290	  -0.01844	   0.00000	  -0.01844	  -0.19472	  -0.00000	   0.00000	  -0.00000	   0.37762
B         	   9.16023	  -2.18007	   0.00000	  -0.18045	  -0.00656	   0.00000	  -0.00656	  -0.19757	  -0.00000	   0.00000	  -0.00000	   0.37802
B         	   9.15695	   2.13526	   0.00000	  -0.18028	  -0.00702	   0.00000	  -0.00702	  -0.19788	  -0.00000	   0.00000	  -0.00000	   0.37817
B         	   9.15504	   6.44721	   0.00000	  -0.18194	  -0.00784	  -0.00000	  -0.00784	  -0.19654	   0.00000	  -0.00000	   0.00000	   0.37849
N         	 -10.46434	  -2.88818	   0.00000	   0.09492	  -0.00231	   0.00000	  -0.00231	  -0.06428	  -0.00000	   0.00000	  -0.00000	  -0.03065
N         	 -10.46389	   1.42818	   0.00000	   0.09674	   0.00014	  -0.00000	   0.00014	  -0.06246	   0.00000	  -0.00000	   0.00000	  -0.03429
N         	 -10.46215	   5.74118	   0.00000	   0.10130	  -0.00110	  -0.00000	  -0.00110	  -0.06699	  -0.00000	  -0.00000	  -0.00000	  -0.03430
N         	  -7.86125	  -2.88670	   0.00000	   0.09281	  -0.00926	   0.00000	  -0.00926	  -0.06453	   0.00000	   0.00000	   0.00000	  -0.02828
N         	  -7.85940	   1.43141	   0.00000	   0.09757	   0.00182	  -0.00000	   0.00182	  -0.06215	  -0.00000	  -0.00000	  -0.00000	  -0.03542
N         	  -7.85331	   5.74423	   0.00000	   0.10347	  -0.00313	  -0.00000	  -0.00313	  -0.06954	  -0.00000	  -0.00000	  -0.00000	  -0.03394
N         	  -5.25676	  -2.88493	   0.00000	   0.09264	  -0.01817	   0.00000	  -0.01817	  -0.06757	   0.00000	   0.00000	   0.00000	  -0.02507
N         	  -5.25495	   1.43940	   0.00000	   0.10045	   0.00772	   0.00000	   0.00772	  -0.05986	  -0.00000	   0.00000	  -0.00000	  -0.04059
N         	  -5.24025	   5.75077	   0.00000	   0.10987	  -0.00300	  -0.00000	  -0.00300	  -0.07497	   0.00000	  -0.00000	   0.00000	  -0.03490
N         	  -2.64686	  -2.88237	   0.00000	   0.11964	   0.00261	  -0.00000	   0.00261	  -0.06453	  -0.00000	  -0.00000	  -0.00000	  -0.05511
N         	  -2.64947	   1.45104	   0.00000	   0.11287	   0.02367	   0.00000	   0.02367	  -0.05685	  -0.00000	   0.00000	  -0.00000	  -0.05602
N         	  -2.61964	   5.75854	   0.00000	   0.11335	  -0.00338	   0.00000	  -0.00338	  -0.07118	  -0.00000	   0.00000	  -0.00000	  -0.04218
N         	   0.00000	  -2.85686	   0.00000	   0.14311	  -0.00000	   0.00000	  -0.00000	  -0.06165	   0.00000	   0.00000	   0.00000	  -0.08146
N         	   0.00000	   5.76090	   0.00000	   0.10921	  -0.00000	  -0.00000	  -0.00000	  -0.06755	   0.00000	  -0.00000	   0.00000	  -0.04166
N         	   2.64686	  -2.88237	   0.00000	   0.11964	  -0.00261	   0.00000	  -0.00261	  -0.06453	   0.00000	   0.00000	   0.00000	  -0.05511
N         	   2.64947	   1.45104	   0.00000	   0.11287	  -0.02367	  -0.00000	  -0.02367	  -0.05685	  -0.00000	  -0.00000	  -0.00000	  -0.05602
N         	   2.61964	   5.75854	   0.00000	   0.11335	   0.00338	  -0.00000	   0.00338	  -0.07118	  -0.00000	  -0.00000	  -0.00000	  -0.04218
N         	   5.25676	  -2.88493	   0.00000	   0.09264	   0.01817	  -0.00000	   0.01817	  -0.06757	   0.00000	  -0.00000	   0.00000	  -0.02507
N         	   5.25495	   1.43940	   0.00000	   0.10045	  -0.00772	   0.00000	  -0.00772	  -0.05986	   0.00000	   0.00000	   0.00000	  -0.04059
N         	   5.24025	   5.75077	   0.00000	   0.10987	   0.00300	  -0.00000	   0.00300	  -0.07497	   0.00000	  -0.00000	   0.00000	  -0.03490
N         	   7.86125	  -2.88670	   0.00000	   0.09281	   0.00926	   0.00000	   0.00926	  -0.06453	  -0.00000	   0.00000	  -0.00000	  -0.02828
N         	   7.85940	   1.43141	   0.00000	   0.09757	  -0.00182	   0.00000	  -0.00182	  -0.06215	  -0.00000	   0.00000	  -0.00000	  -0.03542
N         	   7.85331	   5.74423	   0.00000	   0.10347	   0.00313	   0.00000	   0.00313	  -0.06954	  -0.00000	   0.00000	  -0.00000	  -0.03394
N         	  10.46434	  -2.88818	   0.00000	   0.09492	   0.00231	  -0.00000	   0.00231	  -0.06428	  -0.00000	  -0.00000	  -0.00000	  -0.03065
N         	  10.46389	   1.42818	   0.00000	   0.09674	  -0.00014	  -0.00000	  -0.00014	  -0.06246	   0.00000	  -0.00000	   0.00000	  -0.03429
N         	  10.46215	   5.74118	   0.00000	   0.10130	   0.00110	  -0.00000	   0.00110	  -0.06699	  -0.00000	  -0.00000	  -0.00000	  -0.03430
N         	 -11.76588	  -5.04485	   0.00000	   0.09825	  -0.00000	   0.00000	  -0.00000	  -0.06618	   0.00000	   0.00000	   0.00000	  -0.03207
N         	 -11.76588	  -0.73055	   0.00000	   0.09141	   0.00000	   0.00000	   0.00000	  -0.06088	  -0.00000	   0.00000	  -0.00000	  -0.03053
N         	 -11.76588	   3.58490	   0.00000	   0.10070	   0.00000	   0.00000	   0.00000	  -0.06607	  -0.00000	   0.00000	  -0.00000	  -0.03463
N         	  -9.15940	  -5.04395	   0.00000	   0.09915	  -0.00468	   0.00000	  -0.00468	  -0.06745	   0.00000	   0.00000	   0.00000	  -0.03170
N         	  -9.16563	  -0.72921	   0.00000	   0.08908	  -0.00352	  -0.00000	  -0.00352	  -0.05950	  -0.00000	  -0.00000	  -0.00000	  -0.02958
N         	  -9.15851	   3.58663	   0.00000	   0.10218	   0.00039	  -0.00000	   0.00039	  -0.06666	  -0.00000	  -0.00000	  -0.00000	  -0.03550
N         	  -6.55152	  -5.04130	   0.00000	   0.10040	  -0.00886	   0.00000	  -0.00886	  -0.07006	   0.00000	   0.00000	   0.00000	  -0.03035
N         	  -6.56883	  -0.72648	   0.00000	   0.07753	  -0.00912	   0.00000	  -0.00912	  -0.05373	   0.00000	   0.00000	   0.00000	  -0.02381
N         	  -6.54935	   3.59271	   0.00000	   0.10633	   0.00180	  -0.00000	   0.00180	  -0.06926	  -0.00000	  -0.00000	  -0.00000	  -0.03708
N         	  -3.93781	  -5.03567	   0.00000	   0.10637	  -0.01035	  -0.00000	  -0.01035	  -0.07096	   0.00000	  -0.00000	   0.00000	  -0.03540
N         	  -3.98599	  -0.72300	   0.00000	   0.07204	  -0.00526	  -0.00000	  -0.00526	  -0.04773	   0.00000	  -0.00000	   0.00000	  -0.02431
N         	  -3.93595	   3.60304	   0.00000	   0.11575	   0.00391	  -0.00000	   0.00391	  -0.07563	  -0.00000	  -0.00000	  -0.00000	  -0.04012
N         	  -1.31191	  -5.02182	   0.00000	   0.11414	   0.00192	   0.00000	   0.00192	  -0.06434	   0.00000	   0.00000	   0.00000	  -0.04980
N         	  -1.31393	   3.60281	   0.00000	   0.10823	  -0.01039	   0.00000	  -0.01039	  -0.05392	   0.00000	   0.00000	   0.00000	  -0.05430
N         	   1.31191	  -5.02182	   0.00000	   0.11414	  -0.00192	  -0.00000	  -0.00192	  -0.06434	   0.00000	  -0.00000	   0.00000	  -0.04980
N         	   1.31393	   3.60281	   0.00000	   0.10823	   0.01039	  -0.00000	   0.01039	  -0.05392	   0.00000	  -0.00000	   0.00000	  -0.05430
N         	   3.93781	  -5.03567	   0.00000	   0.10637	   0.01035	  -0.00000	   0.01035	  -0.07096	  -0.00000	  -0.00000	  -0.00000	  -0.03540
N         	   3.98599	  -0.72300	   0.00000	   0.07204	   0.00526	   0.00000	   0.00526	  -0.04773	   0.00000	   0.00000	   0.00000	  -0.02431
N         	   3.93595	   3.60304	   0.00000	   0.11575	  -0.00391	  -0.00000	  -0.00391	  -0.07563	   0.00000	  -0.00000	   0.00000	  -0.04012
N         	   6.55152	  -5.04130	   0.00000	   0.10040	   0.00886	  -0.00000	   0.00886	  -0.07006	  -0.00000	  -0.00000	  -0.00000	  -0.03035
N         	   6.56883	  -0.72648	   0.00000	   0.07753	   0.00912	  -0.00000	   0.00912	  -0.05373	   0.00000	  -0.00000	   0.00000	  -0.02381
N         	   6.54935	   3.59271	   0.00000	   0.10633	  -0.00180	   0.00000	  -0.00180	  -0.06926	  -0.00000	   0.00000	  -0.00000	  -0.03708
N         	   9.15940	  -5.04395	   0.00000	   0.09915	   0.00468	  -0.00000	   0.00468	  -0.06745	   0.00000	  -0.00000	   0.00000	  -0.03170
N         	   9.16563	  -0.72921	   0.00000	   0.08908	   0.00352	  -0.00000	   0.00352	  -0.05950	   0.00000	  -0.00000	   0.00000	  -0.02958
N         	   9.15851	   3.58663	   0.00000	   0.10218	  -0.00039	   0.00000	  -0.00039	  -0.06666	  -0.00000	   0.00000	  -0.00000	  -0.03550
N         	   1.48187	  -0.75932	   0.00000	   0.29392	  -0.33841	   0.00000	  -0.33841	  -0.05718	   0.00000	   0.00000	   0.00000	  -0.23674
N         	  -1.48187	  -0.75932	   0.00000	   0.29392	   0.33841	  -0.00000	   0.33841	  -0.05718	  -0.00000	  -0.00000	  -0.00000	  -0.23674
N         	   0.00000	   1.51864	   0.00000	  -0.08968	  -0.00000	   0.00000	  -0.00000	   0.28649	  -0.00000	   0.00000	  -0.00000	  -0.19680
