--------------------------------------------------------------------------------------------------------------------------------------------------------------------------
  AtomName	    r_1i_X	    r_1i_Y	    r_1i_Z	  iso[MHz]	       Axx	       Axy	       Axz	       Ayx	       Ayy	       Ayz	       Azx	       Azy	       Azz
--------------------------------------------------------------------------------------------------------------------------------------------------------------------------
10B  g-factor___:   0.600215 [No-unit]
11B  g-factor___:   1.792433 [No-unit]
14N  g-factor___:   0.403761 [No-unit]
15N  g-factor___:  -0.566378 [No-unit]
10B  etc____:	---       	---       	---       	   0.00000
11B  etc____:	---       	---       	---       	   0.00000
14N  etc____:	---       	---       	---       	   0.00000
15N  etc____:	---       	---       	---       	   0.00000
MinDif[A]:	 -11.76588	  -6.47227	   0.00000
MaxDif[A]:	  10.46434	   6.45718	   0.00000
--------------------------------------------------------------------------------------------------------------------------------------------------------------------------
B         	 -10.46102	  -4.33868	   0.00000	   0.00000	   0.06098	   0.00000	  -0.00000	   0.00000	  -0.01525	  -0.00000	  -0.00000	  -0.00000	  -0.04574
B         	 -10.46378	  -0.02284	   0.00000	   0.01525	   0.09147	  -0.00000	  -0.00000	  -0.00000	  -0.03049	  -0.00000	  -0.00000	  -0.00000	  -0.04574
B         	 -10.46045	   4.29062	   0.00000	   0.00000	   0.06098	  -0.00000	  -0.00000	  -0.00000	  -0.01525	   0.00000	  -0.00000	   0.00000	  -0.04574
B         	  -7.85177	  -4.33667	   0.00000	  -0.01525	   0.07623	   0.03049	   0.00000	   0.03049	  -0.01525	   0.00000	   0.00000	   0.00000	  -0.07623
B         	  -7.86005	  -0.02041	   0.00000	   0.18294	   0.16770	  -0.03049	  -0.00000	  -0.03049	  -0.06098	   0.00000	  -0.00000	   0.00000	  -0.09147
B         	  -7.84814	   4.29365	   0.00000	   0.00000	   0.06098	  -0.03049	   0.00000	  -0.03049	  -0.00000	   0.00000	   0.00000	   0.00000	  -0.06098
B         	  -5.24096	  -4.33230	   0.00000	  -0.10672	   0.12196	   0.12196	  -0.00000	   0.12196	   0.07623	  -0.00000	  -0.00000	  -0.00000	  -0.19819
B         	  -5.26185	  -0.01429	   0.00000	   2.40874	   0.67079	  -0.44211	   0.00000	  -0.44211	  -0.12196	  -0.00000	   0.00000	  -0.00000	  -0.54883
B         	  -5.23302	   4.29907	   0.00000	  -0.01525	   0.07623	  -0.10672	   0.00000	  -0.10672	   0.07623	  -0.00000	   0.00000	  -0.00000	  -0.13721
B         	  -2.62509	  -4.32145	   0.00000	   3.52164	  -0.50309	   0.06098	   0.00000	   0.06098	   1.25011	  -0.00000	   0.00000	  -0.00000	  -0.74701
B         	  -2.66775	  -0.00297	   0.00000	  -0.28966	   3.03379	  -3.73507	  -0.00000	  -3.73507	   1.25011	   0.00000	  -0.00000	   0.00000	  -4.28390
B         	  -2.61246	   4.30150	   0.00000	   2.39349	   0.42687	  -0.56407	  -0.00000	  -0.56407	   0.16770	  -0.00000	  -0.00000	  -0.00000	  -0.59456
B         	   0.00000	  -4.29959	   0.00000	  -0.77750	  -0.18294	  -0.00000	  -0.00000	  -0.00000	   0.71652	   0.00000	  -0.00000	   0.00000	  -0.53358
B         	   0.00000	   4.29981	   0.00000	  -0.64030	  -0.38113	  -0.00000	  -0.00000	  -0.00000	   1.25011	   0.00000	  -0.00000	   0.00000	  -0.86898
B         	   2.62509	  -4.32145	   0.00000	   3.52164	  -0.50309	  -0.06098	  -0.00000	  -0.06098	   1.25011	  -0.00000	  -0.00000	  -0.00000	  -0.74701
B         	   2.66775	  -0.00297	   0.00000	  -0.28966	   3.03379	   3.73507	   0.00000	   3.73507	   1.25011	   0.00000	   0.00000	   0.00000	  -4.28390
B         	   2.61246	   4.30150	   0.00000	   2.39349	   0.42687	   0.56407	   0.00000	   0.56407	   0.16770	  -0.00000	   0.00000	  -0.00000	  -0.59456
B         	   5.24096	  -4.33230	   0.00000	  -0.10672	   0.12196	  -0.12196	   0.00000	  -0.12196	   0.07623	  -0.00000	   0.00000	  -0.00000	  -0.19819
B         	   5.26185	  -0.01429	   0.00000	   2.40874	   0.67079	   0.44211	   0.00000	   0.44211	  -0.12196	   0.00000	   0.00000	   0.00000	  -0.54883
B         	   5.23302	   4.29907	   0.00000	  -0.01525	   0.07623	   0.10672	  -0.00000	   0.10672	   0.07623	  -0.00000	  -0.00000	  -0.00000	  -0.13721
B         	   7.85177	  -4.33667	   0.00000	  -0.01525	   0.07623	  -0.03049	   0.00000	  -0.03049	  -0.01525	  -0.00000	   0.00000	  -0.00000	  -0.07623
B         	   7.86005	  -0.02041	   0.00000	   0.18294	   0.16770	   0.03049	   0.00000	   0.03049	  -0.06098	  -0.00000	   0.00000	  -0.00000	  -0.09147
B         	   7.84814	   4.29365	   0.00000	   0.00000	   0.06098	   0.03049	   0.00000	   0.03049	  -0.00000	   0.00000	   0.00000	   0.00000	  -0.06098
B         	  10.46102	  -4.33868	   0.00000	   0.00000	   0.06098	  -0.00000	  -0.00000	  -0.00000	  -0.01525	   0.00000	  -0.00000	   0.00000	  -0.04574
B         	  10.46378	  -0.02284	   0.00000	   0.01525	   0.09147	   0.00000	  -0.00000	   0.00000	  -0.03049	   0.00000	  -0.00000	   0.00000	  -0.04574
B         	  10.46045	   4.29062	   0.00000	   0.00000	   0.06098	   0.00000	  -0.00000	   0.00000	  -0.01525	  -0.00000	  -0.00000	  -0.00000	  -0.04574
B         	 -11.76588	  -2.18130	   0.00000	   0.00000	   0.06098	   0.00000	   0.00000	   0.00000	  -0.01525	  -0.00000	   0.00000	  -0.00000	  -0.04574
B         	 -11.76588	   2.13383	   0.00000	   0.00000	   0.07623	  -0.00000	   0.00000	  -0.00000	  -0.03049	   0.00000	   0.00000	   0.00000	  -0.04574
B         	 -11.76588	   6.44644	   0.00000	   0.00000	   0.07623	  -0.00000	   0.00000	  -0.00000	  -0.03049	   0.00000	   0.00000	   0.00000	  -0.04574
B         	  -9.16023	  -2.18007	   0.00000	   0.00000	   0.06098	   0.00000	  -0.00000	   0.00000	  -0.01525	   0.00000	  -0.00000	   0.00000	  -0.04574
B         	  -9.15695	   2.13526	   0.00000	   0.00000	   0.09147	   0.01525	  -0.00000	   0.01525	  -0.03049	  -0.00000	  -0.00000	  -0.00000	  -0.06098
B         	  -9.15504	   6.44721	   0.00000	   0.00000	   0.09147	  -0.01525	  -0.00000	  -0.01525	  -0.03049	   0.00000	  -0.00000	   0.00000	  -0.04574
B         	  -6.55337	  -2.17718	   0.00000	  -0.00000	   0.04574	   0.00000	   0.00000	   0.00000	   0.03049	  -0.00000	   0.00000	  -0.00000	  -0.07623
B         	  -6.54672	   2.14016	   0.00000	  -0.07623	   0.19819	   0.09147	   0.00000	   0.09147	  -0.04574	   0.00000	   0.00000	   0.00000	  -0.15245
B         	  -6.54202	   6.45069	   0.00000	  -0.01525	   0.15245	  -0.07623	   0.00000	  -0.07623	  -0.03049	  -0.00000	   0.00000	  -0.00000	  -0.12196
B         	  -3.94425	  -2.17033	   0.00000	   0.15245	  -0.04574	  -0.06098	  -0.00000	  -0.06098	   0.24392	   0.00000	  -0.00000	   0.00000	  -0.19819
B         	  -3.93118	   2.14733	   0.00000	  -1.35682	   0.85373	   0.59456	  -0.00000	   0.59456	   0.06098	  -0.00000	  -0.00000	  -0.00000	  -0.92996
B         	  -3.92509	   6.45718	   0.00000	  -0.97569	   0.36588	  -0.30490	  -0.00000	  -0.30490	   0.09147	   0.00000	  -0.00000	   0.00000	  -0.45736
B         	  -1.31459	  -2.14351	   0.00000	  -0.07623	  -0.18294	  -0.01525	   0.00000	  -0.01525	   0.44211	   0.00000	   0.00000	   0.00000	  -0.24392
B         	  -1.29901	   2.11697	   0.00000	  -3.03379	  -1.46354	  -1.64648	  -0.00000	  -1.64648	   6.22004	  -0.00000	  -0.00000	  -0.00000	  -4.75650
B         	  -1.30599	  -6.47227	   0.00000	  -3.49115	   4.64978	  -2.43923	   0.00000	  -2.43923	  -0.39637	   0.00000	   0.00000	   0.00000	  -4.25341
B         	   1.31459	  -2.14351	   0.00000	  -0.07623	  -0.18294	   0.01525	  -0.00000	   0.01525	   0.44211	   0.00000	  -0.00000	   0.00000	  -0.24392
B         	   1.29901	   2.11697	   0.00000	  -3.03379	  -1.46354	   1.64648	   0.00000	   1.64648	   6.22004	  -0.00000	   0.00000	  -0.00000	  -4.75650
B         	   1.30599	  -6.47227	   0.00000	  -3.49115	   4.64978	   2.43923	  -0.00000	   2.43923	  -0.39637	   0.00000	  -0.00000	   0.00000	  -4.25341
B         	   3.94425	  -2.17033	   0.00000	   0.15245	  -0.04574	   0.06098	   0.00000	   0.06098	   0.24392	   0.00000	   0.00000	   0.00000	  -0.19819
B         	   3.93118	   2.14733	   0.00000	  -1.35682	   0.85373	  -0.59456	  -0.00000	  -0.59456	   0.06098	  -0.00000	  -0.00000	  -0.00000	  -0.92996
B         	   3.92509	   6.45718	   0.00000	  -0.97569	   0.36588	   0.30490	  -0.00000	   0.30490	   0.09147	  -0.00000	  -0.00000	  -0.00000	  -0.45736
B         	   6.55337	  -2.17718	   0.00000	  -0.00000	   0.04574	  -0.00000	  -0.00000	  -0.00000	   0.03049	  -0.00000	  -0.00000	  -0.00000	  -0.07623
B         	   6.54672	   2.14016	   0.00000	  -0.07623	   0.19819	  -0.09147	   0.00000	  -0.09147	  -0.04574	  -0.00000	   0.00000	  -0.00000	  -0.15245
B         	   6.54202	   6.45069	   0.00000	  -0.01525	   0.15245	   0.07623	   0.00000	   0.07623	  -0.03049	   0.00000	   0.00000	   0.00000	  -0.12196
B         	   9.16023	  -2.18007	   0.00000	   0.00000	   0.06098	  -0.00000	   0.00000	  -0.00000	  -0.01525	  -0.00000	   0.00000	  -0.00000	  -0.04574
B         	   9.15695	   2.13526	   0.00000	   0.00000	   0.09147	  -0.01525	  -0.00000	  -0.01525	  -0.03049	   0.00000	  -0.00000	   0.00000	  -0.06098
B         	   9.15504	   6.44721	   0.00000	   0.00000	   0.09147	   0.01525	  -0.00000	   0.01525	  -0.03049	  -0.00000	  -0.00000	  -0.00000	  -0.04574
N         	 -10.46434	  -2.88818	   0.00000	   0.00000	   0.07623	   0.00000	   0.00000	   0.00000	  -0.03049	  -0.00000	   0.00000	  -0.00000	  -0.04574
N         	 -10.46389	   1.42818	   0.00000	   0.00000	   0.07623	  -0.00000	   0.00000	  -0.00000	  -0.03049	   0.00000	   0.00000	   0.00000	  -0.04574
N         	 -10.46215	   5.74118	   0.00000	   0.00000	   0.06098	  -0.00000	   0.00000	  -0.00000	  -0.01525	  -0.00000	   0.00000	  -0.00000	  -0.04574
N         	  -7.86125	  -2.88670	   0.00000	   0.04574	   0.10672	   0.04574	  -0.00000	   0.04574	  -0.03049	   0.00000	  -0.00000	   0.00000	  -0.07623
N         	  -7.85940	   1.43141	   0.00000	   0.00000	   0.12196	  -0.03049	   0.00000	  -0.03049	  -0.04574	  -0.00000	   0.00000	  -0.00000	  -0.07623
N         	  -7.85331	   5.74423	   0.00000	   0.00000	   0.06098	  -0.00000	   0.00000	  -0.00000	   0.00000	   0.00000	   0.00000	   0.00000	  -0.06098
N         	  -5.25676	  -2.88493	   0.00000	   0.68603	   0.30490	   0.35064	  -0.00000	   0.35064	   0.01525	  -0.00000	  -0.00000	  -0.00000	  -0.33539
N         	  -5.25495	   1.43940	   0.00000	  -0.13721	   0.33539	  -0.12196	  -0.00000	  -0.12196	  -0.04574	   0.00000	  -0.00000	   0.00000	  -0.28966
N         	  -5.24025	   5.75077	   0.00000	   0.03049	   0.00000	   0.00000	   0.00000	   0.00000	   0.13721	  -0.00000	   0.00000	  -0.00000	  -0.13721
N         	  -2.64686	  -2.88237	   0.00000	  32.57896	   1.69222	   7.65308	   0.00000	   7.65308	   3.36919	   0.00000	   0.00000	   0.00000	  -5.06140
N         	  -2.64947	   1.45104	   0.00000	  -0.09147	  -0.18294	   0.91471	  -0.00000	   0.91471	   3.20149	   0.00000	  -0.00000	   0.00000	  -3.01855
N         	  -2.61964	   5.75854	   0.00000	   1.72271	  -0.16770	  -0.27441	  -0.00000	  -0.27441	   0.54883	  -0.00000	  -0.00000	  -0.00000	  -0.38113
N         	   0.00000	  -2.85686	   0.00000	   4.31439	   3.12526	  -0.00000	   0.00000	  -0.00000	   0.06098	   0.00000	   0.00000	   0.00000	  -3.18624
N         	   0.00000	   5.76090	   0.00000	   0.22868	  -0.25917	  -0.00000	   0.00000	  -0.00000	   0.60981	   0.00000	   0.00000	   0.00000	  -0.35064
N         	   2.64686	  -2.88237	   0.00000	  32.57896	   1.69222	  -7.65308	  -0.00000	  -7.65308	   3.36919	  -0.00000	  -0.00000	  -0.00000	  -5.06140
N         	   2.64947	   1.45104	   0.00000	  -0.09147	  -0.18294	  -0.91471	   0.00000	  -0.91471	   3.20149	   0.00000	   0.00000	   0.00000	  -3.01855
N         	   2.61964	   5.75854	   0.00000	   1.72271	  -0.16770	   0.27441	   0.00000	   0.27441	   0.54883	  -0.00000	   0.00000	  -0.00000	  -0.38113
N         	   5.25676	  -2.88493	   0.00000	   0.68603	   0.30490	  -0.35064	  -0.00000	  -0.35064	   0.01525	   0.00000	  -0.00000	   0.00000	  -0.33539
N         	   5.25495	   1.43940	   0.00000	  -0.13721	   0.33539	   0.12196	  -0.00000	   0.12196	  -0.04574	  -0.00000	  -0.00000	  -0.00000	  -0.28966
N         	   5.24025	   5.75077	   0.00000	   0.03049	   0.00000	  -0.00000	  -0.00000	  -0.00000	   0.13721	  -0.00000	  -0.00000	  -0.00000	  -0.13721
N         	   7.86125	  -2.88670	   0.00000	   0.04574	   0.10672	  -0.04574	  -0.00000	  -0.04574	  -0.03049	  -0.00000	  -0.00000	  -0.00000	  -0.07623
N         	   7.85940	   1.43141	   0.00000	   0.00000	   0.12196	   0.03049	  -0.00000	   0.03049	  -0.04574	   0.00000	  -0.00000	   0.00000	  -0.07623
N         	   7.85331	   5.74423	   0.00000	   0.00000	   0.06098	   0.00000	  -0.00000	   0.00000	   0.00000	   0.00000	  -0.00000	   0.00000	  -0.06098
N         	  10.46434	  -2.88818	   0.00000	   0.00000	   0.07623	  -0.00000	  -0.00000	  -0.00000	  -0.03049	   0.00000	  -0.00000	   0.00000	  -0.04574
N         	  10.46389	   1.42818	   0.00000	   0.00000	   0.07623	   0.00000	   0.00000	   0.00000	  -0.03049	  -0.00000	   0.00000	  -0.00000	  -0.04574
N         	  10.46215	   5.74118	   0.00000	   0.00000	   0.06098	   0.00000	  -0.00000	   0.00000	  -0.01525	  -0.00000	  -0.00000	  -0.00000	  -0.04574
N         	 -11.76588	  -5.04485	   0.00000	   0.00000	   0.06098	   0.00000	   0.00000	   0.00000	  -0.01525	  -0.00000	   0.00000	  -0.00000	  -0.04574
N         	 -11.76588	  -0.73055	   0.00000	   0.00000	   0.07623	  -0.00000	   0.00000	  -0.00000	  -0.03049	   0.00000	   0.00000	   0.00000	  -0.04574
N         	 -11.76588	   3.58490	   0.00000	   0.00000	   0.06098	   0.00000	   0.00000	   0.00000	  -0.03049	   0.00000	   0.00000	   0.00000	  -0.04574
N         	  -9.15940	  -5.04395	   0.00000	   0.00000	   0.06098	   0.01525	  -0.00000	   0.01525	  -0.01525	  -0.00000	  -0.00000	  -0.00000	  -0.04574
N         	  -9.16563	  -0.72921	   0.00000	   0.07623	   0.12196	   0.01525	  -0.00000	   0.01525	  -0.06098	   0.00000	  -0.00000	   0.00000	  -0.06098
N         	  -9.15851	   3.58663	   0.00000	   0.00000	   0.07623	  -0.01525	   0.00000	  -0.01525	  -0.01525	   0.00000	   0.00000	   0.00000	  -0.04574
N         	  -6.55152	  -5.04130	   0.00000	   0.03049	   0.06098	   0.06098	   0.00000	   0.06098	   0.03049	  -0.00000	   0.00000	  -0.00000	  -0.09147
N         	  -6.56883	  -0.72648	   0.00000	   1.37207	   0.56407	   0.13721	   0.00000	   0.13721	  -0.25917	  -0.00000	   0.00000	  -0.00000	  -0.30490
N         	  -6.54935	   3.59271	   0.00000	  -0.01525	   0.09147	  -0.06098	  -0.00000	  -0.06098	   0.01525	  -0.00000	  -0.00000	  -0.00000	  -0.10672
N         	  -3.93781	  -5.03567	   0.00000	   1.67697	  -0.03049	   0.57932	  -0.00000	   0.57932	   0.53358	   0.00000	  -0.00000	   0.00000	  -0.50309
N         	  -3.98599	  -0.72300	   0.00000	  24.22460	   6.70788	   3.27772	  -0.00000	   3.27772	  -2.89659	   0.00000	  -0.00000	   0.00000	  -3.81130
N         	  -3.93595	   3.60304	   0.00000	   0.16770	   0.09147	  -0.27441	   0.00000	  -0.27441	   0.27441	  -0.00000	   0.00000	  -0.00000	  -0.35064
N         	  -1.31191	  -5.02182	   0.00000	   0.04574	  -0.12196	   0.12196	  -0.00000	   0.12196	   0.53358	  -0.00000	  -0.00000	  -0.00000	  -0.41162
N         	  -1.31393	   3.60281	   0.00000	  24.43803	  -2.71364	  -3.18624	   0.00000	  -3.18624	   6.43347	   0.00000	   0.00000	   0.00000	  -3.70458
N         	   1.31191	  -5.02182	   0.00000	   0.04574	  -0.12196	  -0.12196	  -0.00000	  -0.12196	   0.53358	  -0.00000	  -0.00000	  -0.00000	  -0.41162
N         	   1.31393	   3.60281	   0.00000	  24.43803	  -2.71364	   3.18624	  -0.00000	   3.18624	   6.43347	   0.00000	  -0.00000	   0.00000	  -3.70458
N         	   3.93781	  -5.03567	   0.00000	   1.67697	  -0.03049	  -0.57932	   0.00000	  -0.57932	   0.53358	   0.00000	   0.00000	   0.00000	  -0.50309
N         	   3.98599	  -0.72300	   0.00000	  24.22460	   6.70788	  -3.27772	  -0.00000	  -3.27772	  -2.89659	  -0.00000	  -0.00000	  -0.00000	  -3.81130
N         	   3.93595	   3.60304	   0.00000	   0.16770	   0.09147	   0.27441	  -0.00000	   0.27441	   0.27441	  -0.00000	  -0.00000	  -0.00000	  -0.35064
N         	   6.55152	  -5.04130	   0.00000	   0.03049	   0.06098	  -0.06098	   0.00000	  -0.06098	   0.03049	   0.00000	   0.00000	   0.00000	  -0.09147
N         	   6.56883	  -0.72648	   0.00000	   1.37207	   0.56407	  -0.13721	   0.00000	  -0.13721	  -0.25917	   0.00000	   0.00000	   0.00000	  -0.30490
N         	   6.54935	   3.59271	   0.00000	  -0.01525	   0.09147	   0.06098	   0.00000	   0.06098	   0.01525	   0.00000	   0.00000	   0.00000	  -0.10672
N         	   9.15940	  -5.04395	   0.00000	   0.00000	   0.06098	  -0.01525	  -0.00000	  -0.01525	  -0.01525	  -0.00000	  -0.00000	  -0.00000	  -0.04574
N         	   9.16563	  -0.72921	   0.00000	   0.07623	   0.12196	  -0.01525	  -0.00000	  -0.01525	  -0.06098	  -0.00000	  -0.00000	  -0.00000	  -0.06098
N         	   9.15851	   3.58663	   0.00000	   0.00000	   0.07623	   0.01525	  -0.00000	   0.01525	  -0.01525	   0.00000	  -0.00000	   0.00000	  -0.04574
N         	   1.48187	  -0.75932	   0.00000	 266.51635	  80.98243	-108.56097	   0.00000	-108.56097	  -9.22334	   0.00000	   0.00000	   0.00000	 -71.75909
N         	  -1.48187	  -0.75932	   0.00000	 266.51635	  80.98243	 108.56097	   0.00000	 108.56097	  -9.22334	   0.00000	   0.00000	   0.00000	 -71.75909
N         	   0.00000	   1.51864	   0.00000	 276.10557	 -72.23169	  -0.00000	  -0.00000	  -0.00000	 136.82555	   0.00000	  -0.00000	   0.00000	 -64.59385
