--------------------------------------------------------------------------------------------------------------------------------------------------------------------------
  AtomName	    r_1i_X	    r_1i_Y	    r_1i_Z	     EFGxx	     EFGxy	     EFGxz	     EFGyx	     EFGyy	     EFGyz	     EFGzx	     EFGzy	     EFGzz	[Hatree/Bohr_radius^2]
--------------------------------------------------------------------------------------------------------------------------------------------------------------------------
10B  eQ___:	  8.459000	[Q/milibarn]*(10^-1)
11B  eQ___:	  4.059000	[Q/milibarn]*(10^-1)
14N  eQ___:	  2.044000	[Q/milibarn]*(10^-1)
15N  eQ___:	  0.000000	[Q/milibarn]*(10^-1)
10B  etc____:	---       	---       	---       	  -0.16217	   0.00000	  -0.00000	   0.00000	  -0.18014	   0.00000	  -0.00000	   0.00000	   0.34231
11B  etc____:	---       	---       	---       	  -0.16217	   0.00000	  -0.00000	   0.00000	  -0.18014	   0.00000	  -0.00000	   0.00000	   0.34231
14N  etc____:	---       	---       	---       	   0.09398	  -0.00000	   0.00000	  -0.00000	  -0.06909	   0.00000	   0.00000	   0.00000	  -0.02488
15N  etc____:	---       	---       	---       	   0.09398	  -0.00000	   0.00000	  -0.00000	  -0.06909	   0.00000	   0.00000	   0.00000	  -0.02488
MinDif[A]:	 -11.76588	  -6.47227	   0.00000
MaxDif[A]:	  10.46434	   6.45718	   0.00000
--------------------------------------------------------------------------------------------------------------------------------------------------------------------------
B         	 -10.46102	  -4.33868	   0.00000	  -0.16222	   0.00325	  -0.00000	   0.00325	  -0.18004	   0.00000	  -0.00000	   0.00000	   0.34226
B         	 -10.46378	  -0.02284	   0.00000	  -0.16308	   0.00349	  -0.00000	   0.00349	  -0.18001	  -0.00000	  -0.00000	  -0.00000	   0.34309
B         	 -10.46045	   4.29062	   0.00000	  -0.16289	   0.00346	  -0.00000	   0.00346	  -0.17953	   0.00000	  -0.00000	   0.00000	   0.34243
B         	  -7.85177	  -4.33667	   0.00000	  -0.16074	   0.00859	  -0.00000	   0.00859	  -0.18075	   0.00000	  -0.00000	   0.00000	   0.34149
B         	  -7.86005	  -0.02041	   0.00000	  -0.16361	   0.01152	  -0.00000	   0.01152	  -0.17952	  -0.00000	  -0.00000	  -0.00000	   0.34314
B         	  -7.84814	   4.29365	   0.00000	  -0.16306	   0.01075	   0.00000	   0.01075	  -0.17888	  -0.00000	   0.00000	  -0.00000	   0.34193
B         	  -5.24096	  -4.33230	   0.00000	  -0.15577	   0.01165	  -0.00000	   0.01165	  -0.18380	   0.00000	  -0.00000	   0.00000	   0.33958
B         	  -5.26185	  -0.01429	   0.00000	  -0.16387	   0.02298	   0.00000	   0.02298	  -0.17883	   0.00000	   0.00000	   0.00000	   0.34270
B         	  -5.23302	   4.29907	   0.00000	  -0.16455	   0.01694	   0.00000	   0.01694	  -0.17611	   0.00000	   0.00000	   0.00000	   0.34066
B         	  -2.62509	  -4.32145	   0.00000	  -0.14535	   0.01175	  -0.00000	   0.01175	  -0.19183	  -0.00000	  -0.00000	  -0.00000	   0.33718
B         	  -2.66775	  -0.00297	   0.00000	  -0.14263	   0.05697	   0.00000	   0.05697	  -0.18704	   0.00000	   0.00000	   0.00000	   0.32967
B         	  -2.61246	   4.30150	   0.00000	  -0.16768	   0.01759	  -0.00000	   0.01759	  -0.16988	   0.00000	  -0.00000	   0.00000	   0.33756
B         	   0.00000	  -4.29959	   0.00000	  -0.13630	   0.00000	   0.00000	   0.00000	  -0.19699	  -0.00000	   0.00000	  -0.00000	   0.33329
B         	   0.00000	   4.29981	   0.00000	  -0.17045	   0.00000	   0.00000	   0.00000	  -0.16388	   0.00000	   0.00000	   0.00000	   0.33433
B         	   2.62509	  -4.32145	   0.00000	  -0.14535	  -0.01175	   0.00000	  -0.01175	  -0.19183	  -0.00000	   0.00000	  -0.00000	   0.33718
B         	   2.66775	  -0.00297	   0.00000	  -0.14263	  -0.05697	  -0.00000	  -0.05697	  -0.18704	  -0.00000	  -0.00000	  -0.00000	   0.32967
B         	   2.61246	   4.30150	   0.00000	  -0.16768	  -0.01759	   0.00000	  -0.01759	  -0.16988	   0.00000	   0.00000	   0.00000	   0.33756
B         	   5.24096	  -4.33230	   0.00000	  -0.15577	  -0.01165	   0.00000	  -0.01165	  -0.18380	  -0.00000	   0.00000	  -0.00000	   0.33958
B         	   5.26185	  -0.01429	   0.00000	  -0.16387	  -0.02298	   0.00000	  -0.02298	  -0.17883	   0.00000	   0.00000	   0.00000	   0.34270
B         	   5.23302	   4.29907	   0.00000	  -0.16455	  -0.01694	   0.00000	  -0.01694	  -0.17611	   0.00000	   0.00000	   0.00000	   0.34066
B         	   7.85177	  -4.33667	   0.00000	  -0.16074	  -0.00859	   0.00000	  -0.00859	  -0.18075	  -0.00000	   0.00000	  -0.00000	   0.34149
B         	   7.86005	  -0.02041	   0.00000	  -0.16361	  -0.01152	  -0.00000	  -0.01152	  -0.17952	   0.00000	  -0.00000	   0.00000	   0.34314
B         	   7.84814	   4.29365	   0.00000	  -0.16306	  -0.01075	  -0.00000	  -0.01075	  -0.17888	   0.00000	  -0.00000	   0.00000	   0.34193
B         	  10.46102	  -4.33868	   0.00000	  -0.16222	  -0.00325	  -0.00000	  -0.00325	  -0.18004	   0.00000	  -0.00000	   0.00000	   0.34226
B         	  10.46378	  -0.02284	   0.00000	  -0.16308	  -0.00349	   0.00000	  -0.00349	  -0.18001	   0.00000	   0.00000	   0.00000	   0.34309
B         	  10.46045	   4.29062	   0.00000	  -0.16289	  -0.00346	   0.00000	  -0.00346	  -0.17953	  -0.00000	   0.00000	  -0.00000	   0.34243
B         	 -11.76588	  -2.18130	   0.00000	  -0.16247	   0.00000	  -0.00000	   0.00000	  -0.18017	   0.00000	  -0.00000	   0.00000	   0.34264
B         	 -11.76588	   2.13383	   0.00000	  -0.16332	   0.00000	  -0.00000	   0.00000	  -0.17944	   0.00000	  -0.00000	   0.00000	   0.34276
B         	 -11.76588	   6.44644	   0.00000	  -0.16217	   0.00000	  -0.00000	   0.00000	  -0.18014	   0.00000	  -0.00000	   0.00000	   0.34231
B         	  -9.16023	  -2.18007	   0.00000	  -0.16205	   0.00596	   0.00000	   0.00596	  -0.18028	   0.00000	   0.00000	   0.00000	   0.34231
B         	  -9.15695	   2.13526	   0.00000	  -0.16347	   0.00794	   0.00000	   0.00794	  -0.17904	   0.00000	   0.00000	   0.00000	   0.34251
B         	  -9.15504	   6.44721	   0.00000	  -0.16224	   0.00583	   0.00000	   0.00583	  -0.17981	  -0.00000	   0.00000	  -0.00000	   0.34204
B         	  -6.55337	  -2.17718	   0.00000	  -0.16007	   0.01287	  -0.00000	   0.01287	  -0.18058	   0.00000	  -0.00000	   0.00000	   0.34067
B         	  -6.54672	   2.14016	   0.00000	  -0.16481	   0.01733	  -0.00000	   0.01733	  -0.17667	   0.00000	  -0.00000	   0.00000	   0.34149
B         	  -6.54202	   6.45069	   0.00000	  -0.16125	   0.01090	   0.00000	   0.01090	  -0.18015	   0.00000	   0.00000	   0.00000	   0.34141
B         	  -3.94425	  -2.17033	   0.00000	  -0.15034	   0.02056	   0.00000	   0.02056	  -0.18370	  -0.00000	   0.00000	  -0.00000	   0.33404
B         	  -3.93118	   2.14733	   0.00000	  -0.16859	   0.03031	   0.00000	   0.03031	  -0.16886	  -0.00000	   0.00000	  -0.00000	   0.33746
B         	  -3.92509	   6.45718	   0.00000	  -0.15899	   0.01219	  -0.00000	   0.01219	  -0.18135	   0.00000	  -0.00000	   0.00000	   0.34033
B         	  -1.31459	  -2.14351	   0.00000	  -0.10874	   0.05104	   0.00000	   0.05104	  -0.20563	  -0.00000	   0.00000	  -0.00000	   0.31439
B         	  -1.29901	   2.11697	   0.00000	  -0.20070	   0.02759	  -0.00000	   0.02759	  -0.11641	   0.00000	  -0.00000	   0.00000	   0.31710
B         	  -1.30599	  -6.47227	   0.00000	  -0.15527	   0.00695	  -0.00000	   0.00695	  -0.18255	   0.00000	  -0.00000	   0.00000	   0.33783
B         	   1.31459	  -2.14351	   0.00000	  -0.10874	  -0.05104	  -0.00000	  -0.05104	  -0.20563	   0.00000	  -0.00000	   0.00000	   0.31439
B         	   1.29901	   2.11697	   0.00000	  -0.20070	  -0.02759	  -0.00000	  -0.02759	  -0.11641	   0.00000	  -0.00000	   0.00000	   0.31710
B         	   1.30599	  -6.47227	   0.00000	  -0.15527	  -0.00695	  -0.00000	  -0.00695	  -0.18255	  -0.00000	  -0.00000	  -0.00000	   0.33783
B         	   3.94425	  -2.17033	   0.00000	  -0.15034	  -0.02056	   0.00000	  -0.02056	  -0.18370	   0.00000	   0.00000	   0.00000	   0.33404
B         	   3.93118	   2.14733	   0.00000	  -0.16859	  -0.03031	  -0.00000	  -0.03031	  -0.16886	   0.00000	  -0.00000	   0.00000	   0.33746
B         	   3.92509	   6.45718	   0.00000	  -0.15899	  -0.01219	  -0.00000	  -0.01219	  -0.18135	   0.00000	  -0.00000	   0.00000	   0.34033
B         	   6.55337	  -2.17718	   0.00000	  -0.16007	  -0.01287	   0.00000	  -0.01287	  -0.18058	   0.00000	   0.00000	   0.00000	   0.34067
B         	   6.54672	   2.14016	   0.00000	  -0.16481	  -0.01733	  -0.00000	  -0.01733	  -0.17667	  -0.00000	  -0.00000	  -0.00000	   0.34149
B         	   6.54202	   6.45069	   0.00000	  -0.16125	  -0.01090	  -0.00000	  -0.01090	  -0.18015	  -0.00000	  -0.00000	  -0.00000	   0.34141
B         	   9.16023	  -2.18007	   0.00000	  -0.16205	  -0.00596	  -0.00000	  -0.00596	  -0.18028	   0.00000	  -0.00000	   0.00000	   0.34231
B         	   9.15695	   2.13526	   0.00000	  -0.16347	  -0.00794	   0.00000	  -0.00794	  -0.17904	  -0.00000	   0.00000	  -0.00000	   0.34251
B         	   9.15504	   6.44721	   0.00000	  -0.16224	  -0.00583	  -0.00000	  -0.00583	  -0.17981	   0.00000	  -0.00000	   0.00000	   0.34204
N         	 -10.46434	  -2.88818	   0.00000	   0.08872	  -0.00239	  -0.00000	  -0.00239	  -0.06566	   0.00000	  -0.00000	   0.00000	  -0.02306
N         	 -10.46389	   1.42818	   0.00000	   0.09215	   0.00089	  -0.00000	   0.00089	  -0.06480	   0.00000	  -0.00000	   0.00000	  -0.02735
N         	 -10.46215	   5.74118	   0.00000	   0.09631	  -0.00073	   0.00000	  -0.00073	  -0.06942	   0.00000	   0.00000	   0.00000	  -0.02689
N         	  -7.86125	  -2.88670	   0.00000	   0.08814	  -0.00792	   0.00000	  -0.00792	  -0.06677	   0.00000	   0.00000	   0.00000	  -0.02137
N         	  -7.85940	   1.43141	   0.00000	   0.09265	   0.00340	  -0.00000	   0.00340	  -0.06367	  -0.00000	  -0.00000	  -0.00000	  -0.02898
N         	  -7.85331	   5.74423	   0.00000	   0.09966	  -0.00164	   0.00000	  -0.00164	  -0.07228	   0.00000	   0.00000	   0.00000	  -0.02737
N         	  -5.25676	  -2.88493	   0.00000	   0.08873	  -0.01518	  -0.00000	  -0.01518	  -0.07008	  -0.00000	  -0.00000	  -0.00000	  -0.01865
N         	  -5.25495	   1.43940	   0.00000	   0.09753	   0.01138	  -0.00000	   0.01138	  -0.06179	  -0.00000	  -0.00000	  -0.00000	  -0.03574
N         	  -5.24025	   5.75077	   0.00000	   0.10570	  -0.00064	   0.00000	  -0.00064	  -0.07659	  -0.00000	   0.00000	  -0.00000	  -0.02910
N         	  -2.64686	  -2.88237	   0.00000	   0.11880	   0.01214	   0.00000	   0.01214	  -0.06595	  -0.00000	   0.00000	  -0.00000	  -0.05284
N         	  -2.64947	   1.45104	   0.00000	   0.11214	   0.03209	  -0.00000	   0.03209	  -0.05110	  -0.00000	  -0.00000	  -0.00000	  -0.06104
N         	  -2.61964	   5.75854	   0.00000	   0.10966	  -0.00043	   0.00000	  -0.00043	  -0.07323	  -0.00000	   0.00000	  -0.00000	  -0.03643
N         	   0.00000	  -2.85686	   0.00000	   0.15072	  -0.00000	  -0.00000	  -0.00000	  -0.06960	  -0.00000	  -0.00000	  -0.00000	  -0.08113
N         	   0.00000	   5.76090	   0.00000	   0.10641	  -0.00000	  -0.00000	  -0.00000	  -0.07083	  -0.00000	  -0.00000	  -0.00000	  -0.03558
N         	   2.64686	  -2.88237	   0.00000	   0.11880	  -0.01214	  -0.00000	  -0.01214	  -0.06595	   0.00000	  -0.00000	   0.00000	  -0.05284
N         	   2.64947	   1.45104	   0.00000	   0.11214	  -0.03209	  -0.00000	  -0.03209	  -0.05110	   0.00000	  -0.00000	   0.00000	  -0.06104
N         	   2.61964	   5.75854	   0.00000	   0.10966	   0.00043	   0.00000	   0.00043	  -0.07323	   0.00000	   0.00000	   0.00000	  -0.03643
N         	   5.25676	  -2.88493	   0.00000	   0.08873	   0.01518	  -0.00000	   0.01518	  -0.07008	  -0.00000	  -0.00000	  -0.00000	  -0.01865
N         	   5.25495	   1.43940	   0.00000	   0.09753	  -0.01138	  -0.00000	  -0.01138	  -0.06179	   0.00000	  -0.00000	   0.00000	  -0.03574
N         	   5.24025	   5.75077	   0.00000	   0.10570	   0.00064	   0.00000	   0.00064	  -0.07659	   0.00000	   0.00000	   0.00000	  -0.02910
N         	   7.86125	  -2.88670	   0.00000	   0.08814	   0.00792	   0.00000	   0.00792	  -0.06677	   0.00000	   0.00000	   0.00000	  -0.02137
N         	   7.85940	   1.43141	   0.00000	   0.09265	  -0.00340	   0.00000	  -0.00340	  -0.06367	  -0.00000	   0.00000	  -0.00000	  -0.02898
N         	   7.85331	   5.74423	   0.00000	   0.09966	   0.00164	  -0.00000	   0.00164	  -0.07228	  -0.00000	  -0.00000	  -0.00000	  -0.02737
N         	  10.46434	  -2.88818	   0.00000	   0.08872	   0.00239	   0.00000	   0.00239	  -0.06566	  -0.00000	   0.00000	  -0.00000	  -0.02306
N         	  10.46389	   1.42818	   0.00000	   0.09215	  -0.00089	   0.00000	  -0.00089	  -0.06480	  -0.00000	   0.00000	  -0.00000	  -0.02735
N         	  10.46215	   5.74118	   0.00000	   0.09631	   0.00073	  -0.00000	   0.00073	  -0.06942	   0.00000	  -0.00000	   0.00000	  -0.02689
N         	 -11.76588	  -5.04485	   0.00000	   0.09398	  -0.00000	   0.00000	  -0.00000	  -0.06909	   0.00000	   0.00000	   0.00000	  -0.02488
N         	 -11.76588	  -0.73055	   0.00000	   0.08644	  -0.00000	   0.00000	  -0.00000	  -0.06256	  -0.00000	   0.00000	  -0.00000	  -0.02389
N         	 -11.76588	   3.58490	   0.00000	   0.09562	  -0.00000	   0.00000	  -0.00000	  -0.06752	  -0.00000	   0.00000	  -0.00000	  -0.02810
N         	  -9.15940	  -5.04395	   0.00000	   0.09375	  -0.00345	   0.00000	  -0.00345	  -0.06958	  -0.00000	   0.00000	  -0.00000	  -0.02417
N         	  -9.16563	  -0.72921	   0.00000	   0.08430	  -0.00221	   0.00000	  -0.00221	  -0.06166	   0.00000	   0.00000	   0.00000	  -0.02264
N         	  -9.15851	   3.58663	   0.00000	   0.09719	   0.00098	   0.00000	   0.00098	  -0.06801	   0.00000	   0.00000	   0.00000	  -0.02917
N         	  -6.55152	  -5.04130	   0.00000	   0.09610	  -0.00746	  -0.00000	  -0.00746	  -0.07278	   0.00000	  -0.00000	   0.00000	  -0.02332
N         	  -6.56883	  -0.72648	   0.00000	   0.07472	  -0.00573	  -0.00000	  -0.00573	  -0.05701	  -0.00000	  -0.00000	  -0.00000	  -0.01771
N         	  -6.54935	   3.59271	   0.00000	   0.10203	   0.00393	   0.00000	   0.00393	  -0.06998	   0.00000	   0.00000	   0.00000	  -0.03206
N         	  -3.93781	  -5.03567	   0.00000	   0.10266	  -0.00720	   0.00000	  -0.00720	  -0.07322	  -0.00000	   0.00000	  -0.00000	  -0.02943
N         	  -3.98599	  -0.72300	   0.00000	   0.07249	   0.00288	  -0.00000	   0.00288	  -0.05159	  -0.00000	  -0.00000	  -0.00000	  -0.02090
N         	  -3.93595	   3.60304	   0.00000	   0.11135	   0.00711	   0.00000	   0.00711	  -0.07522	  -0.00000	   0.00000	  -0.00000	  -0.03613
N         	  -1.31191	  -5.02182	   0.00000	   0.11311	   0.00350	  -0.00000	   0.00350	  -0.06907	  -0.00000	  -0.00000	  -0.00000	  -0.04403
N         	  -1.31393	   3.60281	   0.00000	   0.10013	  -0.00910	   0.00000	  -0.00910	  -0.04393	  -0.00000	   0.00000	  -0.00000	  -0.05620
N         	   1.31191	  -5.02182	   0.00000	   0.11311	  -0.00350	  -0.00000	  -0.00350	  -0.06907	  -0.00000	  -0.00000	  -0.00000	  -0.04403
N         	   1.31393	   3.60281	   0.00000	   0.10013	   0.00910	   0.00000	   0.00910	  -0.04393	  -0.00000	   0.00000	  -0.00000	  -0.05620
N         	   3.93781	  -5.03567	   0.00000	   0.10266	   0.00720	  -0.00000	   0.00720	  -0.07322	   0.00000	  -0.00000	   0.00000	  -0.02943
N         	   3.98599	  -0.72300	   0.00000	   0.07249	  -0.00288	   0.00000	  -0.00288	  -0.05159	   0.00000	   0.00000	   0.00000	  -0.02090
N         	   3.93595	   3.60304	   0.00000	   0.11135	  -0.00711	  -0.00000	  -0.00711	  -0.07522	   0.00000	  -0.00000	   0.00000	  -0.03613
N         	   6.55152	  -5.04130	   0.00000	   0.09610	   0.00746	  -0.00000	   0.00746	  -0.07278	  -0.00000	  -0.00000	  -0.00000	  -0.02332
N         	   6.56883	  -0.72648	   0.00000	   0.07472	   0.00573	   0.00000	   0.00573	  -0.05701	   0.00000	   0.00000	   0.00000	  -0.01771
N         	   6.54935	   3.59271	   0.00000	   0.10203	  -0.00393	  -0.00000	  -0.00393	  -0.06998	   0.00000	  -0.00000	   0.00000	  -0.03206
N         	   9.15940	  -5.04395	   0.00000	   0.09375	   0.00345	  -0.00000	   0.00345	  -0.06958	   0.00000	  -0.00000	   0.00000	  -0.02417
N         	   9.16563	  -0.72921	   0.00000	   0.08430	   0.00221	   0.00000	   0.00221	  -0.06166	   0.00000	   0.00000	   0.00000	  -0.02264
N         	   9.15851	   3.58663	   0.00000	   0.09719	  -0.00098	   0.00000	  -0.00098	  -0.06801	   0.00000	   0.00000	   0.00000	  -0.02917
N         	   1.48187	  -0.75932	   0.00000	   0.22172	  -0.27064	   0.00000	  -0.27064	  -0.06586	  -0.00000	   0.00000	  -0.00000	  -0.15585
N         	  -1.48187	  -0.75932	   0.00000	   0.22172	   0.27064	  -0.00000	   0.27064	  -0.06586	  -0.00000	  -0.00000	  -0.00000	  -0.15585
N         	   0.00000	   1.51864	   0.00000	  -0.08727	   0.00000	  -0.00000	   0.00000	   0.28059	  -0.00000	  -0.00000	  -0.00000	  -0.19332
