--------------------------------------------------------------------------------------------------------------------------------------------------------------------------
  AtomName	    r_1i_X	    r_1i_Y	    r_1i_Z	  iso[MHz]	       Axx	       Axy	       Axz	       Ayx	       Ayy	       Ayz	       Azx	       Azy	       Azz
--------------------------------------------------------------------------------------------------------------------------------------------------------------------------
10B  g-factor___:   0.600215 [No-unit]
11B  g-factor___:   1.792433 [No-unit]
14N  g-factor___:   0.403761 [No-unit]
15N  g-factor___:  -0.566378 [No-unit]
10B  etc____:	---       	---       	---       	   0.00000
11B  etc____:	---       	---       	---       	   0.00000
14N  etc____:	---       	---       	---       	   0.00000
15N  etc____:	---       	---       	---       	   0.00000
MinDif[A]:	 -11.76588	  -6.47227	   0.00000
MaxDif[A]:	  10.46434	   6.45718	   0.00000
--------------------------------------------------------------------------------------------------------------------------------------------------------------------------
B         	 -10.46102	  -4.33868	   0.00000	  -0.00000	   0.06098	   0.00000	   0.00000	   0.00000	  -0.01525	  -0.00000	   0.00000	  -0.00000	  -0.04574
B         	 -10.46378	  -0.02284	   0.00000	   0.01525	   0.09147	  -0.00000	  -0.00000	  -0.00000	  -0.03049	  -0.00000	  -0.00000	  -0.00000	  -0.04574
B         	 -10.46045	   4.29062	   0.00000	  -0.00000	   0.06098	  -0.00000	   0.00000	  -0.00000	  -0.01525	   0.00000	   0.00000	   0.00000	  -0.04574
B         	  -7.85177	  -4.33667	   0.00000	  -0.01525	   0.07623	   0.03049	  -0.00000	   0.03049	  -0.00000	   0.00000	  -0.00000	   0.00000	  -0.07623
B         	  -7.86005	  -0.02041	   0.00000	   0.28966	   0.16770	  -0.04574	  -0.00000	  -0.04574	  -0.06098	  -0.00000	  -0.00000	  -0.00000	  -0.10672
B         	  -7.84814	   4.29365	   0.00000	  -0.00000	   0.06098	  -0.03049	   0.00000	  -0.03049	  -0.00000	   0.00000	   0.00000	   0.00000	  -0.06098
B         	  -5.24096	  -4.33230	   0.00000	  -0.13721	   0.12196	   0.10672	  -0.00000	   0.10672	   0.09147	  -0.00000	  -0.00000	  -0.00000	  -0.21343
B         	  -5.26185	  -0.01429	   0.00000	   3.03379	   0.68603	  -0.47260	  -0.00000	  -0.47260	  -0.10672	  -0.00000	  -0.00000	  -0.00000	  -0.57932
B         	  -5.23302	   4.29907	   0.00000	  -0.03049	   0.07623	  -0.12196	   0.00000	  -0.12196	   0.07623	   0.00000	   0.00000	   0.00000	  -0.15245
B         	  -2.62509	  -4.32145	   0.00000	   4.31439	  -0.56407	   0.04574	   0.00000	   0.04574	   1.37207	  -0.00000	   0.00000	  -0.00000	  -0.80799
B         	  -2.66775	  -0.00297	   0.00000	   2.14957	   2.92708	  -3.30821	   0.00000	  -3.30821	   1.17388	   0.00000	   0.00000	   0.00000	  -4.10096
B         	  -2.61246	   4.30150	   0.00000	   3.41492	   0.53358	  -0.67079	  -0.00000	  -0.67079	   0.13721	  -0.00000	  -0.00000	  -0.00000	  -0.68603
B         	   0.00000	  -4.29959	   0.00000	  -0.59456	  -0.16770	  -0.00000	   0.00000	  -0.00000	   0.71652	   0.00000	   0.00000	   0.00000	  -0.54883
B         	   0.00000	   4.29981	   0.00000	  -0.86898	  -0.30490	  -0.00000	  -0.00000	  -0.00000	   1.21961	   0.00000	  -0.00000	   0.00000	  -0.91471
B         	   2.62509	  -4.32145	   0.00000	   4.31439	  -0.56407	  -0.04574	   0.00000	  -0.04574	   1.37207	  -0.00000	   0.00000	  -0.00000	  -0.80799
B         	   2.66775	  -0.00297	   0.00000	   2.14957	   2.92708	   3.30821	  -0.00000	   3.30821	   1.17388	   0.00000	  -0.00000	   0.00000	  -4.10096
B         	   2.61246	   4.30150	   0.00000	   3.41492	   0.53358	   0.67079	  -0.00000	   0.67079	   0.13721	  -0.00000	  -0.00000	  -0.00000	  -0.68603
B         	   5.24096	  -4.33230	   0.00000	  -0.13721	   0.12196	  -0.10672	   0.00000	  -0.10672	   0.09147	  -0.00000	   0.00000	  -0.00000	  -0.21343
B         	   5.26185	  -0.01429	   0.00000	   3.03379	   0.68603	   0.47260	  -0.00000	   0.47260	  -0.10672	   0.00000	  -0.00000	   0.00000	  -0.57932
B         	   5.23302	   4.29907	   0.00000	  -0.03049	   0.07623	   0.12196	  -0.00000	   0.12196	   0.07623	  -0.00000	  -0.00000	  -0.00000	  -0.15245
B         	   7.85177	  -4.33667	   0.00000	  -0.01525	   0.07623	  -0.03049	   0.00000	  -0.03049	  -0.00000	  -0.00000	   0.00000	  -0.00000	  -0.07623
B         	   7.86005	  -0.02041	   0.00000	   0.28966	   0.16770	   0.04574	  -0.00000	   0.04574	  -0.06098	   0.00000	  -0.00000	   0.00000	  -0.10672
B         	   7.84814	   4.29365	   0.00000	  -0.00000	   0.06098	   0.03049	  -0.00000	   0.03049	  -0.00000	  -0.00000	  -0.00000	  -0.00000	  -0.06098
B         	  10.46102	  -4.33868	   0.00000	  -0.00000	   0.06098	  -0.00000	   0.00000	  -0.00000	  -0.01525	   0.00000	   0.00000	   0.00000	  -0.04574
B         	  10.46378	  -0.02284	   0.00000	   0.01525	   0.09147	   0.00000	  -0.00000	   0.00000	  -0.03049	   0.00000	  -0.00000	   0.00000	  -0.04574
B         	  10.46045	   4.29062	   0.00000	  -0.00000	   0.06098	   0.00000	   0.00000	   0.00000	  -0.01525	  -0.00000	   0.00000	  -0.00000	  -0.04574
B         	 -11.76588	  -2.18130	   0.00000	  -0.00000	   0.07623	  -0.00000	  -0.00000	  -0.00000	  -0.03049	  -0.00000	  -0.00000	  -0.00000	  -0.04574
B         	 -11.76588	   2.13383	   0.00000	   0.00000	   0.07623	  -0.00000	   0.00000	  -0.00000	  -0.03049	  -0.00000	   0.00000	  -0.00000	  -0.04574
B         	 -11.76588	   6.44644	   0.00000	  -0.00000	   0.06098	   0.00000	  -0.00000	   0.00000	  -0.01525	   0.00000	  -0.00000	   0.00000	  -0.04574
B         	  -9.16023	  -2.18007	   0.00000	  -0.01525	   0.09147	   0.01525	  -0.00000	   0.01525	  -0.03049	  -0.00000	  -0.00000	  -0.00000	  -0.06098
B         	  -9.15695	   2.13526	   0.00000	   0.00000	   0.07623	  -0.01525	   0.00000	  -0.01525	  -0.03049	   0.00000	   0.00000	   0.00000	  -0.04574
B         	  -9.15504	   6.44721	   0.00000	  -0.00000	   0.06098	   0.00000	  -0.00000	   0.00000	  -0.01525	   0.00000	  -0.00000	   0.00000	  -0.04574
B         	  -6.55337	  -2.17718	   0.00000	  -0.10672	   0.19819	   0.07623	   0.00000	   0.07623	  -0.03049	  -0.00000	   0.00000	  -0.00000	  -0.16770
B         	  -6.54672	   2.14016	   0.00000	   0.00000	   0.15245	  -0.07623	   0.00000	  -0.07623	  -0.03049	   0.00000	   0.00000	   0.00000	  -0.12196
B         	  -6.54202	   6.45069	   0.00000	  -0.01525	   0.04574	  -0.00000	  -0.00000	  -0.00000	   0.03049	   0.00000	  -0.00000	   0.00000	  -0.09147
B         	  -3.94425	  -2.17033	   0.00000	  -1.46354	   0.80799	   0.50309	   0.00000	   0.50309	   0.12196	  -0.00000	   0.00000	  -0.00000	  -0.92996
B         	  -3.93118	   2.14733	   0.00000	  -0.74701	   0.39637	  -0.32015	   0.00000	  -0.32015	   0.10672	   0.00000	   0.00000	   0.00000	  -0.50309
B         	  -3.92509	   6.45718	   0.00000	   0.39637	  -0.04574	  -0.09147	   0.00000	  -0.09147	   0.28966	   0.00000	   0.00000	   0.00000	  -0.24392
B         	  -1.31459	  -2.14351	   0.00000	  -0.67079	  -1.23486	  -1.32633	  -0.00000	  -1.32633	   5.74744	   0.00000	  -0.00000	   0.00000	  -4.51258
B         	  -1.29901	   2.11697	   0.00000	  -2.40874	   4.63454	  -2.39349	   0.00000	  -2.39349	  -0.33539	   0.00000	   0.00000	   0.00000	  -4.31439
B         	  -1.30599	  -6.47227	   0.00000	  -0.07623	  -0.16770	  -0.01525	   0.00000	  -0.01525	   0.44211	   0.00000	   0.00000	   0.00000	  -0.27441
B         	   1.31459	  -2.14351	   0.00000	  -0.67079	  -1.23486	   1.32633	   0.00000	   1.32633	   5.74744	   0.00000	   0.00000	   0.00000	  -4.51258
B         	   1.29901	   2.11697	   0.00000	  -2.40874	   4.63454	   2.39349	   0.00000	   2.39349	  -0.33539	   0.00000	   0.00000	   0.00000	  -4.31439
B         	   1.30599	  -6.47227	   0.00000	  -0.07623	  -0.16770	   0.01525	  -0.00000	   0.01525	   0.44211	   0.00000	  -0.00000	   0.00000	  -0.27441
B         	   3.94425	  -2.17033	   0.00000	  -1.46354	   0.80799	  -0.50309	  -0.00000	  -0.50309	   0.12196	  -0.00000	  -0.00000	  -0.00000	  -0.92996
B         	   3.93118	   2.14733	   0.00000	  -0.74701	   0.39637	   0.32015	   0.00000	   0.32015	   0.10672	  -0.00000	   0.00000	  -0.00000	  -0.50309
B         	   3.92509	   6.45718	   0.00000	   0.39637	  -0.04574	   0.09147	  -0.00000	   0.09147	   0.28966	   0.00000	  -0.00000	   0.00000	  -0.24392
B         	   6.55337	  -2.17718	   0.00000	  -0.10672	   0.19819	  -0.07623	  -0.00000	  -0.07623	  -0.03049	  -0.00000	  -0.00000	  -0.00000	  -0.16770
B         	   6.54672	   2.14016	   0.00000	   0.00000	   0.15245	   0.07623	   0.00000	   0.07623	  -0.03049	  -0.00000	   0.00000	  -0.00000	  -0.12196
B         	   6.54202	   6.45069	   0.00000	  -0.01525	   0.04574	   0.00000	  -0.00000	   0.00000	   0.03049	   0.00000	  -0.00000	   0.00000	  -0.09147
B         	   9.16023	  -2.18007	   0.00000	  -0.01525	   0.09147	  -0.01525	  -0.00000	  -0.01525	  -0.03049	  -0.00000	  -0.00000	  -0.00000	  -0.06098
B         	   9.15695	   2.13526	   0.00000	   0.00000	   0.07623	   0.01525	   0.00000	   0.01525	  -0.03049	  -0.00000	   0.00000	  -0.00000	  -0.04574
B         	   9.15504	   6.44721	   0.00000	  -0.00000	   0.06098	  -0.00000	  -0.00000	  -0.00000	  -0.01525	   0.00000	  -0.00000	   0.00000	  -0.04574
N         	 -10.46434	  -2.88818	   0.00000	   0.00000	   0.07623	   0.01525	   0.00000	   0.01525	  -0.03049	   0.00000	   0.00000	   0.00000	  -0.04574
N         	 -10.46389	   1.42818	   0.00000	   0.00000	   0.07623	  -0.00000	  -0.00000	  -0.00000	  -0.03049	   0.00000	  -0.00000	   0.00000	  -0.04574
N         	 -10.46215	   5.74118	   0.00000	   0.00000	   0.06098	  -0.00000	  -0.00000	  -0.00000	  -0.01525	   0.00000	  -0.00000	   0.00000	  -0.04574
N         	  -7.86125	  -2.88670	   0.00000	   0.09147	   0.12196	   0.06098	   0.00000	   0.06098	  -0.03049	   0.00000	   0.00000	   0.00000	  -0.09147
N         	  -7.85940	   1.43141	   0.00000	   0.01525	   0.12196	  -0.03049	  -0.00000	  -0.03049	  -0.04574	   0.00000	  -0.00000	   0.00000	  -0.07623
N         	  -7.85331	   5.74423	   0.00000	   0.01525	   0.06098	  -0.00000	   0.00000	  -0.00000	   0.00000	   0.00000	   0.00000	   0.00000	  -0.06098
N         	  -5.25676	  -2.88493	   0.00000	   1.29584	   0.38113	   0.48785	   0.00000	   0.48785	   0.04574	   0.00000	   0.00000	   0.00000	  -0.42687
N         	  -5.25495	   1.43940	   0.00000	   0.03049	   0.35064	  -0.07623	  -0.00000	  -0.07623	  -0.03049	   0.00000	  -0.00000	   0.00000	  -0.32015
N         	  -5.24025	   5.75077	   0.00000	   0.09147	  -0.01525	   0.03049	   0.00000	   0.03049	   0.18294	   0.00000	   0.00000	   0.00000	  -0.16770
N         	  -2.64686	  -2.88237	   0.00000	  35.52128	   2.07335	   8.58304	   0.00000	   8.58304	   3.65884	   0.00000	   0.00000	   0.00000	  -5.73219
N         	  -2.64947	   1.45104	   0.00000	   5.27483	  -0.28966	   1.41780	  -0.00000	   1.41780	   3.67409	   0.00000	  -0.00000	   0.00000	  -3.38443
N         	  -2.61964	   5.75854	   0.00000	   2.54595	  -0.21343	  -0.38113	  -0.00000	  -0.38113	   0.71652	  -0.00000	  -0.00000	  -0.00000	  -0.48785
N         	   0.00000	  -2.85686	   0.00000	   8.06470	   3.85703	   0.00000	   0.00000	   0.00000	  -0.44211	   0.00000	   0.00000	   0.00000	  -3.39968
N         	   0.00000	   5.76090	   0.00000	   0.68603	  -0.30490	  -0.00000	  -0.00000	  -0.00000	   0.71652	   0.00000	  -0.00000	   0.00000	  -0.41162
N         	   2.64686	  -2.88237	   0.00000	  35.52128	   2.07335	  -8.58304	   0.00000	  -8.58304	   3.65884	  -0.00000	   0.00000	  -0.00000	  -5.73219
N         	   2.64947	   1.45104	   0.00000	   5.27483	  -0.28966	  -1.41780	  -0.00000	  -1.41780	   3.67409	   0.00000	  -0.00000	   0.00000	  -3.38443
N         	   2.61964	   5.75854	   0.00000	   2.54595	  -0.21343	   0.38113	  -0.00000	   0.38113	   0.71652	  -0.00000	  -0.00000	  -0.00000	  -0.48785
N         	   5.25676	  -2.88493	   0.00000	   1.29584	   0.38113	  -0.48785	   0.00000	  -0.48785	   0.04574	  -0.00000	   0.00000	  -0.00000	  -0.42687
N         	   5.25495	   1.43940	   0.00000	   0.03049	   0.35064	   0.07623	  -0.00000	   0.07623	  -0.03049	  -0.00000	  -0.00000	  -0.00000	  -0.32015
N         	   5.24025	   5.75077	   0.00000	   0.09147	  -0.01525	  -0.03049	  -0.00000	  -0.03049	   0.18294	  -0.00000	  -0.00000	  -0.00000	  -0.16770
N         	   7.86125	  -2.88670	   0.00000	   0.09147	   0.12196	  -0.06098	   0.00000	  -0.06098	  -0.03049	  -0.00000	   0.00000	  -0.00000	  -0.09147
N         	   7.85940	   1.43141	   0.00000	   0.01525	   0.12196	   0.03049	  -0.00000	   0.03049	  -0.04574	  -0.00000	  -0.00000	  -0.00000	  -0.07623
N         	   7.85331	   5.74423	   0.00000	   0.01525	   0.06098	   0.00000	  -0.00000	   0.00000	   0.00000	  -0.00000	  -0.00000	  -0.00000	  -0.06098
N         	  10.46434	  -2.88818	   0.00000	   0.00000	   0.07623	  -0.01525	   0.00000	  -0.01525	  -0.03049	  -0.00000	   0.00000	  -0.00000	  -0.04574
N         	  10.46389	   1.42818	   0.00000	   0.00000	   0.07623	   0.00000	  -0.00000	   0.00000	  -0.03049	  -0.00000	  -0.00000	  -0.00000	  -0.04574
N         	  10.46215	   5.74118	   0.00000	   0.00000	   0.06098	   0.00000	  -0.00000	   0.00000	  -0.01525	   0.00000	  -0.00000	   0.00000	  -0.04574
N         	 -11.76588	  -5.04485	   0.00000	   0.00000	   0.06098	   0.00000	   0.00000	   0.00000	  -0.01525	  -0.00000	   0.00000	  -0.00000	  -0.04574
N         	 -11.76588	  -0.73055	   0.00000	   0.01525	   0.09147	  -0.00000	   0.00000	  -0.00000	  -0.04574	  -0.00000	   0.00000	  -0.00000	  -0.04574
N         	 -11.76588	   3.58490	   0.00000	  -0.00000	   0.06098	   0.00000	  -0.00000	   0.00000	  -0.03049	  -0.00000	  -0.00000	  -0.00000	  -0.04574
N         	  -9.15940	  -5.04395	   0.00000	   0.01525	   0.06098	   0.01525	   0.00000	   0.01525	  -0.01525	  -0.00000	   0.00000	  -0.00000	  -0.04574
N         	  -9.16563	  -0.72921	   0.00000	   0.13721	   0.13721	   0.01525	   0.00000	   0.01525	  -0.06098	   0.00000	   0.00000	   0.00000	  -0.07623
N         	  -9.15851	   3.58663	   0.00000	  -0.00000	   0.07623	  -0.01525	  -0.00000	  -0.01525	  -0.01525	  -0.00000	  -0.00000	  -0.00000	  -0.04574
N         	  -6.55152	  -5.04130	   0.00000	   0.10672	   0.06098	   0.07623	   0.00000	   0.07623	   0.04574	  -0.00000	   0.00000	  -0.00000	  -0.10672
N         	  -6.56883	  -0.72648	   0.00000	   1.89040	   0.67079	   0.19819	   0.00000	   0.19819	  -0.28966	   0.00000	   0.00000	   0.00000	  -0.38113
N         	  -6.54935	   3.59271	   0.00000	  -0.01525	   0.09147	  -0.06098	  -0.00000	  -0.06098	   0.01525	   0.00000	  -0.00000	   0.00000	  -0.10672
N         	  -3.93781	  -5.03567	   0.00000	   2.45447	  -0.04574	   0.74701	   0.00000	   0.74701	   0.70128	   0.00000	   0.00000	   0.00000	  -0.67079
N         	  -3.98599	  -0.72300	   0.00000	  26.83153	   7.22622	   3.94850	  -0.00000	   3.94850	  -2.91183	   0.00000	  -0.00000	   0.00000	  -4.29914
N         	  -3.93595	   3.60304	   0.00000	   0.36588	   0.04574	  -0.28966	  -0.00000	  -0.28966	   0.35064	  -0.00000	  -0.00000	  -0.00000	  -0.39637
N         	  -1.31191	  -5.02182	   0.00000	   0.30490	  -0.07623	   0.16770	   0.00000	   0.16770	   0.50309	   0.00000	   0.00000	   0.00000	  -0.44211
N         	  -1.31393	   3.60281	   0.00000	  30.00253	  -3.39968	  -3.75032	   0.00000	  -3.75032	   7.97323	  -0.00000	   0.00000	  -0.00000	  -4.57356
N         	   1.31191	  -5.02182	   0.00000	   0.30490	  -0.07623	  -0.16770	  -0.00000	  -0.16770	   0.50309	   0.00000	  -0.00000	   0.00000	  -0.44211
N         	   1.31393	   3.60281	   0.00000	  30.00253	  -3.39968	   3.75032	  -0.00000	   3.75032	   7.97323	  -0.00000	  -0.00000	  -0.00000	  -4.57356
N         	   3.93781	  -5.03567	   0.00000	   2.45447	  -0.04574	  -0.74701	  -0.00000	  -0.74701	   0.70128	   0.00000	  -0.00000	   0.00000	  -0.67079
N         	   3.98599	  -0.72300	   0.00000	  26.83153	   7.22622	  -3.94850	  -0.00000	  -3.94850	  -2.91183	  -0.00000	  -0.00000	  -0.00000	  -4.29914
N         	   3.93595	   3.60304	   0.00000	   0.36588	   0.04574	   0.28966	  -0.00000	   0.28966	   0.35064	  -0.00000	  -0.00000	  -0.00000	  -0.39637
N         	   6.55152	  -5.04130	   0.00000	   0.10672	   0.06098	  -0.07623	   0.00000	  -0.07623	   0.04574	   0.00000	   0.00000	   0.00000	  -0.10672
N         	   6.56883	  -0.72648	   0.00000	   1.89040	   0.67079	  -0.19819	   0.00000	  -0.19819	  -0.28966	  -0.00000	   0.00000	  -0.00000	  -0.38113
N         	   6.54935	   3.59271	   0.00000	  -0.01525	   0.09147	   0.06098	  -0.00000	   0.06098	   0.01525	  -0.00000	  -0.00000	  -0.00000	  -0.10672
N         	   9.15940	  -5.04395	   0.00000	   0.01525	   0.06098	  -0.01525	   0.00000	  -0.01525	  -0.01525	   0.00000	   0.00000	   0.00000	  -0.04574
N         	   9.16563	  -0.72921	   0.00000	   0.13721	   0.13721	  -0.01525	   0.00000	  -0.01525	  -0.06098	  -0.00000	   0.00000	  -0.00000	  -0.07623
N         	   9.15851	   3.58663	   0.00000	  -0.00000	   0.07623	   0.01525	  -0.00000	   0.01525	  -0.01525	  -0.00000	  -0.00000	  -0.00000	  -0.04574
N         	   1.48187	  -0.75932	   0.00000	 267.90366	  74.22881	 -99.10896	   0.00000	 -99.10896	  -7.33293	   0.00000	   0.00000	   0.00000	 -66.91112
N         	  -1.48187	  -0.75932	   0.00000	 267.90366	  74.22881	  99.10896	   0.00000	  99.10896	  -7.33293	   0.00000	   0.00000	   0.00000	 -66.91112
N         	   0.00000	   1.51864	   0.00000	 276.12081	 -71.72860	   0.00000	  -0.00000	   0.00000	 138.27384	   0.00000	  -0.00000	   0.00000	 -66.54524
