2257.00000	   0.00000	   0.00000	   0.00000
   1.31989	   2.14600	   7.50000	       11B
   1.31989	   6.45141	   7.50000	       11B
   1.31989	  10.75682	   7.50000	       10B
   3.95967	   2.14600	   7.50000	       11B
   3.95967	   6.45141	   7.50000	       11B
   3.95967	  10.75682	   7.50000	       11B
   6.59945	   2.14600	   7.50000	       11B
   6.59945	   6.45141	   7.50000	       11B
   6.59945	  10.75682	   7.50000	       11B
   9.23923	   2.14600	   7.50000	       11B
   9.23923	   6.45141	   7.50000	       10B
   9.23923	  10.75682	   7.50000	       11B
  11.87901	   2.14600	   7.50000	       11B
  11.87901	   6.45141	   7.50000	       11B
  11.87901	  10.75682	   7.50000	       10B
  14.51879	   2.14600	   7.50000	       10B
  14.51879	   6.45141	   7.50000	       11B
  14.51879	  10.75682	   7.50000	       11B
  17.15857	   2.14600	   7.50000	       11B
  17.15857	   6.45141	   7.50000	       10B
  17.15857	  10.75682	   7.50000	       11B
  19.79835	   2.14600	   7.50000	       11B
  19.79835	   6.45141	   7.50000	       11B
  19.79835	  10.75682	   7.50000	       11B
  22.43813	   2.14600	   7.50000	       11B
  22.43813	   6.45141	   7.50000	       10B
  22.43813	  10.75682	   7.50000	       11B
   0.00000	   4.29870	   7.50000	       11B
   0.00000	   8.60411	   7.50000	       11B
   0.00000	  12.90952	   7.50000	       11B
   2.63978	   4.29870	   7.50000	       11B
   2.63978	   8.60411	   7.50000	       10B
   2.63978	  12.90952	   7.50000	       11B
   5.27956	   4.29870	   7.50000	       11B
   5.27956	   8.60411	   7.50000	       11B
   5.27956	  12.90952	   7.50000	       11B
   7.91934	   4.29870	   7.50000	       11B
   7.91934	   8.60411	   7.50000	       11B
   7.91934	  12.90952	   7.50000	       11B
  10.55912	   4.29870	   7.50000	       11B
  10.55912	   8.60411	   7.50000	       11B
  10.55912	  12.90952	   7.50000	       11B
  13.19890	   4.29870	   7.50000	       11B
  13.19890	   8.60411	   7.50000	       11B
  13.19890	  12.90952	   7.50000	       10B
  15.83868	   4.29870	   7.50000	       11B
  15.83868	   8.60411	   7.50000	       11B
  15.83868	  12.90952	   7.50000	       11B
  18.47846	   4.29870	   7.50000	       11B
  18.47846	   8.60411	   7.50000	       11B
  18.47846	  12.90952	   7.50000	       11B
  21.11824	   4.29870	   7.50000	       11B
  21.11824	   8.60411	   7.50000	       10B
  21.11824	  12.90952	   7.50000	       11B
   1.31989	   3.59698	   7.50000	       14N
   1.31989	   7.90239	   7.50000	       14N
   1.31989	  12.20780	   7.50000	       14N
   3.95967	   3.59698	   7.50000	       14N
   3.95967	   7.90239	   7.50000	       14N
   3.95967	  12.20780	   7.50000	       14N
   6.59945	   3.59698	   7.50000	       14N
   6.59945	   7.90239	   7.50000	       14N
   6.59945	  12.20780	   7.50000	       14N
   9.23923	   3.59698	   7.50000	       14N
   9.23923	   7.90239	   7.50000	       14N
   9.23923	  12.20780	   7.50000	       14N
  11.87901	   3.59698	   7.50000	       14N
  11.87901	   7.90239	   7.50000	       14N
  11.87901	  12.20780	   7.50000	       14N
  14.51879	   3.59698	   7.50000	       14N
  14.51879	   7.90239	   7.50000	       14N
  14.51879	  12.20780	   7.50000	       14N
  17.15857	   3.59698	   7.50000	       14N
  17.15857	   7.90239	   7.50000	       14N
  17.15857	  12.20780	   7.50000	       14N
  19.79835	   3.59698	   7.50000	       14N
  19.79835	   7.90239	   7.50000	       14N
  19.79835	  12.20780	   7.50000	       14N
  22.43813	   3.59698	   7.50000	       14N
  22.43813	   7.90239	   7.50000	       14N
  22.43813	  12.20780	   7.50000	       14N
   0.00000	   1.44428	   7.50000	       14N
   0.00000	   5.74969	   7.50000	       14N
   0.00000	  10.05510	   7.50000	       14N
   2.63978	   1.44428	   7.50000	       14N
   2.63978	   5.74969	   7.50000	       14N
   2.63978	  10.05510	   7.50000	       14N
   5.27956	   1.44428	   7.50000	       14N
   5.27956	   5.74969	   7.50000	       14N
   5.27956	  10.05510	   7.50000	       14N
   7.91934	   1.44428	   7.50000	       14N
   7.91934	   5.74969	   7.50000	       14N
   7.91934	  10.05510	   7.50000	       14N
  10.55912	   1.44428	   7.50000	       15N
  10.55912	   5.74969	   7.50000	       14N
  10.55912	  10.05510	   7.50000	       14N
  13.19890	   1.44428	   7.50000	       14N
  13.19890	   5.74969	   7.50000	       14N
  13.19890	  10.05510	   7.50000	       14N
  15.83868	   1.44428	   7.50000	       14N
  15.83868	   5.74969	   7.50000	       14N
  15.83868	  10.05510	   7.50000	       14N
  18.47846	   1.44428	   7.50000	       14N
  18.47846	   5.74969	   7.50000	       14N
  18.47846	  10.05510	   7.50000	       14N
  21.11824	   1.44428	   7.50000	       14N
  21.11824	   5.74969	   7.50000	       14N
  21.11824	  10.05510	   7.50000	       14N
   1.31989	  15.06223	   7.50000	       11B
   1.31989	  19.36764	   7.50000	       11B
   1.31989	  23.67304	   7.50000	       10B
   3.95967	  15.06223	   7.50000	       11B
   3.95967	  19.36764	   7.50000	       11B
   3.95967	  23.67304	   7.50000	       11B
   6.59945	  15.06223	   7.50000	       11B
   6.59945	  19.36764	   7.50000	       11B
   6.59945	  23.67304	   7.50000	       11B
   9.23923	  15.06223	   7.50000	       11B
   9.23923	  19.36764	   7.50000	       11B
   9.23923	  23.67304	   7.50000	       11B
  11.87901	  15.06223	   7.50000	       11B
  11.87901	  19.36764	   7.50000	       11B
  11.87901	  23.67304	   7.50000	       11B
  14.51879	  15.06223	   7.50000	       10B
  14.51879	  19.36764	   7.50000	       11B
  14.51879	  23.67304	   7.50000	       11B
  17.15857	  15.06223	   7.50000	       10B
  17.15857	  19.36764	   7.50000	       11B
  17.15857	  23.67304	   7.50000	       11B
  19.79835	  15.06223	   7.50000	       11B
  19.79835	  19.36764	   7.50000	       11B
  19.79835	  23.67304	   7.50000	       11B
  22.43813	  15.06223	   7.50000	       11B
  22.43813	  19.36764	   7.50000	       11B
  22.43813	  23.67304	   7.50000	       11B
   0.00000	  17.21493	   7.50000	       11B
   0.00000	  21.52034	   7.50000	       11B
   0.00000	  25.82575	   7.50000	       11B
   2.63978	  17.21493	   7.50000	       10B
   2.63978	  21.52034	   7.50000	       11B
   2.63978	  25.82575	   7.50000	       11B
   5.27956	  17.21493	   7.50000	       11B
   5.27956	  21.52034	   7.50000	       11B
   5.27956	  25.82575	   7.50000	       11B
   7.91934	  17.21493	   7.50000	       11B
   7.91934	  21.52034	   7.50000	       10B
   7.91934	  25.82575	   7.50000	       11B
  10.55912	  17.21493	   7.50000	       10B
  10.55912	  21.52034	   7.50000	       11B
  10.55912	  25.82575	   7.50000	       11B
  13.19890	  17.21493	   7.50000	       10B
  13.19890	  21.52034	   7.50000	       11B
  13.19890	  25.82575	   7.50000	       11B
  15.83868	  17.21493	   7.50000	       11B
  15.83868	  21.52034	   7.50000	       11B
  15.83868	  25.82575	   7.50000	       11B
  18.47846	  17.21493	   7.50000	       11B
  18.47846	  21.52034	   7.50000	       11B
  18.47846	  25.82575	   7.50000	       11B
  21.11824	  17.21493	   7.50000	       10B
  21.11824	  21.52034	   7.50000	       11B
  21.11824	  25.82575	   7.50000	       11B
   1.31989	  16.51321	   7.50000	       14N
   1.31989	  20.81862	   7.50000	       14N
   1.31989	  25.12403	   7.50000	       14N
   3.95967	  16.51321	   7.50000	       14N
   3.95967	  20.81862	   7.50000	       14N
   3.95967	  25.12403	   7.50000	       14N
   6.59945	  16.51321	   7.50000	       14N
   6.59945	  20.81862	   7.50000	       14N
   6.59945	  25.12403	   7.50000	       14N
   9.23923	  16.51321	   7.50000	       14N
   9.23923	  20.81862	   7.50000	       14N
   9.23923	  25.12403	   7.50000	       14N
  11.87901	  16.51321	   7.50000	       14N
  11.87901	  20.81862	   7.50000	       14N
  11.87901	  25.12403	   7.50000	       14N
  14.51879	  16.51321	   7.50000	       14N
  14.51879	  20.81862	   7.50000	       14N
  14.51879	  25.12403	   7.50000	       14N
  17.15857	  16.51321	   7.50000	       14N
  17.15857	  20.81862	   7.50000	       14N
  17.15857	  25.12403	   7.50000	       14N
  19.79835	  16.51321	   7.50000	       14N
  19.79835	  20.81862	   7.50000	       14N
  19.79835	  25.12403	   7.50000	       14N
  22.43813	  16.51321	   7.50000	       14N
  22.43813	  20.81862	   7.50000	       14N
  22.43813	  25.12403	   7.50000	       14N
   0.00000	  14.36050	   7.50000	       14N
   0.00000	  18.66591	   7.50000	       14N
   0.00000	  22.97132	   7.50000	       14N
   2.63978	  14.36050	   7.50000	       14N
   2.63978	  18.66591	   7.50000	       14N
   2.63978	  22.97132	   7.50000	       14N
   5.27956	  14.36050	   7.50000	       14N
   5.27956	  18.66591	   7.50000	       14N
   5.27956	  22.97132	   7.50000	       14N
   7.91934	  14.36050	   7.50000	       14N
   7.91934	  18.66591	   7.50000	       14N
   7.91934	  22.97132	   7.50000	       14N
  10.55912	  14.36050	   7.50000	       14N
  10.55912	  18.66591	   7.50000	       14N
  10.55912	  22.97132	   7.50000	       14N
  13.19890	  14.36050	   7.50000	       14N
  13.19890	  18.66591	   7.50000	       14N
  13.19890	  22.97132	   7.50000	       14N
  15.83868	  14.36050	   7.50000	       14N
  15.83868	  18.66591	   7.50000	       14N
  15.83868	  22.97132	   7.50000	       14N
  18.47846	  14.36050	   7.50000	       14N
  18.47846	  18.66591	   7.50000	       14N
  18.47846	  22.97132	   7.50000	       14N
  21.11824	  14.36050	   7.50000	       14N
  21.11824	  18.66591	   7.50000	       14N
  21.11824	  22.97132	   7.50000	       14N
   1.31989	  27.97845	   7.50000	       11B
   1.31989	  32.28386	   7.50000	       11B
   1.31989	  36.58927	   7.50000	       11B
   3.95967	  27.97845	   7.50000	       11B
   3.95967	  32.28386	   7.50000	       11B
   3.95967	  36.58927	   7.50000	       11B
   6.59945	  27.97845	   7.50000	       10B
   6.59945	  32.28386	   7.50000	       10B
   6.59945	  36.58927	   7.50000	       11B
   9.23923	  27.97845	   7.50000	       11B
   9.23923	  32.28386	   7.50000	       11B
   9.23923	  36.58927	   7.50000	       11B
  11.87901	  27.97845	   7.50000	       11B
  11.87901	  32.28386	   7.50000	       11B
  11.87901	  36.58927	   7.50000	       11B
  14.51879	  27.97845	   7.50000	       11B
  14.51879	  32.28386	   7.50000	       11B
  14.51879	  36.58927	   7.50000	       10B
  17.15857	  27.97845	   7.50000	       11B
  17.15857	  32.28386	   7.50000	       11B
  17.15857	  36.58927	   7.50000	       11B
  19.79835	  27.97845	   7.50000	       11B
  19.79835	  32.28386	   7.50000	       10B
  19.79835	  36.58927	   7.50000	       11B
  22.43813	  27.97845	   7.50000	       10B
  22.43813	  32.28386	   7.50000	       11B
  22.43813	  36.58927	   7.50000	       11B
   0.00000	  30.13115	   7.50000	       11B
   0.00000	  34.43656	   7.50000	       11B
   0.00000	  38.74197	   7.50000	       11B
   2.63978	  30.13115	   7.50000	       11B
   2.63978	  34.43656	   7.50000	       11B
   2.63978	  38.74197	   7.50000	       10B
   5.27956	  30.13115	   7.50000	       10B
   5.27956	  34.43656	   7.50000	       11B
   5.27956	  38.74197	   7.50000	       10B
   7.91934	  30.13115	   7.50000	       10B
   7.91934	  34.43656	   7.50000	       11B
   7.91934	  38.74197	   7.50000	       11B
  10.55912	  30.13115	   7.50000	       10B
  10.55912	  34.43656	   7.50000	       10B
  10.55912	  38.74197	   7.50000	       11B
  13.19890	  30.13115	   7.50000	       10B
  13.19890	  34.43656	   7.50000	       10B
  13.19890	  38.74197	   7.50000	       11B
  15.83868	  30.13115	   7.50000	       11B
  15.83868	  34.43656	   7.50000	       11B
  15.83868	  38.74197	   7.50000	       11B
  18.47846	  30.13115	   7.50000	       10B
  18.47846	  34.43656	   7.50000	       11B
  18.47846	  38.74197	   7.50000	       11B
  21.11824	  30.13115	   7.50000	       11B
  21.11824	  34.43656	   7.50000	       10B
  21.11824	  38.74197	   7.50000	       11B
   1.31989	  29.42944	   7.50000	       14N
   1.31989	  33.73484	   7.50000	       14N
   1.31989	  38.04025	   7.50000	       14N
   3.95967	  29.42944	   7.50000	       14N
   3.95967	  33.73484	   7.50000	       14N
   3.95967	  38.04025	   7.50000	       14N
   6.59945	  29.42944	   7.50000	       14N
   6.59945	  33.73484	   7.50000	       14N
   6.59945	  38.04025	   7.50000	       14N
   9.23923	  29.42944	   7.50000	       14N
   9.23923	  33.73484	   7.50000	       14N
   9.23923	  38.04025	   7.50000	       14N
  11.87901	  29.42944	   7.50000	       14N
  11.87901	  33.73484	   7.50000	       14N
  11.87901	  38.04025	   7.50000	       14N
  14.51879	  29.42944	   7.50000	       14N
  14.51879	  33.73484	   7.50000	       14N
  14.51879	  38.04025	   7.50000	       14N
  17.15857	  29.42944	   7.50000	       14N
  17.15857	  33.73484	   7.50000	       14N
  17.15857	  38.04025	   7.50000	       14N
  19.79835	  29.42944	   7.50000	       14N
  19.79835	  33.73484	   7.50000	       14N
  19.79835	  38.04025	   7.50000	       14N
  22.43813	  29.42944	   7.50000	       14N
  22.43813	  33.73484	   7.50000	       14N
  22.43813	  38.04025	   7.50000	       14N
   0.00000	  27.27673	   7.50000	       14N
   0.00000	  31.58214	   7.50000	       14N
   0.00000	  35.88755	   7.50000	       14N
   2.63978	  27.27673	   7.50000	       14N
   2.63978	  31.58214	   7.50000	       14N
   2.63978	  35.88755	   7.50000	       14N
   5.27956	  27.27673	   7.50000	       14N
   5.27956	  31.58214	   7.50000	       14N
   5.27956	  35.88755	   7.50000	       14N
   7.91934	  27.27673	   7.50000	       14N
   7.91934	  31.58214	   7.50000	       14N
   7.91934	  35.88755	   7.50000	       14N
  10.55912	  27.27673	   7.50000	       14N
  10.55912	  31.58214	   7.50000	       14N
  10.55912	  35.88755	   7.50000	       14N
  13.19890	  27.27673	   7.50000	       14N
  13.19890	  31.58214	   7.50000	       14N
  13.19890	  35.88755	   7.50000	       14N
  15.83868	  27.27673	   7.50000	       14N
  15.83868	  31.58214	   7.50000	       14N
  15.83868	  35.88755	   7.50000	       14N
  18.47846	  27.27673	   7.50000	       14N
  18.47846	  31.58214	   7.50000	       14N
  18.47846	  35.88755	   7.50000	       14N
  21.11824	  27.27673	   7.50000	       14N
  21.11824	  31.58214	   7.50000	       14N
  21.11824	  35.88755	   7.50000	       14N
   1.31989	  40.89468	   7.50000	       11B
   1.31989	  45.20009	   7.50000	       11B
   1.31989	  49.50549	   7.50000	       11B
   3.95967	  40.89468	   7.50000	       11B
   3.95967	  45.20009	   7.50000	       11B
   3.95967	  49.50549	   7.50000	       11B
   6.59945	  40.89468	   7.50000	       11B
   6.59945	  45.20009	   7.50000	       10B
   6.59945	  49.50549	   7.50000	       10B
   9.23923	  40.89468	   7.50000	       11B
   9.23923	  45.20009	   7.50000	       11B
   9.23923	  49.50549	   7.50000	       11B
  11.87901	  40.89468	   7.50000	       10B
  11.87901	  45.20009	   7.50000	       11B
  11.87901	  49.50549	   7.50000	       10B
  14.51879	  40.89468	   7.50000	       11B
  14.51879	  45.20009	   7.50000	       11B
  14.51879	  49.50549	   7.50000	       11B
  17.15857	  40.89468	   7.50000	       11B
  17.15857	  45.20009	   7.50000	       11B
  17.15857	  49.50549	   7.50000	       10B
  19.79835	  40.89468	   7.50000	       11B
  19.79835	  45.20009	   7.50000	       11B
  19.79835	  49.50549	   7.50000	       11B
  22.43813	  40.89468	   7.50000	       10B
  22.43813	  45.20009	   7.50000	       11B
  22.43813	  49.50549	   7.50000	       11B
   0.00000	  43.04738	   7.50000	       11B
   0.00000	  47.35279	   7.50000	       11B
   0.00000	  51.65820	   7.50000	       11B
   2.63978	  43.04738	   7.50000	       11B
   2.63978	  47.35279	   7.50000	       11B
   2.63978	  51.65820	   7.50000	       10B
   5.27956	  43.04738	   7.50000	       11B
   5.27956	  47.35279	   7.50000	       11B
   5.27956	  51.65820	   7.50000	       11B
   7.91934	  43.04738	   7.50000	       11B
   7.91934	  47.35279	   7.50000	       10B
   7.91934	  51.65820	   7.50000	       11B
  10.55912	  43.04738	   7.50000	       11B
  10.55912	  47.35279	   7.50000	       11B
  10.55912	  51.65820	   7.50000	       11B
  13.19890	  43.04738	   7.50000	       10B
  13.19890	  47.35279	   7.50000	       10B
  13.19890	  51.65820	   7.50000	       11B
  15.83868	  43.04738	   7.50000	       10B
  15.83868	  47.35279	   7.50000	       11B
  15.83868	  51.65820	   7.50000	       11B
  18.47846	  43.04738	   7.50000	       11B
  18.47846	  47.35279	   7.50000	       11B
  18.47846	  51.65820	   7.50000	       11B
  21.11824	  43.04738	   7.50000	       11B
  21.11824	  47.35279	   7.50000	       10B
  21.11824	  51.65820	   7.50000	       10B
   1.31989	  42.34566	   7.50000	       14N
   1.31989	  46.65107	   7.50000	       14N
   1.31989	  50.95648	   7.50000	       14N
   3.95967	  42.34566	   7.50000	       14N
   3.95967	  46.65107	   7.50000	       14N
   3.95967	  50.95648	   7.50000	       14N
   6.59945	  42.34566	   7.50000	       14N
   6.59945	  46.65107	   7.50000	       14N
   6.59945	  50.95648	   7.50000	       14N
   9.23923	  42.34566	   7.50000	       14N
   9.23923	  46.65107	   7.50000	       14N
   9.23923	  50.95648	   7.50000	       14N
  11.87901	  42.34566	   7.50000	       14N
  11.87901	  46.65107	   7.50000	       14N
  11.87901	  50.95648	   7.50000	       14N
  14.51879	  42.34566	   7.50000	       14N
  14.51879	  46.65107	   7.50000	       14N
  14.51879	  50.95648	   7.50000	       14N
  17.15857	  42.34566	   7.50000	       14N
  17.15857	  46.65107	   7.50000	       14N
  17.15857	  50.95648	   7.50000	       14N
  19.79835	  42.34566	   7.50000	       14N
  19.79835	  46.65107	   7.50000	       14N
  19.79835	  50.95648	   7.50000	       14N
  22.43813	  42.34566	   7.50000	       14N
  22.43813	  46.65107	   7.50000	       14N
  22.43813	  50.95648	   7.50000	       14N
   0.00000	  40.19295	   7.50000	       14N
   0.00000	  44.49836	   7.50000	       14N
   0.00000	  48.80377	   7.50000	       14N
   2.63978	  40.19295	   7.50000	       14N
   2.63978	  44.49836	   7.50000	       14N
   2.63978	  48.80377	   7.50000	       14N
   5.27956	  40.19295	   7.50000	       14N
   5.27956	  44.49836	   7.50000	       14N
   5.27956	  48.80377	   7.50000	       14N
   7.91934	  40.19295	   7.50000	       14N
   7.91934	  44.49836	   7.50000	       14N
   7.91934	  48.80377	   7.50000	       14N
  10.55912	  40.19295	   7.50000	       14N
  10.55912	  44.49836	   7.50000	       14N
  10.55912	  48.80377	   7.50000	       14N
  13.19890	  40.19295	   7.50000	       14N
  13.19890	  44.49836	   7.50000	       14N
  13.19890	  48.80377	   7.50000	       14N
  15.83868	  40.19295	   7.50000	       14N
  15.83868	  44.49836	   7.50000	       14N
  15.83868	  48.80377	   7.50000	       14N
  18.47846	  40.19295	   7.50000	       14N
  18.47846	  44.49836	   7.50000	       14N
  18.47846	  48.80377	   7.50000	       14N
  21.11824	  40.19295	   7.50000	       14N
  21.11824	  44.49836	   7.50000	       14N
  21.11824	  48.80377	   7.50000	       14N
   1.31989	  53.81090	   7.50000	       11B
   1.31989	  58.11631	   7.50000	       10B
   1.31989	  62.42172	   7.50000	       10B
   3.95967	  53.81090	   7.50000	       11B
   3.95967	  58.11631	   7.50000	       11B
   3.95967	  62.42172	   7.50000	       11B
   6.59945	  53.81090	   7.50000	       10B
   6.59945	  58.11631	   7.50000	       11B
   6.59945	  62.42172	   7.50000	       11B
   9.23923	  53.81090	   7.50000	       11B
   9.23923	  58.11631	   7.50000	       11B
   9.23923	  62.42172	   7.50000	       11B
  11.87901	  53.81090	   7.50000	       11B
  11.87901	  58.11631	   7.50000	       11B
  11.87901	  62.42172	   7.50000	       10B
  14.51879	  53.81090	   7.50000	       11B
  14.51879	  58.11631	   7.50000	       10B
  14.51879	  62.42172	   7.50000	       11B
  17.15857	  53.81090	   7.50000	       11B
  17.15857	  58.11631	   7.50000	       11B
  17.15857	  62.42172	   7.50000	       10B
  19.79835	  53.81090	   7.50000	       10B
  19.79835	  58.11631	   7.50000	       11B
  19.79835	  62.42172	   7.50000	       11B
  22.43813	  53.81090	   7.50000	       11B
  22.43813	  58.11631	   7.50000	       11B
  22.43813	  62.42172	   7.50000	       11B
   0.00000	  55.96360	   7.50000	       11B
   0.00000	  60.26901	   7.50000	       11B
   0.00000	  64.57442	   7.50000	       11B
   2.63978	  55.96360	   7.50000	       10B
   2.63978	  60.26901	   7.50000	       11B
   2.63978	  64.57442	   7.50000	       10B
   5.27956	  55.96360	   7.50000	       11B
   5.27956	  60.26901	   7.50000	       11B
   5.27956	  64.57442	   7.50000	       11B
   7.91934	  55.96360	   7.50000	       11B
   7.91934	  60.26901	   7.50000	       11B
   7.91934	  64.57442	   7.50000	       11B
  10.55912	  55.96360	   7.50000	       11B
  10.55912	  60.26901	   7.50000	       11B
  10.55912	  64.57442	   7.50000	       11B
  13.19890	  55.96360	   7.50000	       11B
  13.19890	  60.26901	   7.50000	       11B
  13.19890	  64.57442	   7.50000	       10B
  15.83868	  55.96360	   7.50000	       11B
  15.83868	  60.26901	   7.50000	       10B
  15.83868	  64.57442	   7.50000	       11B
  18.47846	  55.96360	   7.50000	       11B
  18.47846	  60.26901	   7.50000	       11B
  18.47846	  64.57442	   7.50000	       11B
  21.11824	  55.96360	   7.50000	       11B
  21.11824	  60.26901	   7.50000	       11B
  21.11824	  64.57442	   7.50000	       11B
   1.31989	  55.26189	   7.50000	       14N
   1.31989	  59.56729	   7.50000	       14N
   1.31989	  63.87270	   7.50000	       14N
   3.95967	  55.26189	   7.50000	       14N
   3.95967	  59.56729	   7.50000	       14N
   3.95967	  63.87270	   7.50000	       14N
   6.59945	  55.26189	   7.50000	       14N
   6.59945	  59.56729	   7.50000	       14N
   6.59945	  63.87270	   7.50000	       14N
   9.23923	  55.26189	   7.50000	       14N
   9.23923	  59.56729	   7.50000	       14N
   9.23923	  63.87270	   7.50000	       14N
  11.87901	  55.26189	   7.50000	       14N
  11.87901	  59.56729	   7.50000	       14N
  11.87901	  63.87270	   7.50000	       14N
  14.51879	  55.26189	   7.50000	       14N
  14.51879	  59.56729	   7.50000	       14N
  14.51879	  63.87270	   7.50000	       14N
  17.15857	  55.26189	   7.50000	       14N
  17.15857	  59.56729	   7.50000	       14N
  17.15857	  63.87270	   7.50000	       14N
  19.79835	  55.26189	   7.50000	       14N
  19.79835	  59.56729	   7.50000	       14N
  19.79835	  63.87270	   7.50000	       14N
  22.43813	  55.26189	   7.50000	       14N
  22.43813	  59.56729	   7.50000	       14N
  22.43813	  63.87270	   7.50000	       14N
   0.00000	  53.10918	   7.50000	       14N
   0.00000	  57.41459	   7.50000	       14N
   0.00000	  61.72000	   7.50000	       14N
   2.63978	  53.10918	   7.50000	       14N
   2.63978	  57.41459	   7.50000	       14N
   2.63978	  61.72000	   7.50000	       14N
   5.27956	  53.10918	   7.50000	       14N
   5.27956	  57.41459	   7.50000	       14N
   5.27956	  61.72000	   7.50000	       14N
   7.91934	  53.10918	   7.50000	       14N
   7.91934	  57.41459	   7.50000	       14N
   7.91934	  61.72000	   7.50000	       14N
  10.55912	  53.10918	   7.50000	       14N
  10.55912	  57.41459	   7.50000	       14N
  10.55912	  61.72000	   7.50000	       14N
  13.19890	  53.10918	   7.50000	       14N
  13.19890	  57.41459	   7.50000	       14N
  13.19890	  61.72000	   7.50000	       14N
  15.83868	  53.10918	   7.50000	       14N
  15.83868	  57.41459	   7.50000	       14N
  15.83868	  61.72000	   7.50000	       14N
  18.47846	  53.10918	   7.50000	       14N
  18.47846	  57.41459	   7.50000	       14N
  18.47846	  61.72000	   7.50000	       14N
  21.11824	  53.10918	   7.50000	       14N
  21.11824	  57.41459	   7.50000	       14N
  21.11824	  61.72000	   7.50000	       14N
   1.31989	  66.72713	   7.50000	       11B
   1.31989	  71.03254	   7.50000	       11B
   1.31989	  75.33795	   7.50000	       11B
   3.95967	  66.72713	   7.50000	       11B
   3.95967	  71.03254	   7.50000	       11B
   3.95967	  75.33795	   7.50000	       10B
   6.59945	  66.72713	   7.50000	       11B
   6.59945	  71.03254	   7.50000	       10B
   6.59945	  75.33795	   7.50000	       11B
   9.23923	  66.72713	   7.50000	       11B
   9.23923	  71.03254	   7.50000	       11B
   9.23923	  75.33795	   7.50000	       11B
  11.87901	  66.72713	   7.50000	       11B
  11.87901	  71.03254	   7.50000	       11B
  11.87901	  75.33795	   7.50000	       11B
  14.51879	  66.72713	   7.50000	       11B
  14.51879	  71.03254	   7.50000	       11B
  14.51879	  75.33795	   7.50000	       11B
  17.15857	  66.72713	   7.50000	       11B
  17.15857	  71.03254	   7.50000	       11B
  17.15857	  75.33795	   7.50000	       11B
  19.79835	  66.72713	   7.50000	       11B
  19.79835	  71.03254	   7.50000	       10B
  19.79835	  75.33795	   7.50000	       11B
  22.43813	  66.72713	   7.50000	       11B
  22.43813	  71.03254	   7.50000	       11B
  22.43813	  75.33795	   7.50000	       10B
   0.00000	  68.87983	   7.50000	       11B
   0.00000	  73.18524	   7.50000	       10B
   0.00000	  77.49065	   7.50000	       11B
   2.63978	  68.87983	   7.50000	       11B
   2.63978	  73.18524	   7.50000	       11B
   2.63978	  77.49065	   7.50000	       11B
   5.27956	  68.87983	   7.50000	       11B
   5.27956	  73.18524	   7.50000	       11B
   5.27956	  77.49065	   7.50000	       11B
   7.91934	  68.87983	   7.50000	       11B
   7.91934	  73.18524	   7.50000	       11B
   7.91934	  77.49065	   7.50000	       11B
  10.55912	  68.87983	   7.50000	       11B
  10.55912	  73.18524	   7.50000	       11B
  10.55912	  77.49065	   7.50000	       11B
  13.19890	  68.87983	   7.50000	       11B
  13.19890	  73.18524	   7.50000	       11B
  13.19890	  77.49065	   7.50000	       11B
  15.83868	  68.87983	   7.50000	       11B
  15.83868	  73.18524	   7.50000	       10B
  15.83868	  77.49065	   7.50000	       10B
  18.47846	  68.87983	   7.50000	       11B
  18.47846	  73.18524	   7.50000	       11B
  18.47846	  77.49065	   7.50000	       11B
  21.11824	  68.87983	   7.50000	       11B
  21.11824	  73.18524	   7.50000	       11B
  21.11824	  77.49065	   7.50000	       11B
   1.31989	  68.17811	   7.50000	       15N
   1.31989	  72.48352	   7.50000	       14N
   1.31989	  76.78893	   7.50000	       14N
   3.95967	  68.17811	   7.50000	       14N
   3.95967	  72.48352	   7.50000	       14N
   3.95967	  76.78893	   7.50000	       14N
   6.59945	  68.17811	   7.50000	       14N
   6.59945	  72.48352	   7.50000	       14N
   6.59945	  76.78893	   7.50000	       14N
   9.23923	  68.17811	   7.50000	       14N
   9.23923	  72.48352	   7.50000	       14N
   9.23923	  76.78893	   7.50000	       14N
  11.87901	  68.17811	   7.50000	       14N
  11.87901	  72.48352	   7.50000	       14N
  11.87901	  76.78893	   7.50000	       14N
  14.51879	  68.17811	   7.50000	       14N
  14.51879	  72.48352	   7.50000	       14N
  14.51879	  76.78893	   7.50000	       14N
  17.15857	  68.17811	   7.50000	       14N
  17.15857	  72.48352	   7.50000	       14N
  17.15857	  76.78893	   7.50000	       14N
  19.79835	  68.17811	   7.50000	       14N
  19.79835	  72.48352	   7.50000	       14N
  19.79835	  76.78893	   7.50000	       14N
  22.43813	  68.17811	   7.50000	       14N
  22.43813	  72.48352	   7.50000	       14N
  22.43813	  76.78893	   7.50000	       14N
   0.00000	  66.02540	   7.50000	       14N
   0.00000	  70.33081	   7.50000	       14N
   0.00000	  74.63622	   7.50000	       14N
   2.63978	  66.02540	   7.50000	       14N
   2.63978	  70.33081	   7.50000	       14N
   2.63978	  74.63622	   7.50000	       14N
   5.27956	  66.02540	   7.50000	       14N
   5.27956	  70.33081	   7.50000	       14N
   5.27956	  74.63622	   7.50000	       14N
   7.91934	  66.02540	   7.50000	       14N
   7.91934	  70.33081	   7.50000	       14N
   7.91934	  74.63622	   7.50000	       14N
  10.55912	  66.02540	   7.50000	       14N
  10.55912	  70.33081	   7.50000	       14N
  10.55912	  74.63622	   7.50000	       14N
  13.19890	  66.02540	   7.50000	       14N
  13.19890	  70.33081	   7.50000	       14N
  13.19890	  74.63622	   7.50000	       14N
  15.83868	  66.02540	   7.50000	       14N
  15.83868	  70.33081	   7.50000	       14N
  15.83868	  74.63622	   7.50000	       14N
  18.47846	  66.02540	   7.50000	       14N
  18.47846	  70.33081	   7.50000	       14N
  18.47846	  74.63622	   7.50000	       14N
  21.11824	  66.02540	   7.50000	       14N
  21.11824	  70.33081	   7.50000	       14N
  21.11824	  74.63622	   7.50000	       14N
   1.31989	  79.64335	   7.50000	       11B
   3.95967	  79.64335	   7.50000	       11B
   6.59945	  79.64335	   7.50000	       11B
   9.23923	  79.64335	   7.50000	       10B
  11.87901	  79.64335	   7.50000	       11B
  14.51879	  79.64335	   7.50000	       11B
  17.15857	  79.64335	   7.50000	       11B
  19.79835	  79.64335	   7.50000	       11B
  22.43813	  79.64335	   7.50000	       11B
   0.00000	  78.94163	   7.50000	       14N
   2.63978	  78.94163	   7.50000	       14N
   5.27956	  78.94163	   7.50000	       14N
   7.91934	  78.94163	   7.50000	       14N
  10.55912	  78.94163	   7.50000	       14N
  13.19890	  78.94163	   7.50000	       14N
  15.83868	  78.94163	   7.50000	       14N
  18.47846	  78.94163	   7.50000	       14N
  21.11824	  78.94163	   7.50000	       14N
  25.07791	   2.14600	   7.50000	       10B
  25.07791	   6.45141	   7.50000	       11B
  25.07791	  10.75682	   7.50000	       11B
  27.71769	   2.14600	   7.50000	       11B
  27.71769	   6.45141	   7.50000	       11B
  27.71769	  10.75682	   7.50000	       11B
  30.35747	   2.14600	   7.50000	       10B
  30.35747	   6.45141	   7.50000	       11B
  30.35747	  10.75682	   7.50000	       11B
  32.99726	   2.14600	   7.50000	       11B
  32.99726	   6.45141	   7.50000	       11B
  32.99726	  10.75682	   7.50000	       11B
  35.63704	   2.14600	   7.50000	       11B
  35.63704	   6.45141	   7.50000	       11B
  35.63704	  10.75682	   7.50000	       11B
  38.27682	   2.14600	   7.50000	       11B
  38.27682	   6.45141	   7.50000	       10B
  38.27682	  10.75682	   7.50000	       10B
  40.91660	   2.14600	   7.50000	       11B
  40.91660	   6.45141	   7.50000	       11B
  40.91660	  10.75682	   7.50000	       11B
  43.55638	   2.14600	   7.50000	       10B
  43.55638	   6.45141	   7.50000	       11B
  43.55638	  10.75682	   7.50000	       11B
  46.19616	   2.14600	   7.50000	       11B
  46.19616	   6.45141	   7.50000	       11B
  46.19616	  10.75682	   7.50000	       11B
  23.75802	   4.29870	   7.50000	       11B
  23.75802	   8.60411	   7.50000	       11B
  23.75802	  12.90952	   7.50000	       11B
  26.39780	   4.29870	   7.50000	       11B
  26.39780	   8.60411	   7.50000	       11B
  26.39780	  12.90952	   7.50000	       11B
  29.03758	   4.29870	   7.50000	       11B
  29.03758	   8.60411	   7.50000	       10B
  29.03758	  12.90952	   7.50000	       11B
  31.67736	   4.29870	   7.50000	       11B
  31.67736	   8.60411	   7.50000	       11B
  31.67736	  12.90952	   7.50000	       10B
  34.31715	   4.29870	   7.50000	       11B
  34.31715	   8.60411	   7.50000	       11B
  34.31715	  12.90952	   7.50000	       11B
  36.95693	   4.29870	   7.50000	       10B
  36.95693	   8.60411	   7.50000	       11B
  36.95693	  12.90952	   7.50000	       11B
  39.59671	   4.29870	   7.50000	       11B
  39.59671	   8.60411	   7.50000	       11B
  39.59671	  12.90952	   7.50000	       10B
  42.23649	   4.29870	   7.50000	       11B
  42.23649	   8.60411	   7.50000	       11B
  42.23649	  12.90952	   7.50000	       11B
  44.87627	   4.29870	   7.50000	       11B
  44.87627	   8.60411	   7.50000	       11B
  44.87627	  12.90952	   7.50000	       11B
  25.07791	   3.59698	   7.50000	       14N
  25.07791	   7.90239	   7.50000	       14N
  25.07791	  12.20780	   7.50000	       14N
  27.71769	   3.59698	   7.50000	       14N
  27.71769	   7.90239	   7.50000	       14N
  27.71769	  12.20780	   7.50000	       14N
  30.35747	   3.59698	   7.50000	       14N
  30.35747	   7.90239	   7.50000	       14N
  30.35747	  12.20780	   7.50000	       14N
  32.99726	   3.59698	   7.50000	       14N
  32.99726	   7.90239	   7.50000	       14N
  32.99726	  12.20780	   7.50000	       14N
  35.63704	   3.59698	   7.50000	       14N
  35.63704	   7.90239	   7.50000	       14N
  35.63704	  12.20780	   7.50000	       14N
  38.27682	   3.59698	   7.50000	       14N
  38.27682	   7.90239	   7.50000	       14N
  38.27682	  12.20780	   7.50000	       14N
  40.91660	   3.59698	   7.50000	       14N
  40.91660	   7.90239	   7.50000	       14N
  40.91660	  12.20780	   7.50000	       14N
  43.55638	   3.59698	   7.50000	       14N
  43.55638	   7.90239	   7.50000	       14N
  43.55638	  12.20780	   7.50000	       14N
  46.19616	   3.59698	   7.50000	       14N
  46.19616	   7.90239	   7.50000	       14N
  46.19616	  12.20780	   7.50000	       14N
  23.75802	   1.44428	   7.50000	       14N
  23.75802	   5.74969	   7.50000	       14N
  23.75802	  10.05510	   7.50000	       14N
  26.39780	   1.44428	   7.50000	       14N
  26.39780	   5.74969	   7.50000	       14N
  26.39780	  10.05510	   7.50000	       14N
  29.03758	   1.44428	   7.50000	       14N
  29.03758	   5.74969	   7.50000	       14N
  29.03758	  10.05510	   7.50000	       14N
  31.67736	   1.44428	   7.50000	       14N
  31.67736	   5.74969	   7.50000	       14N
  31.67736	  10.05510	   7.50000	       14N
  34.31715	   1.44428	   7.50000	       14N
  34.31715	   5.74969	   7.50000	       14N
  34.31715	  10.05510	   7.50000	       14N
  36.95693	   1.44428	   7.50000	       15N
  36.95693	   5.74969	   7.50000	       14N
  36.95693	  10.05510	   7.50000	       14N
  39.59671	   1.44428	   7.50000	       14N
  39.59671	   5.74969	   7.50000	       14N
  39.59671	  10.05510	   7.50000	       14N
  42.23649	   1.44428	   7.50000	       14N
  42.23649	   5.74969	   7.50000	       14N
  42.23649	  10.05510	   7.50000	       14N
  44.87627	   1.44428	   7.50000	       14N
  44.87627	   5.74969	   7.50000	       14N
  44.87627	  10.05510	   7.50000	       14N
  25.07791	  15.06223	   7.50000	       11B
  25.07791	  19.36764	   7.50000	       11B
  25.07791	  23.67304	   7.50000	       11B
  27.71769	  15.06223	   7.50000	       11B
  27.71769	  19.36764	   7.50000	       11B
  27.71769	  23.67304	   7.50000	       11B
  30.35747	  15.06223	   7.50000	       10B
  30.35747	  19.36764	   7.50000	       10B
  30.35747	  23.67304	   7.50000	       11B
  32.99726	  15.06223	   7.50000	       11B
  32.99726	  19.36764	   7.50000	       11B
  32.99726	  23.67304	   7.50000	       11B
  35.63704	  15.06223	   7.50000	       11B
  35.63704	  19.36764	   7.50000	       11B
  35.63704	  23.67304	   7.50000	       11B
  38.27682	  15.06223	   7.50000	       11B
  38.27682	  19.36764	   7.50000	       11B
  38.27682	  23.67304	   7.50000	       11B
  40.91660	  15.06223	   7.50000	       11B
  40.91660	  19.36764	   7.50000	       11B
  40.91660	  23.67304	   7.50000	       11B
  43.55638	  15.06223	   7.50000	       11B
  43.55638	  19.36764	   7.50000	       10B
  43.55638	  23.67304	   7.50000	       11B
  46.19616	  15.06223	   7.50000	       11B
  46.19616	  19.36764	   7.50000	       11B
  46.19616	  23.67304	   7.50000	       11B
  23.75802	  17.21493	   7.50000	       11B
  23.75802	  21.52034	   7.50000	       11B
  23.75802	  25.82575	   7.50000	       10B
  26.39780	  17.21493	   7.50000	       10B
  26.39780	  21.52034	   7.50000	       11B
  26.39780	  25.82575	   7.50000	       11B
  29.03758	  17.21493	   7.50000	       10B
  29.03758	  21.52034	   7.50000	       11B
  29.03758	  25.82575	   7.50000	       11B
  31.67736	  17.21493	   7.50000	       10B
  31.67736	  21.52034	   7.50000	       11B
  31.67736	  25.82575	   7.50000	       11B
  34.31715	  17.21493	   7.50000	       11B
  34.31715	  21.52034	   7.50000	       10B
  34.31715	  25.82575	   7.50000	       11B
  36.95693	  17.21493	   7.50000	       11B
  36.95693	  21.52034	   7.50000	       11B
  36.95693	  25.82575	   7.50000	       11B
  39.59671	  17.21493	   7.50000	       11B
  39.59671	  21.52034	   7.50000	       10B
  39.59671	  25.82575	   7.50000	       11B
  42.23649	  17.21493	   7.50000	       11B
  42.23649	  21.52034	   7.50000	       11B
  42.23649	  25.82575	   7.50000	       11B
  44.87627	  17.21493	   7.50000	       11B
  44.87627	  21.52034	   7.50000	       11B
  44.87627	  25.82575	   7.50000	       10B
  25.07791	  16.51321	   7.50000	       14N
  25.07791	  20.81862	   7.50000	       14N
  25.07791	  25.12403	   7.50000	       14N
  27.71769	  16.51321	   7.50000	       14N
  27.71769	  20.81862	   7.50000	       14N
  27.71769	  25.12403	   7.50000	       14N
  30.35747	  16.51321	   7.50000	       14N
  30.35747	  20.81862	   7.50000	       14N
  30.35747	  25.12403	   7.50000	       14N
  32.99726	  16.51321	   7.50000	       14N
  32.99726	  20.81862	   7.50000	       14N
  32.99726	  25.12403	   7.50000	       14N
  35.63704	  16.51321	   7.50000	       14N
  35.63704	  20.81862	   7.50000	       14N
  35.63704	  25.12403	   7.50000	       14N
  38.27682	  16.51321	   7.50000	       14N
  38.27682	  20.81862	   7.50000	       14N
  38.27682	  25.12403	   7.50000	       14N
  40.91660	  16.51321	   7.50000	       14N
  40.91660	  20.81862	   7.50000	       14N
  40.91660	  25.12403	   7.50000	       14N
  43.55638	  16.51321	   7.50000	       14N
  43.55638	  20.81862	   7.50000	       14N
  43.55638	  25.12403	   7.50000	       14N
  46.19616	  16.51321	   7.50000	       14N
  46.19616	  20.81862	   7.50000	       14N
  46.19616	  25.12403	   7.50000	       14N
  23.75802	  14.36050	   7.50000	       14N
  23.75802	  18.66591	   7.50000	       14N
  23.75802	  22.97132	   7.50000	       14N
  26.39780	  14.36050	   7.50000	       14N
  26.39780	  18.66591	   7.50000	       14N
  26.39780	  22.97132	   7.50000	       14N
  29.03758	  14.36050	   7.50000	       14N
  29.03758	  18.66591	   7.50000	       14N
  29.03758	  22.97132	   7.50000	       14N
  31.67736	  14.36050	   7.50000	       14N
  31.67736	  18.66591	   7.50000	       14N
  31.67736	  22.97132	   7.50000	       14N
  34.31715	  14.36050	   7.50000	       14N
  34.31715	  18.66591	   7.50000	       14N
  34.31715	  22.97132	   7.50000	       14N
  36.95693	  14.36050	   7.50000	       14N
  36.95693	  18.66591	   7.50000	       14N
  36.95693	  22.97132	   7.50000	       14N
  39.59671	  14.36050	   7.50000	       14N
  39.59671	  18.66591	   7.50000	       14N
  39.59671	  22.97132	   7.50000	       15N
  42.23649	  14.36050	   7.50000	       14N
  42.23649	  18.66591	   7.50000	       14N
  42.23649	  22.97132	   7.50000	       14N
  44.87627	  14.36050	   7.50000	       14N
  44.87627	  18.66591	   7.50000	       14N
  44.87627	  22.97132	   7.50000	       14N
  25.07791	  27.97845	   7.50000	       11B
  25.07791	  32.28386	   7.50000	       11B
  25.07791	  36.58927	   7.50000	       11B
  27.71769	  27.97845	   7.50000	       11B
  27.71769	  32.28386	   7.50000	       11B
  27.71769	  36.58927	   7.50000	       11B
  30.35747	  27.97845	   7.50000	       11B
  30.35747	  32.28386	   7.50000	       11B
  30.35747	  36.58927	   7.50000	       11B
  32.99726	  27.97845	   7.50000	       11B
  32.99726	  32.28386	   7.50000	       11B
  32.99726	  36.58927	   7.50000	       10B
  35.63704	  27.97845	   7.50000	       11B
  35.63704	  32.28386	   7.50000	       11B
  35.63704	  36.58927	   7.50000	       11B
  38.27682	  27.97845	   7.50000	       11B
  38.27682	  32.28386	   7.50000	       11B
  38.27682	  36.58927	   7.50000	       10B
  40.91660	  27.97845	   7.50000	       10B
  40.91660	  32.28386	   7.50000	       11B
  40.91660	  36.58927	   7.50000	       11B
  43.55638	  27.97845	   7.50000	       11B
  43.55638	  32.28386	   7.50000	       11B
  43.55638	  36.58927	   7.50000	       10B
  46.19616	  27.97845	   7.50000	       11B
  46.19616	  32.28386	   7.50000	       11B
  46.19616	  36.58927	   7.50000	       11B
  23.75802	  30.13115	   7.50000	       11B
  23.75802	  34.43656	   7.50000	       10B
  23.75802	  38.74197	   7.50000	       11B
  26.39780	  30.13115	   7.50000	       10B
  26.39780	  34.43656	   7.50000	       11B
  26.39780	  38.74197	   7.50000	       11B
  29.03758	  30.13115	   7.50000	       11B
  29.03758	  34.43656	   7.50000	       11B
  29.03758	  38.74197	   7.50000	       10B
  31.67736	  30.13115	   7.50000	       11B
  31.67736	  34.43656	   7.50000	       11B
  31.67736	  38.74197	   7.50000	       11B
  34.31715	  30.13115	   7.50000	       11B
  34.31715	  34.43656	   7.50000	       11B
  34.31715	  38.74197	   7.50000	       11B
  36.95693	  30.13115	   7.50000	       11B
  36.95693	  34.43656	   7.50000	       11B
  36.95693	  38.74197	   7.50000	       10B
  39.59671	  30.13115	   7.50000	       11B
  39.59671	  34.43656	   7.50000	       11B
  39.59671	  38.74197	   7.50000	       11B
  42.23649	  30.13115	   7.50000	       11B
  42.23649	  34.43656	   7.50000	       11B
  42.23649	  38.74197	   7.50000	       11B
  44.87627	  30.13115	   7.50000	       11B
  44.87627	  34.43656	   7.50000	       11B
  44.87627	  38.74197	   7.50000	       10B
  25.07791	  29.42944	   7.50000	       14N
  25.07791	  33.73484	   7.50000	       14N
  25.07791	  38.04025	   7.50000	       14N
  27.71769	  29.42944	   7.50000	       14N
  27.71769	  33.73484	   7.50000	       14N
  27.71769	  38.04025	   7.50000	       14N
  30.35747	  29.42944	   7.50000	       14N
  30.35747	  33.73484	   7.50000	       14N
  30.35747	  38.04025	   7.50000	       14N
  32.99726	  29.42944	   7.50000	       14N
  32.99726	  33.73484	   7.50000	       14N
  32.99726	  38.04025	   7.50000	       14N
  35.63704	  29.42944	   7.50000	       14N
  35.63704	  33.73484	   7.50000	       14N
  35.63704	  38.04025	   7.50000	       14N
  38.27682	  29.42944	   7.50000	       14N
  38.27682	  33.73484	   7.50000	       14N
  38.27682	  38.04025	   7.50000	       14N
  40.91660	  29.42944	   7.50000	       14N
  40.91660	  33.73484	   7.50000	       14N
  40.91660	  38.04025	   7.50000	       14N
  43.55638	  29.42944	   7.50000	       14N
  43.55638	  33.73484	   7.50000	       14N
  43.55638	  38.04025	   7.50000	       14N
  46.19616	  29.42944	   7.50000	       14N
  46.19616	  33.73484	   7.50000	       14N
  46.19616	  38.04025	   7.50000	       14N
  23.75802	  27.27673	   7.50000	       14N
  23.75802	  31.58214	   7.50000	       14N
  23.75802	  35.88755	   7.50000	       14N
  26.39780	  27.27673	   7.50000	       14N
  26.39780	  31.58214	   7.50000	       14N
  26.39780	  35.88755	   7.50000	       14N
  29.03758	  27.27673	   7.50000	       14N
  29.03758	  31.58214	   7.50000	       14N
  29.03758	  35.88755	   7.50000	       14N
  31.67736	  27.27673	   7.50000	       14N
  31.67736	  31.58214	   7.50000	       14N
  31.67736	  35.88755	   7.50000	       14N
  34.31715	  27.27673	   7.50000	       14N
  34.31715	  31.58214	   7.50000	       14N
  34.31715	  35.88755	   7.50000	       14N
  36.95693	  27.27673	   7.50000	       14N
  36.95693	  31.58214	   7.50000	       14N
  36.95693	  35.88755	   7.50000	       14N
  39.59671	  27.27673	   7.50000	       14N
  39.59671	  31.58214	   7.50000	       14N
  39.59671	  35.88755	   7.50000	       14N
  42.23649	  27.27673	   7.50000	       14N
  42.23649	  31.58214	   7.50000	       14N
  42.23649	  35.88755	   7.50000	       14N
  44.87627	  27.27673	   7.50000	       14N
  44.87627	  31.58214	   7.50000	       14N
  44.87627	  35.88755	   7.50000	       14N
  25.07438	  40.88596	   7.50000	       10B
  25.07178	  45.19346	   7.50000	       11B
  25.07519	  49.49901	   7.50000	       10B
  27.70791	  40.88739	   7.50000	       11B
  27.69718	  45.19614	   7.50000	       11B
  27.71109	  49.50167	   7.50000	       10B
  30.34390	  40.89112	   7.50000	       11B
  30.31501	  45.20307	   7.50000	       10B
  30.35102	  49.50761	   7.50000	       11B
  32.98443	  40.90311	   7.50000	       11B
  32.92328	  45.21371	   7.50000	       11B
  32.99881	  49.50910	   7.50000	       11B
  35.63704	  40.93052	   7.50000	       10B
  35.63704	  49.50673	   7.50000	       11B
  38.28964	  40.90311	   7.50000	       11B
  38.35079	  45.21371	   7.50000	       10B
  38.27526	  49.50910	   7.50000	       10B
  40.93017	  40.89112	   7.50000	       10B
  40.95906	  45.20307	   7.50000	       11B
  40.92305	  49.50761	   7.50000	       11B
  43.56616	  40.88739	   7.50000	       11B
  43.57689	  45.19614	   7.50000	       11B
  43.56298	  49.50167	   7.50000	       11B
  46.19969	  40.88596	   7.50000	       11B
  46.20229	  45.19346	   7.50000	       11B
  46.19888	  49.49901	   7.50000	       11B
  23.75802	  43.03908	   7.50000	       10B
  23.75802	  47.34628	   7.50000	       11B
  23.75802	  51.65027	   7.50000	       11B
  26.38739	  43.04005	   7.50000	       11B
  26.39007	  47.34785	   7.50000	       11B
  26.39315	  51.65086	   7.50000	       11B
  29.01699	  43.04262	   7.50000	       11B
  29.02386	  47.35385	   7.50000	       11B
  29.03055	  51.65425	   7.50000	       11B
  31.64751	  43.04916	   7.50000	       11B
  31.66399	  47.36101	   7.50000	       11B
  31.67310	  51.66038	   7.50000	       11B
  34.30340	  43.07931	   7.50000	       11B
  34.32501	  47.32611	   7.50000	       11B
  34.31870	  51.67421	   7.50000	       11B
  36.97067	  43.07931	   7.50000	       11B
  36.94906	  47.32611	   7.50000	       11B
  36.95537	  51.67421	   7.50000	       11B
  39.62656	  43.04916	   7.50000	       11B
  39.61008	  47.36101	   7.50000	       11B
  39.60097	  51.66038	   7.50000	       11B
  42.25708	  43.04262	   7.50000	       10B
  42.25021	  47.35385	   7.50000	       10B
  42.24352	  51.65425	   7.50000	       11B
  44.88668	  43.04005	   7.50000	       11B
  44.88400	  47.34785	   7.50000	       11B
  44.88092	  51.65086	   7.50000	       11B
  25.07117	  42.33600	   7.50000	       14N
  25.07162	  46.64420	   7.50000	       14N
  25.07350	  50.94906	   7.50000	       14N
  27.69759	  42.33702	   7.50000	       14N
  27.69864	  46.64775	   7.50000	       14N
  27.70638	  50.95187	   7.50000	       14N
  30.32489	  42.33794	   7.50000	       14N
  30.32588	  46.65640	   7.50000	       14N
  30.34436	  50.95849	   7.50000	       14N
  32.95801	  42.34111	   7.50000	       14N
  32.95517	  46.66736	   7.50000	       14N
  32.99174	  50.96634	   7.50000	       14N
  35.63704	  42.37532	   7.50000	       14N
  35.63704	  50.96874	   7.50000	       14N
  38.31606	  42.34111	   7.50000	       14N
  38.31891	  46.66736	   7.50000	       14N
  38.28233	  50.96634	   7.50000	       14N
  40.94918	  42.33794	   7.50000	       14N
  40.94819	  46.65640	   7.50000	       14N
  40.92971	  50.95849	   7.50000	       14N
  43.57648	  42.33702	   7.50000	       14N
  43.57543	  46.64775	   7.50000	       14N
  43.56769	  50.95187	   7.50000	       14N
  46.20290	  42.33600	   7.50000	       14N
  46.20245	  46.64420	   7.50000	       14N
  46.20057	  50.94906	   7.50000	       14N
  23.75802	  40.18383	   7.50000	       14N
  23.75802	  44.48965	   7.50000	       14N
  23.75802	  48.79684	   7.50000	       14N
  26.38799	  40.18441	   7.50000	       14N
  26.38076	  44.49064	   7.50000	       14N
  26.38859	  48.79873	   7.50000	       14N
  29.02044	  40.18680	   7.50000	       14N
  28.99868	  44.49328	   7.50000	       14N
  29.02165	  48.80543	   7.50000	       14N
  31.65939	  40.19215	   7.50000	       14N
  31.59880	  44.49635	   7.50000	       14N
  31.66029	  48.81607	   7.50000	       14N
  34.31236	  40.20914	   7.50000	       14N
  34.30927	  48.81303	   7.50000	       14N
  36.96171	  40.20914	   7.50000	       14N
  36.96480	  48.81303	   7.50000	       14N
  39.61468	  40.19215	   7.50000	       14N
  39.67527	  44.49635	   7.50000	       14N
  39.61379	  48.81607	   7.50000	       14N
  42.25363	  40.18680	   7.50000	       14N
  42.27539	  44.49328	   7.50000	       14N
  42.25243	  48.80543	   7.50000	       14N
  44.88608	  40.18441	   7.50000	       14N
  44.89331	  44.49064	   7.50000	       14N
  44.88548	  48.79873	   7.50000	       14N
  37.16082	  44.45894	   7.50000	       14N
  34.11325	  44.45894	   7.50000	       14N
  35.63704	  46.73583	   7.50000	       14N
  25.07791	  53.81090	   7.50000	       10B
  25.07791	  58.11631	   7.50000	       11B
  25.07791	  62.42172	   7.50000	       11B
  27.71769	  53.81090	   7.50000	       11B
  27.71769	  58.11631	   7.50000	       11B
  27.71769	  62.42172	   7.50000	       11B
  30.35747	  53.81090	   7.50000	       11B
  30.35747	  58.11631	   7.50000	       11B
  30.35747	  62.42172	   7.50000	       11B
  32.99726	  53.81090	   7.50000	       10B
  32.99726	  58.11631	   7.50000	       11B
  32.99726	  62.42172	   7.50000	       11B
  35.63704	  53.81090	   7.50000	       10B
  35.63704	  58.11631	   7.50000	       11B
  35.63704	  62.42172	   7.50000	       10B
  38.27682	  53.81090	   7.50000	       11B
  38.27682	  58.11631	   7.50000	       11B
  38.27682	  62.42172	   7.50000	       10B
  40.91660	  53.81090	   7.50000	       11B
  40.91660	  58.11631	   7.50000	       11B
  40.91660	  62.42172	   7.50000	       10B
  43.55638	  53.81090	   7.50000	       10B
  43.55638	  58.11631	   7.50000	       11B
  43.55638	  62.42172	   7.50000	       11B
  46.19616	  53.81090	   7.50000	       11B
  46.19616	  58.11631	   7.50000	       11B
  46.19616	  62.42172	   7.50000	       11B
  23.75802	  55.96360	   7.50000	       11B
  23.75802	  60.26901	   7.50000	       11B
  23.75802	  64.57442	   7.50000	       11B
  26.39780	  55.96360	   7.50000	       11B
  26.39780	  60.26901	   7.50000	       11B
  26.39780	  64.57442	   7.50000	       11B
  29.03758	  55.96360	   7.50000	       11B
  29.03758	  60.26901	   7.50000	       11B
  29.03758	  64.57442	   7.50000	       11B
  31.67736	  55.96360	   7.50000	       11B
  31.67736	  60.26901	   7.50000	       10B
  31.67736	  64.57442	   7.50000	       11B
  34.31715	  55.96360	   7.50000	       11B
  34.31715	  60.26901	   7.50000	       11B
  34.31715	  64.57442	   7.50000	       11B
  36.95693	  55.96360	   7.50000	       11B
  36.95693	  60.26901	   7.50000	       10B
  36.95693	  64.57442	   7.50000	       11B
  39.59671	  55.96360	   7.50000	       10B
  39.59671	  60.26901	   7.50000	       10B
  39.59671	  64.57442	   7.50000	       11B
  42.23649	  55.96360	   7.50000	       11B
  42.23649	  60.26901	   7.50000	       11B
  42.23649	  64.57442	   7.50000	       11B
  44.87627	  55.96360	   7.50000	       11B
  44.87627	  60.26901	   7.50000	       11B
  44.87627	  64.57442	   7.50000	       11B
  25.07791	  55.26189	   7.50000	       14N
  25.07791	  59.56729	   7.50000	       14N
  25.07791	  63.87270	   7.50000	       14N
  27.71769	  55.26189	   7.50000	       14N
  27.71769	  59.56729	   7.50000	       14N
  27.71769	  63.87270	   7.50000	       14N
  30.35747	  55.26189	   7.50000	       14N
  30.35747	  59.56729	   7.50000	       14N
  30.35747	  63.87270	   7.50000	       14N
  32.99726	  55.26189	   7.50000	       14N
  32.99726	  59.56729	   7.50000	       14N
  32.99726	  63.87270	   7.50000	       14N
  35.63704	  55.26189	   7.50000	       14N
  35.63704	  59.56729	   7.50000	       14N
  35.63704	  63.87270	   7.50000	       14N
  38.27682	  55.26189	   7.50000	       14N
  38.27682	  59.56729	   7.50000	       14N
  38.27682	  63.87270	   7.50000	       14N
  40.91660	  55.26189	   7.50000	       14N
  40.91660	  59.56729	   7.50000	       14N
  40.91660	  63.87270	   7.50000	       14N
  43.55638	  55.26189	   7.50000	       14N
  43.55638	  59.56729	   7.50000	       14N
  43.55638	  63.87270	   7.50000	       14N
  46.19616	  55.26189	   7.50000	       14N
  46.19616	  59.56729	   7.50000	       14N
  46.19616	  63.87270	   7.50000	       14N
  23.75802	  53.10918	   7.50000	       14N
  23.75802	  57.41459	   7.50000	       14N
  23.75802	  61.72000	   7.50000	       14N
  26.39780	  53.10918	   7.50000	       14N
  26.39780	  57.41459	   7.50000	       14N
  26.39780	  61.72000	   7.50000	       14N
  29.03758	  53.10918	   7.50000	       14N
  29.03758	  57.41459	   7.50000	       14N
  29.03758	  61.72000	   7.50000	       14N
  31.67736	  53.10918	   7.50000	       14N
  31.67736	  57.41459	   7.50000	       14N
  31.67736	  61.72000	   7.50000	       14N
  34.31715	  53.10918	   7.50000	       14N
  34.31715	  57.41459	   7.50000	       14N
  34.31715	  61.72000	   7.50000	       14N
  36.95693	  53.10918	   7.50000	       14N
  36.95693	  57.41459	   7.50000	       14N
  36.95693	  61.72000	   7.50000	       14N
  39.59671	  53.10918	   7.50000	       14N
  39.59671	  57.41459	   7.50000	       14N
  39.59671	  61.72000	   7.50000	       14N
  42.23649	  53.10918	   7.50000	       14N
  42.23649	  57.41459	   7.50000	       14N
  42.23649	  61.72000	   7.50000	       14N
  44.87627	  53.10918	   7.50000	       14N
  44.87627	  57.41459	   7.50000	       14N
  44.87627	  61.72000	   7.50000	       14N
  25.07791	  66.72713	   7.50000	       11B
  25.07791	  71.03254	   7.50000	       11B
  25.07791	  75.33795	   7.50000	       11B
  27.71769	  66.72713	   7.50000	       10B
  27.71769	  71.03254	   7.50000	       10B
  27.71769	  75.33795	   7.50000	       11B
  30.35747	  66.72713	   7.50000	       10B
  30.35747	  71.03254	   7.50000	       11B
  30.35747	  75.33795	   7.50000	       11B
  32.99726	  66.72713	   7.50000	       10B
  32.99726	  71.03254	   7.50000	       11B
  32.99726	  75.33795	   7.50000	       10B
  35.63704	  66.72713	   7.50000	       10B
  35.63704	  71.03254	   7.50000	       10B
  35.63704	  75.33795	   7.50000	       11B
  38.27682	  66.72713	   7.50000	       10B
  38.27682	  71.03254	   7.50000	       11B
  38.27682	  75.33795	   7.50000	       11B
  40.91660	  66.72713	   7.50000	       11B
  40.91660	  71.03254	   7.50000	       11B
  40.91660	  75.33795	   7.50000	       11B
  43.55638	  66.72713	   7.50000	       11B
  43.55638	  71.03254	   7.50000	       11B
  43.55638	  75.33795	   7.50000	       11B
  46.19616	  66.72713	   7.50000	       11B
  46.19616	  71.03254	   7.50000	       11B
  46.19616	  75.33795	   7.50000	       11B
  23.75802	  68.87983	   7.50000	       11B
  23.75802	  73.18524	   7.50000	       11B
  23.75802	  77.49065	   7.50000	       10B
  26.39780	  68.87983	   7.50000	       11B
  26.39780	  73.18524	   7.50000	       11B
  26.39780	  77.49065	   7.50000	       11B
  29.03758	  68.87983	   7.50000	       11B
  29.03758	  73.18524	   7.50000	       11B
  29.03758	  77.49065	   7.50000	       11B
  31.67736	  68.87983	   7.50000	       10B
  31.67736	  73.18524	   7.50000	       11B
  31.67736	  77.49065	   7.50000	       11B
  34.31715	  68.87983	   7.50000	       10B
  34.31715	  73.18524	   7.50000	       10B
  34.31715	  77.49065	   7.50000	       11B
  36.95693	  68.87983	   7.50000	       11B
  36.95693	  73.18524	   7.50000	       11B
  36.95693	  77.49065	   7.50000	       11B
  39.59671	  68.87983	   7.50000	       11B
  39.59671	  73.18524	   7.50000	       11B
  39.59671	  77.49065	   7.50000	       11B
  42.23649	  68.87983	   7.50000	       10B
  42.23649	  73.18524	   7.50000	       11B
  42.23649	  77.49065	   7.50000	       11B
  44.87627	  68.87983	   7.50000	       11B
  44.87627	  73.18524	   7.50000	       11B
  44.87627	  77.49065	   7.50000	       11B
  25.07791	  68.17811	   7.50000	       14N
  25.07791	  72.48352	   7.50000	       14N
  25.07791	  76.78893	   7.50000	       14N
  27.71769	  68.17811	   7.50000	       14N
  27.71769	  72.48352	   7.50000	       14N
  27.71769	  76.78893	   7.50000	       14N
  30.35747	  68.17811	   7.50000	       14N
  30.35747	  72.48352	   7.50000	       14N
  30.35747	  76.78893	   7.50000	       14N
  32.99726	  68.17811	   7.50000	       14N
  32.99726	  72.48352	   7.50000	       14N
  32.99726	  76.78893	   7.50000	       14N
  35.63704	  68.17811	   7.50000	       14N
  35.63704	  72.48352	   7.50000	       14N
  35.63704	  76.78893	   7.50000	       14N
  38.27682	  68.17811	   7.50000	       14N
  38.27682	  72.48352	   7.50000	       14N
  38.27682	  76.78893	   7.50000	       14N
  40.91660	  68.17811	   7.50000	       14N
  40.91660	  72.48352	   7.50000	       14N
  40.91660	  76.78893	   7.50000	       14N
  43.55638	  68.17811	   7.50000	       14N
  43.55638	  72.48352	   7.50000	       14N
  43.55638	  76.78893	   7.50000	       14N
  46.19616	  68.17811	   7.50000	       14N
  46.19616	  72.48352	   7.50000	       14N
  46.19616	  76.78893	   7.50000	       14N
  23.75802	  66.02540	   7.50000	       14N
  23.75802	  70.33081	   7.50000	       14N
  23.75802	  74.63622	   7.50000	       14N
  26.39780	  66.02540	   7.50000	       14N
  26.39780	  70.33081	   7.50000	       14N
  26.39780	  74.63622	   7.50000	       14N
  29.03758	  66.02540	   7.50000	       14N
  29.03758	  70.33081	   7.50000	       14N
  29.03758	  74.63622	   7.50000	       14N
  31.67736	  66.02540	   7.50000	       14N
  31.67736	  70.33081	   7.50000	       14N
  31.67736	  74.63622	   7.50000	       14N
  34.31715	  66.02540	   7.50000	       14N
  34.31715	  70.33081	   7.50000	       14N
  34.31715	  74.63622	   7.50000	       14N
  36.95693	  66.02540	   7.50000	       14N
  36.95693	  70.33081	   7.50000	       14N
  36.95693	  74.63622	   7.50000	       14N
  39.59671	  66.02540	   7.50000	       14N
  39.59671	  70.33081	   7.50000	       14N
  39.59671	  74.63622	   7.50000	       14N
  42.23649	  66.02540	   7.50000	       14N
  42.23649	  70.33081	   7.50000	       14N
  42.23649	  74.63622	   7.50000	       14N
  44.87627	  66.02540	   7.50000	       14N
  44.87627	  70.33081	   7.50000	       14N
  44.87627	  74.63622	   7.50000	       14N
  25.07791	  79.64335	   7.50000	       11B
  27.71769	  79.64335	   7.50000	       11B
  30.35747	  79.64335	   7.50000	       11B
  32.99726	  79.64335	   7.50000	       11B
  35.63704	  79.64335	   7.50000	       10B
  38.27682	  79.64335	   7.50000	       11B
  40.91660	  79.64335	   7.50000	       11B
  43.55638	  79.64335	   7.50000	       11B
  46.19616	  79.64335	   7.50000	       11B
  23.75802	  78.94163	   7.50000	       14N
  26.39780	  78.94163	   7.50000	       14N
  29.03758	  78.94163	   7.50000	       14N
  31.67736	  78.94163	   7.50000	       14N
  34.31715	  78.94163	   7.50000	       14N
  36.95693	  78.94163	   7.50000	       14N
  39.59671	  78.94163	   7.50000	       14N
  42.23649	  78.94163	   7.50000	       14N
  44.87627	  78.94163	   7.50000	       14N
  48.83594	   2.14600	   7.50000	       11B
  48.83594	   6.45141	   7.50000	       11B
  48.83594	  10.75682	   7.50000	       11B
  51.47572	   2.14600	   7.50000	       10B
  51.47572	   6.45141	   7.50000	       11B
  51.47572	  10.75682	   7.50000	       11B
  54.11550	   2.14600	   7.50000	       11B
  54.11550	   6.45141	   7.50000	       11B
  54.11550	  10.75682	   7.50000	       11B
  56.75528	   2.14600	   7.50000	       11B
  56.75528	   6.45141	   7.50000	       11B
  56.75528	  10.75682	   7.50000	       11B
  59.39506	   2.14600	   7.50000	       11B
  59.39506	   6.45141	   7.50000	       11B
  59.39506	  10.75682	   7.50000	       11B
  62.03484	   2.14600	   7.50000	       11B
  62.03484	   6.45141	   7.50000	       11B
  62.03484	  10.75682	   7.50000	       11B
  64.67462	   2.14600	   7.50000	       11B
  64.67462	   6.45141	   7.50000	       10B
  64.67462	  10.75682	   7.50000	       11B
  67.31440	   2.14600	   7.50000	       11B
  67.31440	   6.45141	   7.50000	       11B
  67.31440	  10.75682	   7.50000	       11B
  69.95418	   2.14600	   7.50000	       11B
  69.95418	   6.45141	   7.50000	       11B
  69.95418	  10.75682	   7.50000	       11B
  47.51605	   4.29870	   7.50000	       11B
  47.51605	   8.60411	   7.50000	       11B
  47.51605	  12.90952	   7.50000	       10B
  50.15583	   4.29870	   7.50000	       11B
  50.15583	   8.60411	   7.50000	       11B
  50.15583	  12.90952	   7.50000	       10B
  52.79561	   4.29870	   7.50000	       11B
  52.79561	   8.60411	   7.50000	       10B
  52.79561	  12.90952	   7.50000	       10B
  55.43539	   4.29870	   7.50000	       11B
  55.43539	   8.60411	   7.50000	       10B
  55.43539	  12.90952	   7.50000	       11B
  58.07517	   4.29870	   7.50000	       11B
  58.07517	   8.60411	   7.50000	       11B
  58.07517	  12.90952	   7.50000	       10B
  60.71495	   4.29870	   7.50000	       11B
  60.71495	   8.60411	   7.50000	       10B
  60.71495	  12.90952	   7.50000	       11B
  63.35473	   4.29870	   7.50000	       11B
  63.35473	   8.60411	   7.50000	       11B
  63.35473	  12.90952	   7.50000	       11B
  65.99451	   4.29870	   7.50000	       11B
  65.99451	   8.60411	   7.50000	       11B
  65.99451	  12.90952	   7.50000	       11B
  68.63429	   4.29870	   7.50000	       11B
  68.63429	   8.60411	   7.50000	       11B
  68.63429	  12.90952	   7.50000	       11B
  48.83594	   3.59698	   7.50000	       14N
  48.83594	   7.90239	   7.50000	       14N
  48.83594	  12.20780	   7.50000	       14N
  51.47572	   3.59698	   7.50000	       14N
  51.47572	   7.90239	   7.50000	       14N
  51.47572	  12.20780	   7.50000	       14N
  54.11550	   3.59698	   7.50000	       14N
  54.11550	   7.90239	   7.50000	       14N
  54.11550	  12.20780	   7.50000	       14N
  56.75528	   3.59698	   7.50000	       14N
  56.75528	   7.90239	   7.50000	       14N
  56.75528	  12.20780	   7.50000	       14N
  59.39506	   3.59698	   7.50000	       14N
  59.39506	   7.90239	   7.50000	       14N
  59.39506	  12.20780	   7.50000	       14N
  62.03484	   3.59698	   7.50000	       14N
  62.03484	   7.90239	   7.50000	       14N
  62.03484	  12.20780	   7.50000	       14N
  64.67462	   3.59698	   7.50000	       14N
  64.67462	   7.90239	   7.50000	       14N
  64.67462	  12.20780	   7.50000	       14N
  67.31440	   3.59698	   7.50000	       14N
  67.31440	   7.90239	   7.50000	       14N
  67.31440	  12.20780	   7.50000	       14N
  69.95418	   3.59698	   7.50000	       14N
  69.95418	   7.90239	   7.50000	       14N
  69.95418	  12.20780	   7.50000	       14N
  47.51605	   1.44428	   7.50000	       14N
  47.51605	   5.74969	   7.50000	       14N
  47.51605	  10.05510	   7.50000	       14N
  50.15583	   1.44428	   7.50000	       14N
  50.15583	   5.74969	   7.50000	       14N
  50.15583	  10.05510	   7.50000	       14N
  52.79561	   1.44428	   7.50000	       14N
  52.79561	   5.74969	   7.50000	       14N
  52.79561	  10.05510	   7.50000	       14N
  55.43539	   1.44428	   7.50000	       14N
  55.43539	   5.74969	   7.50000	       14N
  55.43539	  10.05510	   7.50000	       14N
  58.07517	   1.44428	   7.50000	       14N
  58.07517	   5.74969	   7.50000	       14N
  58.07517	  10.05510	   7.50000	       14N
  60.71495	   1.44428	   7.50000	       14N
  60.71495	   5.74969	   7.50000	       14N
  60.71495	  10.05510	   7.50000	       14N
  63.35473	   1.44428	   7.50000	       14N
  63.35473	   5.74969	   7.50000	       14N
  63.35473	  10.05510	   7.50000	       14N
  65.99451	   1.44428	   7.50000	       14N
  65.99451	   5.74969	   7.50000	       14N
  65.99451	  10.05510	   7.50000	       14N
  68.63429	   1.44428	   7.50000	       14N
  68.63429	   5.74969	   7.50000	       14N
  68.63429	  10.05510	   7.50000	       14N
  48.83594	  15.06223	   7.50000	       11B
  48.83594	  19.36764	   7.50000	       11B
  48.83594	  23.67304	   7.50000	       11B
  51.47572	  15.06223	   7.50000	       10B
  51.47572	  19.36764	   7.50000	       11B
  51.47572	  23.67304	   7.50000	       11B
  54.11550	  15.06223	   7.50000	       11B
  54.11550	  19.36764	   7.50000	       11B
  54.11550	  23.67304	   7.50000	       10B
  56.75528	  15.06223	   7.50000	       11B
  56.75528	  19.36764	   7.50000	       11B
  56.75528	  23.67304	   7.50000	       11B
  59.39506	  15.06223	   7.50000	       11B
  59.39506	  19.36764	   7.50000	       10B
  59.39506	  23.67304	   7.50000	       11B
  62.03484	  15.06223	   7.50000	       11B
  62.03484	  19.36764	   7.50000	       11B
  62.03484	  23.67304	   7.50000	       11B
  64.67462	  15.06223	   7.50000	       11B
  64.67462	  19.36764	   7.50000	       11B
  64.67462	  23.67304	   7.50000	       11B
  67.31440	  15.06223	   7.50000	       11B
  67.31440	  19.36764	   7.50000	       11B
  67.31440	  23.67304	   7.50000	       11B
  69.95418	  15.06223	   7.50000	       11B
  69.95418	  19.36764	   7.50000	       11B
  69.95418	  23.67304	   7.50000	       10B
  47.51605	  17.21493	   7.50000	       11B
  47.51605	  21.52034	   7.50000	       11B
  47.51605	  25.82575	   7.50000	       11B
  50.15583	  17.21493	   7.50000	       11B
  50.15583	  21.52034	   7.50000	       11B
  50.15583	  25.82575	   7.50000	       11B
  52.79561	  17.21493	   7.50000	       11B
  52.79561	  21.52034	   7.50000	       11B
  52.79561	  25.82575	   7.50000	       11B
  55.43539	  17.21493	   7.50000	       10B
  55.43539	  21.52034	   7.50000	       11B
  55.43539	  25.82575	   7.50000	       11B
  58.07517	  17.21493	   7.50000	       11B
  58.07517	  21.52034	   7.50000	       10B
  58.07517	  25.82575	   7.50000	       11B
  60.71495	  17.21493	   7.50000	       11B
  60.71495	  21.52034	   7.50000	       11B
  60.71495	  25.82575	   7.50000	       11B
  63.35473	  17.21493	   7.50000	       11B
  63.35473	  21.52034	   7.50000	       11B
  63.35473	  25.82575	   7.50000	       11B
  65.99451	  17.21493	   7.50000	       11B
  65.99451	  21.52034	   7.50000	       11B
  65.99451	  25.82575	   7.50000	       10B
  68.63429	  17.21493	   7.50000	       11B
  68.63429	  21.52034	   7.50000	       11B
  68.63429	  25.82575	   7.50000	       11B
  48.83594	  16.51321	   7.50000	       14N
  48.83594	  20.81862	   7.50000	       14N
  48.83594	  25.12403	   7.50000	       14N
  51.47572	  16.51321	   7.50000	       14N
  51.47572	  20.81862	   7.50000	       14N
  51.47572	  25.12403	   7.50000	       14N
  54.11550	  16.51321	   7.50000	       14N
  54.11550	  20.81862	   7.50000	       14N
  54.11550	  25.12403	   7.50000	       14N
  56.75528	  16.51321	   7.50000	       14N
  56.75528	  20.81862	   7.50000	       14N
  56.75528	  25.12403	   7.50000	       14N
  59.39506	  16.51321	   7.50000	       14N
  59.39506	  20.81862	   7.50000	       14N
  59.39506	  25.12403	   7.50000	       14N
  62.03484	  16.51321	   7.50000	       14N
  62.03484	  20.81862	   7.50000	       14N
  62.03484	  25.12403	   7.50000	       14N
  64.67462	  16.51321	   7.50000	       14N
  64.67462	  20.81862	   7.50000	       14N
  64.67462	  25.12403	   7.50000	       14N
  67.31440	  16.51321	   7.50000	       14N
  67.31440	  20.81862	   7.50000	       14N
  67.31440	  25.12403	   7.50000	       14N
  69.95418	  16.51321	   7.50000	       14N
  69.95418	  20.81862	   7.50000	       14N
  69.95418	  25.12403	   7.50000	       14N
  47.51605	  14.36050	   7.50000	       14N
  47.51605	  18.66591	   7.50000	       14N
  47.51605	  22.97132	   7.50000	       14N
  50.15583	  14.36050	   7.50000	       14N
  50.15583	  18.66591	   7.50000	       14N
  50.15583	  22.97132	   7.50000	       14N
  52.79561	  14.36050	   7.50000	       14N
  52.79561	  18.66591	   7.50000	       14N
  52.79561	  22.97132	   7.50000	       14N
  55.43539	  14.36050	   7.50000	       14N
  55.43539	  18.66591	   7.50000	       14N
  55.43539	  22.97132	   7.50000	       14N
  58.07517	  14.36050	   7.50000	       14N
  58.07517	  18.66591	   7.50000	       14N
  58.07517	  22.97132	   7.50000	       14N
  60.71495	  14.36050	   7.50000	       14N
  60.71495	  18.66591	   7.50000	       14N
  60.71495	  22.97132	   7.50000	       14N
  63.35473	  14.36050	   7.50000	       14N
  63.35473	  18.66591	   7.50000	       14N
  63.35473	  22.97132	   7.50000	       14N
  65.99451	  14.36050	   7.50000	       14N
  65.99451	  18.66591	   7.50000	       14N
  65.99451	  22.97132	   7.50000	       14N
  68.63429	  14.36050	   7.50000	       14N
  68.63429	  18.66591	   7.50000	       14N
  68.63429	  22.97132	   7.50000	       14N
  48.83594	  27.97845	   7.50000	       10B
  48.83594	  32.28386	   7.50000	       10B
  48.83594	  36.58927	   7.50000	       11B
  51.47572	  27.97845	   7.50000	       11B
  51.47572	  32.28386	   7.50000	       10B
  51.47572	  36.58927	   7.50000	       10B
  54.11550	  27.97845	   7.50000	       10B
  54.11550	  32.28386	   7.50000	       11B
  54.11550	  36.58927	   7.50000	       11B
  56.75528	  27.97845	   7.50000	       11B
  56.75528	  32.28386	   7.50000	       11B
  56.75528	  36.58927	   7.50000	       11B
  59.39506	  27.97845	   7.50000	       10B
  59.39506	  32.28386	   7.50000	       11B
  59.39506	  36.58927	   7.50000	       10B
  62.03484	  27.97845	   7.50000	       10B
  62.03484	  32.28386	   7.50000	       11B
  62.03484	  36.58927	   7.50000	       11B
  64.67462	  27.97845	   7.50000	       11B
  64.67462	  32.28386	   7.50000	       11B
  64.67462	  36.58927	   7.50000	       11B
  67.31440	  27.97845	   7.50000	       10B
  67.31440	  32.28386	   7.50000	       11B
  67.31440	  36.58927	   7.50000	       11B
  69.95418	  27.97845	   7.50000	       11B
  69.95418	  32.28386	   7.50000	       11B
  69.95418	  36.58927	   7.50000	       11B
  47.51605	  30.13115	   7.50000	       10B
  47.51605	  34.43656	   7.50000	       11B
  47.51605	  38.74197	   7.50000	       11B
  50.15583	  30.13115	   7.50000	       11B
  50.15583	  34.43656	   7.50000	       10B
  50.15583	  38.74197	   7.50000	       11B
  52.79561	  30.13115	   7.50000	       11B
  52.79561	  34.43656	   7.50000	       11B
  52.79561	  38.74197	   7.50000	       11B
  55.43539	  30.13115	   7.50000	       11B
  55.43539	  34.43656	   7.50000	       11B
  55.43539	  38.74197	   7.50000	       11B
  58.07517	  30.13115	   7.50000	       10B
  58.07517	  34.43656	   7.50000	       11B
  58.07517	  38.74197	   7.50000	       11B
  60.71495	  30.13115	   7.50000	       11B
  60.71495	  34.43656	   7.50000	       11B
  60.71495	  38.74197	   7.50000	       11B
  63.35473	  30.13115	   7.50000	       11B
  63.35473	  34.43656	   7.50000	       11B
  63.35473	  38.74197	   7.50000	       11B
  65.99451	  30.13115	   7.50000	       11B
  65.99451	  34.43656	   7.50000	       11B
  65.99451	  38.74197	   7.50000	       10B
  68.63429	  30.13115	   7.50000	       11B
  68.63429	  34.43656	   7.50000	       11B
  68.63429	  38.74197	   7.50000	       10B
  48.83594	  29.42944	   7.50000	       14N
  48.83594	  33.73484	   7.50000	       14N
  48.83594	  38.04025	   7.50000	       14N
  51.47572	  29.42944	   7.50000	       14N
  51.47572	  33.73484	   7.50000	       14N
  51.47572	  38.04025	   7.50000	       14N
  54.11550	  29.42944	   7.50000	       14N
  54.11550	  33.73484	   7.50000	       14N
  54.11550	  38.04025	   7.50000	       14N
  56.75528	  29.42944	   7.50000	       14N
  56.75528	  33.73484	   7.50000	       14N
  56.75528	  38.04025	   7.50000	       14N
  59.39506	  29.42944	   7.50000	       14N
  59.39506	  33.73484	   7.50000	       14N
  59.39506	  38.04025	   7.50000	       14N
  62.03484	  29.42944	   7.50000	       14N
  62.03484	  33.73484	   7.50000	       14N
  62.03484	  38.04025	   7.50000	       14N
  64.67462	  29.42944	   7.50000	       14N
  64.67462	  33.73484	   7.50000	       14N
  64.67462	  38.04025	   7.50000	       14N
  67.31440	  29.42944	   7.50000	       14N
  67.31440	  33.73484	   7.50000	       14N
  67.31440	  38.04025	   7.50000	       14N
  69.95418	  29.42944	   7.50000	       14N
  69.95418	  33.73484	   7.50000	       14N
  69.95418	  38.04025	   7.50000	       14N
  47.51605	  27.27673	   7.50000	       14N
  47.51605	  31.58214	   7.50000	       14N
  47.51605	  35.88755	   7.50000	       14N
  50.15583	  27.27673	   7.50000	       14N
  50.15583	  31.58214	   7.50000	       14N
  50.15583	  35.88755	   7.50000	       14N
  52.79561	  27.27673	   7.50000	       14N
  52.79561	  31.58214	   7.50000	       14N
  52.79561	  35.88755	   7.50000	       14N
  55.43539	  27.27673	   7.50000	       14N
  55.43539	  31.58214	   7.50000	       14N
  55.43539	  35.88755	   7.50000	       14N
  58.07517	  27.27673	   7.50000	       14N
  58.07517	  31.58214	   7.50000	       14N
  58.07517	  35.88755	   7.50000	       14N
  60.71495	  27.27673	   7.50000	       14N
  60.71495	  31.58214	   7.50000	       14N
  60.71495	  35.88755	   7.50000	       14N
  63.35473	  27.27673	   7.50000	       14N
  63.35473	  31.58214	   7.50000	       14N
  63.35473	  35.88755	   7.50000	       14N
  65.99451	  27.27673	   7.50000	       14N
  65.99451	  31.58214	   7.50000	       14N
  65.99451	  35.88755	   7.50000	       14N
  68.63429	  27.27673	   7.50000	       14N
  68.63429	  31.58214	   7.50000	       14N
  68.63429	  35.88755	   7.50000	       14N
  48.83594	  40.89468	   7.50000	       11B
  48.83594	  45.20009	   7.50000	       11B
  48.83594	  49.50549	   7.50000	       11B
  51.47572	  40.89468	   7.50000	       11B
  51.47572	  45.20009	   7.50000	       11B
  51.47572	  49.50549	   7.50000	       11B
  54.11550	  40.89468	   7.50000	       10B
  54.11550	  45.20009	   7.50000	       11B
  54.11550	  49.50549	   7.50000	       11B
  56.75528	  40.89468	   7.50000	       11B
  56.75528	  45.20009	   7.50000	       10B
  56.75528	  49.50549	   7.50000	       10B
  59.39506	  40.89468	   7.50000	       11B
  59.39506	  45.20009	   7.50000	       11B
  59.39506	  49.50549	   7.50000	       10B
  62.03484	  40.89468	   7.50000	       11B
  62.03484	  45.20009	   7.50000	       11B
  62.03484	  49.50549	   7.50000	       11B
  64.67462	  40.89468	   7.50000	       11B
  64.67462	  45.20009	   7.50000	       11B
  64.67462	  49.50549	   7.50000	       10B
  67.31440	  40.89468	   7.50000	       11B
  67.31440	  45.20009	   7.50000	       10B
  67.31440	  49.50549	   7.50000	       10B
  69.95418	  40.89468	   7.50000	       11B
  69.95418	  45.20009	   7.50000	       10B
  69.95418	  49.50549	   7.50000	       11B
  47.51605	  43.04738	   7.50000	       11B
  47.51605	  47.35279	   7.50000	       11B
  47.51605	  51.65820	   7.50000	       11B
  50.15583	  43.04738	   7.50000	       11B
  50.15583	  47.35279	   7.50000	       11B
  50.15583	  51.65820	   7.50000	       11B
  52.79561	  43.04738	   7.50000	       11B
  52.79561	  47.35279	   7.50000	       11B
  52.79561	  51.65820	   7.50000	       11B
  55.43539	  43.04738	   7.50000	       11B
  55.43539	  47.35279	   7.50000	       11B
  55.43539	  51.65820	   7.50000	       11B
  58.07517	  43.04738	   7.50000	       10B
  58.07517	  47.35279	   7.50000	       11B
  58.07517	  51.65820	   7.50000	       10B
  60.71495	  43.04738	   7.50000	       11B
  60.71495	  47.35279	   7.50000	       11B
  60.71495	  51.65820	   7.50000	       11B
  63.35473	  43.04738	   7.50000	       11B
  63.35473	  47.35279	   7.50000	       11B
  63.35473	  51.65820	   7.50000	       11B
  65.99451	  43.04738	   7.50000	       11B
  65.99451	  47.35279	   7.50000	       11B
  65.99451	  51.65820	   7.50000	       11B
  68.63429	  43.04738	   7.50000	       11B
  68.63429	  47.35279	   7.50000	       11B
  68.63429	  51.65820	   7.50000	       11B
  48.83594	  42.34566	   7.50000	       14N
  48.83594	  46.65107	   7.50000	       14N
  48.83594	  50.95648	   7.50000	       14N
  51.47572	  42.34566	   7.50000	       14N
  51.47572	  46.65107	   7.50000	       14N
  51.47572	  50.95648	   7.50000	       14N
  54.11550	  42.34566	   7.50000	       14N
  54.11550	  46.65107	   7.50000	       14N
  54.11550	  50.95648	   7.50000	       14N
  56.75528	  42.34566	   7.50000	       14N
  56.75528	  46.65107	   7.50000	       14N
  56.75528	  50.95648	   7.50000	       14N
  59.39506	  42.34566	   7.50000	       14N
  59.39506	  46.65107	   7.50000	       14N
  59.39506	  50.95648	   7.50000	       14N
  62.03484	  42.34566	   7.50000	       14N
  62.03484	  46.65107	   7.50000	       14N
  62.03484	  50.95648	   7.50000	       14N
  64.67462	  42.34566	   7.50000	       14N
  64.67462	  46.65107	   7.50000	       14N
  64.67462	  50.95648	   7.50000	       14N
  67.31440	  42.34566	   7.50000	       14N
  67.31440	  46.65107	   7.50000	       14N
  67.31440	  50.95648	   7.50000	       14N
  69.95418	  42.34566	   7.50000	       14N
  69.95418	  46.65107	   7.50000	       14N
  69.95418	  50.95648	   7.50000	       14N
  47.51605	  40.19295	   7.50000	       14N
  47.51605	  44.49836	   7.50000	       14N
  47.51605	  48.80377	   7.50000	       14N
  50.15583	  40.19295	   7.50000	       14N
  50.15583	  44.49836	   7.50000	       14N
  50.15583	  48.80377	   7.50000	       14N
  52.79561	  40.19295	   7.50000	       14N
  52.79561	  44.49836	   7.50000	       14N
  52.79561	  48.80377	   7.50000	       14N
  55.43539	  40.19295	   7.50000	       14N
  55.43539	  44.49836	   7.50000	       14N
  55.43539	  48.80377	   7.50000	       14N
  58.07517	  40.19295	   7.50000	       14N
  58.07517	  44.49836	   7.50000	       14N
  58.07517	  48.80377	   7.50000	       14N
  60.71495	  40.19295	   7.50000	       14N
  60.71495	  44.49836	   7.50000	       14N
  60.71495	  48.80377	   7.50000	       14N
  63.35473	  40.19295	   7.50000	       14N
  63.35473	  44.49836	   7.50000	       14N
  63.35473	  48.80377	   7.50000	       14N
  65.99451	  40.19295	   7.50000	       14N
  65.99451	  44.49836	   7.50000	       14N
  65.99451	  48.80377	   7.50000	       14N
  68.63429	  40.19295	   7.50000	       14N
  68.63429	  44.49836	   7.50000	       14N
  68.63429	  48.80377	   7.50000	       14N
  48.83594	  53.81090	   7.50000	       11B
  48.83594	  58.11631	   7.50000	       10B
  48.83594	  62.42172	   7.50000	       11B
  51.47572	  53.81090	   7.50000	       10B
  51.47572	  58.11631	   7.50000	       11B
  51.47572	  62.42172	   7.50000	       11B
  54.11550	  53.81090	   7.50000	       11B
  54.11550	  58.11631	   7.50000	       10B
  54.11550	  62.42172	   7.50000	       11B
  56.75528	  53.81090	   7.50000	       11B
  56.75528	  58.11631	   7.50000	       11B
  56.75528	  62.42172	   7.50000	       11B
  59.39506	  53.81090	   7.50000	       11B
  59.39506	  58.11631	   7.50000	       11B
  59.39506	  62.42172	   7.50000	       11B
  62.03484	  53.81090	   7.50000	       11B
  62.03484	  58.11631	   7.50000	       10B
  62.03484	  62.42172	   7.50000	       10B
  64.67462	  53.81090	   7.50000	       10B
  64.67462	  58.11631	   7.50000	       11B
  64.67462	  62.42172	   7.50000	       11B
  67.31440	  53.81090	   7.50000	       11B
  67.31440	  58.11631	   7.50000	       11B
  67.31440	  62.42172	   7.50000	       11B
  69.95418	  53.81090	   7.50000	       11B
  69.95418	  58.11631	   7.50000	       11B
  69.95418	  62.42172	   7.50000	       11B
  47.51605	  55.96360	   7.50000	       11B
  47.51605	  60.26901	   7.50000	       11B
  47.51605	  64.57442	   7.50000	       11B
  50.15583	  55.96360	   7.50000	       11B
  50.15583	  60.26901	   7.50000	       11B
  50.15583	  64.57442	   7.50000	       11B
  52.79561	  55.96360	   7.50000	       11B
  52.79561	  60.26901	   7.50000	       11B
  52.79561	  64.57442	   7.50000	       11B
  55.43539	  55.96360	   7.50000	       10B
  55.43539	  60.26901	   7.50000	       11B
  55.43539	  64.57442	   7.50000	       11B
  58.07517	  55.96360	   7.50000	       10B
  58.07517	  60.26901	   7.50000	       11B
  58.07517	  64.57442	   7.50000	       11B
  60.71495	  55.96360	   7.50000	       10B
  60.71495	  60.26901	   7.50000	       10B
  60.71495	  64.57442	   7.50000	       11B
  63.35473	  55.96360	   7.50000	       11B
  63.35473	  60.26901	   7.50000	       10B
  63.35473	  64.57442	   7.50000	       11B
  65.99451	  55.96360	   7.50000	       11B
  65.99451	  60.26901	   7.50000	       11B
  65.99451	  64.57442	   7.50000	       11B
  68.63429	  55.96360	   7.50000	       10B
  68.63429	  60.26901	   7.50000	       11B
  68.63429	  64.57442	   7.50000	       10B
  48.83594	  55.26189	   7.50000	       14N
  48.83594	  59.56729	   7.50000	       14N
  48.83594	  63.87270	   7.50000	       14N
  51.47572	  55.26189	   7.50000	       14N
  51.47572	  59.56729	   7.50000	       14N
  51.47572	  63.87270	   7.50000	       14N
  54.11550	  55.26189	   7.50000	       14N
  54.11550	  59.56729	   7.50000	       14N
  54.11550	  63.87270	   7.50000	       14N
  56.75528	  55.26189	   7.50000	       14N
  56.75528	  59.56729	   7.50000	       14N
  56.75528	  63.87270	   7.50000	       14N
  59.39506	  55.26189	   7.50000	       14N
  59.39506	  59.56729	   7.50000	       14N
  59.39506	  63.87270	   7.50000	       14N
  62.03484	  55.26189	   7.50000	       14N
  62.03484	  59.56729	   7.50000	       14N
  62.03484	  63.87270	   7.50000	       14N
  64.67462	  55.26189	   7.50000	       14N
  64.67462	  59.56729	   7.50000	       14N
  64.67462	  63.87270	   7.50000	       14N
  67.31440	  55.26189	   7.50000	       14N
  67.31440	  59.56729	   7.50000	       14N
  67.31440	  63.87270	   7.50000	       14N
  69.95418	  55.26189	   7.50000	       14N
  69.95418	  59.56729	   7.50000	       14N
  69.95418	  63.87270	   7.50000	       14N
  47.51605	  53.10918	   7.50000	       14N
  47.51605	  57.41459	   7.50000	       14N
  47.51605	  61.72000	   7.50000	       14N
  50.15583	  53.10918	   7.50000	       14N
  50.15583	  57.41459	   7.50000	       14N
  50.15583	  61.72000	   7.50000	       14N
  52.79561	  53.10918	   7.50000	       14N
  52.79561	  57.41459	   7.50000	       14N
  52.79561	  61.72000	   7.50000	       14N
  55.43539	  53.10918	   7.50000	       14N
  55.43539	  57.41459	   7.50000	       14N
  55.43539	  61.72000	   7.50000	       14N
  58.07517	  53.10918	   7.50000	       14N
  58.07517	  57.41459	   7.50000	       14N
  58.07517	  61.72000	   7.50000	       14N
  60.71495	  53.10918	   7.50000	       14N
  60.71495	  57.41459	   7.50000	       14N
  60.71495	  61.72000	   7.50000	       14N
  63.35473	  53.10918	   7.50000	       14N
  63.35473	  57.41459	   7.50000	       14N
  63.35473	  61.72000	   7.50000	       14N
  65.99451	  53.10918	   7.50000	       14N
  65.99451	  57.41459	   7.50000	       14N
  65.99451	  61.72000	   7.50000	       14N
  68.63429	  53.10918	   7.50000	       14N
  68.63429	  57.41459	   7.50000	       14N
  68.63429	  61.72000	   7.50000	       14N
  48.83594	  66.72713	   7.50000	       11B
  48.83594	  71.03254	   7.50000	       11B
  48.83594	  75.33795	   7.50000	       11B
  51.47572	  66.72713	   7.50000	       11B
  51.47572	  71.03254	   7.50000	       11B
  51.47572	  75.33795	   7.50000	       11B
  54.11550	  66.72713	   7.50000	       10B
  54.11550	  71.03254	   7.50000	       11B
  54.11550	  75.33795	   7.50000	       11B
  56.75528	  66.72713	   7.50000	       10B
  56.75528	  71.03254	   7.50000	       11B
  56.75528	  75.33795	   7.50000	       11B
  59.39506	  66.72713	   7.50000	       11B
  59.39506	  71.03254	   7.50000	       11B
  59.39506	  75.33795	   7.50000	       11B
  62.03484	  66.72713	   7.50000	       10B
  62.03484	  71.03254	   7.50000	       11B
  62.03484	  75.33795	   7.50000	       11B
  64.67462	  66.72713	   7.50000	       11B
  64.67462	  71.03254	   7.50000	       10B
  64.67462	  75.33795	   7.50000	       11B
  67.31440	  66.72713	   7.50000	       11B
  67.31440	  71.03254	   7.50000	       10B
  67.31440	  75.33795	   7.50000	       11B
  69.95418	  66.72713	   7.50000	       11B
  69.95418	  71.03254	   7.50000	       11B
  69.95418	  75.33795	   7.50000	       10B
  47.51605	  68.87983	   7.50000	       10B
  47.51605	  73.18524	   7.50000	       11B
  47.51605	  77.49065	   7.50000	       11B
  50.15583	  68.87983	   7.50000	       11B
  50.15583	  73.18524	   7.50000	       10B
  50.15583	  77.49065	   7.50000	       11B
  52.79561	  68.87983	   7.50000	       11B
  52.79561	  73.18524	   7.50000	       11B
  52.79561	  77.49065	   7.50000	       11B
  55.43539	  68.87983	   7.50000	       11B
  55.43539	  73.18524	   7.50000	       10B
  55.43539	  77.49065	   7.50000	       11B
  58.07517	  68.87983	   7.50000	       11B
  58.07517	  73.18524	   7.50000	       11B
  58.07517	  77.49065	   7.50000	       11B
  60.71495	  68.87983	   7.50000	       11B
  60.71495	  73.18524	   7.50000	       10B
  60.71495	  77.49065	   7.50000	       10B
  63.35473	  68.87983	   7.50000	       11B
  63.35473	  73.18524	   7.50000	       11B
  63.35473	  77.49065	   7.50000	       10B
  65.99451	  68.87983	   7.50000	       10B
  65.99451	  73.18524	   7.50000	       11B
  65.99451	  77.49065	   7.50000	       10B
  68.63429	  68.87983	   7.50000	       10B
  68.63429	  73.18524	   7.50000	       11B
  68.63429	  77.49065	   7.50000	       11B
  48.83594	  68.17811	   7.50000	       14N
  48.83594	  72.48352	   7.50000	       14N
  48.83594	  76.78893	   7.50000	       14N
  51.47572	  68.17811	   7.50000	       14N
  51.47572	  72.48352	   7.50000	       14N
  51.47572	  76.78893	   7.50000	       14N
  54.11550	  68.17811	   7.50000	       14N
  54.11550	  72.48352	   7.50000	       14N
  54.11550	  76.78893	   7.50000	       14N
  56.75528	  68.17811	   7.50000	       14N
  56.75528	  72.48352	   7.50000	       14N
  56.75528	  76.78893	   7.50000	       14N
  59.39506	  68.17811	   7.50000	       14N
  59.39506	  72.48352	   7.50000	       14N
  59.39506	  76.78893	   7.50000	       14N
  62.03484	  68.17811	   7.50000	       14N
  62.03484	  72.48352	   7.50000	       14N
  62.03484	  76.78893	   7.50000	       14N
  64.67462	  68.17811	   7.50000	       14N
  64.67462	  72.48352	   7.50000	       14N
  64.67462	  76.78893	   7.50000	       14N
  67.31440	  68.17811	   7.50000	       14N
  67.31440	  72.48352	   7.50000	       14N
  67.31440	  76.78893	   7.50000	       14N
  69.95418	  68.17811	   7.50000	       14N
  69.95418	  72.48352	   7.50000	       14N
  69.95418	  76.78893	   7.50000	       14N
  47.51605	  66.02540	   7.50000	       14N
  47.51605	  70.33081	   7.50000	       14N
  47.51605	  74.63622	   7.50000	       14N
  50.15583	  66.02540	   7.50000	       14N
  50.15583	  70.33081	   7.50000	       14N
  50.15583	  74.63622	   7.50000	       14N
  52.79561	  66.02540	   7.50000	       14N
  52.79561	  70.33081	   7.50000	       14N
  52.79561	  74.63622	   7.50000	       14N
  55.43539	  66.02540	   7.50000	       14N
  55.43539	  70.33081	   7.50000	       14N
  55.43539	  74.63622	   7.50000	       14N
  58.07517	  66.02540	   7.50000	       14N
  58.07517	  70.33081	   7.50000	       14N
  58.07517	  74.63622	   7.50000	       14N
  60.71495	  66.02540	   7.50000	       14N
  60.71495	  70.33081	   7.50000	       14N
  60.71495	  74.63622	   7.50000	       14N
  63.35473	  66.02540	   7.50000	       14N
  63.35473	  70.33081	   7.50000	       14N
  63.35473	  74.63622	   7.50000	       14N
  65.99451	  66.02540	   7.50000	       14N
  65.99451	  70.33081	   7.50000	       14N
  65.99451	  74.63622	   7.50000	       14N
  68.63429	  66.02540	   7.50000	       14N
  68.63429	  70.33081	   7.50000	       14N
  68.63429	  74.63622	   7.50000	       14N
  48.83594	  79.64335	   7.50000	       11B
  51.47572	  79.64335	   7.50000	       11B
  54.11550	  79.64335	   7.50000	       11B
  56.75528	  79.64335	   7.50000	       10B
  59.39506	  79.64335	   7.50000	       11B
  62.03484	  79.64335	   7.50000	       11B
  64.67462	  79.64335	   7.50000	       11B
  67.31440	  79.64335	   7.50000	       11B
  69.95418	  79.64335	   7.50000	       11B
  47.51605	  78.94163	   7.50000	       14N
  50.15583	  78.94163	   7.50000	       14N
  52.79561	  78.94163	   7.50000	       14N
  55.43539	  78.94163	   7.50000	       14N
  58.07517	  78.94163	   7.50000	       14N
  60.71495	  78.94163	   7.50000	       14N
  63.35473	  78.94163	   7.50000	       14N
  65.99451	  78.94163	   7.50000	       14N
  68.63429	  78.94163	   7.50000	       14N
  72.59396	   2.14600	   7.50000	       11B
  72.59396	   6.45141	   7.50000	       11B
  72.59396	  10.75682	   7.50000	       10B
  75.23374	   2.14600	   7.50000	       11B
  75.23374	   6.45141	   7.50000	       10B
  75.23374	  10.75682	   7.50000	       10B
  77.87352	   2.14600	   7.50000	       10B
  77.87352	   6.45141	   7.50000	       11B
  77.87352	  10.75682	   7.50000	       11B
  71.27407	   4.29870	   7.50000	       11B
  71.27407	   8.60411	   7.50000	       11B
  71.27407	  12.90952	   7.50000	       11B
  73.91385	   4.29870	   7.50000	       11B
  73.91385	   8.60411	   7.50000	       11B
  73.91385	  12.90952	   7.50000	       11B
  76.55363	   4.29870	   7.50000	       11B
  76.55363	   8.60411	   7.50000	       11B
  76.55363	  12.90952	   7.50000	       11B
  79.19341	   4.29870	   7.50000	       11B
  79.19341	   8.60411	   7.50000	       11B
  79.19341	  12.90952	   7.50000	       11B
  72.59396	   3.59698	   7.50000	       14N
  72.59396	   7.90239	   7.50000	       14N
  72.59396	  12.20780	   7.50000	       14N
  75.23374	   3.59698	   7.50000	       14N
  75.23374	   7.90239	   7.50000	       14N
  75.23374	  12.20780	   7.50000	       14N
  77.87352	   3.59698	   7.50000	       14N
  77.87352	   7.90239	   7.50000	       14N
  77.87352	  12.20780	   7.50000	       14N
  71.27407	   1.44428	   7.50000	       14N
  71.27407	   5.74969	   7.50000	       14N
  71.27407	  10.05510	   7.50000	       14N
  73.91385	   1.44428	   7.50000	       14N
  73.91385	   5.74969	   7.50000	       14N
  73.91385	  10.05510	   7.50000	       14N
  76.55363	   1.44428	   7.50000	       14N
  76.55363	   5.74969	   7.50000	       14N
  76.55363	  10.05510	   7.50000	       14N
  79.19341	   1.44428	   7.50000	       14N
  79.19341	   5.74969	   7.50000	       14N
  79.19341	  10.05510	   7.50000	       14N
  72.59396	  15.06223	   7.50000	       10B
  72.59396	  19.36764	   7.50000	       11B
  72.59396	  23.67304	   7.50000	       11B
  75.23374	  15.06223	   7.50000	       11B
  75.23374	  19.36764	   7.50000	       11B
  75.23374	  23.67304	   7.50000	       11B
  77.87352	  15.06223	   7.50000	       11B
  77.87352	  19.36764	   7.50000	       11B
  77.87352	  23.67304	   7.50000	       11B
  71.27407	  17.21493	   7.50000	       11B
  71.27407	  21.52034	   7.50000	       11B
  71.27407	  25.82575	   7.50000	       11B
  73.91385	  17.21493	   7.50000	       10B
  73.91385	  21.52034	   7.50000	       11B
  73.91385	  25.82575	   7.50000	       10B
  76.55363	  17.21493	   7.50000	       11B
  76.55363	  21.52034	   7.50000	       10B
  76.55363	  25.82575	   7.50000	       11B
  79.19341	  17.21493	   7.50000	       10B
  79.19341	  21.52034	   7.50000	       11B
  79.19341	  25.82575	   7.50000	       11B
  72.59396	  16.51321	   7.50000	       14N
  72.59396	  20.81862	   7.50000	       14N
  72.59396	  25.12403	   7.50000	       14N
  75.23374	  16.51321	   7.50000	       14N
  75.23374	  20.81862	   7.50000	       14N
  75.23374	  25.12403	   7.50000	       14N
  77.87352	  16.51321	   7.50000	       14N
  77.87352	  20.81862	   7.50000	       14N
  77.87352	  25.12403	   7.50000	       14N
  71.27407	  14.36050	   7.50000	       14N
  71.27407	  18.66591	   7.50000	       14N
  71.27407	  22.97132	   7.50000	       14N
  73.91385	  14.36050	   7.50000	       14N
  73.91385	  18.66591	   7.50000	       14N
  73.91385	  22.97132	   7.50000	       14N
  76.55363	  14.36050	   7.50000	       14N
  76.55363	  18.66591	   7.50000	       14N
  76.55363	  22.97132	   7.50000	       14N
  79.19341	  14.36050	   7.50000	       14N
  79.19341	  18.66591	   7.50000	       14N
  79.19341	  22.97132	   7.50000	       14N
  72.59396	  27.97845	   7.50000	       11B
  72.59396	  32.28386	   7.50000	       10B
  72.59396	  36.58927	   7.50000	       11B
  75.23374	  27.97845	   7.50000	       11B
  75.23374	  32.28386	   7.50000	       11B
  75.23374	  36.58927	   7.50000	       11B
  77.87352	  27.97845	   7.50000	       11B
  77.87352	  32.28386	   7.50000	       11B
  77.87352	  36.58927	   7.50000	       11B
  71.27407	  30.13115	   7.50000	       11B
  71.27407	  34.43656	   7.50000	       11B
  71.27407	  38.74197	   7.50000	       10B
  73.91385	  30.13115	   7.50000	       11B
  73.91385	  34.43656	   7.50000	       11B
  73.91385	  38.74197	   7.50000	       11B
  76.55363	  30.13115	   7.50000	       10B
  76.55363	  34.43656	   7.50000	       11B
  76.55363	  38.74197	   7.50000	       11B
  79.19341	  30.13115	   7.50000	       10B
  79.19341	  34.43656	   7.50000	       11B
  79.19341	  38.74197	   7.50000	       11B
  72.59396	  29.42944	   7.50000	       14N
  72.59396	  33.73484	   7.50000	       14N
  72.59396	  38.04025	   7.50000	       14N
  75.23374	  29.42944	   7.50000	       14N
  75.23374	  33.73484	   7.50000	       14N
  75.23374	  38.04025	   7.50000	       14N
  77.87352	  29.42944	   7.50000	       14N
  77.87352	  33.73484	   7.50000	       14N
  77.87352	  38.04025	   7.50000	       14N
  71.27407	  27.27673	   7.50000	       14N
  71.27407	  31.58214	   7.50000	       14N
  71.27407	  35.88755	   7.50000	       14N
  73.91385	  27.27673	   7.50000	       14N
  73.91385	  31.58214	   7.50000	       14N
  73.91385	  35.88755	   7.50000	       14N
  76.55363	  27.27673	   7.50000	       14N
  76.55363	  31.58214	   7.50000	       14N
  76.55363	  35.88755	   7.50000	       14N
  79.19341	  27.27673	   7.50000	       14N
  79.19341	  31.58214	   7.50000	       14N
  79.19341	  35.88755	   7.50000	       14N
  72.59396	  40.89468	   7.50000	       11B
  72.59396	  45.20009	   7.50000	       11B
  72.59396	  49.50549	   7.50000	       11B
  75.23374	  40.89468	   7.50000	       11B
  75.23374	  45.20009	   7.50000	       11B
  75.23374	  49.50549	   7.50000	       11B
  77.87352	  40.89468	   7.50000	       10B
  77.87352	  45.20009	   7.50000	       11B
  77.87352	  49.50549	   7.50000	       11B
  71.27407	  43.04738	   7.50000	       11B
  71.27407	  47.35279	   7.50000	       11B
  71.27407	  51.65820	   7.50000	       11B
  73.91385	  43.04738	   7.50000	       11B
  73.91385	  47.35279	   7.50000	       11B
  73.91385	  51.65820	   7.50000	       11B
  76.55363	  43.04738	   7.50000	       11B
  76.55363	  47.35279	   7.50000	       11B
  76.55363	  51.65820	   7.50000	       11B
  79.19341	  43.04738	   7.50000	       11B
  79.19341	  47.35279	   7.50000	       10B
  79.19341	  51.65820	   7.50000	       11B
  72.59396	  42.34566	   7.50000	       14N
  72.59396	  46.65107	   7.50000	       14N
  72.59396	  50.95648	   7.50000	       14N
  75.23374	  42.34566	   7.50000	       14N
  75.23374	  46.65107	   7.50000	       14N
  75.23374	  50.95648	   7.50000	       14N
  77.87352	  42.34566	   7.50000	       14N
  77.87352	  46.65107	   7.50000	       14N
  77.87352	  50.95648	   7.50000	       14N
  71.27407	  40.19295	   7.50000	       14N
  71.27407	  44.49836	   7.50000	       14N
  71.27407	  48.80377	   7.50000	       14N
  73.91385	  40.19295	   7.50000	       14N
  73.91385	  44.49836	   7.50000	       14N
  73.91385	  48.80377	   7.50000	       14N
  76.55363	  40.19295	   7.50000	       14N
  76.55363	  44.49836	   7.50000	       14N
  76.55363	  48.80377	   7.50000	       14N
  79.19341	  40.19295	   7.50000	       14N
  79.19341	  44.49836	   7.50000	       14N
  79.19341	  48.80377	   7.50000	       14N
  72.59396	  53.81090	   7.50000	       11B
  72.59396	  58.11631	   7.50000	       11B
  72.59396	  62.42172	   7.50000	       11B
  75.23374	  53.81090	   7.50000	       11B
  75.23374	  58.11631	   7.50000	       10B
  75.23374	  62.42172	   7.50000	       11B
  77.87352	  53.81090	   7.50000	       11B
  77.87352	  58.11631	   7.50000	       10B
  77.87352	  62.42172	   7.50000	       10B
  71.27407	  55.96360	   7.50000	       10B
  71.27407	  60.26901	   7.50000	       10B
  71.27407	  64.57442	   7.50000	       11B
  73.91385	  55.96360	   7.50000	       11B
  73.91385	  60.26901	   7.50000	       11B
  73.91385	  64.57442	   7.50000	       10B
  76.55363	  55.96360	   7.50000	       11B
  76.55363	  60.26901	   7.50000	       11B
  76.55363	  64.57442	   7.50000	       10B
  79.19341	  55.96360	   7.50000	       11B
  79.19341	  60.26901	   7.50000	       11B
  79.19341	  64.57442	   7.50000	       11B
  72.59396	  55.26189	   7.50000	       14N
  72.59396	  59.56729	   7.50000	       14N
  72.59396	  63.87270	   7.50000	       14N
  75.23374	  55.26189	   7.50000	       14N
  75.23374	  59.56729	   7.50000	       14N
  75.23374	  63.87270	   7.50000	       14N
  77.87352	  55.26189	   7.50000	       14N
  77.87352	  59.56729	   7.50000	       14N
  77.87352	  63.87270	   7.50000	       14N
  71.27407	  53.10918	   7.50000	       14N
  71.27407	  57.41459	   7.50000	       14N
  71.27407	  61.72000	   7.50000	       14N
  73.91385	  53.10918	   7.50000	       14N
  73.91385	  57.41459	   7.50000	       14N
  73.91385	  61.72000	   7.50000	       14N
  76.55363	  53.10918	   7.50000	       14N
  76.55363	  57.41459	   7.50000	       14N
  76.55363	  61.72000	   7.50000	       14N
  79.19341	  53.10918	   7.50000	       14N
  79.19341	  57.41459	   7.50000	       14N
  79.19341	  61.72000	   7.50000	       14N
  72.59396	  66.72713	   7.50000	       11B
  72.59396	  71.03254	   7.50000	       11B
  72.59396	  75.33795	   7.50000	       11B
  75.23374	  66.72713	   7.50000	       11B
  75.23374	  71.03254	   7.50000	       10B
  75.23374	  75.33795	   7.50000	       10B
  77.87352	  66.72713	   7.50000	       11B
  77.87352	  71.03254	   7.50000	       11B
  77.87352	  75.33795	   7.50000	       10B
  71.27407	  68.87983	   7.50000	       11B
  71.27407	  73.18524	   7.50000	       11B
  71.27407	  77.49065	   7.50000	       11B
  73.91385	  68.87983	   7.50000	       10B
  73.91385	  73.18524	   7.50000	       10B
  73.91385	  77.49065	   7.50000	       11B
  76.55363	  68.87983	   7.50000	       11B
  76.55363	  73.18524	   7.50000	       11B
  76.55363	  77.49065	   7.50000	       10B
  79.19341	  68.87983	   7.50000	       11B
  79.19341	  73.18524	   7.50000	       11B
  79.19341	  77.49065	   7.50000	       10B
  72.59396	  68.17811	   7.50000	       14N
  72.59396	  72.48352	   7.50000	       14N
  72.59396	  76.78893	   7.50000	       14N
  75.23374	  68.17811	   7.50000	       14N
  75.23374	  72.48352	   7.50000	       14N
  75.23374	  76.78893	   7.50000	       14N
  77.87352	  68.17811	   7.50000	       14N
  77.87352	  72.48352	   7.50000	       14N
  77.87352	  76.78893	   7.50000	       14N
  71.27407	  66.02540	   7.50000	       14N
  71.27407	  70.33081	   7.50000	       14N
  71.27407	  74.63622	   7.50000	       14N
  73.91385	  66.02540	   7.50000	       14N
  73.91385	  70.33081	   7.50000	       14N
  73.91385	  74.63622	   7.50000	       14N
  76.55363	  66.02540	   7.50000	       14N
  76.55363	  70.33081	   7.50000	       14N
  76.55363	  74.63622	   7.50000	       14N
  79.19341	  66.02540	   7.50000	       14N
  79.19341	  70.33081	   7.50000	       14N
  79.19341	  74.63622	   7.50000	       14N
  72.59396	  79.64335	   7.50000	       11B
  75.23374	  79.64335	   7.50000	       10B
  77.87352	  79.64335	   7.50000	       11B
  71.27407	  78.94163	   7.50000	       14N
  73.91385	  78.94163	   7.50000	       14N
  76.55363	  78.94163	   7.50000	       14N
  79.19341	  78.94163	   7.50000	       14N
