--------------------------------------------------------------------------------------------------------------------------------------------------------------------------
  AtomName	    r_1i_X	    r_1i_Y	    r_1i_Z	     EFGxx	     EFGxy	     EFGxz	     EFGyx	     EFGyy	     EFGyz	     EFGzx	     EFGzy	     EFGzz	[Hatree/Bohr_radius^2]
--------------------------------------------------------------------------------------------------------------------------------------------------------------------------
10B  eQ___:	  8.459000	[Q/milibarn]*(10^-1)
11B  eQ___:	  4.059000	[Q/milibarn]*(10^-1)
14N  eQ___:	  2.044000	[Q/milibarn]*(10^-1)
15N  eQ___:	  0.000000	[Q/milibarn]*(10^-1)
10B  etc____:	---       	---       	---       	  -0.15775	   0.00000	  -0.00000	   0.00000	  -0.18165	   0.00000	  -0.00000	   0.00000	   0.33940
11B  etc____:	---       	---       	---       	  -0.15775	   0.00000	  -0.00000	   0.00000	  -0.18165	   0.00000	  -0.00000	   0.00000	   0.33940
14N  etc____:	---       	---       	---       	   0.11786	  -0.00000	  -0.00000	  -0.00000	  -0.08240	   0.00000	  -0.00000	   0.00000	  -0.03545
15N  etc____:	---       	---       	---       	   0.11786	  -0.00000	  -0.00000	  -0.00000	  -0.08240	   0.00000	  -0.00000	   0.00000	  -0.03545
MinDif[A]:	 -11.87901	  -6.45992	   0.00000
MaxDif[A]:	  10.56586	   6.44247	   0.00000
--------------------------------------------------------------------------------------------------------------------------------------------------------------------------
B         	 -10.56266	  -4.33194	   0.00000	  -0.15757	   0.00297	   0.00000	   0.00297	  -0.18177	   0.00000	   0.00000	   0.00000	   0.33934
B         	 -10.56526	  -0.02445	   0.00000	  -0.15865	   0.00373	   0.00000	   0.00373	  -0.18162	  -0.00000	   0.00000	  -0.00000	   0.34028
B         	 -10.56184	   4.28111	   0.00000	  -0.15816	   0.00356	   0.00000	   0.00356	  -0.18137	   0.00000	   0.00000	   0.00000	   0.33953
B         	  -7.92913	  -4.33051	   0.00000	  -0.15622	   0.00858	   0.00000	   0.00858	  -0.18226	   0.00000	   0.00000	   0.00000	   0.33848
B         	  -7.93985	  -0.02176	   0.00000	  -0.15924	   0.01158	   0.00000	   0.01158	  -0.18125	   0.00000	   0.00000	   0.00000	   0.34049
B         	  -7.92594	   4.28377	   0.00000	  -0.15861	   0.01086	   0.00000	   0.01086	  -0.18043	  -0.00000	   0.00000	  -0.00000	   0.33904
B         	  -5.29313	  -4.32678	   0.00000	  -0.15119	   0.01230	  -0.00000	   0.01230	  -0.18520	  -0.00000	  -0.00000	  -0.00000	   0.33639
B         	  -5.32203	  -0.01483	   0.00000	  -0.15974	   0.02287	   0.00000	   0.02287	  -0.18095	   0.00000	   0.00000	   0.00000	   0.34070
B         	  -5.28602	   4.28971	   0.00000	  -0.15952	   0.01724	   0.00000	   0.01724	  -0.17805	  -0.00000	   0.00000	  -0.00000	   0.33757
B         	  -2.65260	  -4.31479	   0.00000	  -0.14017	   0.01227	   0.00000	   0.01227	  -0.19325	  -0.00000	   0.00000	  -0.00000	   0.33342
B         	  -2.71376	  -0.00419	   0.00000	  -0.13979	   0.05536	  -0.00000	   0.05536	  -0.18950	  -0.00000	  -0.00000	  -0.00000	   0.32930
B         	  -2.63823	   4.29120	   0.00000	  -0.16243	   0.01847	   0.00000	   0.01847	  -0.17156	  -0.00000	   0.00000	  -0.00000	   0.33399
B         	   0.00000	  -4.28739	   0.00000	  -0.13101	   0.00000	   0.00000	   0.00000	  -0.19775	  -0.00000	   0.00000	  -0.00000	   0.32876
B         	   0.00000	   4.28883	   0.00000	  -0.16544	  -0.00000	  -0.00000	  -0.00000	  -0.16527	   0.00000	  -0.00000	   0.00000	   0.33071
B         	   2.65260	  -4.31479	   0.00000	  -0.14017	  -0.01228	   0.00000	  -0.01228	  -0.19325	   0.00000	   0.00000	   0.00000	   0.33342
B         	   2.71376	  -0.00419	   0.00000	  -0.13979	  -0.05536	   0.00000	  -0.05536	  -0.18950	  -0.00000	   0.00000	  -0.00000	   0.32930
B         	   2.63823	   4.29120	   0.00000	  -0.16243	  -0.01847	   0.00000	  -0.01847	  -0.17156	  -0.00000	   0.00000	  -0.00000	   0.33399
B         	   5.29313	  -4.32678	   0.00000	  -0.15119	  -0.01230	  -0.00000	  -0.01230	  -0.18520	   0.00000	  -0.00000	   0.00000	   0.33639
B         	   5.32203	  -0.01483	   0.00000	  -0.15974	  -0.02287	  -0.00000	  -0.02287	  -0.18095	  -0.00000	  -0.00000	  -0.00000	   0.34070
B         	   5.28602	   4.28971	   0.00000	  -0.15952	  -0.01724	   0.00000	  -0.01724	  -0.17805	  -0.00000	   0.00000	  -0.00000	   0.33757
B         	   7.92913	  -4.33051	   0.00000	  -0.15622	  -0.00858	   0.00000	  -0.00858	  -0.18226	  -0.00000	   0.00000	  -0.00000	   0.33848
B         	   7.93985	  -0.02176	   0.00000	  -0.15924	  -0.01158	  -0.00000	  -0.01158	  -0.18125	   0.00000	  -0.00000	   0.00000	   0.34049
B         	   7.92594	   4.28377	   0.00000	  -0.15861	  -0.01086	  -0.00000	  -0.01086	  -0.18043	  -0.00000	  -0.00000	  -0.00000	   0.33904
B         	  10.56266	  -4.33194	   0.00000	  -0.15757	  -0.00297	   0.00000	  -0.00297	  -0.18177	   0.00000	   0.00000	   0.00000	   0.33934
B         	  10.56526	  -0.02445	   0.00000	  -0.15865	  -0.00373	  -0.00000	  -0.00373	  -0.18162	  -0.00000	  -0.00000	  -0.00000	   0.34028
B         	  10.56184	   4.28111	   0.00000	  -0.15816	  -0.00356	  -0.00000	  -0.00356	  -0.18137	   0.00000	  -0.00000	   0.00000	   0.33953
B         	 -11.87901	  -2.17882	   0.00000	  -0.15797	   0.00000	  -0.00000	   0.00000	  -0.18174	   0.00000	  -0.00000	   0.00000	   0.33971
B         	 -11.87901	   2.12838	   0.00000	  -0.15861	   0.00000	  -0.00000	   0.00000	  -0.18126	   0.00000	  -0.00000	   0.00000	   0.33988
B         	 -11.87901	   6.43236	   0.00000	  -0.15775	   0.00000	  -0.00000	   0.00000	  -0.18165	   0.00000	  -0.00000	   0.00000	   0.33940
B         	  -9.24965	  -2.17786	   0.00000	  -0.15760	   0.00634	   0.00000	   0.00634	  -0.18181	  -0.00000	   0.00000	  -0.00000	   0.33941
B         	  -9.24696	   2.12995	   0.00000	  -0.15896	   0.00820	  -0.00000	   0.00820	  -0.18073	   0.00000	  -0.00000	   0.00000	   0.33969
B         	  -9.24388	   6.43295	   0.00000	  -0.15760	   0.00635	   0.00000	   0.00635	  -0.18148	  -0.00000	   0.00000	  -0.00000	   0.33908
B         	  -6.62004	  -2.17528	   0.00000	  -0.15574	   0.01307	  -0.00000	   0.01307	  -0.18203	  -0.00000	  -0.00000	  -0.00000	   0.33777
B         	  -6.61317	   2.13594	   0.00000	  -0.15973	   0.01820	   0.00000	   0.01820	  -0.17890	  -0.00000	   0.00000	  -0.00000	   0.33863
B         	  -6.60649	   6.43635	   0.00000	  -0.15628	   0.01132	   0.00000	   0.01132	  -0.18205	  -0.00000	   0.00000	  -0.00000	   0.33832
B         	  -3.98952	  -2.16874	   0.00000	  -0.14640	   0.02022	   0.00000	   0.02022	  -0.18453	  -0.00000	   0.00000	  -0.00000	   0.33092
B         	  -3.97305	   2.14311	   0.00000	  -0.16330	   0.03180	  -0.00000	   0.03180	  -0.17096	  -0.00000	  -0.00000	  -0.00000	   0.33427
B         	  -3.96394	   6.44247	   0.00000	  -0.15393	   0.01258	  -0.00000	   0.01258	  -0.18309	  -0.00000	  -0.00000	  -0.00000	   0.33703
B         	  -1.33364	  -2.13860	   0.00000	  -0.10407	   0.05391	   0.00000	   0.05391	  -0.20507	   0.00000	   0.00000	   0.00000	   0.30914
B         	  -1.31202	   2.10820	   0.00000	  -0.19481	   0.02935	   0.00000	   0.02935	  -0.11811	  -0.00000	   0.00000	  -0.00000	   0.31291
B         	  -1.31834	  -6.45992	   0.00000	  -0.15023	   0.00730	  -0.00000	   0.00730	  -0.18380	  -0.00000	  -0.00000	  -0.00000	   0.33404
B         	   1.33364	  -2.13860	   0.00000	  -0.10407	  -0.05391	   0.00000	  -0.05391	  -0.20507	   0.00000	   0.00000	   0.00000	   0.30914
B         	   1.31202	   2.10820	   0.00000	  -0.19481	  -0.02935	   0.00000	  -0.02935	  -0.11811	   0.00000	   0.00000	   0.00000	   0.31291
B         	   1.31834	  -6.45992	   0.00000	  -0.15023	  -0.00730	   0.00000	  -0.00730	  -0.18380	  -0.00000	   0.00000	  -0.00000	   0.33404
B         	   3.98952	  -2.16874	   0.00000	  -0.14640	  -0.02022	  -0.00000	  -0.02022	  -0.18453	  -0.00000	  -0.00000	  -0.00000	   0.33092
B         	   3.97305	   2.14311	   0.00000	  -0.16330	  -0.03180	   0.00000	  -0.03180	  -0.17096	   0.00000	   0.00000	   0.00000	   0.33427
B         	   3.96394	   6.44247	   0.00000	  -0.15393	  -0.01258	  -0.00000	  -0.01258	  -0.18309	  -0.00000	  -0.00000	  -0.00000	   0.33703
B         	   6.62004	  -2.17528	   0.00000	  -0.15574	  -0.01307	   0.00000	  -0.01307	  -0.18203	   0.00000	   0.00000	   0.00000	   0.33777
B         	   6.61317	   2.13594	   0.00000	  -0.15973	  -0.01820	   0.00000	  -0.01820	  -0.17890	  -0.00000	   0.00000	  -0.00000	   0.33863
B         	   6.60649	   6.43635	   0.00000	  -0.15628	  -0.01132	  -0.00000	  -0.01132	  -0.18205	  -0.00000	  -0.00000	  -0.00000	   0.33832
B         	   9.24965	  -2.17786	   0.00000	  -0.15760	  -0.00634	   0.00000	  -0.00634	  -0.18181	   0.00000	   0.00000	   0.00000	   0.33941
B         	   9.24696	   2.12995	   0.00000	  -0.15896	  -0.00820	  -0.00000	  -0.00820	  -0.18073	  -0.00000	  -0.00000	  -0.00000	   0.33969
B         	   9.24388	   6.43295	   0.00000	  -0.15760	  -0.00635	  -0.00000	  -0.00635	  -0.18148	  -0.00000	  -0.00000	  -0.00000	   0.33908
N         	 -10.56586	  -2.88191	   0.00000	   0.11285	  -0.00252	  -0.00000	  -0.00252	  -0.07918	   0.00000	  -0.00000	   0.00000	  -0.03367
N         	 -10.56541	   1.42629	   0.00000	   0.11567	   0.00072	  -0.00000	   0.00072	  -0.07732	  -0.00000	  -0.00000	  -0.00000	  -0.03835
N         	 -10.56354	   5.73116	   0.00000	   0.12106	  -0.00067	   0.00000	  -0.00067	  -0.08308	   0.00000	   0.00000	   0.00000	  -0.03798
N         	  -7.93945	  -2.88088	   0.00000	   0.11151	  -0.00906	  -0.00000	  -0.00906	  -0.08010	  -0.00000	  -0.00000	  -0.00000	  -0.03141
N         	  -7.93839	   1.42984	   0.00000	   0.11632	   0.00466	  -0.00000	   0.00466	  -0.07566	   0.00000	  -0.00000	   0.00000	  -0.04066
N         	  -7.93066	   5.73397	   0.00000	   0.12482	  -0.00115	   0.00000	  -0.00115	  -0.08605	   0.00000	   0.00000	   0.00000	  -0.03877
N         	  -5.31214	  -2.87997	   0.00000	   0.11159	  -0.01872	   0.00000	  -0.01872	  -0.08355	  -0.00000	   0.00000	  -0.00000	  -0.02804
N         	  -5.31115	   1.43850	   0.00000	   0.12197	   0.01435	  -0.00000	   0.01435	  -0.07380	   0.00000	  -0.00000	   0.00000	  -0.04816
N         	  -5.29267	   5.74058	   0.00000	   0.13211	  -0.00007	   0.00000	  -0.00007	  -0.09136	   0.00000	   0.00000	   0.00000	  -0.04075
N         	  -2.67902	  -2.87679	   0.00000	   0.14640	   0.01066	  -0.00000	   0.01066	  -0.08007	  -0.00000	  -0.00000	  -0.00000	  -0.06632
N         	  -2.68187	   1.44946	   0.00000	   0.13975	   0.03779	  -0.00000	   0.03779	  -0.06453	   0.00000	  -0.00000	   0.00000	  -0.07522
N         	  -2.64529	   5.74843	   0.00000	   0.13633	   0.00026	  -0.00000	   0.00026	  -0.08613	   0.00000	  -0.00000	   0.00000	  -0.05020
N         	   0.00000	  -2.84258	   0.00000	   0.18324	  -0.00000	   0.00000	  -0.00000	  -0.08172	   0.00000	   0.00000	   0.00000	  -0.10152
N         	   0.00000	   5.75084	   0.00000	   0.13132	   0.00000	  -0.00000	   0.00000	  -0.08189	  -0.00000	  -0.00000	  -0.00000	  -0.04943
N         	   2.67902	  -2.87679	   0.00000	   0.14640	  -0.01066	  -0.00000	  -0.01066	  -0.08007	   0.00000	  -0.00000	   0.00000	  -0.06632
N         	   2.68187	   1.44946	   0.00000	   0.13975	  -0.03779	  -0.00000	  -0.03779	  -0.06453	  -0.00000	  -0.00000	  -0.00000	  -0.07522
N         	   2.64529	   5.74843	   0.00000	   0.13633	  -0.00026	  -0.00000	  -0.00026	  -0.08613	  -0.00000	  -0.00000	  -0.00000	  -0.05020
N         	   5.31214	  -2.87997	   0.00000	   0.11159	   0.01872	   0.00000	   0.01872	  -0.08355	   0.00000	   0.00000	   0.00000	  -0.02804
N         	   5.31115	   1.43850	   0.00000	   0.12197	  -0.01435	   0.00000	  -0.01435	  -0.07380	   0.00000	   0.00000	   0.00000	  -0.04816
N         	   5.29267	   5.74058	   0.00000	   0.13211	   0.00007	  -0.00000	   0.00007	  -0.09136	  -0.00000	  -0.00000	  -0.00000	  -0.04075
N         	   7.93945	  -2.88088	   0.00000	   0.11151	   0.00906	  -0.00000	   0.00906	  -0.08010	  -0.00000	  -0.00000	  -0.00000	  -0.03141
N         	   7.93839	   1.42984	   0.00000	   0.11632	  -0.00466	  -0.00000	  -0.00466	  -0.07566	  -0.00000	  -0.00000	  -0.00000	  -0.04066
N         	   7.93066	   5.73397	   0.00000	   0.12482	   0.00115	  -0.00000	   0.00115	  -0.08605	   0.00000	  -0.00000	   0.00000	  -0.03877
N         	  10.56586	  -2.88191	   0.00000	   0.11285	   0.00252	  -0.00000	   0.00252	  -0.07918	  -0.00000	  -0.00000	  -0.00000	  -0.03367
N         	  10.56541	   1.42629	   0.00000	   0.11567	  -0.00072	  -0.00000	  -0.00072	  -0.07732	  -0.00000	  -0.00000	  -0.00000	  -0.03835
N         	  10.56354	   5.73116	   0.00000	   0.12106	   0.00067	   0.00000	   0.00067	  -0.08308	  -0.00000	   0.00000	  -0.00000	  -0.03798
N         	 -11.87901	  -5.03408	   0.00000	   0.11786	  -0.00000	  -0.00000	  -0.00000	  -0.08240	   0.00000	  -0.00000	   0.00000	  -0.03545
N         	 -11.87901	  -0.72826	   0.00000	   0.10974	  -0.00000	  -0.00000	  -0.00000	  -0.07531	  -0.00000	  -0.00000	  -0.00000	  -0.03444
N         	 -11.87901	   3.57893	   0.00000	   0.11967	  -0.00000	  -0.00000	  -0.00000	  -0.08045	   0.00000	  -0.00000	   0.00000	  -0.03922
N         	  -9.24905	  -5.03349	   0.00000	   0.11868	  -0.00408	   0.00000	  -0.00408	  -0.08352	   0.00000	   0.00000	   0.00000	  -0.03516
N         	  -9.25627	  -0.72727	   0.00000	   0.10640	  -0.00272	  -0.00000	  -0.00272	  -0.07365	  -0.00000	  -0.00000	  -0.00000	  -0.03275
N         	  -9.24845	   3.58083	   0.00000	   0.12163	   0.00119	  -0.00000	   0.00119	  -0.08118	  -0.00000	  -0.00000	  -0.00000	  -0.04044
N         	  -6.61659	  -5.03111	   0.00000	   0.12180	  -0.00856	  -0.00000	  -0.00856	  -0.08756	  -0.00000	  -0.00000	  -0.00000	  -0.03424
N         	  -6.63836	  -0.72462	   0.00000	   0.09416	  -0.00687	   0.00000	  -0.00687	  -0.06703	   0.00000	   0.00000	   0.00000	  -0.02714
N         	  -6.61539	   3.58753	   0.00000	   0.12768	   0.00510	   0.00000	   0.00510	  -0.08411	  -0.00000	   0.00000	  -0.00000	  -0.04357
N         	  -3.97764	  -5.02576	   0.00000	   0.12863	  -0.00824	   0.00000	  -0.00824	  -0.08737	   0.00000	   0.00000	   0.00000	  -0.04126
N         	  -4.03823	  -0.72155	   0.00000	   0.08555	   0.00073	   0.00000	   0.00073	  -0.05840	  -0.00000	   0.00000	  -0.00000	  -0.02715
N         	  -3.97675	   3.59816	   0.00000	   0.13873	   0.00852	   0.00000	   0.00852	  -0.08975	   0.00000	   0.00000	   0.00000	  -0.04898
N         	  -1.32468	  -5.00877	   0.00000	   0.13980	   0.00540	  -0.00000	   0.00540	  -0.08065	   0.00000	  -0.00000	   0.00000	  -0.05915
N         	  -1.32777	   3.59513	   0.00000	   0.12691	  -0.00876	   0.00000	  -0.00876	  -0.05595	  -0.00000	   0.00000	  -0.00000	  -0.07095
N         	   1.32468	  -5.00877	   0.00000	   0.13980	  -0.00540	   0.00000	  -0.00540	  -0.08065	  -0.00000	   0.00000	  -0.00000	  -0.05915
N         	   1.32777	   3.59513	   0.00000	   0.12691	   0.00876	  -0.00000	   0.00876	  -0.05595	   0.00000	  -0.00000	   0.00000	  -0.07095
N         	   3.97764	  -5.02576	   0.00000	   0.12863	   0.00824	  -0.00000	   0.00824	  -0.08737	   0.00000	  -0.00000	   0.00000	  -0.04126
N         	   4.03823	  -0.72155	   0.00000	   0.08555	  -0.00073	   0.00000	  -0.00073	  -0.05840	  -0.00000	   0.00000	  -0.00000	  -0.02715
N         	   3.97675	   3.59816	   0.00000	   0.13873	  -0.00852	   0.00000	  -0.00852	  -0.08975	   0.00000	   0.00000	   0.00000	  -0.04898
N         	   6.61659	  -5.03111	   0.00000	   0.12180	   0.00856	  -0.00000	   0.00856	  -0.08756	   0.00000	  -0.00000	   0.00000	  -0.03424
N         	   6.63836	  -0.72462	   0.00000	   0.09416	   0.00687	   0.00000	   0.00687	  -0.06703	   0.00000	   0.00000	   0.00000	  -0.02714
N         	   6.61539	   3.58753	   0.00000	   0.12768	  -0.00510	  -0.00000	  -0.00510	  -0.08411	  -0.00000	  -0.00000	  -0.00000	  -0.04357
N         	   9.24905	  -5.03349	   0.00000	   0.11868	   0.00408	   0.00000	   0.00408	  -0.08352	   0.00000	   0.00000	   0.00000	  -0.03516
N         	   9.25627	  -0.72727	   0.00000	   0.10640	   0.00272	  -0.00000	   0.00272	  -0.07365	  -0.00000	  -0.00000	  -0.00000	  -0.03275
N         	   9.24845	   3.58083	   0.00000	   0.12163	  -0.00119	   0.00000	  -0.00119	  -0.08118	   0.00000	   0.00000	   0.00000	  -0.04044
N         	   1.52379	  -0.75896	   0.00000	   0.21830	  -0.26978	  -0.00000	  -0.26978	  -0.06290	   0.00000	  -0.00000	   0.00000	  -0.15540
N         	  -1.52379	  -0.75896	   0.00000	   0.21830	   0.26977	   0.00000	   0.26977	  -0.06290	   0.00000	   0.00000	   0.00000	  -0.15540
N         	   0.00000	   1.51793	   0.00000	  -0.05441	   0.00000	  -0.00000	   0.00000	   0.26148	   0.00000	  -0.00000	   0.00000	  -0.20707
