--------------------------------------------------------------------------------------------------------------------------------------------------------------------------
  AtomName	    r_1i_X	    r_1i_Y	    r_1i_Z	  iso[MHz]	       Axx	       Axy	       Axz	       Ayx	       Ayy	       Ayz	       Azx	       Azy	       Azz
--------------------------------------------------------------------------------------------------------------------------------------------------------------------------
10B  g-factor___:   0.600215 [No-unit]
11B  g-factor___:   1.792433 [No-unit]
14N  g-factor___:   0.403761 [No-unit]
15N  g-factor___:  -0.566378 [No-unit]
10B  etc____:	---       	---       	---       	   0.00000
11B  etc____:	---       	---       	---       	   0.00000
14N  etc____:	---       	---       	---       	   0.00000
15N  etc____:	---       	---       	---       	   0.00000
MinDif[A]:	 -11.87901	  -6.45992	   0.00000
MaxDif[A]:	  10.56586	   6.44247	   0.00000
--------------------------------------------------------------------------------------------------------------------------------------------------------------------------
B         	 -10.56266	  -4.33194	   0.00000	   0.00000	   0.06098	   0.00000	   0.00000	   0.00000	  -0.01525	   0.00000	   0.00000	   0.00000	  -0.04574
B         	 -10.56526	  -0.02445	   0.00000	   0.01525	   0.07623	  -0.00000	  -0.00000	  -0.00000	  -0.03049	  -0.00000	  -0.00000	  -0.00000	  -0.04574
B         	 -10.56184	   4.28111	   0.00000	   0.00000	   0.06098	  -0.00000	   0.00000	  -0.00000	  -0.01525	   0.00000	   0.00000	   0.00000	  -0.04574
B         	  -7.92913	  -4.33051	   0.00000	  -0.01525	   0.07623	   0.03049	   0.00000	   0.03049	  -0.01525	   0.00000	   0.00000	   0.00000	  -0.07623
B         	  -7.93985	  -0.02176	   0.00000	   0.18294	   0.15245	  -0.03049	  -0.00000	  -0.03049	  -0.06098	  -0.00000	  -0.00000	  -0.00000	  -0.09147
B         	  -7.92594	   4.28377	   0.00000	   0.00000	   0.06098	  -0.03049	   0.00000	  -0.03049	  -0.00000	   0.00000	   0.00000	   0.00000	  -0.06098
B         	  -5.29313	  -4.32678	   0.00000	  -0.12196	   0.12196	   0.12196	   0.00000	   0.12196	   0.07623	   0.00000	   0.00000	   0.00000	  -0.19819
B         	  -5.32203	  -0.01483	   0.00000	   2.37825	   0.64030	  -0.42687	  -0.00000	  -0.42687	  -0.12196	  -0.00000	  -0.00000	  -0.00000	  -0.53358
B         	  -5.28602	   4.28971	   0.00000	  -0.03049	   0.07623	  -0.10672	  -0.00000	  -0.10672	   0.07623	   0.00000	  -0.00000	   0.00000	  -0.13721
B         	  -2.65260	  -4.31479	   0.00000	   3.76556	  -0.53358	   0.04574	   0.00000	   0.04574	   1.31109	  -0.00000	   0.00000	  -0.00000	  -0.77750
B         	  -2.71376	  -0.00419	   0.00000	  -0.10672	   2.97281	  -3.67409	  -0.00000	  -3.67409	   1.23486	   0.00000	  -0.00000	   0.00000	  -4.20767
B         	  -2.63823	   4.29120	   0.00000	   2.40874	   0.41162	  -0.56407	  -0.00000	  -0.56407	   0.16770	  -0.00000	  -0.00000	  -0.00000	  -0.59456
B         	   0.00000	  -4.28739	   0.00000	  -0.76226	  -0.18294	   0.00000	   0.00000	   0.00000	   0.71652	   0.00000	   0.00000	   0.00000	  -0.53358
B         	   0.00000	   4.28883	   0.00000	  -0.54883	  -0.38113	   0.00000	   0.00000	   0.00000	   1.23486	   0.00000	   0.00000	   0.00000	  -0.85373
B         	   2.65260	  -4.31479	   0.00000	   3.76556	  -0.53358	  -0.04574	  -0.00000	  -0.04574	   1.31109	  -0.00000	  -0.00000	  -0.00000	  -0.77750
B         	   2.71376	  -0.00419	   0.00000	  -0.10672	   2.97281	   3.67409	  -0.00000	   3.67409	   1.23486	   0.00000	  -0.00000	   0.00000	  -4.20767
B         	   2.63823	   4.29120	   0.00000	   2.40874	   0.41162	   0.56407	   0.00000	   0.56407	   0.16770	  -0.00000	   0.00000	  -0.00000	  -0.59456
B         	   5.29313	  -4.32678	   0.00000	  -0.12196	   0.12196	  -0.12196	   0.00000	  -0.12196	   0.07623	  -0.00000	   0.00000	  -0.00000	  -0.19819
B         	   5.32203	  -0.01483	   0.00000	   2.37825	   0.64030	   0.42687	  -0.00000	   0.42687	  -0.12196	   0.00000	  -0.00000	   0.00000	  -0.53358
B         	   5.28602	   4.28971	   0.00000	  -0.03049	   0.07623	   0.10672	   0.00000	   0.10672	   0.07623	  -0.00000	   0.00000	  -0.00000	  -0.13721
B         	   7.92913	  -4.33051	   0.00000	  -0.01525	   0.07623	  -0.03049	   0.00000	  -0.03049	  -0.01525	   0.00000	   0.00000	   0.00000	  -0.07623
B         	   7.93985	  -0.02176	   0.00000	   0.18294	   0.15245	   0.03049	  -0.00000	   0.03049	  -0.06098	   0.00000	  -0.00000	   0.00000	  -0.09147
B         	   7.92594	   4.28377	   0.00000	   0.00000	   0.06098	   0.03049	   0.00000	   0.03049	  -0.00000	  -0.00000	   0.00000	  -0.00000	  -0.06098
B         	  10.56266	  -4.33194	   0.00000	   0.00000	   0.06098	  -0.00000	   0.00000	  -0.00000	  -0.01525	  -0.00000	   0.00000	  -0.00000	  -0.04574
B         	  10.56526	  -0.02445	   0.00000	   0.01525	   0.07623	   0.00000	  -0.00000	   0.00000	  -0.03049	   0.00000	  -0.00000	   0.00000	  -0.04574
B         	  10.56184	   4.28111	   0.00000	   0.00000	   0.06098	   0.00000	   0.00000	   0.00000	  -0.01525	  -0.00000	   0.00000	  -0.00000	  -0.04574
B         	 -11.87901	  -2.17882	   0.00000	   0.00000	   0.06098	  -0.00000	  -0.00000	  -0.00000	  -0.01525	   0.00000	  -0.00000	   0.00000	  -0.04574
B         	 -11.87901	   2.12838	   0.00000	   0.00000	   0.07623	   0.00000	  -0.00000	   0.00000	  -0.03049	  -0.00000	  -0.00000	  -0.00000	  -0.04574
B         	 -11.87901	   6.43236	   0.00000	   0.00000	   0.07623	   0.00000	   0.00000	   0.00000	  -0.03049	  -0.00000	   0.00000	  -0.00000	  -0.04574
B         	  -9.24965	  -2.17786	   0.00000	   0.00000	   0.06098	   0.00000	  -0.00000	   0.00000	  -0.01525	  -0.00000	  -0.00000	  -0.00000	  -0.04574
B         	  -9.24696	   2.12995	   0.00000	   0.00000	   0.09147	   0.01525	  -0.00000	   0.01525	  -0.03049	   0.00000	  -0.00000	   0.00000	  -0.06098
B         	  -9.24388	   6.43295	   0.00000	   0.00000	   0.07623	  -0.01525	   0.00000	  -0.01525	  -0.03049	   0.00000	   0.00000	   0.00000	  -0.04574
B         	  -6.62004	  -2.17528	   0.00000	  -0.00000	   0.04574	   0.00000	  -0.00000	   0.00000	   0.03049	  -0.00000	  -0.00000	  -0.00000	  -0.07623
B         	  -6.61317	   2.13594	   0.00000	  -0.07623	   0.19819	   0.09147	  -0.00000	   0.09147	  -0.04574	   0.00000	  -0.00000	   0.00000	  -0.15245
B         	  -6.60649	   6.43635	   0.00000	  -0.01525	   0.13721	  -0.07623	   0.00000	  -0.07623	  -0.03049	   0.00000	   0.00000	   0.00000	  -0.10672
B         	  -3.98952	  -2.16874	   0.00000	   0.16770	  -0.04574	  -0.06098	  -0.00000	  -0.06098	   0.25917	   0.00000	  -0.00000	   0.00000	  -0.19819
B         	  -3.97305	   2.14311	   0.00000	  -1.44829	   0.86898	   0.59456	  -0.00000	   0.59456	   0.06098	   0.00000	  -0.00000	   0.00000	  -0.92996
B         	  -3.96394	   6.44247	   0.00000	  -1.00618	   0.36588	  -0.30490	   0.00000	  -0.30490	   0.09147	   0.00000	   0.00000	   0.00000	  -0.45736
B         	  -1.33364	  -2.13860	   0.00000	  -0.07623	  -0.18294	  -0.01525	   0.00000	  -0.01525	   0.44211	   0.00000	   0.00000	   0.00000	  -0.24392
B         	  -1.31202	   2.10820	   0.00000	  -3.78081	  -1.40256	  -1.79893	  -0.00000	  -1.79893	   6.18955	   0.00000	  -0.00000	   0.00000	  -4.78699
B         	  -1.31834	  -6.45992	   0.00000	  -4.03997	   4.55831	  -2.34776	   0.00000	  -2.34776	  -0.38113	   0.00000	   0.00000	   0.00000	  -4.17718
B         	   1.33364	  -2.13860	   0.00000	  -0.07623	  -0.18294	   0.01525	  -0.00000	   0.01525	   0.44211	   0.00000	  -0.00000	   0.00000	  -0.24392
B         	   1.31202	   2.10820	   0.00000	  -3.78081	  -1.40256	   1.79893	   0.00000	   1.79893	   6.18955	   0.00000	   0.00000	   0.00000	  -4.78699
B         	   1.31834	  -6.45992	   0.00000	  -4.03997	   4.55831	   2.34776	   0.00000	   2.34776	  -0.38113	   0.00000	   0.00000	   0.00000	  -4.17718
B         	   3.98952	  -2.16874	   0.00000	   0.16770	  -0.04574	   0.06098	  -0.00000	   0.06098	   0.25917	   0.00000	  -0.00000	   0.00000	  -0.19819
B         	   3.97305	   2.14311	   0.00000	  -1.44829	   0.86898	  -0.59456	  -0.00000	  -0.59456	   0.06098	  -0.00000	  -0.00000	  -0.00000	  -0.92996
B         	   3.96394	   6.44247	   0.00000	  -1.00618	   0.36588	   0.30490	   0.00000	   0.30490	   0.09147	  -0.00000	   0.00000	  -0.00000	  -0.45736
B         	   6.62004	  -2.17528	   0.00000	  -0.00000	   0.04574	  -0.00000	   0.00000	  -0.00000	   0.03049	   0.00000	   0.00000	   0.00000	  -0.07623
B         	   6.61317	   2.13594	   0.00000	  -0.07623	   0.19819	  -0.09147	  -0.00000	  -0.09147	  -0.04574	  -0.00000	  -0.00000	  -0.00000	  -0.15245
B         	   6.60649	   6.43635	   0.00000	  -0.01525	   0.13721	   0.07623	   0.00000	   0.07623	  -0.03049	  -0.00000	   0.00000	  -0.00000	  -0.10672
B         	   9.24965	  -2.17786	   0.00000	   0.00000	   0.06098	  -0.00000	  -0.00000	  -0.00000	  -0.01525	   0.00000	  -0.00000	   0.00000	  -0.04574
B         	   9.24696	   2.12995	   0.00000	   0.00000	   0.09147	  -0.01525	  -0.00000	  -0.01525	  -0.03049	  -0.00000	  -0.00000	  -0.00000	  -0.06098
B         	   9.24388	   6.43295	   0.00000	   0.00000	   0.07623	   0.01525	   0.00000	   0.01525	  -0.03049	  -0.00000	   0.00000	  -0.00000	  -0.04574
N         	 -10.56586	  -2.88191	   0.00000	   0.00000	   0.07623	   0.00000	   0.00000	   0.00000	  -0.03049	   0.00000	   0.00000	   0.00000	  -0.04574
N         	 -10.56541	   1.42629	   0.00000	   0.00000	   0.07623	  -0.00000	  -0.00000	  -0.00000	  -0.03049	   0.00000	  -0.00000	   0.00000	  -0.04574
N         	 -10.56354	   5.73116	   0.00000	   0.00000	   0.06098	  -0.00000	  -0.00000	  -0.00000	  -0.01525	   0.00000	  -0.00000	   0.00000	  -0.04574
N         	  -7.93945	  -2.88088	   0.00000	   0.04574	   0.10672	   0.04574	   0.00000	   0.04574	  -0.03049	   0.00000	   0.00000	   0.00000	  -0.07623
N         	  -7.93839	   1.42984	   0.00000	   0.00000	   0.12196	  -0.03049	  -0.00000	  -0.03049	  -0.04574	   0.00000	  -0.00000	   0.00000	  -0.07623
N         	  -7.93066	   5.73397	   0.00000	   0.00000	   0.06098	  -0.00000	  -0.00000	  -0.00000	   0.00000	  -0.00000	  -0.00000	  -0.00000	  -0.06098
N         	  -5.31214	  -2.87997	   0.00000	   0.73177	   0.30490	   0.36588	   0.00000	   0.36588	   0.03049	   0.00000	   0.00000	   0.00000	  -0.33539
N         	  -5.31115	   1.43850	   0.00000	  -0.16770	   0.32015	  -0.12196	  -0.00000	  -0.12196	  -0.04574	   0.00000	  -0.00000	   0.00000	  -0.28966
N         	  -5.29267	   5.74058	   0.00000	   0.03049	   0.00000	   0.00000	  -0.00000	   0.00000	   0.13721	   0.00000	  -0.00000	   0.00000	  -0.15245
N         	  -2.67902	  -2.87679	   0.00000	  34.36265	   1.66173	   8.03421	   0.00000	   8.03421	   3.64360	   0.00000	   0.00000	   0.00000	  -5.30532
N         	  -2.68187	   1.44946	   0.00000	  -0.27441	  -0.36588	   0.79275	  -0.00000	   0.79275	   3.36919	   0.00000	  -0.00000	   0.00000	  -3.00330
N         	  -2.64529	   5.74843	   0.00000	   1.70746	  -0.15245	  -0.27441	  -0.00000	  -0.27441	   0.53358	  -0.00000	  -0.00000	  -0.00000	  -0.38113
N         	   0.00000	  -2.84258	   0.00000	   4.81748	   3.15575	   0.00000	   0.00000	   0.00000	   0.04574	   0.00000	   0.00000	   0.00000	  -3.20149
N         	   0.00000	   5.75084	   0.00000	   0.15245	  -0.24392	   0.00000	  -0.00000	   0.00000	   0.57932	   0.00000	  -0.00000	   0.00000	  -0.33539
N         	   2.67902	  -2.87679	   0.00000	  34.36265	   1.66173	  -8.03421	   0.00000	  -8.03421	   3.64360	  -0.00000	   0.00000	  -0.00000	  -5.30532
N         	   2.68187	   1.44946	   0.00000	  -0.27441	  -0.36588	  -0.79275	  -0.00000	  -0.79275	   3.36919	   0.00000	  -0.00000	   0.00000	  -3.00330
N         	   2.64529	   5.74843	   0.00000	   1.70746	  -0.15245	   0.27441	   0.00000	   0.27441	   0.53358	  -0.00000	   0.00000	  -0.00000	  -0.38113
N         	   5.31214	  -2.87997	   0.00000	   0.73177	   0.30490	  -0.36588	   0.00000	  -0.36588	   0.03049	  -0.00000	   0.00000	  -0.00000	  -0.33539
N         	   5.31115	   1.43850	   0.00000	  -0.16770	   0.32015	   0.12196	  -0.00000	   0.12196	  -0.04574	  -0.00000	  -0.00000	  -0.00000	  -0.28966
N         	   5.29267	   5.74058	   0.00000	   0.03049	   0.00000	  -0.00000	   0.00000	  -0.00000	   0.13721	   0.00000	   0.00000	   0.00000	  -0.15245
N         	   7.93945	  -2.88088	   0.00000	   0.04574	   0.10672	  -0.04574	   0.00000	  -0.04574	  -0.03049	  -0.00000	   0.00000	  -0.00000	  -0.07623
N         	   7.93839	   1.42984	   0.00000	   0.00000	   0.12196	   0.03049	  -0.00000	   0.03049	  -0.04574	  -0.00000	  -0.00000	  -0.00000	  -0.07623
N         	   7.93066	   5.73397	   0.00000	   0.00000	   0.06098	   0.00000	   0.00000	   0.00000	   0.00000	  -0.00000	   0.00000	  -0.00000	  -0.06098
N         	  10.56586	  -2.88191	   0.00000	   0.00000	   0.07623	  -0.00000	   0.00000	  -0.00000	  -0.03049	  -0.00000	   0.00000	  -0.00000	  -0.04574
N         	  10.56541	   1.42629	   0.00000	   0.00000	   0.07623	   0.00000	  -0.00000	   0.00000	  -0.03049	  -0.00000	  -0.00000	  -0.00000	  -0.04574
N         	  10.56354	   5.73116	   0.00000	   0.00000	   0.06098	   0.00000	   0.00000	   0.00000	  -0.01525	  -0.00000	   0.00000	  -0.00000	  -0.04574
N         	 -11.87901	  -5.03408	   0.00000	   0.00000	   0.06098	  -0.00000	   0.00000	  -0.00000	  -0.01525	   0.00000	   0.00000	   0.00000	  -0.04574
N         	 -11.87901	  -0.72826	   0.00000	   0.00000	   0.07623	   0.00000	   0.00000	   0.00000	  -0.03049	  -0.00000	   0.00000	  -0.00000	  -0.04574
N         	 -11.87901	   3.57893	   0.00000	   0.00000	   0.06098	   0.00000	  -0.00000	   0.00000	  -0.03049	  -0.00000	  -0.00000	  -0.00000	  -0.04574
N         	  -9.24905	  -5.03349	   0.00000	   0.00000	   0.06098	   0.01525	  -0.00000	   0.01525	  -0.01525	  -0.00000	  -0.00000	  -0.00000	  -0.04574
N         	  -9.25627	  -0.72727	   0.00000	   0.06098	   0.12196	   0.01525	   0.00000	   0.01525	  -0.06098	   0.00000	   0.00000	   0.00000	  -0.06098
N         	  -9.24845	   3.58083	   0.00000	   0.00000	   0.07623	  -0.01525	  -0.00000	  -0.01525	  -0.01525	   0.00000	  -0.00000	   0.00000	  -0.04574
N         	  -6.61659	  -5.03111	   0.00000	   0.04574	   0.06098	   0.06098	   0.00000	   0.06098	   0.03049	   0.00000	   0.00000	   0.00000	  -0.09147
N         	  -6.63836	  -0.72462	   0.00000	   1.32633	   0.54883	   0.13721	   0.00000	   0.13721	  -0.24392	   0.00000	   0.00000	   0.00000	  -0.28966
N         	  -6.61539	   3.58753	   0.00000	  -0.01525	   0.09147	  -0.06098	  -0.00000	  -0.06098	   0.01525	   0.00000	  -0.00000	   0.00000	  -0.10672
N         	  -3.97764	  -5.02576	   0.00000	   1.82942	  -0.01525	   0.60981	  -0.00000	   0.60981	   0.54883	   0.00000	  -0.00000	   0.00000	  -0.53358
N         	  -4.03823	  -0.72155	   0.00000	  23.72151	   6.52494	   3.33870	  -0.00000	   3.33870	  -2.77462	   0.00000	  -0.00000	   0.00000	  -3.75032
N         	  -3.97675	   3.59816	   0.00000	   0.22868	   0.07623	  -0.27441	  -0.00000	  -0.27441	   0.27441	   0.00000	  -0.00000	   0.00000	  -0.35064
N         	  -1.32468	  -5.00877	   0.00000	   0.01525	  -0.12196	   0.12196	   0.00000	   0.12196	   0.53358	   0.00000	   0.00000	   0.00000	  -0.41162
N         	  -1.32777	   3.59513	   0.00000	  24.20936	  -2.59168	  -3.18624	   0.00000	  -3.18624	   6.20479	  -0.00000	   0.00000	  -0.00000	  -3.61311
N         	   1.32468	  -5.00877	   0.00000	   0.01525	  -0.12196	  -0.12196	  -0.00000	  -0.12196	   0.53358	   0.00000	  -0.00000	   0.00000	  -0.41162
N         	   1.32777	   3.59513	   0.00000	  24.20936	  -2.59168	   3.18624	  -0.00000	   3.18624	   6.20479	  -0.00000	  -0.00000	  -0.00000	  -3.61311
N         	   3.97764	  -5.02576	   0.00000	   1.82942	  -0.01525	  -0.60981	   0.00000	  -0.60981	   0.54883	   0.00000	   0.00000	   0.00000	  -0.53358
N         	   4.03823	  -0.72155	   0.00000	  23.72151	   6.52494	  -3.33870	  -0.00000	  -3.33870	  -2.77462	  -0.00000	  -0.00000	  -0.00000	  -3.75032
N         	   3.97675	   3.59816	   0.00000	   0.22868	   0.07623	   0.27441	  -0.00000	   0.27441	   0.27441	  -0.00000	  -0.00000	  -0.00000	  -0.35064
N         	   6.61659	  -5.03111	   0.00000	   0.04574	   0.06098	  -0.06098	   0.00000	  -0.06098	   0.03049	   0.00000	   0.00000	   0.00000	  -0.09147
N         	   6.63836	  -0.72462	   0.00000	   1.32633	   0.54883	  -0.13721	   0.00000	  -0.13721	  -0.24392	  -0.00000	   0.00000	  -0.00000	  -0.28966
N         	   6.61539	   3.58753	   0.00000	  -0.01525	   0.09147	   0.06098	  -0.00000	   0.06098	   0.01525	   0.00000	  -0.00000	   0.00000	  -0.10672
N         	   9.24905	  -5.03349	   0.00000	   0.00000	   0.06098	  -0.01525	   0.00000	  -0.01525	  -0.01525	   0.00000	   0.00000	   0.00000	  -0.04574
N         	   9.25627	  -0.72727	   0.00000	   0.06098	   0.12196	  -0.01525	   0.00000	  -0.01525	  -0.06098	  -0.00000	   0.00000	  -0.00000	  -0.06098
N         	   9.24845	   3.58083	   0.00000	   0.00000	   0.07623	   0.01525	  -0.00000	   0.01525	  -0.01525	   0.00000	  -0.00000	   0.00000	  -0.04574
N         	   1.52379	  -0.75896	   0.00000	 257.39972	  78.28403	-110.58858	   0.00000	-110.58858	  -6.09807	   0.00000	   0.00000	   0.00000	 -72.18596
N         	  -1.52379	  -0.75896	   0.00000	 257.39972	  78.28403	 110.58858	   0.00000	 110.58858	  -6.09807	   0.00000	   0.00000	   0.00000	 -72.18596
N         	   0.00000	   1.51793	   0.00000	 268.31528	 -71.25600	   0.00000	  -0.00000	   0.00000	 135.13333	   0.00000	  -0.00000	   0.00000	 -63.89258
