--------------------------------------------------------------------------------------------------------------------------------------------------------------------------
  AtomName	    r_1i_X	    r_1i_Y	    r_1i_Z	     EFGxx	     EFGxy	     EFGxz	     EFGyx	     EFGyy	     EFGyz	     EFGzx	     EFGzy	     EFGzz	[Hatree/Bohr_radius^2]
--------------------------------------------------------------------------------------------------------------------------------------------------------------------------
10B  eQ___:	  8.459000	[Q/milibarn]*(10^-1)
11B  eQ___:	  4.059000	[Q/milibarn]*(10^-1)
14N  eQ___:	  2.044000	[Q/milibarn]*(10^-1)
15N  eQ___:	  0.000000	[Q/milibarn]*(10^-1)
10B  etc____:	---       	---       	---       	  -0.17703	  -0.00000	  -0.00000	  -0.00000	  -0.19894	   0.00000	  -0.00000	   0.00000	   0.37598
11B  etc____:	---       	---       	---       	  -0.17703	  -0.00000	  -0.00000	  -0.00000	  -0.19894	   0.00000	  -0.00000	   0.00000	   0.37598
14N  etc____:	---       	---       	---       	   0.12319	   0.00000	  -0.00000	   0.00000	  -0.08037	   0.00000	  -0.00000	   0.00000	  -0.04282
15N  etc____:	---       	---       	---       	   0.12319	   0.00000	  -0.00000	   0.00000	  -0.08037	   0.00000	  -0.00000	   0.00000	  -0.04282
MinDif[A]:	 -11.87901	  -6.45992	   0.00000
MaxDif[A]:	  10.56586	   6.44247	   0.00000
--------------------------------------------------------------------------------------------------------------------------------------------------------------------------
B         	 -10.56266	  -4.33194	   0.00000	  -0.17657	   0.00324	  -0.00000	   0.00324	  -0.19895	   0.00000	  -0.00000	   0.00000	   0.37552
B         	 -10.56526	  -0.02445	   0.00000	  -0.17693	   0.00373	  -0.00000	   0.00373	  -0.19940	  -0.00000	  -0.00000	  -0.00000	   0.37633
B         	 -10.56184	   4.28111	   0.00000	  -0.17691	   0.00378	   0.00000	   0.00378	  -0.19877	  -0.00000	   0.00000	  -0.00000	   0.37568
B         	  -7.92913	  -4.33051	   0.00000	  -0.17515	   0.00907	  -0.00000	   0.00907	  -0.19972	   0.00000	  -0.00000	   0.00000	   0.37488
B         	  -7.93985	  -0.02176	   0.00000	  -0.17782	   0.01217	  -0.00000	   0.01217	  -0.19873	  -0.00000	  -0.00000	  -0.00000	   0.37654
B         	  -7.92594	   4.28377	   0.00000	  -0.17733	   0.01154	   0.00000	   0.01154	  -0.19792	   0.00000	   0.00000	   0.00000	   0.37527
B         	  -5.29313	  -4.32678	   0.00000	  -0.16975	   0.01290	  -0.00000	   0.01290	  -0.20340	   0.00000	  -0.00000	   0.00000	   0.37315
B         	  -5.32203	  -0.01483	   0.00000	  -0.17816	   0.02334	  -0.00000	   0.02334	  -0.19851	   0.00000	  -0.00000	   0.00000	   0.37667
B         	  -5.28602	   4.28971	   0.00000	  -0.17878	   0.01911	  -0.00000	   0.01911	  -0.19534	  -0.00000	  -0.00000	  -0.00000	   0.37412
B         	  -2.65260	  -4.31479	   0.00000	  -0.15924	   0.01212	   0.00000	   0.01212	  -0.21134	   0.00000	   0.00000	   0.00000	   0.37058
B         	  -2.71376	  -0.00419	   0.00000	  -0.15709	   0.04989	   0.00000	   0.04989	  -0.20793	  -0.00000	   0.00000	  -0.00000	   0.36502
B         	  -2.63823	   4.29120	   0.00000	  -0.18301	   0.02212	  -0.00000	   0.02212	  -0.18819	   0.00000	  -0.00000	   0.00000	   0.37119
B         	   0.00000	  -4.28739	   0.00000	  -0.15202	  -0.00000	   0.00000	  -0.00000	  -0.21493	   0.00000	   0.00000	   0.00000	   0.36695
B         	   0.00000	   4.28883	   0.00000	  -0.18830	  -0.00000	  -0.00000	  -0.00000	  -0.18059	   0.00000	  -0.00000	   0.00000	   0.36890
B         	   2.65260	  -4.31479	   0.00000	  -0.15924	  -0.01212	  -0.00000	  -0.01212	  -0.21134	   0.00000	  -0.00000	   0.00000	   0.37058
B         	   2.71376	  -0.00419	   0.00000	  -0.15709	  -0.04989	   0.00000	  -0.04989	  -0.20793	  -0.00000	   0.00000	  -0.00000	   0.36502
B         	   2.63823	   4.29120	   0.00000	  -0.18301	  -0.02212	  -0.00000	  -0.02212	  -0.18819	   0.00000	  -0.00000	   0.00000	   0.37119
B         	   5.29313	  -4.32678	   0.00000	  -0.16975	  -0.01290	   0.00000	  -0.01290	  -0.20340	  -0.00000	   0.00000	  -0.00000	   0.37315
B         	   5.32203	  -0.01483	   0.00000	  -0.17816	  -0.02334	  -0.00000	  -0.02334	  -0.19851	  -0.00000	  -0.00000	  -0.00000	   0.37667
B         	   5.28602	   4.28971	   0.00000	  -0.17878	  -0.01911	  -0.00000	  -0.01911	  -0.19534	   0.00000	  -0.00000	   0.00000	   0.37412
B         	   7.92913	  -4.33051	   0.00000	  -0.17515	  -0.00907	   0.00000	  -0.00907	  -0.19972	   0.00000	   0.00000	   0.00000	   0.37488
B         	   7.93985	  -0.02176	   0.00000	  -0.17782	  -0.01217	   0.00000	  -0.01217	  -0.19873	  -0.00000	   0.00000	  -0.00000	   0.37654
B         	   7.92594	   4.28377	   0.00000	  -0.17733	  -0.01154	  -0.00000	  -0.01154	  -0.19792	   0.00000	  -0.00000	   0.00000	   0.37527
B         	  10.56266	  -4.33194	   0.00000	  -0.17657	  -0.00324	  -0.00000	  -0.00324	  -0.19895	   0.00000	  -0.00000	   0.00000	   0.37552
B         	  10.56526	  -0.02445	   0.00000	  -0.17693	  -0.00373	   0.00000	  -0.00373	  -0.19940	  -0.00000	   0.00000	  -0.00000	   0.37633
B         	  10.56184	   4.28111	   0.00000	  -0.17691	  -0.00378	   0.00000	  -0.00378	  -0.19877	  -0.00000	   0.00000	  -0.00000	   0.37568
B         	 -11.87901	  -2.17882	   0.00000	  -0.17657	   0.00000	   0.00000	   0.00000	  -0.19901	   0.00000	   0.00000	   0.00000	   0.37560
B         	 -11.87901	   2.12838	   0.00000	  -0.17650	  -0.00000	  -0.00000	  -0.00000	  -0.19930	  -0.00000	  -0.00000	  -0.00000	   0.37580
B         	 -11.87901	   6.43236	   0.00000	  -0.17703	  -0.00000	  -0.00000	  -0.00000	  -0.19894	   0.00000	  -0.00000	   0.00000	   0.37598
B         	  -9.24965	  -2.17786	   0.00000	  -0.17629	   0.00669	  -0.00000	   0.00669	  -0.19908	  -0.00000	  -0.00000	  -0.00000	   0.37536
B         	  -9.24696	   2.12995	   0.00000	  -0.17602	   0.00623	  -0.00000	   0.00623	  -0.19954	   0.00000	  -0.00000	   0.00000	   0.37556
B         	  -9.24388	   6.43295	   0.00000	  -0.17728	   0.00881	   0.00000	   0.00881	  -0.19851	  -0.00000	   0.00000	  -0.00000	   0.37579
B         	  -6.62004	  -2.17528	   0.00000	  -0.17523	   0.01199	  -0.00000	   0.01199	  -0.19948	  -0.00000	  -0.00000	  -0.00000	   0.37470
B         	  -6.61317	   2.13594	   0.00000	  -0.17442	   0.01344	   0.00000	   0.01344	  -0.19984	  -0.00000	   0.00000	  -0.00000	   0.37426
B         	  -6.60649	   6.43635	   0.00000	  -0.17875	   0.01878	   0.00000	   0.01878	  -0.19618	   0.00000	   0.00000	   0.00000	   0.37494
B         	  -3.98952	  -2.16874	   0.00000	  -0.17342	   0.01344	   0.00000	   0.01344	  -0.20023	   0.00000	   0.00000	   0.00000	   0.37366
B         	  -3.97305	   2.14311	   0.00000	  -0.16542	   0.02150	   0.00000	   0.02150	  -0.20285	  -0.00000	   0.00000	  -0.00000	   0.36827
B         	  -3.96394	   6.44247	   0.00000	  -0.18311	   0.03399	  -0.00000	   0.03399	  -0.18820	  -0.00000	  -0.00000	  -0.00000	   0.37131
B         	  -1.33364	  -2.13860	   0.00000	  -0.17115	   0.00753	  -0.00000	   0.00753	  -0.20027	   0.00000	  -0.00000	   0.00000	   0.37141
B         	  -1.31202	   2.10820	   0.00000	  -0.12785	   0.04889	   0.00000	   0.04889	  -0.21862	  -0.00000	   0.00000	  -0.00000	   0.34646
B         	  -1.31834	  -6.45992	   0.00000	  -0.21298	   0.03829	   0.00000	   0.03829	  -0.13720	   0.00000	   0.00000	   0.00000	   0.35018
B         	   1.33364	  -2.13860	   0.00000	  -0.17115	  -0.00753	   0.00000	  -0.00753	  -0.20027	   0.00000	   0.00000	   0.00000	   0.37141
B         	   1.31202	   2.10820	   0.00000	  -0.12785	  -0.04889	  -0.00000	  -0.04889	  -0.21862	   0.00000	  -0.00000	   0.00000	   0.34646
B         	   1.31834	  -6.45992	   0.00000	  -0.21298	  -0.03829	  -0.00000	  -0.03829	  -0.13720	  -0.00000	  -0.00000	  -0.00000	   0.35018
B         	   3.98952	  -2.16874	   0.00000	  -0.17342	  -0.01344	   0.00000	  -0.01344	  -0.20023	   0.00000	   0.00000	   0.00000	   0.37366
B         	   3.97305	   2.14311	   0.00000	  -0.16542	  -0.02150	   0.00000	  -0.02150	  -0.20285	  -0.00000	   0.00000	  -0.00000	   0.36827
B         	   3.96394	   6.44247	   0.00000	  -0.18311	  -0.03399	   0.00000	  -0.03399	  -0.18820	   0.00000	   0.00000	   0.00000	   0.37131
B         	   6.62004	  -2.17528	   0.00000	  -0.17523	  -0.01199	   0.00000	  -0.01199	  -0.19948	  -0.00000	   0.00000	  -0.00000	   0.37470
B         	   6.61317	   2.13594	   0.00000	  -0.17442	  -0.01344	   0.00000	  -0.01344	  -0.19984	   0.00000	   0.00000	   0.00000	   0.37426
B         	   6.60649	   6.43635	   0.00000	  -0.17875	  -0.01878	  -0.00000	  -0.01878	  -0.19618	  -0.00000	  -0.00000	  -0.00000	   0.37494
B         	   9.24965	  -2.17786	   0.00000	  -0.17629	  -0.00669	   0.00000	  -0.00669	  -0.19908	   0.00000	   0.00000	   0.00000	   0.37536
B         	   9.24696	   2.12995	   0.00000	  -0.17602	  -0.00623	   0.00000	  -0.00623	  -0.19954	  -0.00000	   0.00000	  -0.00000	   0.37556
B         	   9.24388	   6.43295	   0.00000	  -0.17728	  -0.00881	  -0.00000	  -0.00881	  -0.19851	   0.00000	  -0.00000	   0.00000	   0.37579
N         	 -10.56586	  -2.88191	   0.00000	   0.11750	  -0.00310	   0.00000	  -0.00310	  -0.07593	   0.00000	   0.00000	   0.00000	  -0.04156
N         	 -10.56541	   1.42629	   0.00000	   0.12149	   0.00052	  -0.00000	   0.00052	  -0.07550	  -0.00000	  -0.00000	  -0.00000	  -0.04599
N         	 -10.56354	   5.73116	   0.00000	   0.12675	  -0.00104	   0.00000	  -0.00104	  -0.08149	   0.00000	   0.00000	   0.00000	  -0.04526
N         	  -7.93945	  -2.88088	   0.00000	   0.11692	  -0.01023	  -0.00000	  -0.01023	  -0.07744	  -0.00000	  -0.00000	  -0.00000	  -0.03949
N         	  -7.93839	   1.42984	   0.00000	   0.12095	   0.00285	   0.00000	   0.00285	  -0.07357	   0.00000	   0.00000	   0.00000	  -0.04738
N         	  -7.93066	   5.73397	   0.00000	   0.12969	  -0.00262	  -0.00000	  -0.00262	  -0.08406	   0.00000	  -0.00000	   0.00000	  -0.04563
N         	  -5.31214	  -2.87997	   0.00000	   0.11756	  -0.02074	  -0.00000	  -0.02074	  -0.08182	  -0.00000	  -0.00000	  -0.00000	  -0.03574
N         	  -5.31115	   1.43850	   0.00000	   0.12553	   0.01106	   0.00000	   0.01106	  -0.07250	  -0.00000	   0.00000	  -0.00000	  -0.05303
N         	  -5.29267	   5.74058	   0.00000	   0.13652	  -0.00317	  -0.00000	  -0.00317	  -0.08928	   0.00000	  -0.00000	   0.00000	  -0.04722
N         	  -2.67902	  -2.87679	   0.00000	   0.14779	   0.00179	   0.00000	   0.00179	  -0.07885	  -0.00000	   0.00000	  -0.00000	  -0.06893
N         	  -2.68187	   1.44946	   0.00000	   0.14006	   0.02897	  -0.00000	   0.02897	  -0.07045	   0.00000	  -0.00000	   0.00000	  -0.06961
N         	  -2.64529	   5.74843	   0.00000	   0.14011	  -0.00253	  -0.00000	  -0.00253	  -0.08374	   0.00000	  -0.00000	   0.00000	  -0.05637
N         	   0.00000	  -2.84258	   0.00000	   0.17543	   0.00000	  -0.00000	   0.00000	  -0.07287	   0.00000	  -0.00000	   0.00000	  -0.10256
N         	   0.00000	   5.75084	   0.00000	   0.13538	  -0.00000	  -0.00000	  -0.00000	  -0.07903	   0.00000	  -0.00000	   0.00000	  -0.05634
N         	   2.67902	  -2.87679	   0.00000	   0.14779	  -0.00179	  -0.00000	  -0.00179	  -0.07885	  -0.00000	  -0.00000	  -0.00000	  -0.06893
N         	   2.68187	   1.44946	   0.00000	   0.14006	  -0.02897	   0.00000	  -0.02897	  -0.07045	   0.00000	   0.00000	   0.00000	  -0.06961
N         	   2.64529	   5.74843	   0.00000	   0.14011	   0.00253	   0.00000	   0.00253	  -0.08374	   0.00000	   0.00000	   0.00000	  -0.05637
N         	   5.31214	  -2.87997	   0.00000	   0.11756	   0.02074	   0.00000	   0.02074	  -0.08182	   0.00000	   0.00000	   0.00000	  -0.03574
N         	   5.31115	   1.43850	   0.00000	   0.12553	  -0.01106	  -0.00000	  -0.01106	  -0.07250	  -0.00000	  -0.00000	  -0.00000	  -0.05303
N         	   5.29267	   5.74058	   0.00000	   0.13652	   0.00317	   0.00000	   0.00317	  -0.08928	   0.00000	   0.00000	   0.00000	  -0.04722
N         	   7.93945	  -2.88088	   0.00000	   0.11692	   0.01023	  -0.00000	   0.01023	  -0.07744	   0.00000	  -0.00000	   0.00000	  -0.03949
N         	   7.93839	   1.42984	   0.00000	   0.12095	  -0.00285	  -0.00000	  -0.00285	  -0.07357	   0.00000	  -0.00000	   0.00000	  -0.04738
N         	   7.93066	   5.73397	   0.00000	   0.12969	   0.00262	   0.00000	   0.00262	  -0.08406	   0.00000	   0.00000	   0.00000	  -0.04563
N         	  10.56586	  -2.88191	   0.00000	   0.11750	   0.00310	  -0.00000	   0.00310	  -0.07593	  -0.00000	  -0.00000	  -0.00000	  -0.04156
N         	  10.56541	   1.42629	   0.00000	   0.12149	  -0.00052	  -0.00000	  -0.00052	  -0.07550	   0.00000	  -0.00000	   0.00000	  -0.04599
N         	  10.56354	   5.73116	   0.00000	   0.12675	   0.00104	   0.00000	   0.00104	  -0.08149	  -0.00000	   0.00000	  -0.00000	  -0.04526
N         	 -11.87901	  -5.03408	   0.00000	   0.12319	   0.00000	  -0.00000	   0.00000	  -0.08037	   0.00000	  -0.00000	   0.00000	  -0.04282
N         	 -11.87901	  -0.72826	   0.00000	   0.11449	   0.00000	   0.00000	   0.00000	  -0.07228	  -0.00000	   0.00000	  -0.00000	  -0.04220
N         	 -11.87901	   3.57893	   0.00000	   0.12573	  -0.00000	   0.00000	  -0.00000	  -0.07935	  -0.00000	   0.00000	  -0.00000	  -0.04639
N         	  -9.24905	  -5.03349	   0.00000	   0.12384	  -0.00483	  -0.00000	  -0.00483	  -0.08149	  -0.00000	  -0.00000	  -0.00000	  -0.04235
N         	  -9.25627	  -0.72727	   0.00000	   0.11180	  -0.00347	  -0.00000	  -0.00347	  -0.07139	  -0.00000	  -0.00000	  -0.00000	  -0.04041
N         	  -9.24845	   3.58083	   0.00000	   0.12714	   0.00029	   0.00000	   0.00029	  -0.07970	   0.00000	   0.00000	   0.00000	  -0.04744
N         	  -6.61659	  -5.03111	   0.00000	   0.12648	  -0.00989	  -0.00000	  -0.00989	  -0.08479	   0.00000	  -0.00000	   0.00000	  -0.04170
N         	  -6.63836	  -0.72462	   0.00000	   0.09903	  -0.00857	  -0.00000	  -0.00857	  -0.06531	  -0.00000	  -0.00000	  -0.00000	  -0.03372
N         	  -6.61539	   3.58753	   0.00000	   0.13230	   0.00318	   0.00000	   0.00318	  -0.08213	   0.00000	   0.00000	   0.00000	  -0.05017
N         	  -3.97764	  -5.02576	   0.00000	   0.13287	  -0.01140	  -0.00000	  -0.01140	  -0.08483	   0.00000	  -0.00000	   0.00000	  -0.04805
N         	  -4.03823	  -0.72155	   0.00000	   0.08731	  -0.00644	   0.00000	  -0.00644	  -0.05605	  -0.00000	   0.00000	  -0.00000	  -0.03125
N         	  -3.97675	   3.59816	   0.00000	   0.14260	   0.00582	  -0.00000	   0.00582	  -0.08935	   0.00000	  -0.00000	   0.00000	  -0.05326
N         	  -1.32468	  -5.00877	   0.00000	   0.14137	   0.00401	   0.00000	   0.00401	  -0.07634	  -0.00000	   0.00000	  -0.00000	  -0.06503
N         	  -1.32777	   3.59513	   0.00000	   0.13487	  -0.00988	  -0.00000	  -0.00988	  -0.06576	   0.00000	  -0.00000	   0.00000	  -0.06911
N         	   1.32468	  -5.00877	   0.00000	   0.14137	  -0.00401	   0.00000	  -0.00401	  -0.07634	   0.00000	   0.00000	   0.00000	  -0.06503
N         	   1.32777	   3.59513	   0.00000	   0.13487	   0.00988	  -0.00000	   0.00988	  -0.06576	   0.00000	  -0.00000	   0.00000	  -0.06911
N         	   3.97764	  -5.02576	   0.00000	   0.13287	   0.01140	  -0.00000	   0.01140	  -0.08483	   0.00000	  -0.00000	   0.00000	  -0.04805
N         	   4.03823	  -0.72155	   0.00000	   0.08731	   0.00644	   0.00000	   0.00644	  -0.05605	  -0.00000	   0.00000	  -0.00000	  -0.03125
N         	   3.97675	   3.59816	   0.00000	   0.14260	  -0.00582	  -0.00000	  -0.00582	  -0.08935	   0.00000	  -0.00000	   0.00000	  -0.05326
N         	   6.61659	  -5.03111	   0.00000	   0.12648	   0.00989	   0.00000	   0.00989	  -0.08479	  -0.00000	   0.00000	  -0.00000	  -0.04170
N         	   6.63836	  -0.72462	   0.00000	   0.09903	   0.00857	   0.00000	   0.00857	  -0.06531	   0.00000	   0.00000	   0.00000	  -0.03372
N         	   6.61539	   3.58753	   0.00000	   0.13230	  -0.00318	  -0.00000	  -0.00318	  -0.08213	   0.00000	  -0.00000	   0.00000	  -0.05017
N         	   9.24905	  -5.03349	   0.00000	   0.12384	   0.00483	   0.00000	   0.00483	  -0.08149	  -0.00000	   0.00000	  -0.00000	  -0.04235
N         	   9.25627	  -0.72727	   0.00000	   0.11180	   0.00347	   0.00000	   0.00347	  -0.07139	  -0.00000	   0.00000	  -0.00000	  -0.04041
N         	   9.24845	   3.58083	   0.00000	   0.12714	  -0.00029	  -0.00000	  -0.00029	  -0.07970	   0.00000	  -0.00000	   0.00000	  -0.04744
N         	   1.52379	  -0.75896	   0.00000	   0.29425	  -0.34369	  -0.00000	  -0.34369	  -0.05250	   0.00000	  -0.00000	   0.00000	  -0.24174
N         	  -1.52379	  -0.75896	   0.00000	   0.29425	   0.34369	   0.00000	   0.34369	  -0.05250	   0.00000	   0.00000	   0.00000	  -0.24174
N         	   0.00000	   1.51793	   0.00000	  -0.05417	   0.00000	   0.00000	   0.00000	   0.25710	  -0.00000	   0.00000	  -0.00000	  -0.20291
