--------------------------------------------------------------------------------------------------------------------------------------------------------------------------
  AtomName	    r_1i_X	    r_1i_Y	    r_1i_Z	  iso[MHz]	       Axx	       Axy	       Axz	       Ayx	       Ayy	       Ayz	       Azx	       Azy	       Azz
--------------------------------------------------------------------------------------------------------------------------------------------------------------------------
10B  g-factor___:   0.600215 [No-unit]
11B  g-factor___:   1.792433 [No-unit]
14N  g-factor___:   0.403761 [No-unit]
15N  g-factor___:  -0.566378 [No-unit]
10B  etc____:	---       	---       	---       	   0.00000
11B  etc____:	---       	---       	---       	   0.00000
14N  etc____:	---       	---       	---       	   0.00000
15N  etc____:	---       	---       	---       	   0.00000
MinDif[A]:	 -11.87901	  -6.45992	   0.00000
MaxDif[A]:	  10.56586	   6.44247	   0.00000
--------------------------------------------------------------------------------------------------------------------------------------------------------------------------
B         	 -10.56266	  -4.33194	   0.00000	  -0.00000	   0.06098	   0.00000	   0.00000	   0.00000	  -0.01525	  -0.00000	   0.00000	  -0.00000	  -0.04574
B         	 -10.56526	  -0.02445	   0.00000	   0.01525	   0.07623	  -0.00000	   0.00000	  -0.00000	  -0.03049	   0.00000	   0.00000	   0.00000	  -0.04574
B         	 -10.56184	   4.28111	   0.00000	  -0.00000	   0.06098	  -0.00000	   0.00000	  -0.00000	  -0.01525	   0.00000	   0.00000	   0.00000	  -0.04574
B         	  -7.92913	  -4.33051	   0.00000	  -0.01525	   0.07623	   0.03049	   0.00000	   0.03049	  -0.00000	   0.00000	   0.00000	   0.00000	  -0.07623
B         	  -7.93985	  -0.02176	   0.00000	   0.27441	   0.15245	  -0.04574	   0.00000	  -0.04574	  -0.06098	   0.00000	   0.00000	   0.00000	  -0.10672
B         	  -7.92594	   4.28377	   0.00000	  -0.00000	   0.06098	  -0.03049	   0.00000	  -0.03049	  -0.00000	   0.00000	   0.00000	   0.00000	  -0.06098
B         	  -5.29313	  -4.32678	   0.00000	  -0.15245	   0.12196	   0.10672	   0.00000	   0.10672	   0.09147	   0.00000	   0.00000	   0.00000	  -0.21343
B         	  -5.32203	  -0.01483	   0.00000	   2.98806	   0.65554	  -0.45736	   0.00000	  -0.45736	  -0.10672	   0.00000	   0.00000	   0.00000	  -0.54883
B         	  -5.28602	   4.28971	   0.00000	  -0.01525	   0.07623	  -0.12196	  -0.00000	  -0.12196	   0.07623	   0.00000	  -0.00000	   0.00000	  -0.15245
B         	  -2.65260	  -4.31479	   0.00000	   4.60405	  -0.57932	   0.03049	   0.00000	   0.03049	   1.43305	  -0.00000	   0.00000	  -0.00000	  -0.85373
B         	  -2.71376	  -0.00419	   0.00000	   2.27153	   2.85085	  -3.23198	   0.00000	  -3.23198	   1.15863	   0.00000	   0.00000	   0.00000	  -4.00948
B         	  -2.63823	   4.29120	   0.00000	   3.50639	   0.54883	  -0.67079	  -0.00000	  -0.67079	   0.13721	  -0.00000	  -0.00000	  -0.00000	  -0.68603
B         	   0.00000	  -4.28739	   0.00000	  -0.57932	  -0.15245	   0.00000	  -0.00000	   0.00000	   0.71652	   0.00000	  -0.00000	   0.00000	  -0.54883
B         	   0.00000	   4.28883	   0.00000	  -0.80799	  -0.30490	   0.00000	   0.00000	   0.00000	   1.21961	   0.00000	   0.00000	   0.00000	  -0.91471
B         	   2.65260	  -4.31479	   0.00000	   4.60405	  -0.57932	  -0.03049	  -0.00000	  -0.03049	   1.43305	  -0.00000	  -0.00000	  -0.00000	  -0.85373
B         	   2.71376	  -0.00419	   0.00000	   2.27153	   2.85085	   3.23198	   0.00000	   3.23198	   1.15863	   0.00000	   0.00000	   0.00000	  -4.00948
B         	   2.63823	   4.29120	   0.00000	   3.50639	   0.54883	   0.67079	   0.00000	   0.67079	   0.13721	  -0.00000	   0.00000	  -0.00000	  -0.68603
B         	   5.29313	  -4.32678	   0.00000	  -0.15245	   0.12196	  -0.10672	   0.00000	  -0.10672	   0.09147	   0.00000	   0.00000	   0.00000	  -0.21343
B         	   5.32203	  -0.01483	   0.00000	   2.98806	   0.65554	   0.45736	  -0.00000	   0.45736	  -0.10672	  -0.00000	  -0.00000	  -0.00000	  -0.54883
B         	   5.28602	   4.28971	   0.00000	  -0.01525	   0.07623	   0.12196	   0.00000	   0.12196	   0.07623	  -0.00000	   0.00000	  -0.00000	  -0.15245
B         	   7.92913	  -4.33051	   0.00000	  -0.01525	   0.07623	  -0.03049	   0.00000	  -0.03049	  -0.00000	   0.00000	   0.00000	   0.00000	  -0.07623
B         	   7.93985	  -0.02176	   0.00000	   0.27441	   0.15245	   0.04574	   0.00000	   0.04574	  -0.06098	  -0.00000	   0.00000	  -0.00000	  -0.10672
B         	   7.92594	   4.28377	   0.00000	  -0.00000	   0.06098	   0.03049	   0.00000	   0.03049	  -0.00000	  -0.00000	   0.00000	  -0.00000	  -0.06098
B         	  10.56266	  -4.33194	   0.00000	  -0.00000	   0.06098	  -0.00000	   0.00000	  -0.00000	  -0.01525	  -0.00000	   0.00000	  -0.00000	  -0.04574
B         	  10.56526	  -0.02445	   0.00000	   0.01525	   0.07623	   0.00000	   0.00000	   0.00000	  -0.03049	  -0.00000	   0.00000	  -0.00000	  -0.04574
B         	  10.56184	   4.28111	   0.00000	  -0.00000	   0.06098	   0.00000	   0.00000	   0.00000	  -0.01525	  -0.00000	   0.00000	  -0.00000	  -0.04574
B         	 -11.87901	  -2.17882	   0.00000	  -0.00000	   0.07623	   0.00000	  -0.00000	   0.00000	  -0.03049	   0.00000	  -0.00000	   0.00000	  -0.04574
B         	 -11.87901	   2.12838	   0.00000	   0.00000	   0.06098	  -0.00000	   0.00000	  -0.00000	  -0.03049	   0.00000	   0.00000	   0.00000	  -0.04574
B         	 -11.87901	   6.43236	   0.00000	  -0.00000	   0.06098	  -0.00000	  -0.00000	  -0.00000	  -0.01525	   0.00000	  -0.00000	   0.00000	  -0.04574
B         	  -9.24965	  -2.17786	   0.00000	  -0.01525	   0.09147	   0.01525	  -0.00000	   0.01525	  -0.03049	   0.00000	  -0.00000	   0.00000	  -0.06098
B         	  -9.24696	   2.12995	   0.00000	   0.00000	   0.07623	  -0.01525	   0.00000	  -0.01525	  -0.03049	   0.00000	   0.00000	   0.00000	  -0.04574
B         	  -9.24388	   6.43295	   0.00000	  -0.00000	   0.06098	   0.00000	  -0.00000	   0.00000	  -0.01525	  -0.00000	  -0.00000	  -0.00000	  -0.04574
B         	  -6.62004	  -2.17528	   0.00000	  -0.10672	   0.19819	   0.07623	  -0.00000	   0.07623	  -0.03049	   0.00000	  -0.00000	   0.00000	  -0.16770
B         	  -6.61317	   2.13594	   0.00000	   0.00000	   0.13721	  -0.07623	   0.00000	  -0.07623	  -0.03049	   0.00000	   0.00000	   0.00000	  -0.12196
B         	  -6.60649	   6.43635	   0.00000	  -0.01525	   0.04574	  -0.00000	  -0.00000	  -0.00000	   0.03049	  -0.00000	  -0.00000	  -0.00000	  -0.09147
B         	  -3.98952	  -2.16874	   0.00000	  -1.52452	   0.80799	   0.48785	  -0.00000	   0.48785	   0.10672	   0.00000	  -0.00000	   0.00000	  -0.91471
B         	  -3.97305	   2.14311	   0.00000	  -0.71652	   0.39637	  -0.32015	   0.00000	  -0.32015	   0.10672	   0.00000	   0.00000	   0.00000	  -0.50309
B         	  -3.96394	   6.44247	   0.00000	   0.44211	  -0.04574	  -0.09147	  -0.00000	  -0.09147	   0.28966	   0.00000	  -0.00000	   0.00000	  -0.24392
B         	  -1.33364	  -2.13860	   0.00000	  -1.32633	  -1.17388	  -1.43305	  -0.00000	  -1.43305	   5.68645	   0.00000	  -0.00000	   0.00000	  -4.52782
B         	  -1.31202	   2.10820	   0.00000	  -3.20149	   4.58880	  -2.30202	   0.00000	  -2.30202	  -0.33539	   0.00000	   0.00000	   0.00000	  -4.25341
B         	  -1.31834	  -6.45992	   0.00000	  -0.09147	  -0.16770	  -0.01525	   0.00000	  -0.01525	   0.44211	   0.00000	   0.00000	   0.00000	  -0.27441
B         	   1.33364	  -2.13860	   0.00000	  -1.32633	  -1.17388	   1.43305	   0.00000	   1.43305	   5.68645	   0.00000	   0.00000	   0.00000	  -4.52782
B         	   1.31202	   2.10820	   0.00000	  -3.20149	   4.58880	   2.30202	   0.00000	   2.30202	  -0.33539	   0.00000	   0.00000	   0.00000	  -4.25341
B         	   1.31834	  -6.45992	   0.00000	  -0.09147	  -0.16770	   0.01525	  -0.00000	   0.01525	   0.44211	   0.00000	  -0.00000	   0.00000	  -0.27441
B         	   3.98952	  -2.16874	   0.00000	  -1.52452	   0.80799	  -0.48785	  -0.00000	  -0.48785	   0.10672	  -0.00000	  -0.00000	  -0.00000	  -0.91471
B         	   3.97305	   2.14311	   0.00000	  -0.71652	   0.39637	   0.32015	   0.00000	   0.32015	   0.10672	  -0.00000	   0.00000	  -0.00000	  -0.50309
B         	   3.96394	   6.44247	   0.00000	   0.44211	  -0.04574	   0.09147	  -0.00000	   0.09147	   0.28966	   0.00000	  -0.00000	   0.00000	  -0.24392
B         	   6.62004	  -2.17528	   0.00000	  -0.10672	   0.19819	  -0.07623	  -0.00000	  -0.07623	  -0.03049	  -0.00000	  -0.00000	  -0.00000	  -0.16770
B         	   6.61317	   2.13594	   0.00000	   0.00000	   0.13721	   0.07623	   0.00000	   0.07623	  -0.03049	  -0.00000	   0.00000	  -0.00000	  -0.12196
B         	   6.60649	   6.43635	   0.00000	  -0.01525	   0.04574	   0.00000	  -0.00000	   0.00000	   0.03049	  -0.00000	  -0.00000	  -0.00000	  -0.09147
B         	   9.24965	  -2.17786	   0.00000	  -0.01525	   0.09147	  -0.01525	  -0.00000	  -0.01525	  -0.03049	  -0.00000	  -0.00000	  -0.00000	  -0.06098
B         	   9.24696	   2.12995	   0.00000	   0.00000	   0.07623	   0.01525	   0.00000	   0.01525	  -0.03049	  -0.00000	   0.00000	  -0.00000	  -0.04574
B         	   9.24388	   6.43295	   0.00000	  -0.00000	   0.06098	  -0.00000	  -0.00000	  -0.00000	  -0.01525	   0.00000	  -0.00000	   0.00000	  -0.04574
N         	 -10.56586	  -2.88191	   0.00000	   0.00000	   0.07623	   0.00000	   0.00000	   0.00000	  -0.03049	   0.00000	   0.00000	   0.00000	  -0.04574
N         	 -10.56541	   1.42629	   0.00000	   0.00000	   0.07623	  -0.00000	  -0.00000	  -0.00000	  -0.03049	   0.00000	  -0.00000	   0.00000	  -0.04574
N         	 -10.56354	   5.73116	   0.00000	   0.00000	   0.06098	  -0.00000	   0.00000	  -0.00000	  -0.01525	  -0.00000	   0.00000	  -0.00000	  -0.04574
N         	  -7.93945	  -2.88088	   0.00000	   0.09147	   0.12196	   0.06098	   0.00000	   0.06098	  -0.03049	   0.00000	   0.00000	   0.00000	  -0.07623
N         	  -7.93839	   1.42984	   0.00000	   0.00000	   0.12196	  -0.03049	  -0.00000	  -0.03049	  -0.04574	   0.00000	  -0.00000	   0.00000	  -0.07623
N         	  -7.93066	   5.73397	   0.00000	   0.01525	   0.06098	  -0.00000	   0.00000	  -0.00000	   0.00000	   0.00000	   0.00000	   0.00000	  -0.06098
N         	  -5.31214	  -2.87997	   0.00000	   1.32633	   0.36588	   0.50309	   0.00000	   0.50309	   0.06098	   0.00000	   0.00000	   0.00000	  -0.42687
N         	  -5.31115	   1.43850	   0.00000	  -0.00000	   0.33539	  -0.07623	  -0.00000	  -0.07623	  -0.03049	   0.00000	  -0.00000	   0.00000	  -0.30490
N         	  -5.29267	   5.74058	   0.00000	   0.10672	  -0.01525	   0.03049	   0.00000	   0.03049	   0.18294	   0.00000	   0.00000	   0.00000	  -0.18294
N         	  -2.67902	  -2.87679	   0.00000	  37.28973	   1.98187	   8.97941	   0.00000	   8.97941	   4.00948	   0.00000	   0.00000	   0.00000	  -5.99136
N         	  -2.68187	   1.44946	   0.00000	   5.33582	  -0.44211	   1.26535	  -0.00000	   1.26535	   3.81130	   0.00000	  -0.00000	   0.00000	  -3.36919
N         	  -2.64529	   5.74843	   0.00000	   2.57644	  -0.19819	  -0.38113	  -0.00000	  -0.38113	   0.68603	  -0.00000	  -0.00000	  -0.00000	  -0.48785
N         	   0.00000	  -2.84258	   0.00000	   8.53730	   3.85703	   0.00000	   0.00000	   0.00000	  -0.45736	   0.00000	   0.00000	   0.00000	  -3.39968
N         	   0.00000	   5.75084	   0.00000	   0.56407	  -0.28966	   0.00000	  -0.00000	   0.00000	   0.67079	   0.00000	  -0.00000	   0.00000	  -0.39637
N         	   2.67902	  -2.87679	   0.00000	  37.28973	   1.98187	  -8.97941	   0.00000	  -8.97941	   4.00948	  -0.00000	   0.00000	  -0.00000	  -5.99136
N         	   2.68187	   1.44946	   0.00000	   5.33582	  -0.44211	  -1.26535	   0.00000	  -1.26535	   3.81130	   0.00000	   0.00000	   0.00000	  -3.36919
N         	   2.64529	   5.74843	   0.00000	   2.57644	  -0.19819	   0.38113	   0.00000	   0.38113	   0.68603	  -0.00000	   0.00000	  -0.00000	  -0.48785
N         	   5.31214	  -2.87997	   0.00000	   1.32633	   0.36588	  -0.50309	   0.00000	  -0.50309	   0.06098	  -0.00000	   0.00000	  -0.00000	  -0.42687
N         	   5.31115	   1.43850	   0.00000	  -0.00000	   0.33539	   0.07623	  -0.00000	   0.07623	  -0.03049	  -0.00000	  -0.00000	  -0.00000	  -0.30490
N         	   5.29267	   5.74058	   0.00000	   0.10672	  -0.01525	  -0.03049	   0.00000	  -0.03049	   0.18294	   0.00000	   0.00000	   0.00000	  -0.18294
N         	   7.93945	  -2.88088	   0.00000	   0.09147	   0.12196	  -0.06098	   0.00000	  -0.06098	  -0.03049	  -0.00000	   0.00000	  -0.00000	  -0.07623
N         	   7.93839	   1.42984	   0.00000	   0.00000	   0.12196	   0.03049	  -0.00000	   0.03049	  -0.04574	  -0.00000	  -0.00000	  -0.00000	  -0.07623
N         	   7.93066	   5.73397	   0.00000	   0.01525	   0.06098	   0.00000	   0.00000	   0.00000	   0.00000	  -0.00000	   0.00000	  -0.00000	  -0.06098
N         	  10.56586	  -2.88191	   0.00000	   0.00000	   0.07623	  -0.00000	   0.00000	  -0.00000	  -0.03049	  -0.00000	   0.00000	  -0.00000	  -0.04574
N         	  10.56541	   1.42629	   0.00000	   0.00000	   0.07623	   0.00000	  -0.00000	   0.00000	  -0.03049	  -0.00000	  -0.00000	  -0.00000	  -0.04574
N         	  10.56354	   5.73116	   0.00000	   0.00000	   0.06098	   0.00000	   0.00000	   0.00000	  -0.01525	  -0.00000	   0.00000	  -0.00000	  -0.04574
N         	 -11.87901	  -5.03408	   0.00000	   0.00000	   0.06098	  -0.00000	  -0.00000	  -0.00000	  -0.01525	   0.00000	  -0.00000	   0.00000	  -0.04574
N         	 -11.87901	  -0.72826	   0.00000	   0.01525	   0.07623	   0.00000	  -0.00000	   0.00000	  -0.03049	   0.00000	  -0.00000	   0.00000	  -0.04574
N         	 -11.87901	   3.57893	   0.00000	  -0.00000	   0.06098	  -0.00000	  -0.00000	  -0.00000	  -0.03049	  -0.00000	  -0.00000	  -0.00000	  -0.04574
N         	  -9.24905	  -5.03349	   0.00000	   0.01525	   0.06098	   0.01525	  -0.00000	   0.01525	  -0.01525	  -0.00000	  -0.00000	  -0.00000	  -0.04574
N         	  -9.25627	  -0.72727	   0.00000	   0.12196	   0.13721	   0.01525	  -0.00000	   0.01525	  -0.06098	   0.00000	  -0.00000	   0.00000	  -0.07623
N         	  -9.24845	   3.58083	   0.00000	  -0.00000	   0.06098	  -0.01525	  -0.00000	  -0.01525	  -0.01525	  -0.00000	  -0.00000	  -0.00000	  -0.04574
N         	  -6.61659	  -5.03111	   0.00000	   0.12196	   0.06098	   0.07623	   0.00000	   0.07623	   0.04574	  -0.00000	   0.00000	  -0.00000	  -0.10672
N         	  -6.63836	  -0.72462	   0.00000	   1.81418	   0.64030	   0.19819	  -0.00000	   0.19819	  -0.27441	   0.00000	  -0.00000	   0.00000	  -0.36588
N         	  -6.61539	   3.58753	   0.00000	  -0.01525	   0.09147	  -0.04574	   0.00000	  -0.04574	   0.01525	  -0.00000	   0.00000	  -0.00000	  -0.10672
N         	  -3.97764	  -5.02576	   0.00000	   2.66791	  -0.03049	   0.79275	   0.00000	   0.79275	   0.73177	  -0.00000	   0.00000	  -0.00000	  -0.70128
N         	  -4.03823	  -0.72155	   0.00000	  26.05402	   6.95180	   3.97899	   0.00000	   3.97899	  -2.75938	   0.00000	   0.00000	   0.00000	  -4.20767
N         	  -3.97675	   3.59816	   0.00000	   0.44211	   0.04574	  -0.28966	  -0.00000	  -0.28966	   0.35064	   0.00000	  -0.00000	   0.00000	  -0.39637
N         	  -1.32468	  -5.00877	   0.00000	   0.27441	  -0.07623	   0.16770	   0.00000	   0.16770	   0.50309	   0.00000	   0.00000	   0.00000	  -0.44211
N         	  -1.32777	   3.59513	   0.00000	  30.15498	  -3.26247	  -3.81130	   0.00000	  -3.81130	   7.77504	  -0.00000	   0.00000	  -0.00000	  -4.51258
N         	   1.32468	  -5.00877	   0.00000	   0.27441	  -0.07623	  -0.16770	  -0.00000	  -0.16770	   0.50309	   0.00000	  -0.00000	   0.00000	  -0.44211
N         	   1.32777	   3.59513	   0.00000	  30.15498	  -3.26247	   3.81130	  -0.00000	   3.81130	   7.77504	  -0.00000	  -0.00000	  -0.00000	  -4.51258
N         	   3.97764	  -5.02576	   0.00000	   2.66791	  -0.03049	  -0.79275	   0.00000	  -0.79275	   0.73177	   0.00000	   0.00000	   0.00000	  -0.70128
N         	   4.03823	  -0.72155	   0.00000	  26.05402	   6.95180	  -3.97899	   0.00000	  -3.97899	  -2.75938	  -0.00000	   0.00000	  -0.00000	  -4.20767
N         	   3.97675	   3.59816	   0.00000	   0.44211	   0.04574	   0.28966	  -0.00000	   0.28966	   0.35064	  -0.00000	  -0.00000	  -0.00000	  -0.39637
N         	   6.61659	  -5.03111	   0.00000	   0.12196	   0.06098	  -0.07623	   0.00000	  -0.07623	   0.04574	   0.00000	   0.00000	   0.00000	  -0.10672
N         	   6.63836	  -0.72462	   0.00000	   1.81418	   0.64030	  -0.19819	  -0.00000	  -0.19819	  -0.27441	  -0.00000	  -0.00000	  -0.00000	  -0.36588
N         	   6.61539	   3.58753	   0.00000	  -0.01525	   0.09147	   0.04574	  -0.00000	   0.04574	   0.01525	   0.00000	  -0.00000	   0.00000	  -0.10672
N         	   9.24905	  -5.03349	   0.00000	   0.01525	   0.06098	  -0.01525	  -0.00000	  -0.01525	  -0.01525	  -0.00000	  -0.00000	  -0.00000	  -0.04574
N         	   9.25627	  -0.72727	   0.00000	   0.12196	   0.13721	  -0.01525	  -0.00000	  -0.01525	  -0.06098	  -0.00000	  -0.00000	  -0.00000	  -0.07623
N         	   9.24845	   3.58083	   0.00000	  -0.00000	   0.06098	   0.01525	  -0.00000	   0.01525	  -0.01525	   0.00000	  -0.00000	   0.00000	  -0.04574
N         	   1.52379	  -0.75896	   0.00000	 258.31443	  71.02732	-100.43529	  -0.00000	-100.43529	  -4.16194	   0.00000	  -0.00000	   0.00000	 -66.86539
N         	  -1.52379	  -0.75896	   0.00000	 258.31443	  71.02732	 100.43529	  -0.00000	 100.43529	  -4.16194	   0.00000	  -0.00000	   0.00000	 -66.86539
N         	   0.00000	   1.51793	   0.00000	 268.62018	 -71.51517	   0.00000	  -0.00000	   0.00000	 137.99943	   0.00000	  -0.00000	   0.00000	 -66.49950
