2220.00000	   0.00000	   0.00000	   0.00000
   1.34503	   2.13608	   7.50000	       11B
   1.34503	   6.42553	   7.50000	       11B
   1.34503	  10.71498	   7.50000	       10B
   4.03509	   2.13608	   7.50000	       11B
   4.03509	   6.42553	   7.50000	       11B
   4.03509	  10.71498	   7.50000	       10B
   6.72515	   2.13608	   7.50000	       11B
   6.72515	   6.42553	   7.50000	       11B
   6.72515	  10.71498	   7.50000	       11B
   9.41522	   2.13608	   7.50000	       11B
   9.41522	   6.42553	   7.50000	       11B
   9.41522	  10.71498	   7.50000	       11B
  12.10528	   2.13608	   7.50000	       10B
  12.10528	   6.42553	   7.50000	       11B
  12.10528	  10.71498	   7.50000	       11B
  14.79534	   2.13608	   7.50000	       11B
  14.79534	   6.42553	   7.50000	       11B
  14.79534	  10.71498	   7.50000	       11B
  17.48540	   2.13608	   7.50000	       11B
  17.48540	   6.42553	   7.50000	       10B
  17.48540	  10.71498	   7.50000	       11B
  20.17546	   2.13608	   7.50000	       11B
  20.17546	   6.42553	   7.50000	       11B
  20.17546	  10.71498	   7.50000	       10B
  22.86553	   2.13608	   7.50000	       11B
  22.86553	   6.42553	   7.50000	       10B
  22.86553	  10.71498	   7.50000	       11B
   0.00000	   4.28080	   7.50000	       11B
   0.00000	   8.57025	   7.50000	       11B
   0.00000	  12.85970	   7.50000	       11B
   2.69006	   4.28080	   7.50000	       10B
   2.69006	   8.57025	   7.50000	       10B
   2.69006	  12.85970	   7.50000	       11B
   5.38012	   4.28080	   7.50000	       11B
   5.38012	   8.57025	   7.50000	       11B
   5.38012	  12.85970	   7.50000	       11B
   8.07019	   4.28080	   7.50000	       11B
   8.07019	   8.57025	   7.50000	       11B
   8.07019	  12.85970	   7.50000	       11B
  10.76025	   4.28080	   7.50000	       11B
  10.76025	   8.57025	   7.50000	       11B
  10.76025	  12.85970	   7.50000	       11B
  13.45031	   4.28080	   7.50000	       11B
  13.45031	   8.57025	   7.50000	       11B
  13.45031	  12.85970	   7.50000	       11B
  16.14037	   4.28080	   7.50000	       11B
  16.14037	   8.57025	   7.50000	       11B
  16.14037	  12.85970	   7.50000	       11B
  18.83043	   4.28080	   7.50000	       10B
  18.83043	   8.57025	   7.50000	       10B
  18.83043	  12.85970	   7.50000	       10B
  21.52050	   4.28080	   7.50000	       10B
  21.52050	   8.57025	   7.50000	       11B
  21.52050	  12.85970	   7.50000	       10B
   1.34503	   3.58561	   7.50000	       14N
   1.34503	   7.87506	   7.50000	       14N
   1.34503	  12.16451	   7.50000	       14N
   4.03509	   3.58561	   7.50000	       14N
   4.03509	   7.87506	   7.50000	       14N
   4.03509	  12.16451	   7.50000	       14N
   6.72515	   3.58561	   7.50000	       14N
   6.72515	   7.87506	   7.50000	       14N
   6.72515	  12.16451	   7.50000	       14N
   9.41522	   3.58561	   7.50000	       14N
   9.41522	   7.87506	   7.50000	       14N
   9.41522	  12.16451	   7.50000	       14N
  12.10528	   3.58561	   7.50000	       14N
  12.10528	   7.87506	   7.50000	       14N
  12.10528	  12.16451	   7.50000	       14N
  14.79534	   3.58561	   7.50000	       14N
  14.79534	   7.87506	   7.50000	       14N
  14.79534	  12.16451	   7.50000	       14N
  17.48540	   3.58561	   7.50000	       14N
  17.48540	   7.87506	   7.50000	       14N
  17.48540	  12.16451	   7.50000	       14N
  20.17546	   3.58561	   7.50000	       14N
  20.17546	   7.87506	   7.50000	       14N
  20.17546	  12.16451	   7.50000	       14N
  22.86553	   3.58561	   7.50000	       14N
  22.86553	   7.87506	   7.50000	       14N
  22.86553	  12.16451	   7.50000	       14N
   0.00000	   1.44089	   7.50000	       14N
   0.00000	   5.73034	   7.50000	       14N
   0.00000	  10.01978	   7.50000	       14N
   2.69006	   1.44089	   7.50000	       14N
   2.69006	   5.73034	   7.50000	       14N
   2.69006	  10.01978	   7.50000	       14N
   5.38012	   1.44089	   7.50000	       14N
   5.38012	   5.73034	   7.50000	       14N
   5.38012	  10.01978	   7.50000	       14N
   8.07019	   1.44089	   7.50000	       14N
   8.07019	   5.73034	   7.50000	       14N
   8.07019	  10.01978	   7.50000	       14N
  10.76025	   1.44089	   7.50000	       14N
  10.76025	   5.73034	   7.50000	       14N
  10.76025	  10.01978	   7.50000	       14N
  13.45031	   1.44089	   7.50000	       14N
  13.45031	   5.73034	   7.50000	       14N
  13.45031	  10.01978	   7.50000	       14N
  16.14037	   1.44089	   7.50000	       14N
  16.14037	   5.73034	   7.50000	       14N
  16.14037	  10.01978	   7.50000	       14N
  18.83043	   1.44089	   7.50000	       14N
  18.83043	   5.73034	   7.50000	       14N
  18.83043	  10.01978	   7.50000	       14N
  21.52050	   1.44089	   7.50000	       14N
  21.52050	   5.73034	   7.50000	       14N
  21.52050	  10.01978	   7.50000	       14N
   1.34503	  15.00443	   7.50000	       11B
   1.34503	  19.29388	   7.50000	       11B
   1.34503	  23.58333	   7.50000	       11B
   4.03509	  15.00443	   7.50000	       11B
   4.03509	  19.29388	   7.50000	       10B
   4.03509	  23.58333	   7.50000	       11B
   6.72515	  15.00443	   7.50000	       10B
   6.72515	  19.29388	   7.50000	       11B
   6.72515	  23.58333	   7.50000	       11B
   9.41522	  15.00443	   7.50000	       11B
   9.41522	  19.29388	   7.50000	       11B
   9.41522	  23.58333	   7.50000	       11B
  12.10528	  15.00443	   7.50000	       11B
  12.10528	  19.29388	   7.50000	       11B
  12.10528	  23.58333	   7.50000	       11B
  14.79534	  15.00443	   7.50000	       11B
  14.79534	  19.29388	   7.50000	       10B
  14.79534	  23.58333	   7.50000	       11B
  17.48540	  15.00443	   7.50000	       11B
  17.48540	  19.29388	   7.50000	       11B
  17.48540	  23.58333	   7.50000	       10B
  20.17546	  15.00443	   7.50000	       11B
  20.17546	  19.29388	   7.50000	       11B
  20.17546	  23.58333	   7.50000	       10B
  22.86553	  15.00443	   7.50000	       11B
  22.86553	  19.29388	   7.50000	       10B
  22.86553	  23.58333	   7.50000	       11B
   0.00000	  17.14915	   7.50000	       11B
   0.00000	  21.43860	   7.50000	       11B
   0.00000	  25.72805	   7.50000	       10B
   2.69006	  17.14915	   7.50000	       11B
   2.69006	  21.43860	   7.50000	       11B
   2.69006	  25.72805	   7.50000	       11B
   5.38012	  17.14915	   7.50000	       11B
   5.38012	  21.43860	   7.50000	       11B
   5.38012	  25.72805	   7.50000	       11B
   8.07019	  17.14915	   7.50000	       10B
   8.07019	  21.43860	   7.50000	       11B
   8.07019	  25.72805	   7.50000	       11B
  10.76025	  17.14915	   7.50000	       11B
  10.76025	  21.43860	   7.50000	       11B
  10.76025	  25.72805	   7.50000	       11B
  13.45031	  17.14915	   7.50000	       11B
  13.45031	  21.43860	   7.50000	       11B
  13.45031	  25.72805	   7.50000	       10B
  16.14037	  17.14915	   7.50000	       11B
  16.14037	  21.43860	   7.50000	       11B
  16.14037	  25.72805	   7.50000	       11B
  18.83043	  17.14915	   7.50000	       11B
  18.83043	  21.43860	   7.50000	       11B
  18.83043	  25.72805	   7.50000	       11B
  21.52050	  17.14915	   7.50000	       11B
  21.52050	  21.43860	   7.50000	       10B
  21.52050	  25.72805	   7.50000	       11B
   1.34503	  16.45396	   7.50000	       14N
   1.34503	  20.74341	   7.50000	       14N
   1.34503	  25.03286	   7.50000	       14N
   4.03509	  16.45396	   7.50000	       14N
   4.03509	  20.74341	   7.50000	       14N
   4.03509	  25.03286	   7.50000	       14N
   6.72515	  16.45396	   7.50000	       14N
   6.72515	  20.74341	   7.50000	       14N
   6.72515	  25.03286	   7.50000	       14N
   9.41522	  16.45396	   7.50000	       14N
   9.41522	  20.74341	   7.50000	       14N
   9.41522	  25.03286	   7.50000	       14N
  12.10528	  16.45396	   7.50000	       14N
  12.10528	  20.74341	   7.50000	       14N
  12.10528	  25.03286	   7.50000	       14N
  14.79534	  16.45396	   7.50000	       14N
  14.79534	  20.74341	   7.50000	       14N
  14.79534	  25.03286	   7.50000	       14N
  17.48540	  16.45396	   7.50000	       14N
  17.48540	  20.74341	   7.50000	       14N
  17.48540	  25.03286	   7.50000	       14N
  20.17546	  16.45396	   7.50000	       14N
  20.17546	  20.74341	   7.50000	       14N
  20.17546	  25.03286	   7.50000	       14N
  22.86553	  16.45396	   7.50000	       14N
  22.86553	  20.74341	   7.50000	       14N
  22.86553	  25.03286	   7.50000	       14N
   0.00000	  14.30923	   7.50000	       14N
   0.00000	  18.59868	   7.50000	       14N
   0.00000	  22.88813	   7.50000	       14N
   2.69006	  14.30923	   7.50000	       14N
   2.69006	  18.59868	   7.50000	       14N
   2.69006	  22.88813	   7.50000	       14N
   5.38012	  14.30923	   7.50000	       14N
   5.38012	  18.59868	   7.50000	       14N
   5.38012	  22.88813	   7.50000	       14N
   8.07019	  14.30923	   7.50000	       14N
   8.07019	  18.59868	   7.50000	       14N
   8.07019	  22.88813	   7.50000	       14N
  10.76025	  14.30923	   7.50000	       14N
  10.76025	  18.59868	   7.50000	       14N
  10.76025	  22.88813	   7.50000	       14N
  13.45031	  14.30923	   7.50000	       14N
  13.45031	  18.59868	   7.50000	       14N
  13.45031	  22.88813	   7.50000	       14N
  16.14037	  14.30923	   7.50000	       14N
  16.14037	  18.59868	   7.50000	       14N
  16.14037	  22.88813	   7.50000	       14N
  18.83043	  14.30923	   7.50000	       14N
  18.83043	  18.59868	   7.50000	       14N
  18.83043	  22.88813	   7.50000	       14N
  21.52050	  14.30923	   7.50000	       14N
  21.52050	  18.59868	   7.50000	       14N
  21.52050	  22.88813	   7.50000	       14N
   1.34503	  27.87277	   7.50000	       11B
   1.34503	  32.16222	   7.50000	       11B
   1.34503	  36.45167	   7.50000	       11B
   4.03509	  27.87277	   7.50000	       11B
   4.03509	  32.16222	   7.50000	       11B
   4.03509	  36.45167	   7.50000	       11B
   6.72515	  27.87277	   7.50000	       11B
   6.72515	  32.16222	   7.50000	       11B
   6.72515	  36.45167	   7.50000	       10B
   9.41522	  27.87277	   7.50000	       11B
   9.41522	  32.16222	   7.50000	       11B
   9.41522	  36.45167	   7.50000	       10B
  12.10528	  27.87277	   7.50000	       11B
  12.10528	  32.16222	   7.50000	       11B
  12.10528	  36.45167	   7.50000	       11B
  14.79534	  27.87277	   7.50000	       11B
  14.79534	  32.16222	   7.50000	       11B
  14.79534	  36.45167	   7.50000	       11B
  17.48540	  27.87277	   7.50000	       11B
  17.48540	  32.16222	   7.50000	       11B
  17.48540	  36.45167	   7.50000	       11B
  20.17546	  27.87277	   7.50000	       11B
  20.17546	  32.16222	   7.50000	       10B
  20.17546	  36.45167	   7.50000	       11B
  22.86553	  27.87277	   7.50000	       11B
  22.86553	  32.16222	   7.50000	       11B
  22.86553	  36.45167	   7.50000	       11B
   0.00000	  30.01749	   7.50000	       10B
   0.00000	  34.30694	   7.50000	       10B
   0.00000	  38.59639	   7.50000	       11B
   2.69006	  30.01749	   7.50000	       11B
   2.69006	  34.30694	   7.50000	       11B
   2.69006	  38.59639	   7.50000	       11B
   5.38012	  30.01749	   7.50000	       10B
   5.38012	  34.30694	   7.50000	       10B
   5.38012	  38.59639	   7.50000	       11B
   8.07019	  30.01749	   7.50000	       11B
   8.07019	  34.30694	   7.50000	       11B
   8.07019	  38.59639	   7.50000	       11B
  10.76025	  30.01749	   7.50000	       11B
  10.76025	  34.30694	   7.50000	       10B
  10.76025	  38.59639	   7.50000	       11B
  13.45031	  30.01749	   7.50000	       11B
  13.45031	  34.30694	   7.50000	       11B
  13.45031	  38.59639	   7.50000	       11B
  16.14037	  30.01749	   7.50000	       11B
  16.14037	  34.30694	   7.50000	       10B
  16.14037	  38.59639	   7.50000	       11B
  18.83043	  30.01749	   7.50000	       10B
  18.83043	  34.30694	   7.50000	       10B
  18.83043	  38.59639	   7.50000	       10B
  21.52050	  30.01749	   7.50000	       11B
  21.52050	  34.30694	   7.50000	       11B
  21.52050	  38.59639	   7.50000	       11B
   1.34503	  29.32230	   7.50000	       14N
   1.34503	  33.61175	   7.50000	       14N
   1.34503	  37.90120	   7.50000	       14N
   4.03509	  29.32230	   7.50000	       14N
   4.03509	  33.61175	   7.50000	       14N
   4.03509	  37.90120	   7.50000	       14N
   6.72515	  29.32230	   7.50000	       14N
   6.72515	  33.61175	   7.50000	       14N
   6.72515	  37.90120	   7.50000	       14N
   9.41522	  29.32230	   7.50000	       14N
   9.41522	  33.61175	   7.50000	       14N
   9.41522	  37.90120	   7.50000	       14N
  12.10528	  29.32230	   7.50000	       14N
  12.10528	  33.61175	   7.50000	       14N
  12.10528	  37.90120	   7.50000	       14N
  14.79534	  29.32230	   7.50000	       14N
  14.79534	  33.61175	   7.50000	       14N
  14.79534	  37.90120	   7.50000	       14N
  17.48540	  29.32230	   7.50000	       14N
  17.48540	  33.61175	   7.50000	       14N
  17.48540	  37.90120	   7.50000	       14N
  20.17546	  29.32230	   7.50000	       14N
  20.17546	  33.61175	   7.50000	       14N
  20.17546	  37.90120	   7.50000	       14N
  22.86553	  29.32230	   7.50000	       14N
  22.86553	  33.61175	   7.50000	       14N
  22.86553	  37.90120	   7.50000	       14N
   0.00000	  27.17758	   7.50000	       14N
   0.00000	  31.46703	   7.50000	       14N
   0.00000	  35.75647	   7.50000	       14N
   2.69006	  27.17758	   7.50000	       14N
   2.69006	  31.46703	   7.50000	       14N
   2.69006	  35.75647	   7.50000	       14N
   5.38012	  27.17758	   7.50000	       14N
   5.38012	  31.46703	   7.50000	       14N
   5.38012	  35.75647	   7.50000	       14N
   8.07019	  27.17758	   7.50000	       14N
   8.07019	  31.46703	   7.50000	       14N
   8.07019	  35.75647	   7.50000	       14N
  10.76025	  27.17758	   7.50000	       14N
  10.76025	  31.46703	   7.50000	       14N
  10.76025	  35.75647	   7.50000	       14N
  13.45031	  27.17758	   7.50000	       14N
  13.45031	  31.46703	   7.50000	       14N
  13.45031	  35.75647	   7.50000	       14N
  16.14037	  27.17758	   7.50000	       14N
  16.14037	  31.46703	   7.50000	       14N
  16.14037	  35.75647	   7.50000	       14N
  18.83043	  27.17758	   7.50000	       14N
  18.83043	  31.46703	   7.50000	       14N
  18.83043	  35.75647	   7.50000	       14N
  21.52050	  27.17758	   7.50000	       14N
  21.52050	  31.46703	   7.50000	       14N
  21.52050	  35.75647	   7.50000	       14N
   1.34503	  40.74112	   7.50000	       11B
   1.34503	  45.03057	   7.50000	       11B
   1.34503	  49.32002	   7.50000	       11B
   4.03509	  40.74112	   7.50000	       11B
   4.03509	  45.03057	   7.50000	       11B
   4.03509	  49.32002	   7.50000	       11B
   6.72515	  40.74112	   7.50000	       10B
   6.72515	  45.03057	   7.50000	       11B
   6.72515	  49.32002	   7.50000	       11B
   9.41522	  40.74112	   7.50000	       11B
   9.41522	  45.03057	   7.50000	       11B
   9.41522	  49.32002	   7.50000	       11B
  12.10528	  40.74112	   7.50000	       11B
  12.10528	  45.03057	   7.50000	       11B
  12.10528	  49.32002	   7.50000	       11B
  14.79534	  40.74112	   7.50000	       11B
  14.79534	  45.03057	   7.50000	       11B
  14.79534	  49.32002	   7.50000	       11B
  17.48540	  40.74112	   7.50000	       11B
  17.48540	  45.03057	   7.50000	       11B
  17.48540	  49.32002	   7.50000	       11B
  20.17546	  40.74112	   7.50000	       11B
  20.17546	  45.03057	   7.50000	       11B
  20.17546	  49.32002	   7.50000	       11B
  22.86553	  40.74112	   7.50000	       10B
  22.86553	  45.03057	   7.50000	       10B
  22.86553	  49.32002	   7.50000	       11B
   0.00000	  42.88584	   7.50000	       11B
   0.00000	  47.17529	   7.50000	       11B
   0.00000	  51.46474	   7.50000	       11B
   2.69006	  42.88584	   7.50000	       11B
   2.69006	  47.17529	   7.50000	       11B
   2.69006	  51.46474	   7.50000	       10B
   5.38012	  42.88584	   7.50000	       11B
   5.38012	  47.17529	   7.50000	       11B
   5.38012	  51.46474	   7.50000	       11B
   8.07019	  42.88584	   7.50000	       11B
   8.07019	  47.17529	   7.50000	       11B
   8.07019	  51.46474	   7.50000	       11B
  10.76025	  42.88584	   7.50000	       11B
  10.76025	  47.17529	   7.50000	       10B
  10.76025	  51.46474	   7.50000	       11B
  13.45031	  42.88584	   7.50000	       11B
  13.45031	  47.17529	   7.50000	       10B
  13.45031	  51.46474	   7.50000	       11B
  16.14037	  42.88584	   7.50000	       11B
  16.14037	  47.17529	   7.50000	       11B
  16.14037	  51.46474	   7.50000	       11B
  18.83043	  42.88584	   7.50000	       11B
  18.83043	  47.17529	   7.50000	       11B
  18.83043	  51.46474	   7.50000	       11B
  21.52050	  42.88584	   7.50000	       11B
  21.52050	  47.17529	   7.50000	       11B
  21.52050	  51.46474	   7.50000	       11B
   1.34503	  42.19065	   7.50000	       14N
   1.34503	  46.48010	   7.50000	       14N
   1.34503	  50.76955	   7.50000	       14N
   4.03509	  42.19065	   7.50000	       14N
   4.03509	  46.48010	   7.50000	       14N
   4.03509	  50.76955	   7.50000	       14N
   6.72515	  42.19065	   7.50000	       14N
   6.72515	  46.48010	   7.50000	       14N
   6.72515	  50.76955	   7.50000	       14N
   9.41522	  42.19065	   7.50000	       14N
   9.41522	  46.48010	   7.50000	       14N
   9.41522	  50.76955	   7.50000	       14N
  12.10528	  42.19065	   7.50000	       14N
  12.10528	  46.48010	   7.50000	       14N
  12.10528	  50.76955	   7.50000	       14N
  14.79534	  42.19065	   7.50000	       14N
  14.79534	  46.48010	   7.50000	       14N
  14.79534	  50.76955	   7.50000	       14N
  17.48540	  42.19065	   7.50000	       14N
  17.48540	  46.48010	   7.50000	       14N
  17.48540	  50.76955	   7.50000	       14N
  20.17546	  42.19065	   7.50000	       14N
  20.17546	  46.48010	   7.50000	       14N
  20.17546	  50.76955	   7.50000	       14N
  22.86553	  42.19065	   7.50000	       14N
  22.86553	  46.48010	   7.50000	       14N
  22.86553	  50.76955	   7.50000	       14N
   0.00000	  40.04592	   7.50000	       14N
   0.00000	  44.33537	   7.50000	       14N
   0.00000	  48.62482	   7.50000	       14N
   2.69006	  40.04592	   7.50000	       14N
   2.69006	  44.33537	   7.50000	       14N
   2.69006	  48.62482	   7.50000	       14N
   5.38012	  40.04592	   7.50000	       14N
   5.38012	  44.33537	   7.50000	       14N
   5.38012	  48.62482	   7.50000	       14N
   8.07019	  40.04592	   7.50000	       14N
   8.07019	  44.33537	   7.50000	       14N
   8.07019	  48.62482	   7.50000	       14N
  10.76025	  40.04592	   7.50000	       14N
  10.76025	  44.33537	   7.50000	       14N
  10.76025	  48.62482	   7.50000	       14N
  13.45031	  40.04592	   7.50000	       14N
  13.45031	  44.33537	   7.50000	       14N
  13.45031	  48.62482	   7.50000	       14N
  16.14037	  40.04592	   7.50000	       14N
  16.14037	  44.33537	   7.50000	       14N
  16.14037	  48.62482	   7.50000	       14N
  18.83043	  40.04592	   7.50000	       14N
  18.83043	  44.33537	   7.50000	       14N
  18.83043	  48.62482	   7.50000	       14N
  21.52050	  40.04592	   7.50000	       14N
  21.52050	  44.33537	   7.50000	       14N
  21.52050	  48.62482	   7.50000	       14N
   1.34503	  53.60946	   7.50000	       11B
   1.34503	  57.89891	   7.50000	       11B
   1.34503	  62.18836	   7.50000	       11B
   4.03509	  53.60946	   7.50000	       11B
   4.03509	  57.89891	   7.50000	       10B
   4.03509	  62.18836	   7.50000	       11B
   6.72515	  53.60946	   7.50000	       11B
   6.72515	  57.89891	   7.50000	       10B
   6.72515	  62.18836	   7.50000	       11B
   9.41522	  53.60946	   7.50000	       11B
   9.41522	  57.89891	   7.50000	       11B
   9.41522	  62.18836	   7.50000	       11B
  12.10528	  53.60946	   7.50000	       11B
  12.10528	  57.89891	   7.50000	       11B
  12.10528	  62.18836	   7.50000	       11B
  14.79534	  53.60946	   7.50000	       11B
  14.79534	  57.89891	   7.50000	       11B
  14.79534	  62.18836	   7.50000	       11B
  17.48540	  53.60946	   7.50000	       11B
  17.48540	  57.89891	   7.50000	       10B
  17.48540	  62.18836	   7.50000	       11B
  20.17546	  53.60946	   7.50000	       11B
  20.17546	  57.89891	   7.50000	       10B
  20.17546	  62.18836	   7.50000	       10B
  22.86553	  53.60946	   7.50000	       11B
  22.86553	  57.89891	   7.50000	       11B
  22.86553	  62.18836	   7.50000	       11B
   0.00000	  55.75419	   7.50000	       11B
   0.00000	  60.04363	   7.50000	       11B
   0.00000	  64.33308	   7.50000	       10B
   2.69006	  55.75419	   7.50000	       11B
   2.69006	  60.04363	   7.50000	       11B
   2.69006	  64.33308	   7.50000	       11B
   5.38012	  55.75419	   7.50000	       11B
   5.38012	  60.04363	   7.50000	       10B
   5.38012	  64.33308	   7.50000	       10B
   8.07019	  55.75419	   7.50000	       11B
   8.07019	  60.04363	   7.50000	       11B
   8.07019	  64.33308	   7.50000	       10B
  10.76025	  55.75419	   7.50000	       11B
  10.76025	  60.04363	   7.50000	       10B
  10.76025	  64.33308	   7.50000	       11B
  13.45031	  55.75419	   7.50000	       11B
  13.45031	  60.04363	   7.50000	       10B
  13.45031	  64.33308	   7.50000	       11B
  16.14037	  55.75419	   7.50000	       11B
  16.14037	  60.04363	   7.50000	       11B
  16.14037	  64.33308	   7.50000	       10B
  18.83043	  55.75419	   7.50000	       11B
  18.83043	  60.04363	   7.50000	       11B
  18.83043	  64.33308	   7.50000	       11B
  21.52050	  55.75419	   7.50000	       11B
  21.52050	  60.04363	   7.50000	       11B
  21.52050	  64.33308	   7.50000	       10B
   1.34503	  55.05900	   7.50000	       14N
   1.34503	  59.34844	   7.50000	       14N
   1.34503	  63.63789	   7.50000	       14N
   4.03509	  55.05900	   7.50000	       14N
   4.03509	  59.34844	   7.50000	       14N
   4.03509	  63.63789	   7.50000	       14N
   6.72515	  55.05900	   7.50000	       14N
   6.72515	  59.34844	   7.50000	       14N
   6.72515	  63.63789	   7.50000	       14N
   9.41522	  55.05900	   7.50000	       14N
   9.41522	  59.34844	   7.50000	       14N
   9.41522	  63.63789	   7.50000	       14N
  12.10528	  55.05900	   7.50000	       14N
  12.10528	  59.34844	   7.50000	       14N
  12.10528	  63.63789	   7.50000	       14N
  14.79534	  55.05900	   7.50000	       14N
  14.79534	  59.34844	   7.50000	       14N
  14.79534	  63.63789	   7.50000	       14N
  17.48540	  55.05900	   7.50000	       14N
  17.48540	  59.34844	   7.50000	       14N
  17.48540	  63.63789	   7.50000	       14N
  20.17546	  55.05900	   7.50000	       14N
  20.17546	  59.34844	   7.50000	       14N
  20.17546	  63.63789	   7.50000	       14N
  22.86553	  55.05900	   7.50000	       14N
  22.86553	  59.34844	   7.50000	       14N
  22.86553	  63.63789	   7.50000	       14N
   0.00000	  52.91427	   7.50000	       14N
   0.00000	  57.20372	   7.50000	       14N
   0.00000	  61.49317	   7.50000	       14N
   2.69006	  52.91427	   7.50000	       14N
   2.69006	  57.20372	   7.50000	       14N
   2.69006	  61.49317	   7.50000	       14N
   5.38012	  52.91427	   7.50000	       14N
   5.38012	  57.20372	   7.50000	       14N
   5.38012	  61.49317	   7.50000	       14N
   8.07019	  52.91427	   7.50000	       14N
   8.07019	  57.20372	   7.50000	       14N
   8.07019	  61.49317	   7.50000	       14N
  10.76025	  52.91427	   7.50000	       14N
  10.76025	  57.20372	   7.50000	       14N
  10.76025	  61.49317	   7.50000	       14N
  13.45031	  52.91427	   7.50000	       14N
  13.45031	  57.20372	   7.50000	       14N
  13.45031	  61.49317	   7.50000	       14N
  16.14037	  52.91427	   7.50000	       14N
  16.14037	  57.20372	   7.50000	       15N
  16.14037	  61.49317	   7.50000	       14N
  18.83043	  52.91427	   7.50000	       14N
  18.83043	  57.20372	   7.50000	       14N
  18.83043	  61.49317	   7.50000	       14N
  21.52050	  52.91427	   7.50000	       14N
  21.52050	  57.20372	   7.50000	       14N
  21.52050	  61.49317	   7.50000	       14N
   1.34503	  66.47781	   7.50000	       11B
   1.34503	  70.76726	   7.50000	       11B
   1.34503	  75.05671	   7.50000	       11B
   4.03509	  66.47781	   7.50000	       11B
   4.03509	  70.76726	   7.50000	       11B
   4.03509	  75.05671	   7.50000	       11B
   6.72515	  66.47781	   7.50000	       11B
   6.72515	  70.76726	   7.50000	       10B
   6.72515	  75.05671	   7.50000	       11B
   9.41522	  66.47781	   7.50000	       11B
   9.41522	  70.76726	   7.50000	       11B
   9.41522	  75.05671	   7.50000	       11B
  12.10528	  66.47781	   7.50000	       11B
  12.10528	  70.76726	   7.50000	       11B
  12.10528	  75.05671	   7.50000	       10B
  14.79534	  66.47781	   7.50000	       11B
  14.79534	  70.76726	   7.50000	       10B
  14.79534	  75.05671	   7.50000	       11B
  17.48540	  66.47781	   7.50000	       11B
  17.48540	  70.76726	   7.50000	       11B
  17.48540	  75.05671	   7.50000	       11B
  20.17546	  66.47781	   7.50000	       11B
  20.17546	  70.76726	   7.50000	       11B
  20.17546	  75.05671	   7.50000	       11B
  22.86553	  66.47781	   7.50000	       11B
  22.86553	  70.76726	   7.50000	       11B
  22.86553	  75.05671	   7.50000	       11B
   0.00000	  68.62253	   7.50000	       11B
   0.00000	  72.91198	   7.50000	       11B
   0.00000	  77.20143	   7.50000	       11B
   2.69006	  68.62253	   7.50000	       11B
   2.69006	  72.91198	   7.50000	       10B
   2.69006	  77.20143	   7.50000	       11B
   5.38012	  68.62253	   7.50000	       11B
   5.38012	  72.91198	   7.50000	       11B
   5.38012	  77.20143	   7.50000	       11B
   8.07019	  68.62253	   7.50000	       11B
   8.07019	  72.91198	   7.50000	       11B
   8.07019	  77.20143	   7.50000	       11B
  10.76025	  68.62253	   7.50000	       10B
  10.76025	  72.91198	   7.50000	       11B
  10.76025	  77.20143	   7.50000	       11B
  13.45031	  68.62253	   7.50000	       10B
  13.45031	  72.91198	   7.50000	       11B
  13.45031	  77.20143	   7.50000	       11B
  16.14037	  68.62253	   7.50000	       11B
  16.14037	  72.91198	   7.50000	       11B
  16.14037	  77.20143	   7.50000	       11B
  18.83043	  68.62253	   7.50000	       10B
  18.83043	  72.91198	   7.50000	       11B
  18.83043	  77.20143	   7.50000	       11B
  21.52050	  68.62253	   7.50000	       11B
  21.52050	  72.91198	   7.50000	       11B
  21.52050	  77.20143	   7.50000	       11B
   1.34503	  67.92734	   7.50000	       14N
   1.34503	  72.21679	   7.50000	       14N
   1.34503	  76.50624	   7.50000	       14N
   4.03509	  67.92734	   7.50000	       14N
   4.03509	  72.21679	   7.50000	       14N
   4.03509	  76.50624	   7.50000	       14N
   6.72515	  67.92734	   7.50000	       14N
   6.72515	  72.21679	   7.50000	       14N
   6.72515	  76.50624	   7.50000	       14N
   9.41522	  67.92734	   7.50000	       14N
   9.41522	  72.21679	   7.50000	       14N
   9.41522	  76.50624	   7.50000	       14N
  12.10528	  67.92734	   7.50000	       14N
  12.10528	  72.21679	   7.50000	       14N
  12.10528	  76.50624	   7.50000	       14N
  14.79534	  67.92734	   7.50000	       14N
  14.79534	  72.21679	   7.50000	       14N
  14.79534	  76.50624	   7.50000	       14N
  17.48540	  67.92734	   7.50000	       14N
  17.48540	  72.21679	   7.50000	       14N
  17.48540	  76.50624	   7.50000	       14N
  20.17546	  67.92734	   7.50000	       14N
  20.17546	  72.21679	   7.50000	       14N
  20.17546	  76.50624	   7.50000	       14N
  22.86553	  67.92734	   7.50000	       14N
  22.86553	  72.21679	   7.50000	       14N
  22.86553	  76.50624	   7.50000	       14N
   0.00000	  65.78261	   7.50000	       14N
   0.00000	  70.07206	   7.50000	       14N
   0.00000	  74.36151	   7.50000	       14N
   2.69006	  65.78261	   7.50000	       14N
   2.69006	  70.07206	   7.50000	       14N
   2.69006	  74.36151	   7.50000	       14N
   5.38012	  65.78261	   7.50000	       14N
   5.38012	  70.07206	   7.50000	       14N
   5.38012	  74.36151	   7.50000	       14N
   8.07019	  65.78261	   7.50000	       14N
   8.07019	  70.07206	   7.50000	       14N
   8.07019	  74.36151	   7.50000	       14N
  10.76025	  65.78261	   7.50000	       14N
  10.76025	  70.07206	   7.50000	       14N
  10.76025	  74.36151	   7.50000	       14N
  13.45031	  65.78261	   7.50000	       14N
  13.45031	  70.07206	   7.50000	       14N
  13.45031	  74.36151	   7.50000	       15N
  16.14037	  65.78261	   7.50000	       14N
  16.14037	  70.07206	   7.50000	       14N
  16.14037	  74.36151	   7.50000	       14N
  18.83043	  65.78261	   7.50000	       14N
  18.83043	  70.07206	   7.50000	       14N
  18.83043	  74.36151	   7.50000	       14N
  21.52050	  65.78261	   7.50000	       14N
  21.52050	  70.07206	   7.50000	       14N
  21.52050	  74.36151	   7.50000	       14N
   1.34503	  79.34615	   7.50000	       11B
   4.03509	  79.34615	   7.50000	       10B
   6.72515	  79.34615	   7.50000	       11B
   9.41522	  79.34615	   7.50000	       11B
  12.10528	  79.34615	   7.50000	       11B
  14.79534	  79.34615	   7.50000	       11B
  17.48540	  79.34615	   7.50000	       10B
  20.17546	  79.34615	   7.50000	       10B
  22.86553	  79.34615	   7.50000	       11B
   0.00000	  78.65096	   7.50000	       14N
   2.69006	  78.65096	   7.50000	       14N
   5.38012	  78.65096	   7.50000	       14N
   8.07019	  78.65096	   7.50000	       14N
  10.76025	  78.65096	   7.50000	       14N
  13.45031	  78.65096	   7.50000	       14N
  16.14037	  78.65096	   7.50000	       14N
  18.83043	  78.65096	   7.50000	       14N
  21.52050	  78.65096	   7.50000	       14N
  25.55559	   2.13608	   7.50000	       11B
  25.55559	   6.42553	   7.50000	       11B
  25.55559	  10.71498	   7.50000	       11B
  28.24565	   2.13608	   7.50000	       11B
  28.24565	   6.42553	   7.50000	       11B
  28.24565	  10.71498	   7.50000	       10B
  30.93571	   2.13608	   7.50000	       11B
  30.93571	   6.42553	   7.50000	       11B
  30.93571	  10.71498	   7.50000	       11B
  33.62577	   2.13608	   7.50000	       11B
  33.62577	   6.42553	   7.50000	       10B
  33.62577	  10.71498	   7.50000	       11B
  36.31584	   2.13608	   7.50000	       11B
  36.31584	   6.42553	   7.50000	       11B
  36.31584	  10.71498	   7.50000	       11B
  39.00590	   2.13608	   7.50000	       11B
  39.00590	   6.42553	   7.50000	       10B
  39.00590	  10.71498	   7.50000	       10B
  41.69596	   2.13608	   7.50000	       11B
  41.69596	   6.42553	   7.50000	       11B
  41.69596	  10.71498	   7.50000	       11B
  44.38602	   2.13608	   7.50000	       11B
  44.38602	   6.42553	   7.50000	       11B
  44.38602	  10.71498	   7.50000	       10B
  47.07608	   2.13608	   7.50000	       11B
  47.07608	   6.42553	   7.50000	       10B
  47.07608	  10.71498	   7.50000	       11B
  24.21056	   4.28080	   7.50000	       11B
  24.21056	   8.57025	   7.50000	       11B
  24.21056	  12.85970	   7.50000	       11B
  26.90062	   4.28080	   7.50000	       10B
  26.90062	   8.57025	   7.50000	       10B
  26.90062	  12.85970	   7.50000	       11B
  29.59068	   4.28080	   7.50000	       10B
  29.59068	   8.57025	   7.50000	       11B
  29.59068	  12.85970	   7.50000	       11B
  32.28074	   4.28080	   7.50000	       10B
  32.28074	   8.57025	   7.50000	       11B
  32.28074	  12.85970	   7.50000	       11B
  34.97080	   4.28080	   7.50000	       11B
  34.97080	   8.57025	   7.50000	       11B
  34.97080	  12.85970	   7.50000	       11B
  37.66087	   4.28080	   7.50000	       11B
  37.66087	   8.57025	   7.50000	       11B
  37.66087	  12.85970	   7.50000	       11B
  40.35093	   4.28080	   7.50000	       11B
  40.35093	   8.57025	   7.50000	       11B
  40.35093	  12.85970	   7.50000	       10B
  43.04099	   4.28080	   7.50000	       11B
  43.04099	   8.57025	   7.50000	       11B
  43.04099	  12.85970	   7.50000	       10B
  45.73105	   4.28080	   7.50000	       11B
  45.73105	   8.57025	   7.50000	       10B
  45.73105	  12.85970	   7.50000	       11B
  25.55559	   3.58561	   7.50000	       14N
  25.55559	   7.87506	   7.50000	       14N
  25.55559	  12.16451	   7.50000	       14N
  28.24565	   3.58561	   7.50000	       14N
  28.24565	   7.87506	   7.50000	       14N
  28.24565	  12.16451	   7.50000	       14N
  30.93571	   3.58561	   7.50000	       14N
  30.93571	   7.87506	   7.50000	       14N
  30.93571	  12.16451	   7.50000	       14N
  33.62577	   3.58561	   7.50000	       14N
  33.62577	   7.87506	   7.50000	       14N
  33.62577	  12.16451	   7.50000	       14N
  36.31584	   3.58561	   7.50000	       14N
  36.31584	   7.87506	   7.50000	       14N
  36.31584	  12.16451	   7.50000	       14N
  39.00590	   3.58561	   7.50000	       14N
  39.00590	   7.87506	   7.50000	       14N
  39.00590	  12.16451	   7.50000	       14N
  41.69596	   3.58561	   7.50000	       14N
  41.69596	   7.87506	   7.50000	       14N
  41.69596	  12.16451	   7.50000	       14N
  44.38602	   3.58561	   7.50000	       14N
  44.38602	   7.87506	   7.50000	       14N
  44.38602	  12.16451	   7.50000	       14N
  47.07608	   3.58561	   7.50000	       14N
  47.07608	   7.87506	   7.50000	       14N
  47.07608	  12.16451	   7.50000	       14N
  24.21056	   1.44089	   7.50000	       14N
  24.21056	   5.73034	   7.50000	       14N
  24.21056	  10.01978	   7.50000	       14N
  26.90062	   1.44089	   7.50000	       14N
  26.90062	   5.73034	   7.50000	       14N
  26.90062	  10.01978	   7.50000	       14N
  29.59068	   1.44089	   7.50000	       14N
  29.59068	   5.73034	   7.50000	       14N
  29.59068	  10.01978	   7.50000	       14N
  32.28074	   1.44089	   7.50000	       14N
  32.28074	   5.73034	   7.50000	       14N
  32.28074	  10.01978	   7.50000	       14N
  34.97080	   1.44089	   7.50000	       14N
  34.97080	   5.73034	   7.50000	       14N
  34.97080	  10.01978	   7.50000	       14N
  37.66087	   1.44089	   7.50000	       14N
  37.66087	   5.73034	   7.50000	       14N
  37.66087	  10.01978	   7.50000	       14N
  40.35093	   1.44089	   7.50000	       14N
  40.35093	   5.73034	   7.50000	       14N
  40.35093	  10.01978	   7.50000	       14N
  43.04099	   1.44089	   7.50000	       14N
  43.04099	   5.73034	   7.50000	       14N
  43.04099	  10.01978	   7.50000	       14N
  45.73105	   1.44089	   7.50000	       14N
  45.73105	   5.73034	   7.50000	       14N
  45.73105	  10.01978	   7.50000	       14N
  25.55559	  15.00443	   7.50000	       11B
  25.55559	  19.29388	   7.50000	       11B
  25.55559	  23.58333	   7.50000	       10B
  28.24565	  15.00443	   7.50000	       11B
  28.24565	  19.29388	   7.50000	       11B
  28.24565	  23.58333	   7.50000	       11B
  30.93571	  15.00443	   7.50000	       11B
  30.93571	  19.29388	   7.50000	       11B
  30.93571	  23.58333	   7.50000	       11B
  33.62577	  15.00443	   7.50000	       11B
  33.62577	  19.29388	   7.50000	       11B
  33.62577	  23.58333	   7.50000	       11B
  36.31584	  15.00443	   7.50000	       11B
  36.31584	  19.29388	   7.50000	       11B
  36.31584	  23.58333	   7.50000	       11B
  39.00590	  15.00443	   7.50000	       11B
  39.00590	  19.29388	   7.50000	       10B
  39.00590	  23.58333	   7.50000	       11B
  41.69596	  15.00443	   7.50000	       11B
  41.69596	  19.29388	   7.50000	       10B
  41.69596	  23.58333	   7.50000	       11B
  44.38602	  15.00443	   7.50000	       11B
  44.38602	  19.29388	   7.50000	       11B
  44.38602	  23.58333	   7.50000	       11B
  47.07608	  15.00443	   7.50000	       11B
  47.07608	  19.29388	   7.50000	       10B
  47.07608	  23.58333	   7.50000	       11B
  24.21056	  17.14915	   7.50000	       11B
  24.21056	  21.43860	   7.50000	       11B
  24.21056	  25.72805	   7.50000	       11B
  26.90062	  17.14915	   7.50000	       11B
  26.90062	  21.43860	   7.50000	       11B
  26.90062	  25.72805	   7.50000	       11B
  29.59068	  17.14915	   7.50000	       11B
  29.59068	  21.43860	   7.50000	       11B
  29.59068	  25.72805	   7.50000	       11B
  32.28074	  17.14915	   7.50000	       11B
  32.28074	  21.43860	   7.50000	       11B
  32.28074	  25.72805	   7.50000	       11B
  34.97080	  17.14915	   7.50000	       11B
  34.97080	  21.43860	   7.50000	       11B
  34.97080	  25.72805	   7.50000	       11B
  37.66087	  17.14915	   7.50000	       11B
  37.66087	  21.43860	   7.50000	       11B
  37.66087	  25.72805	   7.50000	       10B
  40.35093	  17.14915	   7.50000	       11B
  40.35093	  21.43860	   7.50000	       11B
  40.35093	  25.72805	   7.50000	       11B
  43.04099	  17.14915	   7.50000	       11B
  43.04099	  21.43860	   7.50000	       11B
  43.04099	  25.72805	   7.50000	       11B
  45.73105	  17.14915	   7.50000	       11B
  45.73105	  21.43860	   7.50000	       11B
  45.73105	  25.72805	   7.50000	       10B
  25.55559	  16.45396	   7.50000	       14N
  25.55559	  20.74341	   7.50000	       14N
  25.55559	  25.03286	   7.50000	       14N
  28.24565	  16.45396	   7.50000	       14N
  28.24565	  20.74341	   7.50000	       14N
  28.24565	  25.03286	   7.50000	       14N
  30.93571	  16.45396	   7.50000	       14N
  30.93571	  20.74341	   7.50000	       14N
  30.93571	  25.03286	   7.50000	       14N
  33.62577	  16.45396	   7.50000	       14N
  33.62577	  20.74341	   7.50000	       14N
  33.62577	  25.03286	   7.50000	       14N
  36.31584	  16.45396	   7.50000	       14N
  36.31584	  20.74341	   7.50000	       14N
  36.31584	  25.03286	   7.50000	       14N
  39.00590	  16.45396	   7.50000	       14N
  39.00590	  20.74341	   7.50000	       14N
  39.00590	  25.03286	   7.50000	       14N
  41.69596	  16.45396	   7.50000	       14N
  41.69596	  20.74341	   7.50000	       14N
  41.69596	  25.03286	   7.50000	       14N
  44.38602	  16.45396	   7.50000	       14N
  44.38602	  20.74341	   7.50000	       14N
  44.38602	  25.03286	   7.50000	       14N
  47.07608	  16.45396	   7.50000	       14N
  47.07608	  20.74341	   7.50000	       14N
  47.07608	  25.03286	   7.50000	       14N
  24.21056	  14.30923	   7.50000	       14N
  24.21056	  18.59868	   7.50000	       14N
  24.21056	  22.88813	   7.50000	       14N
  26.90062	  14.30923	   7.50000	       14N
  26.90062	  18.59868	   7.50000	       14N
  26.90062	  22.88813	   7.50000	       14N
  29.59068	  14.30923	   7.50000	       14N
  29.59068	  18.59868	   7.50000	       14N
  29.59068	  22.88813	   7.50000	       14N
  32.28074	  14.30923	   7.50000	       14N
  32.28074	  18.59868	   7.50000	       14N
  32.28074	  22.88813	   7.50000	       14N
  34.97080	  14.30923	   7.50000	       14N
  34.97080	  18.59868	   7.50000	       14N
  34.97080	  22.88813	   7.50000	       14N
  37.66087	  14.30923	   7.50000	       14N
  37.66087	  18.59868	   7.50000	       14N
  37.66087	  22.88813	   7.50000	       14N
  40.35093	  14.30923	   7.50000	       14N
  40.35093	  18.59868	   7.50000	       14N
  40.35093	  22.88813	   7.50000	       14N
  43.04099	  14.30923	   7.50000	       14N
  43.04099	  18.59868	   7.50000	       14N
  43.04099	  22.88813	   7.50000	       14N
  45.73105	  14.30923	   7.50000	       14N
  45.73105	  18.59868	   7.50000	       14N
  45.73105	  22.88813	   7.50000	       14N
  25.55559	  27.87277	   7.50000	       11B
  25.55559	  32.16222	   7.50000	       11B
  25.55559	  36.45167	   7.50000	       11B
  28.24565	  27.87277	   7.50000	       11B
  28.24565	  32.16222	   7.50000	       11B
  28.24565	  36.45167	   7.50000	       10B
  30.93571	  27.87277	   7.50000	       10B
  30.93571	  32.16222	   7.50000	       11B
  30.93571	  36.45167	   7.50000	       11B
  33.62577	  27.87277	   7.50000	       11B
  33.62577	  32.16222	   7.50000	       11B
  33.62577	  36.45167	   7.50000	       11B
  36.31584	  27.87277	   7.50000	       11B
  36.31584	  32.16222	   7.50000	       11B
  36.31584	  36.45167	   7.50000	       11B
  39.00590	  27.87277	   7.50000	       11B
  39.00590	  32.16222	   7.50000	       10B
  39.00590	  36.45167	   7.50000	       10B
  41.69596	  27.87277	   7.50000	       11B
  41.69596	  32.16222	   7.50000	       11B
  41.69596	  36.45167	   7.50000	       11B
  44.38602	  27.87277	   7.50000	       11B
  44.38602	  32.16222	   7.50000	       11B
  44.38602	  36.45167	   7.50000	       11B
  47.07608	  27.87277	   7.50000	       11B
  47.07608	  32.16222	   7.50000	       11B
  47.07608	  36.45167	   7.50000	       11B
  24.21056	  30.01749	   7.50000	       11B
  24.21056	  34.30694	   7.50000	       11B
  24.21056	  38.59639	   7.50000	       10B
  26.90062	  30.01749	   7.50000	       11B
  26.90062	  34.30694	   7.50000	       11B
  26.90062	  38.59639	   7.50000	       11B
  29.59068	  30.01749	   7.50000	       11B
  29.59068	  34.30694	   7.50000	       11B
  29.59068	  38.59639	   7.50000	       11B
  32.28074	  30.01749	   7.50000	       11B
  32.28074	  34.30694	   7.50000	       11B
  32.28074	  38.59639	   7.50000	       10B
  34.97080	  30.01749	   7.50000	       11B
  34.97080	  34.30694	   7.50000	       11B
  34.97080	  38.59639	   7.50000	       11B
  37.66087	  30.01749	   7.50000	       11B
  37.66087	  34.30694	   7.50000	       11B
  37.66087	  38.59639	   7.50000	       11B
  40.35093	  30.01749	   7.50000	       11B
  40.35093	  34.30694	   7.50000	       11B
  40.35093	  38.59639	   7.50000	       10B
  43.04099	  30.01749	   7.50000	       11B
  43.04099	  34.30694	   7.50000	       11B
  43.04099	  38.59639	   7.50000	       11B
  45.73105	  30.01749	   7.50000	       11B
  45.73105	  34.30694	   7.50000	       11B
  45.73105	  38.59639	   7.50000	       11B
  25.55559	  29.32230	   7.50000	       14N
  25.55559	  33.61175	   7.50000	       14N
  25.55559	  37.90120	   7.50000	       14N
  28.24565	  29.32230	   7.50000	       14N
  28.24565	  33.61175	   7.50000	       14N
  28.24565	  37.90120	   7.50000	       14N
  30.93571	  29.32230	   7.50000	       14N
  30.93571	  33.61175	   7.50000	       14N
  30.93571	  37.90120	   7.50000	       14N
  33.62577	  29.32230	   7.50000	       14N
  33.62577	  33.61175	   7.50000	       14N
  33.62577	  37.90120	   7.50000	       14N
  36.31584	  29.32230	   7.50000	       14N
  36.31584	  33.61175	   7.50000	       14N
  36.31584	  37.90120	   7.50000	       14N
  39.00590	  29.32230	   7.50000	       14N
  39.00590	  33.61175	   7.50000	       14N
  39.00590	  37.90120	   7.50000	       14N
  41.69596	  29.32230	   7.50000	       14N
  41.69596	  33.61175	   7.50000	       14N
  41.69596	  37.90120	   7.50000	       14N
  44.38602	  29.32230	   7.50000	       14N
  44.38602	  33.61175	   7.50000	       14N
  44.38602	  37.90120	   7.50000	       14N
  47.07608	  29.32230	   7.50000	       14N
  47.07608	  33.61175	   7.50000	       14N
  47.07608	  37.90120	   7.50000	       14N
  24.21056	  27.17758	   7.50000	       14N
  24.21056	  31.46703	   7.50000	       14N
  24.21056	  35.75647	   7.50000	       14N
  26.90062	  27.17758	   7.50000	       14N
  26.90062	  31.46703	   7.50000	       14N
  26.90062	  35.75647	   7.50000	       14N
  29.59068	  27.17758	   7.50000	       14N
  29.59068	  31.46703	   7.50000	       14N
  29.59068	  35.75647	   7.50000	       14N
  32.28074	  27.17758	   7.50000	       14N
  32.28074	  31.46703	   7.50000	       14N
  32.28074	  35.75647	   7.50000	       14N
  34.97080	  27.17758	   7.50000	       14N
  34.97080	  31.46703	   7.50000	       14N
  34.97080	  35.75647	   7.50000	       14N
  37.66087	  27.17758	   7.50000	       14N
  37.66087	  31.46703	   7.50000	       14N
  37.66087	  35.75647	   7.50000	       14N
  40.35093	  27.17758	   7.50000	       14N
  40.35093	  31.46703	   7.50000	       14N
  40.35093	  35.75647	   7.50000	       14N
  43.04099	  27.17758	   7.50000	       14N
  43.04099	  31.46703	   7.50000	       14N
  43.04099	  35.75647	   7.50000	       14N
  45.73105	  27.17758	   7.50000	       14N
  45.73105	  31.46703	   7.50000	       14N
  45.73105	  35.75647	   7.50000	       14N
  25.55112	  40.73267	   7.50000	       11B
  25.54724	  45.02445	   7.50000	       11B
  25.55248	  49.31340	   7.50000	       11B
  28.23191	  40.73241	   7.50000	       11B
  28.21933	  45.02793	   7.50000	       11B
  28.23640	  49.31697	   7.50000	       10B
  30.91536	  40.73571	   7.50000	       11B
  30.87837	  45.03478	   7.50000	       11B
  30.92661	  49.32187	   7.50000	       11B
  33.60677	  40.74773	   7.50000	       10B
  33.51868	  45.04311	   7.50000	       11B
  33.62696	  49.32279	   7.50000	       11B
  36.31584	  40.78548	   7.50000	       10B
  36.31584	  49.32121	   7.50000	       11B
  39.02490	  40.74773	   7.50000	       10B
  39.11299	  45.04311	   7.50000	       11B
  39.00471	  49.32279	   7.50000	       11B
  41.71632	  40.73571	   7.50000	       11B
  41.75330	  45.03478	   7.50000	       11B
  41.70507	  49.32187	   7.50000	       11B
  44.39977	  40.73241	   7.50000	       11B
  44.41234	  45.02793	   7.50000	       11B
  44.39527	  49.31697	   7.50000	       11B
  47.08055	  40.73267	   7.50000	       11B
  47.08443	  45.02445	   7.50000	       11B
  47.07919	  49.31340	   7.50000	       11B
  24.21056	  42.87818	   7.50000	       10B
  24.21056	  47.16887	   7.50000	       11B
  24.21056	  51.45610	   7.50000	       11B
  26.88791	  42.87869	   7.50000	       10B
  26.89039	  47.17151	   7.50000	       11B
  26.89345	  51.45711	   7.50000	       11B
  29.56338	  42.88009	   7.50000	       10B
  29.57292	  47.17774	   7.50000	       11B
  29.57908	  51.45971	   7.50000	       11B
  32.23755	  42.88599	   7.50000	       11B
  32.26243	  47.18465	   7.50000	       11B
  32.27287	  51.46510	   7.50000	       11B
  34.94566	  42.92058	   7.50000	       11B
  34.98139	  47.14503	   7.50000	       10B
  34.97223	  51.48241	   7.50000	       10B
  37.68602	  42.92058	   7.50000	       10B
  37.65028	  47.14503	   7.50000	       10B
  37.65944	  51.48241	   7.50000	       11B
  40.39412	  42.88599	   7.50000	       11B
  40.36924	  47.18465	   7.50000	       10B
  40.35880	  51.46510	   7.50000	       11B
  43.06830	  42.88009	   7.50000	       11B
  43.05875	  47.17774	   7.50000	       11B
  43.05259	  51.45971	   7.50000	       11B
  45.74376	  42.87869	   7.50000	       11B
  45.74128	  47.17151	   7.50000	       11B
  45.73822	  51.45711	   7.50000	       11B
  25.54763	  42.18121	   7.50000	       14N
  25.54776	  46.47375	   7.50000	       14N
  25.55001	  50.76192	   7.50000	       14N
  28.22083	  42.18092	   7.50000	       14N
  28.22176	  46.47793	   7.50000	       14N
  28.23038	  50.76506	   7.50000	       14N
  30.89353	  42.18081	   7.50000	       14N
  30.89547	  46.48664	   7.50000	       14N
  30.91785	  50.77122	   7.50000	       14N
  33.57278	  42.18330	   7.50000	       14N
  33.57265	  46.49616	   7.50000	       14N
  33.61871	  50.77940	   7.50000	       14N
  36.31584	  42.23285	   7.50000	       14N
  36.31584	  50.78275	   7.50000	       14N
  39.05889	  42.18330	   7.50000	       14N
  39.05902	  46.49616	   7.50000	       14N
  39.01297	  50.77940	   7.50000	       14N
  41.73815	  42.18081	   7.50000	       14N
  41.73620	  46.48664	   7.50000	       14N
  41.71382	  50.77122	   7.50000	       14N
  44.41084	  42.18092	   7.50000	       14N
  44.40991	  46.47793	   7.50000	       14N
  44.40129	  50.76506	   7.50000	       14N
  47.08404	  42.18121	   7.50000	       14N
  47.08391	  46.47375	   7.50000	       14N
  47.08166	  50.76192	   7.50000	       14N
  24.21056	  40.03654	   7.50000	       14N
  24.21056	  44.32709	   7.50000	       14N
  24.21056	  48.61811	   7.50000	       14N
  26.88803	  40.03688	   7.50000	       14N
  26.87982	  44.32800	   7.50000	       14N
  26.88917	  48.62055	   7.50000	       14N
  29.56799	  40.03836	   7.50000	       14N
  29.54163	  44.33006	   7.50000	       14N
  29.57033	  48.62753	   7.50000	       14N
  32.25621	  40.04316	   7.50000	       14N
  32.17899	  44.33248	   7.50000	       14N
  32.25923	  48.63834	   7.50000	       15N
  34.96453	  40.06552	   7.50000	       14N
  34.96165	  48.63207	   7.50000	       14N
  37.66715	  40.06552	   7.50000	       14N
  37.67002	  48.63207	   7.50000	       14N
  40.37547	  40.04316	   7.50000	       14N
  40.45268	  44.33248	   7.50000	       14N
  40.37244	  48.63834	   7.50000	       14N
  43.06368	  40.03836	   7.50000	       14N
  43.09004	  44.33006	   7.50000	       14N
  43.06134	  48.62753	   7.50000	       14N
  45.74365	  40.03688	   7.50000	       14N
  45.75185	  44.32800	   7.50000	       14N
  45.74250	  48.62055	   7.50000	       14N
  37.91601	  44.29118	   7.50000	       14N
  34.71566	  44.29118	   7.50000	       14N
  36.31584	  46.56830	   7.50000	       14N
  25.55559	  53.60946	   7.50000	       11B
  25.55559	  57.89891	   7.50000	       10B
  25.55559	  62.18836	   7.50000	       11B
  28.24565	  53.60946	   7.50000	       11B
  28.24565	  57.89891	   7.50000	       11B
  28.24565	  62.18836	   7.50000	       11B
  30.93571	  53.60946	   7.50000	       11B
  30.93571	  57.89891	   7.50000	       11B
  30.93571	  62.18836	   7.50000	       11B
  33.62577	  53.60946	   7.50000	       11B
  33.62577	  57.89891	   7.50000	       11B
  33.62577	  62.18836	   7.50000	       11B
  36.31584	  53.60946	   7.50000	       11B
  36.31584	  57.89891	   7.50000	       11B
  36.31584	  62.18836	   7.50000	       11B
  39.00590	  53.60946	   7.50000	       11B
  39.00590	  57.89891	   7.50000	       11B
  39.00590	  62.18836	   7.50000	       10B
  41.69596	  53.60946	   7.50000	       11B
  41.69596	  57.89891	   7.50000	       11B
  41.69596	  62.18836	   7.50000	       11B
  44.38602	  53.60946	   7.50000	       11B
  44.38602	  57.89891	   7.50000	       11B
  44.38602	  62.18836	   7.50000	       11B
  47.07608	  53.60946	   7.50000	       11B
  47.07608	  57.89891	   7.50000	       11B
  47.07608	  62.18836	   7.50000	       10B
  24.21056	  55.75419	   7.50000	       10B
  24.21056	  60.04363	   7.50000	       11B
  24.21056	  64.33308	   7.50000	       11B
  26.90062	  55.75419	   7.50000	       11B
  26.90062	  60.04363	   7.50000	       11B
  26.90062	  64.33308	   7.50000	       11B
  29.59068	  55.75419	   7.50000	       11B
  29.59068	  60.04363	   7.50000	       11B
  29.59068	  64.33308	   7.50000	       11B
  32.28074	  55.75419	   7.50000	       11B
  32.28074	  60.04363	   7.50000	       10B
  32.28074	  64.33308	   7.50000	       11B
  34.97080	  55.75419	   7.50000	       11B
  34.97080	  60.04363	   7.50000	       10B
  34.97080	  64.33308	   7.50000	       11B
  37.66087	  55.75419	   7.50000	       11B
  37.66087	  60.04363	   7.50000	       11B
  37.66087	  64.33308	   7.50000	       11B
  40.35093	  55.75419	   7.50000	       11B
  40.35093	  60.04363	   7.50000	       11B
  40.35093	  64.33308	   7.50000	       11B
  43.04099	  55.75419	   7.50000	       11B
  43.04099	  60.04363	   7.50000	       11B
  43.04099	  64.33308	   7.50000	       11B
  45.73105	  55.75419	   7.50000	       11B
  45.73105	  60.04363	   7.50000	       10B
  45.73105	  64.33308	   7.50000	       11B
  25.55559	  55.05900	   7.50000	       14N
  25.55559	  59.34844	   7.50000	       14N
  25.55559	  63.63789	   7.50000	       14N
  28.24565	  55.05900	   7.50000	       14N
  28.24565	  59.34844	   7.50000	       14N
  28.24565	  63.63789	   7.50000	       14N
  30.93571	  55.05900	   7.50000	       14N
  30.93571	  59.34844	   7.50000	       14N
  30.93571	  63.63789	   7.50000	       14N
  33.62577	  55.05900	   7.50000	       14N
  33.62577	  59.34844	   7.50000	       14N
  33.62577	  63.63789	   7.50000	       14N
  36.31584	  55.05900	   7.50000	       14N
  36.31584	  59.34844	   7.50000	       14N
  36.31584	  63.63789	   7.50000	       14N
  39.00590	  55.05900	   7.50000	       14N
  39.00590	  59.34844	   7.50000	       14N
  39.00590	  63.63789	   7.50000	       14N
  41.69596	  55.05900	   7.50000	       14N
  41.69596	  59.34844	   7.50000	       14N
  41.69596	  63.63789	   7.50000	       14N
  44.38602	  55.05900	   7.50000	       14N
  44.38602	  59.34844	   7.50000	       14N
  44.38602	  63.63789	   7.50000	       14N
  47.07608	  55.05900	   7.50000	       14N
  47.07608	  59.34844	   7.50000	       14N
  47.07608	  63.63789	   7.50000	       14N
  24.21056	  52.91427	   7.50000	       14N
  24.21056	  57.20372	   7.50000	       14N
  24.21056	  61.49317	   7.50000	       14N
  26.90062	  52.91427	   7.50000	       14N
  26.90062	  57.20372	   7.50000	       14N
  26.90062	  61.49317	   7.50000	       14N
  29.59068	  52.91427	   7.50000	       14N
  29.59068	  57.20372	   7.50000	       14N
  29.59068	  61.49317	   7.50000	       14N
  32.28074	  52.91427	   7.50000	       14N
  32.28074	  57.20372	   7.50000	       14N
  32.28074	  61.49317	   7.50000	       14N
  34.97080	  52.91427	   7.50000	       14N
  34.97080	  57.20372	   7.50000	       14N
  34.97080	  61.49317	   7.50000	       14N
  37.66087	  52.91427	   7.50000	       14N
  37.66087	  57.20372	   7.50000	       14N
  37.66087	  61.49317	   7.50000	       14N
  40.35093	  52.91427	   7.50000	       14N
  40.35093	  57.20372	   7.50000	       14N
  40.35093	  61.49317	   7.50000	       14N
  43.04099	  52.91427	   7.50000	       14N
  43.04099	  57.20372	   7.50000	       14N
  43.04099	  61.49317	   7.50000	       14N
  45.73105	  52.91427	   7.50000	       14N
  45.73105	  57.20372	   7.50000	       14N
  45.73105	  61.49317	   7.50000	       14N
  25.55559	  66.47781	   7.50000	       11B
  25.55559	  70.76726	   7.50000	       11B
  25.55559	  75.05671	   7.50000	       11B
  28.24565	  66.47781	   7.50000	       11B
  28.24565	  70.76726	   7.50000	       10B
  28.24565	  75.05671	   7.50000	       10B
  30.93571	  66.47781	   7.50000	       11B
  30.93571	  70.76726	   7.50000	       11B
  30.93571	  75.05671	   7.50000	       11B
  33.62577	  66.47781	   7.50000	       10B
  33.62577	  70.76726	   7.50000	       10B
  33.62577	  75.05671	   7.50000	       11B
  36.31584	  66.47781	   7.50000	       11B
  36.31584	  70.76726	   7.50000	       11B
  36.31584	  75.05671	   7.50000	       11B
  39.00590	  66.47781	   7.50000	       11B
  39.00590	  70.76726	   7.50000	       10B
  39.00590	  75.05671	   7.50000	       11B
  41.69596	  66.47781	   7.50000	       11B
  41.69596	  70.76726	   7.50000	       10B
  41.69596	  75.05671	   7.50000	       11B
  44.38602	  66.47781	   7.50000	       10B
  44.38602	  70.76726	   7.50000	       11B
  44.38602	  75.05671	   7.50000	       11B
  47.07608	  66.47781	   7.50000	       11B
  47.07608	  70.76726	   7.50000	       11B
  47.07608	  75.05671	   7.50000	       11B
  24.21056	  68.62253	   7.50000	       11B
  24.21056	  72.91198	   7.50000	       10B
  24.21056	  77.20143	   7.50000	       11B
  26.90062	  68.62253	   7.50000	       11B
  26.90062	  72.91198	   7.50000	       11B
  26.90062	  77.20143	   7.50000	       11B
  29.59068	  68.62253	   7.50000	       11B
  29.59068	  72.91198	   7.50000	       11B
  29.59068	  77.20143	   7.50000	       11B
  32.28074	  68.62253	   7.50000	       11B
  32.28074	  72.91198	   7.50000	       11B
  32.28074	  77.20143	   7.50000	       11B
  34.97080	  68.62253	   7.50000	       11B
  34.97080	  72.91198	   7.50000	       10B
  34.97080	  77.20143	   7.50000	       11B
  37.66087	  68.62253	   7.50000	       11B
  37.66087	  72.91198	   7.50000	       11B
  37.66087	  77.20143	   7.50000	       11B
  40.35093	  68.62253	   7.50000	       10B
  40.35093	  72.91198	   7.50000	       11B
  40.35093	  77.20143	   7.50000	       11B
  43.04099	  68.62253	   7.50000	       10B
  43.04099	  72.91198	   7.50000	       11B
  43.04099	  77.20143	   7.50000	       11B
  45.73105	  68.62253	   7.50000	       11B
  45.73105	  72.91198	   7.50000	       11B
  45.73105	  77.20143	   7.50000	       11B
  25.55559	  67.92734	   7.50000	       14N
  25.55559	  72.21679	   7.50000	       14N
  25.55559	  76.50624	   7.50000	       14N
  28.24565	  67.92734	   7.50000	       14N
  28.24565	  72.21679	   7.50000	       14N
  28.24565	  76.50624	   7.50000	       14N
  30.93571	  67.92734	   7.50000	       14N
  30.93571	  72.21679	   7.50000	       14N
  30.93571	  76.50624	   7.50000	       14N
  33.62577	  67.92734	   7.50000	       14N
  33.62577	  72.21679	   7.50000	       14N
  33.62577	  76.50624	   7.50000	       14N
  36.31584	  67.92734	   7.50000	       14N
  36.31584	  72.21679	   7.50000	       14N
  36.31584	  76.50624	   7.50000	       14N
  39.00590	  67.92734	   7.50000	       14N
  39.00590	  72.21679	   7.50000	       14N
  39.00590	  76.50624	   7.50000	       14N
  41.69596	  67.92734	   7.50000	       14N
  41.69596	  72.21679	   7.50000	       14N
  41.69596	  76.50624	   7.50000	       14N
  44.38602	  67.92734	   7.50000	       14N
  44.38602	  72.21679	   7.50000	       14N
  44.38602	  76.50624	   7.50000	       14N
  47.07608	  67.92734	   7.50000	       14N
  47.07608	  72.21679	   7.50000	       14N
  47.07608	  76.50624	   7.50000	       14N
  24.21056	  65.78261	   7.50000	       14N
  24.21056	  70.07206	   7.50000	       14N
  24.21056	  74.36151	   7.50000	       14N
  26.90062	  65.78261	   7.50000	       14N
  26.90062	  70.07206	   7.50000	       14N
  26.90062	  74.36151	   7.50000	       14N
  29.59068	  65.78261	   7.50000	       14N
  29.59068	  70.07206	   7.50000	       14N
  29.59068	  74.36151	   7.50000	       14N
  32.28074	  65.78261	   7.50000	       14N
  32.28074	  70.07206	   7.50000	       14N
  32.28074	  74.36151	   7.50000	       14N
  34.97080	  65.78261	   7.50000	       14N
  34.97080	  70.07206	   7.50000	       14N
  34.97080	  74.36151	   7.50000	       14N
  37.66087	  65.78261	   7.50000	       14N
  37.66087	  70.07206	   7.50000	       14N
  37.66087	  74.36151	   7.50000	       14N
  40.35093	  65.78261	   7.50000	       14N
  40.35093	  70.07206	   7.50000	       14N
  40.35093	  74.36151	   7.50000	       14N
  43.04099	  65.78261	   7.50000	       14N
  43.04099	  70.07206	   7.50000	       14N
  43.04099	  74.36151	   7.50000	       14N
  45.73105	  65.78261	   7.50000	       14N
  45.73105	  70.07206	   7.50000	       14N
  45.73105	  74.36151	   7.50000	       14N
  25.55559	  79.34615	   7.50000	       11B
  28.24565	  79.34615	   7.50000	       11B
  30.93571	  79.34615	   7.50000	       11B
  33.62577	  79.34615	   7.50000	       11B
  36.31584	  79.34615	   7.50000	       11B
  39.00590	  79.34615	   7.50000	       11B
  41.69596	  79.34615	   7.50000	       10B
  44.38602	  79.34615	   7.50000	       11B
  47.07608	  79.34615	   7.50000	       10B
  24.21056	  78.65096	   7.50000	       14N
  26.90062	  78.65096	   7.50000	       14N
  29.59068	  78.65096	   7.50000	       14N
  32.28074	  78.65096	   7.50000	       14N
  34.97080	  78.65096	   7.50000	       14N
  37.66087	  78.65096	   7.50000	       14N
  40.35093	  78.65096	   7.50000	       14N
  43.04099	  78.65096	   7.50000	       14N
  45.73105	  78.65096	   7.50000	       14N
  49.76615	   2.13608	   7.50000	       10B
  49.76615	   6.42553	   7.50000	       11B
  49.76615	  10.71498	   7.50000	       11B
  52.45621	   2.13608	   7.50000	       11B
  52.45621	   6.42553	   7.50000	       11B
  52.45621	  10.71498	   7.50000	       11B
  55.14627	   2.13608	   7.50000	       11B
  55.14627	   6.42553	   7.50000	       11B
  55.14627	  10.71498	   7.50000	       10B
  57.83633	   2.13608	   7.50000	       11B
  57.83633	   6.42553	   7.50000	       11B
  57.83633	  10.71498	   7.50000	       11B
  60.52639	   2.13608	   7.50000	       11B
  60.52639	   6.42553	   7.50000	       11B
  60.52639	  10.71498	   7.50000	       10B
  63.21645	   2.13608	   7.50000	       10B
  63.21645	   6.42553	   7.50000	       11B
  63.21645	  10.71498	   7.50000	       10B
  65.90652	   2.13608	   7.50000	       11B
  65.90652	   6.42553	   7.50000	       11B
  65.90652	  10.71498	   7.50000	       11B
  68.59658	   2.13608	   7.50000	       11B
  68.59658	   6.42553	   7.50000	       11B
  68.59658	  10.71498	   7.50000	       11B
  71.28664	   2.13608	   7.50000	       11B
  71.28664	   6.42553	   7.50000	       11B
  71.28664	  10.71498	   7.50000	       11B
  48.42111	   4.28080	   7.50000	       11B
  48.42111	   8.57025	   7.50000	       10B
  48.42111	  12.85970	   7.50000	       11B
  51.11118	   4.28080	   7.50000	       11B
  51.11118	   8.57025	   7.50000	       10B
  51.11118	  12.85970	   7.50000	       11B
  53.80124	   4.28080	   7.50000	       11B
  53.80124	   8.57025	   7.50000	       11B
  53.80124	  12.85970	   7.50000	       11B
  56.49130	   4.28080	   7.50000	       11B
  56.49130	   8.57025	   7.50000	       11B
  56.49130	  12.85970	   7.50000	       11B
  59.18136	   4.28080	   7.50000	       11B
  59.18136	   8.57025	   7.50000	       11B
  59.18136	  12.85970	   7.50000	       11B
  61.87142	   4.28080	   7.50000	       11B
  61.87142	   8.57025	   7.50000	       11B
  61.87142	  12.85970	   7.50000	       10B
  64.56149	   4.28080	   7.50000	       11B
  64.56149	   8.57025	   7.50000	       11B
  64.56149	  12.85970	   7.50000	       11B
  67.25155	   4.28080	   7.50000	       10B
  67.25155	   8.57025	   7.50000	       10B
  67.25155	  12.85970	   7.50000	       11B
  69.94161	   4.28080	   7.50000	       11B
  69.94161	   8.57025	   7.50000	       11B
  69.94161	  12.85970	   7.50000	       11B
  49.76615	   3.58561	   7.50000	       14N
  49.76615	   7.87506	   7.50000	       14N
  49.76615	  12.16451	   7.50000	       14N
  52.45621	   3.58561	   7.50000	       14N
  52.45621	   7.87506	   7.50000	       14N
  52.45621	  12.16451	   7.50000	       14N
  55.14627	   3.58561	   7.50000	       14N
  55.14627	   7.87506	   7.50000	       14N
  55.14627	  12.16451	   7.50000	       14N
  57.83633	   3.58561	   7.50000	       14N
  57.83633	   7.87506	   7.50000	       14N
  57.83633	  12.16451	   7.50000	       14N
  60.52639	   3.58561	   7.50000	       14N
  60.52639	   7.87506	   7.50000	       14N
  60.52639	  12.16451	   7.50000	       14N
  63.21645	   3.58561	   7.50000	       14N
  63.21645	   7.87506	   7.50000	       14N
  63.21645	  12.16451	   7.50000	       14N
  65.90652	   3.58561	   7.50000	       14N
  65.90652	   7.87506	   7.50000	       14N
  65.90652	  12.16451	   7.50000	       14N
  68.59658	   3.58561	   7.50000	       14N
  68.59658	   7.87506	   7.50000	       14N
  68.59658	  12.16451	   7.50000	       14N
  71.28664	   3.58561	   7.50000	       14N
  71.28664	   7.87506	   7.50000	       14N
  71.28664	  12.16451	   7.50000	       14N
  48.42111	   1.44089	   7.50000	       14N
  48.42111	   5.73034	   7.50000	       14N
  48.42111	  10.01978	   7.50000	       14N
  51.11118	   1.44089	   7.50000	       14N
  51.11118	   5.73034	   7.50000	       14N
  51.11118	  10.01978	   7.50000	       14N
  53.80124	   1.44089	   7.50000	       14N
  53.80124	   5.73034	   7.50000	       14N
  53.80124	  10.01978	   7.50000	       14N
  56.49130	   1.44089	   7.50000	       14N
  56.49130	   5.73034	   7.50000	       14N
  56.49130	  10.01978	   7.50000	       14N
  59.18136	   1.44089	   7.50000	       14N
  59.18136	   5.73034	   7.50000	       14N
  59.18136	  10.01978	   7.50000	       14N
  61.87142	   1.44089	   7.50000	       14N
  61.87142	   5.73034	   7.50000	       14N
  61.87142	  10.01978	   7.50000	       14N
  64.56149	   1.44089	   7.50000	       14N
  64.56149	   5.73034	   7.50000	       14N
  64.56149	  10.01978	   7.50000	       14N
  67.25155	   1.44089	   7.50000	       14N
  67.25155	   5.73034	   7.50000	       14N
  67.25155	  10.01978	   7.50000	       14N
  69.94161	   1.44089	   7.50000	       14N
  69.94161	   5.73034	   7.50000	       14N
  69.94161	  10.01978	   7.50000	       14N
  49.76615	  15.00443	   7.50000	       10B
  49.76615	  19.29388	   7.50000	       11B
  49.76615	  23.58333	   7.50000	       11B
  52.45621	  15.00443	   7.50000	       11B
  52.45621	  19.29388	   7.50000	       11B
  52.45621	  23.58333	   7.50000	       10B
  55.14627	  15.00443	   7.50000	       11B
  55.14627	  19.29388	   7.50000	       10B
  55.14627	  23.58333	   7.50000	       11B
  57.83633	  15.00443	   7.50000	       10B
  57.83633	  19.29388	   7.50000	       11B
  57.83633	  23.58333	   7.50000	       11B
  60.52639	  15.00443	   7.50000	       11B
  60.52639	  19.29388	   7.50000	       11B
  60.52639	  23.58333	   7.50000	       11B
  63.21645	  15.00443	   7.50000	       11B
  63.21645	  19.29388	   7.50000	       11B
  63.21645	  23.58333	   7.50000	       11B
  65.90652	  15.00443	   7.50000	       11B
  65.90652	  19.29388	   7.50000	       11B
  65.90652	  23.58333	   7.50000	       11B
  68.59658	  15.00443	   7.50000	       10B
  68.59658	  19.29388	   7.50000	       10B
  68.59658	  23.58333	   7.50000	       11B
  71.28664	  15.00443	   7.50000	       11B
  71.28664	  19.29388	   7.50000	       10B
  71.28664	  23.58333	   7.50000	       11B
  48.42111	  17.14915	   7.50000	       11B
  48.42111	  21.43860	   7.50000	       11B
  48.42111	  25.72805	   7.50000	       11B
  51.11118	  17.14915	   7.50000	       11B
  51.11118	  21.43860	   7.50000	       10B
  51.11118	  25.72805	   7.50000	       11B
  53.80124	  17.14915	   7.50000	       10B
  53.80124	  21.43860	   7.50000	       11B
  53.80124	  25.72805	   7.50000	       11B
  56.49130	  17.14915	   7.50000	       10B
  56.49130	  21.43860	   7.50000	       11B
  56.49130	  25.72805	   7.50000	       11B
  59.18136	  17.14915	   7.50000	       11B
  59.18136	  21.43860	   7.50000	       11B
  59.18136	  25.72805	   7.50000	       11B
  61.87142	  17.14915	   7.50000	       11B
  61.87142	  21.43860	   7.50000	       10B
  61.87142	  25.72805	   7.50000	       11B
  64.56149	  17.14915	   7.50000	       11B
  64.56149	  21.43860	   7.50000	       10B
  64.56149	  25.72805	   7.50000	       11B
  67.25155	  17.14915	   7.50000	       11B
  67.25155	  21.43860	   7.50000	       11B
  67.25155	  25.72805	   7.50000	       11B
  69.94161	  17.14915	   7.50000	       11B
  69.94161	  21.43860	   7.50000	       11B
  69.94161	  25.72805	   7.50000	       11B
  49.76615	  16.45396	   7.50000	       14N
  49.76615	  20.74341	   7.50000	       14N
  49.76615	  25.03286	   7.50000	       14N
  52.45621	  16.45396	   7.50000	       14N
  52.45621	  20.74341	   7.50000	       14N
  52.45621	  25.03286	   7.50000	       14N
  55.14627	  16.45396	   7.50000	       14N
  55.14627	  20.74341	   7.50000	       14N
  55.14627	  25.03286	   7.50000	       14N
  57.83633	  16.45396	   7.50000	       14N
  57.83633	  20.74341	   7.50000	       14N
  57.83633	  25.03286	   7.50000	       14N
  60.52639	  16.45396	   7.50000	       14N
  60.52639	  20.74341	   7.50000	       14N
  60.52639	  25.03286	   7.50000	       14N
  63.21645	  16.45396	   7.50000	       14N
  63.21645	  20.74341	   7.50000	       14N
  63.21645	  25.03286	   7.50000	       14N
  65.90652	  16.45396	   7.50000	       14N
  65.90652	  20.74341	   7.50000	       14N
  65.90652	  25.03286	   7.50000	       14N
  68.59658	  16.45396	   7.50000	       14N
  68.59658	  20.74341	   7.50000	       14N
  68.59658	  25.03286	   7.50000	       14N
  71.28664	  16.45396	   7.50000	       14N
  71.28664	  20.74341	   7.50000	       14N
  71.28664	  25.03286	   7.50000	       14N
  48.42111	  14.30923	   7.50000	       14N
  48.42111	  18.59868	   7.50000	       14N
  48.42111	  22.88813	   7.50000	       14N
  51.11118	  14.30923	   7.50000	       14N
  51.11118	  18.59868	   7.50000	       14N
  51.11118	  22.88813	   7.50000	       14N
  53.80124	  14.30923	   7.50000	       14N
  53.80124	  18.59868	   7.50000	       14N
  53.80124	  22.88813	   7.50000	       14N
  56.49130	  14.30923	   7.50000	       14N
  56.49130	  18.59868	   7.50000	       14N
  56.49130	  22.88813	   7.50000	       14N
  59.18136	  14.30923	   7.50000	       14N
  59.18136	  18.59868	   7.50000	       14N
  59.18136	  22.88813	   7.50000	       14N
  61.87142	  14.30923	   7.50000	       14N
  61.87142	  18.59868	   7.50000	       14N
  61.87142	  22.88813	   7.50000	       14N
  64.56149	  14.30923	   7.50000	       14N
  64.56149	  18.59868	   7.50000	       14N
  64.56149	  22.88813	   7.50000	       14N
  67.25155	  14.30923	   7.50000	       14N
  67.25155	  18.59868	   7.50000	       14N
  67.25155	  22.88813	   7.50000	       14N
  69.94161	  14.30923	   7.50000	       14N
  69.94161	  18.59868	   7.50000	       14N
  69.94161	  22.88813	   7.50000	       14N
  49.76615	  27.87277	   7.50000	       11B
  49.76615	  32.16222	   7.50000	       11B
  49.76615	  36.45167	   7.50000	       11B
  52.45621	  27.87277	   7.50000	       10B
  52.45621	  32.16222	   7.50000	       11B
  52.45621	  36.45167	   7.50000	       11B
  55.14627	  27.87277	   7.50000	       11B
  55.14627	  32.16222	   7.50000	       11B
  55.14627	  36.45167	   7.50000	       11B
  57.83633	  27.87277	   7.50000	       11B
  57.83633	  32.16222	   7.50000	       11B
  57.83633	  36.45167	   7.50000	       11B
  60.52639	  27.87277	   7.50000	       11B
  60.52639	  32.16222	   7.50000	       11B
  60.52639	  36.45167	   7.50000	       11B
  63.21645	  27.87277	   7.50000	       11B
  63.21645	  32.16222	   7.50000	       11B
  63.21645	  36.45167	   7.50000	       11B
  65.90652	  27.87277	   7.50000	       11B
  65.90652	  32.16222	   7.50000	       11B
  65.90652	  36.45167	   7.50000	       11B
  68.59658	  27.87277	   7.50000	       11B
  68.59658	  32.16222	   7.50000	       11B
  68.59658	  36.45167	   7.50000	       11B
  71.28664	  27.87277	   7.50000	       11B
  71.28664	  32.16222	   7.50000	       10B
  71.28664	  36.45167	   7.50000	       10B
  48.42111	  30.01749	   7.50000	       10B
  48.42111	  34.30694	   7.50000	       11B
  48.42111	  38.59639	   7.50000	       10B
  51.11118	  30.01749	   7.50000	       11B
  51.11118	  34.30694	   7.50000	       11B
  51.11118	  38.59639	   7.50000	       11B
  53.80124	  30.01749	   7.50000	       11B
  53.80124	  34.30694	   7.50000	       10B
  53.80124	  38.59639	   7.50000	       10B
  56.49130	  30.01749	   7.50000	       11B
  56.49130	  34.30694	   7.50000	       11B
  56.49130	  38.59639	   7.50000	       10B
  59.18136	  30.01749	   7.50000	       10B
  59.18136	  34.30694	   7.50000	       11B
  59.18136	  38.59639	   7.50000	       11B
  61.87142	  30.01749	   7.50000	       11B
  61.87142	  34.30694	   7.50000	       10B
  61.87142	  38.59639	   7.50000	       11B
  64.56149	  30.01749	   7.50000	       11B
  64.56149	  34.30694	   7.50000	       10B
  64.56149	  38.59639	   7.50000	       10B
  67.25155	  30.01749	   7.50000	       11B
  67.25155	  34.30694	   7.50000	       10B
  67.25155	  38.59639	   7.50000	       11B
  69.94161	  30.01749	   7.50000	       10B
  69.94161	  34.30694	   7.50000	       11B
  69.94161	  38.59639	   7.50000	       11B
  49.76615	  29.32230	   7.50000	       14N
  49.76615	  33.61175	   7.50000	       14N
  49.76615	  37.90120	   7.50000	       14N
  52.45621	  29.32230	   7.50000	       14N
  52.45621	  33.61175	   7.50000	       14N
  52.45621	  37.90120	   7.50000	       14N
  55.14627	  29.32230	   7.50000	       14N
  55.14627	  33.61175	   7.50000	       14N
  55.14627	  37.90120	   7.50000	       14N
  57.83633	  29.32230	   7.50000	       14N
  57.83633	  33.61175	   7.50000	       14N
  57.83633	  37.90120	   7.50000	       14N
  60.52639	  29.32230	   7.50000	       14N
  60.52639	  33.61175	   7.50000	       14N
  60.52639	  37.90120	   7.50000	       14N
  63.21645	  29.32230	   7.50000	       14N
  63.21645	  33.61175	   7.50000	       14N
  63.21645	  37.90120	   7.50000	       14N
  65.90652	  29.32230	   7.50000	       14N
  65.90652	  33.61175	   7.50000	       14N
  65.90652	  37.90120	   7.50000	       14N
  68.59658	  29.32230	   7.50000	       14N
  68.59658	  33.61175	   7.50000	       14N
  68.59658	  37.90120	   7.50000	       14N
  71.28664	  29.32230	   7.50000	       14N
  71.28664	  33.61175	   7.50000	       14N
  71.28664	  37.90120	   7.50000	       14N
  48.42111	  27.17758	   7.50000	       14N
  48.42111	  31.46703	   7.50000	       14N
  48.42111	  35.75647	   7.50000	       14N
  51.11118	  27.17758	   7.50000	       14N
  51.11118	  31.46703	   7.50000	       14N
  51.11118	  35.75647	   7.50000	       14N
  53.80124	  27.17758	   7.50000	       14N
  53.80124	  31.46703	   7.50000	       14N
  53.80124	  35.75647	   7.50000	       14N
  56.49130	  27.17758	   7.50000	       14N
  56.49130	  31.46703	   7.50000	       14N
  56.49130	  35.75647	   7.50000	       14N
  59.18136	  27.17758	   7.50000	       14N
  59.18136	  31.46703	   7.50000	       14N
  59.18136	  35.75647	   7.50000	       14N
  61.87142	  27.17758	   7.50000	       14N
  61.87142	  31.46703	   7.50000	       14N
  61.87142	  35.75647	   7.50000	       14N
  64.56149	  27.17758	   7.50000	       14N
  64.56149	  31.46703	   7.50000	       14N
  64.56149	  35.75647	   7.50000	       14N
  67.25155	  27.17758	   7.50000	       14N
  67.25155	  31.46703	   7.50000	       14N
  67.25155	  35.75647	   7.50000	       14N
  69.94161	  27.17758	   7.50000	       14N
  69.94161	  31.46703	   7.50000	       14N
  69.94161	  35.75647	   7.50000	       14N
  49.76615	  40.74112	   7.50000	       11B
  49.76615	  45.03057	   7.50000	       11B
  49.76615	  49.32002	   7.50000	       10B
  52.45621	  40.74112	   7.50000	       11B
  52.45621	  45.03057	   7.50000	       11B
  52.45621	  49.32002	   7.50000	       11B
  55.14627	  40.74112	   7.50000	       11B
  55.14627	  45.03057	   7.50000	       11B
  55.14627	  49.32002	   7.50000	       10B
  57.83633	  40.74112	   7.50000	       11B
  57.83633	  45.03057	   7.50000	       10B
  57.83633	  49.32002	   7.50000	       10B
  60.52639	  40.74112	   7.50000	       11B
  60.52639	  45.03057	   7.50000	       11B
  60.52639	  49.32002	   7.50000	       11B
  63.21645	  40.74112	   7.50000	       11B
  63.21645	  45.03057	   7.50000	       11B
  63.21645	  49.32002	   7.50000	       11B
  65.90652	  40.74112	   7.50000	       11B
  65.90652	  45.03057	   7.50000	       11B
  65.90652	  49.32002	   7.50000	       11B
  68.59658	  40.74112	   7.50000	       11B
  68.59658	  45.03057	   7.50000	       11B
  68.59658	  49.32002	   7.50000	       10B
  71.28664	  40.74112	   7.50000	       11B
  71.28664	  45.03057	   7.50000	       11B
  71.28664	  49.32002	   7.50000	       11B
  48.42111	  42.88584	   7.50000	       11B
  48.42111	  47.17529	   7.50000	       11B
  48.42111	  51.46474	   7.50000	       10B
  51.11118	  42.88584	   7.50000	       11B
  51.11118	  47.17529	   7.50000	       11B
  51.11118	  51.46474	   7.50000	       10B
  53.80124	  42.88584	   7.50000	       10B
  53.80124	  47.17529	   7.50000	       11B
  53.80124	  51.46474	   7.50000	       10B
  56.49130	  42.88584	   7.50000	       11B
  56.49130	  47.17529	   7.50000	       11B
  56.49130	  51.46474	   7.50000	       11B
  59.18136	  42.88584	   7.50000	       11B
  59.18136	  47.17529	   7.50000	       11B
  59.18136	  51.46474	   7.50000	       10B
  61.87142	  42.88584	   7.50000	       11B
  61.87142	  47.17529	   7.50000	       11B
  61.87142	  51.46474	   7.50000	       11B
  64.56149	  42.88584	   7.50000	       11B
  64.56149	  47.17529	   7.50000	       11B
  64.56149	  51.46474	   7.50000	       11B
  67.25155	  42.88584	   7.50000	       11B
  67.25155	  47.17529	   7.50000	       11B
  67.25155	  51.46474	   7.50000	       11B
  69.94161	  42.88584	   7.50000	       11B
  69.94161	  47.17529	   7.50000	       11B
  69.94161	  51.46474	   7.50000	       11B
  49.76615	  42.19065	   7.50000	       14N
  49.76615	  46.48010	   7.50000	       14N
  49.76615	  50.76955	   7.50000	       14N
  52.45621	  42.19065	   7.50000	       14N
  52.45621	  46.48010	   7.50000	       14N
  52.45621	  50.76955	   7.50000	       14N
  55.14627	  42.19065	   7.50000	       14N
  55.14627	  46.48010	   7.50000	       14N
  55.14627	  50.76955	   7.50000	       14N
  57.83633	  42.19065	   7.50000	       14N
  57.83633	  46.48010	   7.50000	       14N
  57.83633	  50.76955	   7.50000	       14N
  60.52639	  42.19065	   7.50000	       14N
  60.52639	  46.48010	   7.50000	       14N
  60.52639	  50.76955	   7.50000	       14N
  63.21645	  42.19065	   7.50000	       14N
  63.21645	  46.48010	   7.50000	       14N
  63.21645	  50.76955	   7.50000	       14N
  65.90652	  42.19065	   7.50000	       14N
  65.90652	  46.48010	   7.50000	       14N
  65.90652	  50.76955	   7.50000	       14N
  68.59658	  42.19065	   7.50000	       14N
  68.59658	  46.48010	   7.50000	       14N
  68.59658	  50.76955	   7.50000	       14N
  71.28664	  42.19065	   7.50000	       14N
  71.28664	  46.48010	   7.50000	       14N
  71.28664	  50.76955	   7.50000	       14N
  48.42111	  40.04592	   7.50000	       14N
  48.42111	  44.33537	   7.50000	       14N
  48.42111	  48.62482	   7.50000	       14N
  51.11118	  40.04592	   7.50000	       14N
  51.11118	  44.33537	   7.50000	       14N
  51.11118	  48.62482	   7.50000	       14N
  53.80124	  40.04592	   7.50000	       14N
  53.80124	  44.33537	   7.50000	       14N
  53.80124	  48.62482	   7.50000	       14N
  56.49130	  40.04592	   7.50000	       14N
  56.49130	  44.33537	   7.50000	       14N
  56.49130	  48.62482	   7.50000	       14N
  59.18136	  40.04592	   7.50000	       14N
  59.18136	  44.33537	   7.50000	       14N
  59.18136	  48.62482	   7.50000	       14N
  61.87142	  40.04592	   7.50000	       14N
  61.87142	  44.33537	   7.50000	       14N
  61.87142	  48.62482	   7.50000	       14N
  64.56149	  40.04592	   7.50000	       14N
  64.56149	  44.33537	   7.50000	       14N
  64.56149	  48.62482	   7.50000	       14N
  67.25155	  40.04592	   7.50000	       14N
  67.25155	  44.33537	   7.50000	       14N
  67.25155	  48.62482	   7.50000	       14N
  69.94161	  40.04592	   7.50000	       14N
  69.94161	  44.33537	   7.50000	       14N
  69.94161	  48.62482	   7.50000	       14N
  49.76615	  53.60946	   7.50000	       10B
  49.76615	  57.89891	   7.50000	       11B
  49.76615	  62.18836	   7.50000	       11B
  52.45621	  53.60946	   7.50000	       11B
  52.45621	  57.89891	   7.50000	       11B
  52.45621	  62.18836	   7.50000	       11B
  55.14627	  53.60946	   7.50000	       11B
  55.14627	  57.89891	   7.50000	       11B
  55.14627	  62.18836	   7.50000	       11B
  57.83633	  53.60946	   7.50000	       11B
  57.83633	  57.89891	   7.50000	       11B
  57.83633	  62.18836	   7.50000	       10B
  60.52639	  53.60946	   7.50000	       11B
  60.52639	  57.89891	   7.50000	       10B
  60.52639	  62.18836	   7.50000	       11B
  63.21645	  53.60946	   7.50000	       11B
  63.21645	  57.89891	   7.50000	       11B
  63.21645	  62.18836	   7.50000	       11B
  65.90652	  53.60946	   7.50000	       11B
  65.90652	  57.89891	   7.50000	       11B
  65.90652	  62.18836	   7.50000	       11B
  68.59658	  53.60946	   7.50000	       10B
  68.59658	  57.89891	   7.50000	       10B
  68.59658	  62.18836	   7.50000	       11B
  71.28664	  53.60946	   7.50000	       11B
  71.28664	  57.89891	   7.50000	       11B
  71.28664	  62.18836	   7.50000	       11B
  48.42111	  55.75419	   7.50000	       11B
  48.42111	  60.04363	   7.50000	       11B
  48.42111	  64.33308	   7.50000	       11B
  51.11118	  55.75419	   7.50000	       11B
  51.11118	  60.04363	   7.50000	       11B
  51.11118	  64.33308	   7.50000	       11B
  53.80124	  55.75419	   7.50000	       11B
  53.80124	  60.04363	   7.50000	       11B
  53.80124	  64.33308	   7.50000	       10B
  56.49130	  55.75419	   7.50000	       11B
  56.49130	  60.04363	   7.50000	       11B
  56.49130	  64.33308	   7.50000	       10B
  59.18136	  55.75419	   7.50000	       11B
  59.18136	  60.04363	   7.50000	       11B
  59.18136	  64.33308	   7.50000	       11B
  61.87142	  55.75419	   7.50000	       10B
  61.87142	  60.04363	   7.50000	       11B
  61.87142	  64.33308	   7.50000	       10B
  64.56149	  55.75419	   7.50000	       11B
  64.56149	  60.04363	   7.50000	       11B
  64.56149	  64.33308	   7.50000	       11B
  67.25155	  55.75419	   7.50000	       11B
  67.25155	  60.04363	   7.50000	       11B
  67.25155	  64.33308	   7.50000	       10B
  69.94161	  55.75419	   7.50000	       11B
  69.94161	  60.04363	   7.50000	       11B
  69.94161	  64.33308	   7.50000	       11B
  49.76615	  55.05900	   7.50000	       14N
  49.76615	  59.34844	   7.50000	       14N
  49.76615	  63.63789	   7.50000	       14N
  52.45621	  55.05900	   7.50000	       14N
  52.45621	  59.34844	   7.50000	       14N
  52.45621	  63.63789	   7.50000	       14N
  55.14627	  55.05900	   7.50000	       14N
  55.14627	  59.34844	   7.50000	       14N
  55.14627	  63.63789	   7.50000	       14N
  57.83633	  55.05900	   7.50000	       14N
  57.83633	  59.34844	   7.50000	       14N
  57.83633	  63.63789	   7.50000	       14N
  60.52639	  55.05900	   7.50000	       14N
  60.52639	  59.34844	   7.50000	       14N
  60.52639	  63.63789	   7.50000	       14N
  63.21645	  55.05900	   7.50000	       14N
  63.21645	  59.34844	   7.50000	       14N
  63.21645	  63.63789	   7.50000	       14N
  65.90652	  55.05900	   7.50000	       14N
  65.90652	  59.34844	   7.50000	       14N
  65.90652	  63.63789	   7.50000	       14N
  68.59658	  55.05900	   7.50000	       14N
  68.59658	  59.34844	   7.50000	       14N
  68.59658	  63.63789	   7.50000	       14N
  71.28664	  55.05900	   7.50000	       14N
  71.28664	  59.34844	   7.50000	       14N
  71.28664	  63.63789	   7.50000	       14N
  48.42111	  52.91427	   7.50000	       14N
  48.42111	  57.20372	   7.50000	       14N
  48.42111	  61.49317	   7.50000	       14N
  51.11118	  52.91427	   7.50000	       14N
  51.11118	  57.20372	   7.50000	       14N
  51.11118	  61.49317	   7.50000	       14N
  53.80124	  52.91427	   7.50000	       14N
  53.80124	  57.20372	   7.50000	       14N
  53.80124	  61.49317	   7.50000	       14N
  56.49130	  52.91427	   7.50000	       14N
  56.49130	  57.20372	   7.50000	       14N
  56.49130	  61.49317	   7.50000	       14N
  59.18136	  52.91427	   7.50000	       14N
  59.18136	  57.20372	   7.50000	       14N
  59.18136	  61.49317	   7.50000	       14N
  61.87142	  52.91427	   7.50000	       14N
  61.87142	  57.20372	   7.50000	       14N
  61.87142	  61.49317	   7.50000	       14N
  64.56149	  52.91427	   7.50000	       14N
  64.56149	  57.20372	   7.50000	       14N
  64.56149	  61.49317	   7.50000	       14N
  67.25155	  52.91427	   7.50000	       14N
  67.25155	  57.20372	   7.50000	       14N
  67.25155	  61.49317	   7.50000	       14N
  69.94161	  52.91427	   7.50000	       14N
  69.94161	  57.20372	   7.50000	       14N
  69.94161	  61.49317	   7.50000	       14N
  49.76615	  66.47781	   7.50000	       11B
  49.76615	  70.76726	   7.50000	       11B
  49.76615	  75.05671	   7.50000	       11B
  52.45621	  66.47781	   7.50000	       11B
  52.45621	  70.76726	   7.50000	       10B
  52.45621	  75.05671	   7.50000	       11B
  55.14627	  66.47781	   7.50000	       11B
  55.14627	  70.76726	   7.50000	       11B
  55.14627	  75.05671	   7.50000	       11B
  57.83633	  66.47781	   7.50000	       10B
  57.83633	  70.76726	   7.50000	       11B
  57.83633	  75.05671	   7.50000	       10B
  60.52639	  66.47781	   7.50000	       11B
  60.52639	  70.76726	   7.50000	       11B
  60.52639	  75.05671	   7.50000	       11B
  63.21645	  66.47781	   7.50000	       10B
  63.21645	  70.76726	   7.50000	       11B
  63.21645	  75.05671	   7.50000	       11B
  65.90652	  66.47781	   7.50000	       11B
  65.90652	  70.76726	   7.50000	       11B
  65.90652	  75.05671	   7.50000	       10B
  68.59658	  66.47781	   7.50000	       11B
  68.59658	  70.76726	   7.50000	       11B
  68.59658	  75.05671	   7.50000	       11B
  71.28664	  66.47781	   7.50000	       11B
  71.28664	  70.76726	   7.50000	       11B
  71.28664	  75.05671	   7.50000	       11B
  48.42111	  68.62253	   7.50000	       11B
  48.42111	  72.91198	   7.50000	       11B
  48.42111	  77.20143	   7.50000	       11B
  51.11118	  68.62253	   7.50000	       11B
  51.11118	  72.91198	   7.50000	       11B
  51.11118	  77.20143	   7.50000	       11B
  53.80124	  68.62253	   7.50000	       11B
  53.80124	  72.91198	   7.50000	       11B
  53.80124	  77.20143	   7.50000	       11B
  56.49130	  68.62253	   7.50000	       11B
  56.49130	  72.91198	   7.50000	       11B
  56.49130	  77.20143	   7.50000	       11B
  59.18136	  68.62253	   7.50000	       11B
  59.18136	  72.91198	   7.50000	       10B
  59.18136	  77.20143	   7.50000	       11B
  61.87142	  68.62253	   7.50000	       11B
  61.87142	  72.91198	   7.50000	       10B
  61.87142	  77.20143	   7.50000	       11B
  64.56149	  68.62253	   7.50000	       11B
  64.56149	  72.91198	   7.50000	       11B
  64.56149	  77.20143	   7.50000	       11B
  67.25155	  68.62253	   7.50000	       11B
  67.25155	  72.91198	   7.50000	       11B
  67.25155	  77.20143	   7.50000	       11B
  69.94161	  68.62253	   7.50000	       10B
  69.94161	  72.91198	   7.50000	       10B
  69.94161	  77.20143	   7.50000	       11B
  49.76615	  67.92734	   7.50000	       14N
  49.76615	  72.21679	   7.50000	       14N
  49.76615	  76.50624	   7.50000	       14N
  52.45621	  67.92734	   7.50000	       14N
  52.45621	  72.21679	   7.50000	       14N
  52.45621	  76.50624	   7.50000	       14N
  55.14627	  67.92734	   7.50000	       14N
  55.14627	  72.21679	   7.50000	       14N
  55.14627	  76.50624	   7.50000	       14N
  57.83633	  67.92734	   7.50000	       14N
  57.83633	  72.21679	   7.50000	       14N
  57.83633	  76.50624	   7.50000	       14N
  60.52639	  67.92734	   7.50000	       14N
  60.52639	  72.21679	   7.50000	       14N
  60.52639	  76.50624	   7.50000	       14N
  63.21645	  67.92734	   7.50000	       14N
  63.21645	  72.21679	   7.50000	       14N
  63.21645	  76.50624	   7.50000	       14N
  65.90652	  67.92734	   7.50000	       14N
  65.90652	  72.21679	   7.50000	       14N
  65.90652	  76.50624	   7.50000	       14N
  68.59658	  67.92734	   7.50000	       14N
  68.59658	  72.21679	   7.50000	       14N
  68.59658	  76.50624	   7.50000	       14N
  71.28664	  67.92734	   7.50000	       14N
  71.28664	  72.21679	   7.50000	       14N
  71.28664	  76.50624	   7.50000	       14N
  48.42111	  65.78261	   7.50000	       14N
  48.42111	  70.07206	   7.50000	       14N
  48.42111	  74.36151	   7.50000	       14N
  51.11118	  65.78261	   7.50000	       14N
  51.11118	  70.07206	   7.50000	       14N
  51.11118	  74.36151	   7.50000	       14N
  53.80124	  65.78261	   7.50000	       14N
  53.80124	  70.07206	   7.50000	       14N
  53.80124	  74.36151	   7.50000	       14N
  56.49130	  65.78261	   7.50000	       14N
  56.49130	  70.07206	   7.50000	       14N
  56.49130	  74.36151	   7.50000	       14N
  59.18136	  65.78261	   7.50000	       14N
  59.18136	  70.07206	   7.50000	       14N
  59.18136	  74.36151	   7.50000	       14N
  61.87142	  65.78261	   7.50000	       14N
  61.87142	  70.07206	   7.50000	       14N
  61.87142	  74.36151	   7.50000	       14N
  64.56149	  65.78261	   7.50000	       14N
  64.56149	  70.07206	   7.50000	       14N
  64.56149	  74.36151	   7.50000	       14N
  67.25155	  65.78261	   7.50000	       14N
  67.25155	  70.07206	   7.50000	       14N
  67.25155	  74.36151	   7.50000	       14N
  69.94161	  65.78261	   7.50000	       14N
  69.94161	  70.07206	   7.50000	       14N
  69.94161	  74.36151	   7.50000	       14N
  49.76615	  79.34615	   7.50000	       10B
  52.45621	  79.34615	   7.50000	       10B
  55.14627	  79.34615	   7.50000	       11B
  57.83633	  79.34615	   7.50000	       11B
  60.52639	  79.34615	   7.50000	       11B
  63.21645	  79.34615	   7.50000	       10B
  65.90652	  79.34615	   7.50000	       10B
  68.59658	  79.34615	   7.50000	       11B
  71.28664	  79.34615	   7.50000	       11B
  48.42111	  78.65096	   7.50000	       14N
  51.11118	  78.65096	   7.50000	       14N
  53.80124	  78.65096	   7.50000	       14N
  56.49130	  78.65096	   7.50000	       14N
  59.18136	  78.65096	   7.50000	       14N
  61.87142	  78.65096	   7.50000	       14N
  64.56149	  78.65096	   7.50000	       14N
  67.25155	  78.65096	   7.50000	       14N
  69.94161	  78.65096	   7.50000	       14N
  73.97670	   2.13608	   7.50000	       11B
  73.97670	   6.42553	   7.50000	       11B
  73.97670	  10.71498	   7.50000	       11B
  76.66676	   2.13608	   7.50000	       11B
  76.66676	   6.42553	   7.50000	       11B
  76.66676	  10.71498	   7.50000	       11B
  79.35683	   2.13608	   7.50000	       10B
  79.35683	   6.42553	   7.50000	       11B
  79.35683	  10.71498	   7.50000	       10B
  72.63167	   4.28080	   7.50000	       11B
  72.63167	   8.57025	   7.50000	       11B
  72.63167	  12.85970	   7.50000	       10B
  75.32173	   4.28080	   7.50000	       11B
  75.32173	   8.57025	   7.50000	       11B
  75.32173	  12.85970	   7.50000	       11B
  78.01180	   4.28080	   7.50000	       11B
  78.01180	   8.57025	   7.50000	       10B
  78.01180	  12.85970	   7.50000	       10B
  73.97670	   3.58561	   7.50000	       14N
  73.97670	   7.87506	   7.50000	       14N
  73.97670	  12.16451	   7.50000	       14N
  76.66676	   3.58561	   7.50000	       14N
  76.66676	   7.87506	   7.50000	       14N
  76.66676	  12.16451	   7.50000	       14N
  79.35683	   3.58561	   7.50000	       14N
  79.35683	   7.87506	   7.50000	       14N
  79.35683	  12.16451	   7.50000	       14N
  72.63167	   1.44089	   7.50000	       14N
  72.63167	   5.73034	   7.50000	       14N
  72.63167	  10.01978	   7.50000	       14N
  75.32173	   1.44089	   7.50000	       14N
  75.32173	   5.73034	   7.50000	       14N
  75.32173	  10.01978	   7.50000	       14N
  78.01180	   1.44089	   7.50000	       14N
  78.01180	   5.73034	   7.50000	       14N
  78.01180	  10.01978	   7.50000	       14N
  73.97670	  15.00443	   7.50000	       10B
  73.97670	  19.29388	   7.50000	       11B
  73.97670	  23.58333	   7.50000	       11B
  76.66676	  15.00443	   7.50000	       11B
  76.66676	  19.29388	   7.50000	       11B
  76.66676	  23.58333	   7.50000	       10B
  79.35683	  15.00443	   7.50000	       11B
  79.35683	  19.29388	   7.50000	       11B
  79.35683	  23.58333	   7.50000	       11B
  72.63167	  17.14915	   7.50000	       11B
  72.63167	  21.43860	   7.50000	       10B
  72.63167	  25.72805	   7.50000	       11B
  75.32173	  17.14915	   7.50000	       11B
  75.32173	  21.43860	   7.50000	       10B
  75.32173	  25.72805	   7.50000	       11B
  78.01180	  17.14915	   7.50000	       11B
  78.01180	  21.43860	   7.50000	       10B
  78.01180	  25.72805	   7.50000	       11B
  73.97670	  16.45396	   7.50000	       14N
  73.97670	  20.74341	   7.50000	       14N
  73.97670	  25.03286	   7.50000	       14N
  76.66676	  16.45396	   7.50000	       14N
  76.66676	  20.74341	   7.50000	       14N
  76.66676	  25.03286	   7.50000	       14N
  79.35683	  16.45396	   7.50000	       14N
  79.35683	  20.74341	   7.50000	       14N
  79.35683	  25.03286	   7.50000	       14N
  72.63167	  14.30923	   7.50000	       14N
  72.63167	  18.59868	   7.50000	       14N
  72.63167	  22.88813	   7.50000	       14N
  75.32173	  14.30923	   7.50000	       14N
  75.32173	  18.59868	   7.50000	       14N
  75.32173	  22.88813	   7.50000	       14N
  78.01180	  14.30923	   7.50000	       14N
  78.01180	  18.59868	   7.50000	       14N
  78.01180	  22.88813	   7.50000	       14N
  73.97670	  27.87277	   7.50000	       11B
  73.97670	  32.16222	   7.50000	       10B
  73.97670	  36.45167	   7.50000	       11B
  76.66676	  27.87277	   7.50000	       10B
  76.66676	  32.16222	   7.50000	       11B
  76.66676	  36.45167	   7.50000	       11B
  79.35683	  27.87277	   7.50000	       11B
  79.35683	  32.16222	   7.50000	       11B
  79.35683	  36.45167	   7.50000	       11B
  72.63167	  30.01749	   7.50000	       11B
  72.63167	  34.30694	   7.50000	       11B
  72.63167	  38.59639	   7.50000	       11B
  75.32173	  30.01749	   7.50000	       10B
  75.32173	  34.30694	   7.50000	       11B
  75.32173	  38.59639	   7.50000	       10B
  78.01180	  30.01749	   7.50000	       11B
  78.01180	  34.30694	   7.50000	       11B
  78.01180	  38.59639	   7.50000	       11B
  73.97670	  29.32230	   7.50000	       14N
  73.97670	  33.61175	   7.50000	       14N
  73.97670	  37.90120	   7.50000	       14N
  76.66676	  29.32230	   7.50000	       14N
  76.66676	  33.61175	   7.50000	       14N
  76.66676	  37.90120	   7.50000	       14N
  79.35683	  29.32230	   7.50000	       14N
  79.35683	  33.61175	   7.50000	       14N
  79.35683	  37.90120	   7.50000	       14N
  72.63167	  27.17758	   7.50000	       14N
  72.63167	  31.46703	   7.50000	       14N
  72.63167	  35.75647	   7.50000	       14N
  75.32173	  27.17758	   7.50000	       14N
  75.32173	  31.46703	   7.50000	       14N
  75.32173	  35.75647	   7.50000	       14N
  78.01180	  27.17758	   7.50000	       14N
  78.01180	  31.46703	   7.50000	       14N
  78.01180	  35.75647	   7.50000	       14N
  73.97670	  40.74112	   7.50000	       10B
  73.97670	  45.03057	   7.50000	       11B
  73.97670	  49.32002	   7.50000	       11B
  76.66676	  40.74112	   7.50000	       11B
  76.66676	  45.03057	   7.50000	       11B
  76.66676	  49.32002	   7.50000	       11B
  79.35683	  40.74112	   7.50000	       11B
  79.35683	  45.03057	   7.50000	       11B
  79.35683	  49.32002	   7.50000	       11B
  72.63167	  42.88584	   7.50000	       11B
  72.63167	  47.17529	   7.50000	       11B
  72.63167	  51.46474	   7.50000	       11B
  75.32173	  42.88584	   7.50000	       11B
  75.32173	  47.17529	   7.50000	       11B
  75.32173	  51.46474	   7.50000	       11B
  78.01180	  42.88584	   7.50000	       11B
  78.01180	  47.17529	   7.50000	       10B
  78.01180	  51.46474	   7.50000	       11B
  73.97670	  42.19065	   7.50000	       14N
  73.97670	  46.48010	   7.50000	       14N
  73.97670	  50.76955	   7.50000	       14N
  76.66676	  42.19065	   7.50000	       14N
  76.66676	  46.48010	   7.50000	       14N
  76.66676	  50.76955	   7.50000	       14N
  79.35683	  42.19065	   7.50000	       14N
  79.35683	  46.48010	   7.50000	       14N
  79.35683	  50.76955	   7.50000	       14N
  72.63167	  40.04592	   7.50000	       14N
  72.63167	  44.33537	   7.50000	       14N
  72.63167	  48.62482	   7.50000	       14N
  75.32173	  40.04592	   7.50000	       14N
  75.32173	  44.33537	   7.50000	       14N
  75.32173	  48.62482	   7.50000	       14N
  78.01180	  40.04592	   7.50000	       14N
  78.01180	  44.33537	   7.50000	       14N
  78.01180	  48.62482	   7.50000	       14N
  73.97670	  53.60946	   7.50000	       11B
  73.97670	  57.89891	   7.50000	       11B
  73.97670	  62.18836	   7.50000	       11B
  76.66676	  53.60946	   7.50000	       11B
  76.66676	  57.89891	   7.50000	       11B
  76.66676	  62.18836	   7.50000	       11B
  79.35683	  53.60946	   7.50000	       11B
  79.35683	  57.89891	   7.50000	       11B
  79.35683	  62.18836	   7.50000	       11B
  72.63167	  55.75419	   7.50000	       11B
  72.63167	  60.04363	   7.50000	       11B
  72.63167	  64.33308	   7.50000	       11B
  75.32173	  55.75419	   7.50000	       11B
  75.32173	  60.04363	   7.50000	       10B
  75.32173	  64.33308	   7.50000	       10B
  78.01180	  55.75419	   7.50000	       10B
  78.01180	  60.04363	   7.50000	       11B
  78.01180	  64.33308	   7.50000	       11B
  73.97670	  55.05900	   7.50000	       14N
  73.97670	  59.34844	   7.50000	       14N
  73.97670	  63.63789	   7.50000	       14N
  76.66676	  55.05900	   7.50000	       14N
  76.66676	  59.34844	   7.50000	       14N
  76.66676	  63.63789	   7.50000	       14N
  79.35683	  55.05900	   7.50000	       14N
  79.35683	  59.34844	   7.50000	       14N
  79.35683	  63.63789	   7.50000	       14N
  72.63167	  52.91427	   7.50000	       14N
  72.63167	  57.20372	   7.50000	       14N
  72.63167	  61.49317	   7.50000	       14N
  75.32173	  52.91427	   7.50000	       14N
  75.32173	  57.20372	   7.50000	       14N
  75.32173	  61.49317	   7.50000	       14N
  78.01180	  52.91427	   7.50000	       14N
  78.01180	  57.20372	   7.50000	       14N
  78.01180	  61.49317	   7.50000	       14N
  73.97670	  66.47781	   7.50000	       11B
  73.97670	  70.76726	   7.50000	       11B
  73.97670	  75.05671	   7.50000	       11B
  76.66676	  66.47781	   7.50000	       11B
  76.66676	  70.76726	   7.50000	       11B
  76.66676	  75.05671	   7.50000	       10B
  79.35683	  66.47781	   7.50000	       11B
  79.35683	  70.76726	   7.50000	       11B
  79.35683	  75.05671	   7.50000	       11B
  72.63167	  68.62253	   7.50000	       11B
  72.63167	  72.91198	   7.50000	       11B
  72.63167	  77.20143	   7.50000	       11B
  75.32173	  68.62253	   7.50000	       11B
  75.32173	  72.91198	   7.50000	       11B
  75.32173	  77.20143	   7.50000	       10B
  78.01180	  68.62253	   7.50000	       11B
  78.01180	  72.91198	   7.50000	       11B
  78.01180	  77.20143	   7.50000	       11B
  73.97670	  67.92734	   7.50000	       14N
  73.97670	  72.21679	   7.50000	       14N
  73.97670	  76.50624	   7.50000	       14N
  76.66676	  67.92734	   7.50000	       14N
  76.66676	  72.21679	   7.50000	       14N
  76.66676	  76.50624	   7.50000	       14N
  79.35683	  67.92734	   7.50000	       14N
  79.35683	  72.21679	   7.50000	       14N
  79.35683	  76.50624	   7.50000	       14N
  72.63167	  65.78261	   7.50000	       14N
  72.63167	  70.07206	   7.50000	       14N
  72.63167	  74.36151	   7.50000	       14N
  75.32173	  65.78261	   7.50000	       14N
  75.32173	  70.07206	   7.50000	       14N
  75.32173	  74.36151	   7.50000	       14N
  78.01180	  65.78261	   7.50000	       14N
  78.01180	  70.07206	   7.50000	       14N
  78.01180	  74.36151	   7.50000	       14N
  73.97670	  79.34615	   7.50000	       11B
  76.66676	  79.34615	   7.50000	       11B
  79.35683	  79.34615	   7.50000	       11B
  72.63167	  78.65096	   7.50000	       14N
  75.32173	  78.65096	   7.50000	       14N
  78.01180	  78.65096	   7.50000	       14N
