--------------------------------------------------------------------------------------------------------------------------------------------------------------------------
  AtomName	    r_1i_X	    r_1i_Y	    r_1i_Z	  iso[MHz]	       Axx	       Axy	       Axz	       Ayx	       Ayy	       Ayz	       Azx	       Azy	       Azz
--------------------------------------------------------------------------------------------------------------------------------------------------------------------------
10B  g-factor___:   0.600215 [No-unit]
11B  g-factor___:   1.792433 [No-unit]
14N  g-factor___:   0.403761 [No-unit]
15N  g-factor___:  -0.566378 [No-unit]
10B  etc____:	---       	---       	---       	   0.00000
11B  etc____:	---       	---       	---       	   0.00000
14N  etc____:	---       	---       	---       	   0.00000
15N  etc____:	---       	---       	---       	   0.00000
MinDif[A]:	 -12.10528	  -6.43616	   0.00000
MaxDif[A]:	  10.76859	   6.41487	   0.00000
--------------------------------------------------------------------------------------------------------------------------------------------------------------------------
B         	 -10.76472	  -4.31756	   0.00000	   0.00000	   0.06098	   0.00000	   0.00000	   0.00000	  -0.01525	   0.00000	   0.00000	   0.00000	  -0.04574
B         	 -10.76859	  -0.02577	   0.00000	   0.00000	   0.07623	  -0.00000	   0.00000	  -0.00000	  -0.03049	   0.00000	   0.00000	   0.00000	  -0.04574
B         	 -10.76335	   4.26318	   0.00000	   0.00000	   0.06098	  -0.00000	   0.00000	  -0.00000	  -0.01525	  -0.00000	   0.00000	  -0.00000	  -0.04574
B         	  -8.08393	  -4.31781	   0.00000	  -0.01525	   0.07623	   0.03049	  -0.00000	   0.03049	  -0.01525	   0.00000	  -0.00000	   0.00000	  -0.06098
B         	  -8.09651	  -0.02229	   0.00000	   0.18294	   0.15245	  -0.03049	   0.00000	  -0.03049	  -0.06098	   0.00000	   0.00000	   0.00000	  -0.09147
B         	  -8.07943	   4.26674	   0.00000	   0.00000	   0.06098	  -0.01525	   0.00000	  -0.01525	  -0.00000	   0.00000	   0.00000	   0.00000	  -0.06098
B         	  -5.40048	  -4.31452	   0.00000	  -0.13721	   0.12196	   0.12196	  -0.00000	   0.12196	   0.07623	   0.00000	  -0.00000	   0.00000	  -0.19819
B         	  -5.43746	  -0.01544	   0.00000	   2.33251	   0.60981	  -0.41162	  -0.00000	  -0.41162	  -0.10672	   0.00000	  -0.00000	   0.00000	  -0.50309
B         	  -5.38923	   4.27165	   0.00000	  -0.01525	   0.07623	  -0.10672	   0.00000	  -0.10672	   0.07623	  -0.00000	   0.00000	  -0.00000	  -0.13721
B         	  -2.70906	  -4.30249	   0.00000	   4.28390	  -0.57932	   0.00000	   0.00000	   0.00000	   1.43305	  -0.00000	   0.00000	  -0.00000	  -0.85373
B         	  -2.79715	  -0.00711	   0.00000	   0.30490	   2.83560	  -3.58262	   0.00000	  -3.58262	   1.20437	  -0.00000	   0.00000	  -0.00000	  -4.03997
B         	  -2.68887	   4.27257	   0.00000	   2.42398	   0.39637	  -0.54883	  -0.00000	  -0.54883	   0.18294	  -0.00000	  -0.00000	  -0.00000	  -0.57932
B         	   0.00000	  -4.26474	   0.00000	  -0.76226	  -0.15245	   0.00000	   0.00000	   0.00000	   0.70128	   0.00000	   0.00000	   0.00000	  -0.54883
B         	   0.00000	   4.27098	   0.00000	  -0.41162	  -0.39637	   0.00000	   0.00000	   0.00000	   1.23486	   0.00000	   0.00000	   0.00000	  -0.83849
B         	   2.70906	  -4.30249	   0.00000	   4.28390	  -0.57932	  -0.00000	  -0.00000	  -0.00000	   1.43305	  -0.00000	  -0.00000	  -0.00000	  -0.85373
B         	   2.79715	  -0.00711	   0.00000	   0.30490	   2.83560	   3.58262	   0.00000	   3.58262	   1.20437	   0.00000	   0.00000	   0.00000	  -4.03997
B         	   2.68887	   4.27257	   0.00000	   2.42398	   0.39637	   0.54883	   0.00000	   0.54883	   0.18294	  -0.00000	   0.00000	  -0.00000	  -0.57932
B         	   5.40048	  -4.31452	   0.00000	  -0.13721	   0.12196	  -0.12196	  -0.00000	  -0.12196	   0.07623	   0.00000	  -0.00000	   0.00000	  -0.19819
B         	   5.43746	  -0.01544	   0.00000	   2.33251	   0.60981	   0.41162	  -0.00000	   0.41162	  -0.10672	  -0.00000	  -0.00000	  -0.00000	  -0.50309
B         	   5.38923	   4.27165	   0.00000	  -0.01525	   0.07623	   0.10672	   0.00000	   0.10672	   0.07623	   0.00000	   0.00000	   0.00000	  -0.13721
B         	   8.08393	  -4.31781	   0.00000	  -0.01525	   0.07623	  -0.03049	   0.00000	  -0.03049	  -0.01525	   0.00000	   0.00000	   0.00000	  -0.06098
B         	   8.09651	  -0.02229	   0.00000	   0.18294	   0.15245	   0.03049	   0.00000	   0.03049	  -0.06098	  -0.00000	   0.00000	  -0.00000	  -0.09147
B         	   8.07943	   4.26674	   0.00000	   0.00000	   0.06098	   0.01525	  -0.00000	   0.01525	  -0.00000	   0.00000	  -0.00000	   0.00000	  -0.06098
B         	  10.76472	  -4.31756	   0.00000	   0.00000	   0.06098	  -0.00000	   0.00000	  -0.00000	  -0.01525	  -0.00000	   0.00000	  -0.00000	  -0.04574
B         	  10.76859	  -0.02577	   0.00000	   0.00000	   0.07623	   0.00000	   0.00000	   0.00000	  -0.03049	  -0.00000	   0.00000	  -0.00000	  -0.04574
B         	  10.76335	   4.26318	   0.00000	   0.00000	   0.06098	   0.00000	   0.00000	   0.00000	  -0.01525	   0.00000	   0.00000	   0.00000	  -0.04574
B         	 -12.10528	  -2.17204	   0.00000	   0.00000	   0.06098	  -0.00000	  -0.00000	  -0.00000	  -0.01525	  -0.00000	  -0.00000	  -0.00000	  -0.03049
B         	 -12.10528	   2.11864	   0.00000	   0.00000	   0.07623	   0.00000	  -0.00000	   0.00000	  -0.03049	  -0.00000	  -0.00000	  -0.00000	  -0.04574
B         	 -12.10528	   6.40588	   0.00000	   0.00000	   0.06098	  -0.00000	   0.00000	  -0.00000	  -0.03049	   0.00000	   0.00000	   0.00000	  -0.04574
B         	  -9.42792	  -2.17153	   0.00000	   0.00000	   0.06098	   0.00000	  -0.00000	   0.00000	  -0.01525	   0.00000	  -0.00000	   0.00000	  -0.04574
B         	  -9.42545	   2.12129	   0.00000	   0.00000	   0.09147	   0.01525	  -0.00000	   0.01525	  -0.03049	  -0.00000	  -0.00000	  -0.00000	  -0.04574
B         	  -9.42238	   6.40688	   0.00000	   0.00000	   0.07623	  -0.01525	   0.00000	  -0.01525	  -0.03049	   0.00000	   0.00000	   0.00000	  -0.04574
B         	  -6.75246	  -2.17013	   0.00000	  -0.01525	   0.04574	   0.00000	  -0.00000	   0.00000	   0.03049	   0.00000	  -0.00000	   0.00000	  -0.07623
B         	  -6.74292	   2.12751	   0.00000	  -0.09147	   0.19819	   0.07623	  -0.00000	   0.07623	  -0.04574	   0.00000	  -0.00000	   0.00000	  -0.15245
B         	  -6.73676	   6.40949	   0.00000	  -0.03049	   0.13721	  -0.07623	   0.00000	  -0.07623	  -0.03049	   0.00000	   0.00000	   0.00000	  -0.10672
B         	  -4.07828	  -2.16423	   0.00000	   0.21343	  -0.06098	  -0.06098	   0.00000	  -0.06098	   0.25917	   0.00000	   0.00000	   0.00000	  -0.21343
B         	  -4.05341	   2.13442	   0.00000	  -1.63123	   0.88422	   0.56407	  -0.00000	   0.56407	   0.04574	   0.00000	  -0.00000	   0.00000	  -0.92996
B         	  -4.04297	   6.41487	   0.00000	  -1.03667	   0.35064	  -0.30490	   0.00000	  -0.30490	   0.09147	   0.00000	   0.00000	   0.00000	  -0.44211
B         	  -1.37018	  -2.12965	   0.00000	  -0.07623	  -0.18294	  -0.01525	   0.00000	  -0.01525	   0.42687	   0.00000	   0.00000	   0.00000	  -0.24392
B         	  -1.33444	   2.09480	   0.00000	  -5.35106	  -1.29584	  -2.08859	  -0.00000	  -2.08859	   6.14381	   0.00000	  -0.00000	   0.00000	  -4.84797
B         	  -1.34360	  -6.43616	   0.00000	  -4.93944	   4.37537	  -2.16482	   0.00000	  -2.16482	  -0.35064	   0.00000	   0.00000	   0.00000	  -4.02473
B         	   1.37018	  -2.12965	   0.00000	  -0.07623	  -0.18294	   0.01525	  -0.00000	   0.01525	   0.42687	   0.00000	  -0.00000	   0.00000	  -0.24392
B         	   1.33444	   2.09480	   0.00000	  -5.35106	  -1.29584	   2.08859	   0.00000	   2.08859	   6.14381	   0.00000	   0.00000	   0.00000	  -4.84797
B         	   1.34360	  -6.43616	   0.00000	  -4.93944	   4.37537	   2.16482	   0.00000	   2.16482	  -0.35064	   0.00000	   0.00000	   0.00000	  -4.02473
B         	   4.07828	  -2.16423	   0.00000	   0.21343	  -0.06098	   0.06098	  -0.00000	   0.06098	   0.25917	   0.00000	  -0.00000	   0.00000	  -0.21343
B         	   4.05341	   2.13442	   0.00000	  -1.63123	   0.88422	  -0.56407	   0.00000	  -0.56407	   0.04574	  -0.00000	   0.00000	  -0.00000	  -0.92996
B         	   4.04297	   6.41487	   0.00000	  -1.03667	   0.35064	   0.30490	   0.00000	   0.30490	   0.09147	  -0.00000	   0.00000	  -0.00000	  -0.44211
B         	   6.75246	  -2.17013	   0.00000	  -0.01525	   0.04574	  -0.00000	   0.00000	  -0.00000	   0.03049	   0.00000	   0.00000	   0.00000	  -0.07623
B         	   6.74292	   2.12751	   0.00000	  -0.09147	   0.19819	  -0.07623	  -0.00000	  -0.07623	  -0.04574	   0.00000	  -0.00000	   0.00000	  -0.15245
B         	   6.73676	   6.40949	   0.00000	  -0.03049	   0.13721	   0.07623	   0.00000	   0.07623	  -0.03049	  -0.00000	   0.00000	  -0.00000	  -0.10672
B         	   9.42792	  -2.17153	   0.00000	   0.00000	   0.06098	  -0.00000	   0.00000	  -0.00000	  -0.01525	   0.00000	   0.00000	   0.00000	  -0.04574
B         	   9.42545	   2.12129	   0.00000	   0.00000	   0.09147	  -0.01525	  -0.00000	  -0.01525	  -0.03049	  -0.00000	  -0.00000	  -0.00000	  -0.04574
B         	   9.42238	   6.40688	   0.00000	   0.00000	   0.07623	   0.01525	   0.00000	   0.01525	  -0.03049	  -0.00000	   0.00000	  -0.00000	  -0.04574
N         	 -10.76820	  -2.86901	   0.00000	   0.00000	   0.07623	   0.00000	   0.00000	   0.00000	  -0.03049	  -0.00000	   0.00000	  -0.00000	  -0.04574
N         	 -10.76807	   1.42352	   0.00000	  -0.00000	   0.07623	  -0.00000	  -0.00000	  -0.00000	  -0.03049	   0.00000	  -0.00000	   0.00000	  -0.04574
N         	 -10.76583	   5.71170	   0.00000	   0.00000	   0.06098	  -0.00000	  -0.00000	  -0.00000	  -0.01525	  -0.00000	  -0.00000	  -0.00000	  -0.04574
N         	  -8.09500	  -2.86930	   0.00000	   0.04574	   0.10672	   0.04574	   0.00000	   0.04574	  -0.03049	   0.00000	   0.00000	   0.00000	  -0.07623
N         	  -8.09408	   1.42770	   0.00000	  -0.01525	   0.12196	  -0.03049	  -0.00000	  -0.03049	  -0.04574	   0.00000	  -0.00000	   0.00000	  -0.07623
N         	  -8.08546	   5.71484	   0.00000	   0.00000	   0.06098	  -0.00000	   0.00000	  -0.00000	   0.00000	   0.00000	   0.00000	   0.00000	  -0.06098
N         	  -5.42231	  -2.86941	   0.00000	   0.77750	   0.28966	   0.38113	   0.00000	   0.38113	   0.04574	   0.00000	   0.00000	   0.00000	  -0.33539
N         	  -5.42037	   1.43641	   0.00000	  -0.22868	   0.28966	  -0.12196	  -0.00000	  -0.12196	  -0.03049	   0.00000	  -0.00000	   0.00000	  -0.25917
N         	  -5.39798	   5.72099	   0.00000	   0.04574	   0.00000	   0.01525	   0.00000	   0.01525	   0.15245	   0.00000	   0.00000	   0.00000	  -0.15245
N         	  -2.74305	  -2.86693	   0.00000	  38.21968	   1.58550	   8.82696	  -0.00000	   8.82696	   4.22292	   0.00000	  -0.00000	   0.00000	  -5.80842
N         	  -2.74319	   1.44593	   0.00000	  -0.70128	  -0.67079	   0.50309	   0.00000	   0.50309	   3.62835	   0.00000	   0.00000	   0.00000	  -2.97281
N         	  -2.69713	   5.72918	   0.00000	   1.69222	  -0.13721	  -0.25917	  -0.00000	  -0.25917	   0.50309	  -0.00000	  -0.00000	  -0.00000	  -0.36588
N         	   0.00000	  -2.81738	   0.00000	   5.64072	   3.24722	   0.00000	  -0.00000	   0.00000	  -0.01525	   0.00000	  -0.00000	   0.00000	  -3.21673
N         	   0.00000	   5.73252	   0.00000	   0.01525	  -0.21343	   0.00000	  -0.00000	   0.00000	   0.54883	   0.00000	  -0.00000	   0.00000	  -0.32015
N         	   2.74305	  -2.86693	   0.00000	  38.21968	   1.58550	  -8.82696	   0.00000	  -8.82696	   4.22292	  -0.00000	   0.00000	  -0.00000	  -5.80842
N         	   2.74319	   1.44593	   0.00000	  -0.70128	  -0.67079	  -0.50309	   0.00000	  -0.50309	   3.62835	   0.00000	   0.00000	   0.00000	  -2.97281
N         	   2.69713	   5.72918	   0.00000	   1.69222	  -0.13721	   0.25917	   0.00000	   0.25917	   0.50309	  -0.00000	   0.00000	  -0.00000	  -0.36588
N         	   5.42231	  -2.86941	   0.00000	   0.77750	   0.28966	  -0.38113	   0.00000	  -0.38113	   0.04574	  -0.00000	   0.00000	  -0.00000	  -0.33539
N         	   5.42037	   1.43641	   0.00000	  -0.22868	   0.28966	   0.12196	  -0.00000	   0.12196	  -0.03049	  -0.00000	  -0.00000	  -0.00000	  -0.25917
N         	   5.39798	   5.72099	   0.00000	   0.04574	   0.00000	  -0.01525	   0.00000	  -0.01525	   0.15245	  -0.00000	   0.00000	  -0.00000	  -0.15245
N         	   8.09500	  -2.86930	   0.00000	   0.04574	   0.10672	  -0.04574	  -0.00000	  -0.04574	  -0.03049	   0.00000	  -0.00000	   0.00000	  -0.07623
N         	   8.09408	   1.42770	   0.00000	  -0.01525	   0.12196	   0.03049	  -0.00000	   0.03049	  -0.04574	  -0.00000	  -0.00000	  -0.00000	  -0.07623
N         	   8.08546	   5.71484	   0.00000	   0.00000	   0.06098	   0.00000	  -0.00000	   0.00000	   0.00000	   0.00000	  -0.00000	   0.00000	  -0.06098
N         	  10.76820	  -2.86901	   0.00000	   0.00000	   0.07623	  -0.00000	   0.00000	  -0.00000	  -0.03049	  -0.00000	   0.00000	  -0.00000	  -0.04574
N         	  10.76807	   1.42352	   0.00000	  -0.00000	   0.07623	   0.00000	  -0.00000	   0.00000	  -0.03049	  -0.00000	  -0.00000	  -0.00000	  -0.04574
N         	  10.76583	   5.71170	   0.00000	   0.00000	   0.06098	   0.00000	  -0.00000	   0.00000	  -0.01525	   0.00000	  -0.00000	   0.00000	  -0.04574
N         	 -12.10528	  -5.01369	   0.00000	   0.00000	   0.06098	  -0.00000	  -0.00000	  -0.00000	  -0.01525	   0.00000	  -0.00000	   0.00000	  -0.04574
N         	 -12.10528	  -0.72313	   0.00000	   0.00000	   0.07623	   0.00000	  -0.00000	   0.00000	  -0.03049	  -0.00000	  -0.00000	  -0.00000	  -0.04574
N         	 -12.10528	   3.56789	   0.00000	   0.00000	   0.06098	   0.00000	  -0.00000	   0.00000	  -0.03049	   0.00000	  -0.00000	   0.00000	  -0.04574
N         	  -9.42781	  -5.01334	   0.00000	   0.00000	   0.06098	   0.01525	  -0.00000	   0.01525	  -0.01525	  -0.00000	  -0.00000	  -0.00000	  -0.04574
N         	  -9.43602	  -0.72222	   0.00000	   0.06098	   0.10672	   0.01525	  -0.00000	   0.01525	  -0.04574	  -0.00000	  -0.00000	  -0.00000	  -0.06098
N         	  -9.42667	   3.57033	   0.00000	   0.00000	   0.06098	  -0.01525	   0.00000	  -0.01525	  -0.01525	   0.00000	   0.00000	   0.00000	  -0.04574
N         	  -6.74784	  -5.01187	   0.00000	   0.06098	   0.06098	   0.06098	  -0.00000	   0.06098	   0.03049	   0.00000	  -0.00000	   0.00000	  -0.09147
N         	  -6.77421	  -0.72016	   0.00000	   1.23486	   0.50309	   0.13721	   0.00000	   0.13721	  -0.22868	  -0.00000	   0.00000	  -0.00000	  -0.27441
N         	  -6.74551	   3.57731	   0.00000	  -0.01525	   0.09147	  -0.06098	   0.00000	  -0.06098	   0.01525	   0.00000	   0.00000	   0.00000	  -0.09147
N         	  -4.05963	  -5.00707	   0.00000	   2.18006	  -0.00000	   0.68603	  -0.00000	   0.68603	   0.57932	   0.00000	  -0.00000	   0.00000	  -0.57932
N         	  -4.13685	  -0.71774	   0.00000	  22.66959	   6.15906	   3.41492	   0.00000	   3.41492	  -2.54595	   0.00000	   0.00000	   0.00000	  -3.61311
N         	  -4.05661	   3.58812	   0.00000	   0.38113	   0.07623	  -0.28966	  -0.00000	  -0.28966	   0.27441	  -0.00000	  -0.00000	  -0.00000	  -0.35064
N         	  -1.35131	  -4.98470	   0.00000	  -0.03049	  -0.10672	   0.12196	   0.00000	   0.12196	   0.53358	   0.00000	   0.00000	   0.00000	  -0.42687
N         	  -1.35418	   3.58185	   0.00000	  23.50808	  -2.28678	  -3.20149	   0.00000	  -3.20149	   5.71694	  -0.00000	   0.00000	  -0.00000	  -3.43017
N         	   1.35131	  -4.98470	   0.00000	  -0.03049	  -0.10672	  -0.12196	  -0.00000	  -0.12196	   0.53358	   0.00000	  -0.00000	   0.00000	  -0.42687
N         	   1.35418	   3.58185	   0.00000	  23.50808	  -2.28678	   3.20149	  -0.00000	   3.20149	   5.71694	  -0.00000	  -0.00000	  -0.00000	  -3.43017
N         	   4.05963	  -5.00707	   0.00000	   2.18006	  -0.00000	  -0.68603	  -0.00000	  -0.68603	   0.57932	   0.00000	  -0.00000	   0.00000	  -0.57932
N         	   4.13685	  -0.71774	   0.00000	  22.66959	   6.15906	  -3.41492	   0.00000	  -3.41492	  -2.54595	  -0.00000	   0.00000	  -0.00000	  -3.61311
N         	   4.05661	   3.58812	   0.00000	   0.38113	   0.07623	   0.28966	   0.00000	   0.28966	   0.27441	   0.00000	   0.00000	   0.00000	  -0.35064
N         	   6.74784	  -5.01187	   0.00000	   0.06098	   0.06098	  -0.06098	   0.00000	  -0.06098	   0.03049	   0.00000	   0.00000	   0.00000	  -0.09147
N         	   6.77421	  -0.72016	   0.00000	   1.23486	   0.50309	  -0.13721	   0.00000	  -0.13721	  -0.22868	   0.00000	   0.00000	   0.00000	  -0.27441
N         	   6.74551	   3.57731	   0.00000	  -0.01525	   0.09147	   0.06098	  -0.00000	   0.06098	   0.01525	   0.00000	  -0.00000	   0.00000	  -0.09147
N         	   9.42781	  -5.01334	   0.00000	   0.00000	   0.06098	  -0.01525	   0.00000	  -0.01525	  -0.01525	  -0.00000	   0.00000	  -0.00000	  -0.04574
N         	   9.43602	  -0.72222	   0.00000	   0.06098	   0.10672	  -0.01525	  -0.00000	  -0.01525	  -0.04574	   0.00000	  -0.00000	   0.00000	  -0.06098
N         	   9.42667	   3.57033	   0.00000	   0.00000	   0.06098	   0.01525	  -0.00000	   0.01525	  -0.01525	   0.00000	  -0.00000	   0.00000	  -0.04574
N         	   1.60017	  -0.75904	   0.00000	 240.27938	  72.81101	-114.36939	   0.00000	-114.36939	   0.27441	   0.00000	   0.00000	   0.00000	 -73.08542
N         	  -1.60017	  -0.75904	   0.00000	 240.27938	  72.81101	 114.36939	   0.00000	 114.36939	   0.27441	   0.00000	   0.00000	   0.00000	 -73.08542
N         	   0.00000	   1.51808	   0.00000	 252.79568	 -69.16741	   0.00000	  -0.00000	   0.00000	 131.48973	   0.00000	  -0.00000	   0.00000	 -62.32232
