--------------------------------------------------------------------------------------------------------------------------------------------------------------------------
  AtomName	    r_1i_X	    r_1i_Y	    r_1i_Z	     EFGxx	     EFGxy	     EFGxz	     EFGyx	     EFGyy	     EFGyz	     EFGzx	     EFGzy	     EFGzz	[Hatree/Bohr_radius^2]
--------------------------------------------------------------------------------------------------------------------------------------------------------------------------
10B  eQ___:	  8.459000	[Q/milibarn]*(10^-1)
11B  eQ___:	  4.059000	[Q/milibarn]*(10^-1)
14N  eQ___:	  2.044000	[Q/milibarn]*(10^-1)
15N  eQ___:	  0.000000	[Q/milibarn]*(10^-1)
10B  etc____:	---       	---       	---       	  -0.14762	  -0.00000	  -0.00000	  -0.00000	  -0.18555	  -0.00000	  -0.00000	  -0.00000	   0.33318
11B  etc____:	---       	---       	---       	  -0.14762	  -0.00000	  -0.00000	  -0.00000	  -0.18555	  -0.00000	  -0.00000	  -0.00000	   0.33318
14N  etc____:	---       	---       	---       	   0.16513	   0.00000	  -0.00000	   0.00000	  -0.10724	  -0.00000	  -0.00000	  -0.00000	  -0.05789
15N  etc____:	---       	---       	---       	   0.16513	   0.00000	  -0.00000	   0.00000	  -0.10724	  -0.00000	  -0.00000	  -0.00000	  -0.05789
MinDif[A]:	 -12.10528	  -6.43616	   0.00000
MaxDif[A]:	  10.76859	   6.41487	   0.00000
--------------------------------------------------------------------------------------------------------------------------------------------------------------------------
B         	 -10.76472	  -4.31756	   0.00000	  -0.14688	   0.00321	   0.00000	   0.00321	  -0.18619	   0.00000	   0.00000	   0.00000	   0.33307
B         	 -10.76859	  -0.02577	   0.00000	  -0.14831	   0.00344	   0.00000	   0.00344	  -0.18591	   0.00000	   0.00000	   0.00000	   0.33423
B         	 -10.76335	   4.26318	   0.00000	  -0.14795	   0.00424	  -0.00000	   0.00424	  -0.18542	   0.00000	  -0.00000	   0.00000	   0.33337
B         	  -8.08393	  -4.31781	   0.00000	  -0.14627	   0.00869	  -0.00000	   0.00869	  -0.18604	  -0.00000	  -0.00000	  -0.00000	   0.33232
B         	  -8.09651	  -0.02229	   0.00000	  -0.14881	   0.01217	   0.00000	   0.01217	  -0.18592	   0.00000	   0.00000	   0.00000	   0.33473
B         	  -8.07943	   4.26674	   0.00000	  -0.14782	   0.01170	   0.00000	   0.01170	  -0.18501	  -0.00000	   0.00000	  -0.00000	   0.33283
B         	  -5.40048	  -4.31452	   0.00000	  -0.14056	   0.01213	  -0.00000	   0.01213	  -0.18919	   0.00000	  -0.00000	   0.00000	   0.32975
B         	  -5.43746	  -0.01544	   0.00000	  -0.15062	   0.02305	   0.00000	   0.02305	  -0.18560	  -0.00000	   0.00000	  -0.00000	   0.33621
B         	  -5.38923	   4.27165	   0.00000	  -0.14893	   0.01883	   0.00000	   0.01883	  -0.18216	  -0.00000	   0.00000	  -0.00000	   0.33109
B         	  -2.70906	  -4.30249	   0.00000	  -0.12903	   0.01299	  -0.00000	   0.01299	  -0.19643	  -0.00000	  -0.00000	  -0.00000	   0.32547
B         	  -2.79715	  -0.00711	   0.00000	  -0.13365	   0.05392	  -0.00000	   0.05392	  -0.19430	   0.00000	  -0.00000	   0.00000	   0.32795
B         	  -2.68887	   4.27257	   0.00000	  -0.15078	   0.02016	  -0.00000	   0.02016	  -0.17598	   0.00000	  -0.00000	   0.00000	   0.32678
B         	   0.00000	  -4.26474	   0.00000	  -0.11923	   0.00000	   0.00000	   0.00000	  -0.20019	  -0.00000	   0.00000	  -0.00000	   0.31942
B         	   0.00000	   4.27098	   0.00000	  -0.15379	   0.00000	   0.00000	   0.00000	  -0.16987	   0.00000	   0.00000	   0.00000	   0.32366
B         	   2.70906	  -4.30249	   0.00000	  -0.12903	  -0.01299	   0.00000	  -0.01299	  -0.19643	   0.00000	   0.00000	   0.00000	   0.32547
B         	   2.79715	  -0.00711	   0.00000	  -0.13365	  -0.05392	   0.00000	  -0.05392	  -0.19430	   0.00000	   0.00000	   0.00000	   0.32795
B         	   2.68887	   4.27257	   0.00000	  -0.15078	  -0.02016	  -0.00000	  -0.02016	  -0.17598	  -0.00000	  -0.00000	  -0.00000	   0.32678
B         	   5.40048	  -4.31452	   0.00000	  -0.14056	  -0.01213	  -0.00000	  -0.01213	  -0.18919	   0.00000	  -0.00000	   0.00000	   0.32975
B         	   5.43746	  -0.01544	   0.00000	  -0.15062	  -0.02305	  -0.00000	  -0.02305	  -0.18560	  -0.00000	  -0.00000	  -0.00000	   0.33621
B         	   5.38923	   4.27165	   0.00000	  -0.14893	  -0.01883	  -0.00000	  -0.01883	  -0.18216	   0.00000	  -0.00000	   0.00000	   0.33109
B         	   8.08393	  -4.31781	   0.00000	  -0.14627	  -0.00869	  -0.00000	  -0.00869	  -0.18604	  -0.00000	  -0.00000	  -0.00000	   0.33232
B         	   8.09651	  -0.02229	   0.00000	  -0.14881	  -0.01217	  -0.00000	  -0.01217	  -0.18592	   0.00000	  -0.00000	   0.00000	   0.33473
B         	   8.07943	   4.26674	   0.00000	  -0.14782	  -0.01170	  -0.00000	  -0.01170	  -0.18501	  -0.00000	  -0.00000	  -0.00000	   0.33283
B         	  10.76472	  -4.31756	   0.00000	  -0.14688	  -0.00321	  -0.00000	  -0.00321	  -0.18619	  -0.00000	  -0.00000	  -0.00000	   0.33307
B         	  10.76859	  -0.02577	   0.00000	  -0.14831	  -0.00344	   0.00000	  -0.00344	  -0.18591	   0.00000	   0.00000	   0.00000	   0.33423
B         	  10.76335	   4.26318	   0.00000	  -0.14795	  -0.00424	  -0.00000	  -0.00424	  -0.18542	   0.00000	  -0.00000	   0.00000	   0.33337
B         	 -12.10528	  -2.17204	   0.00000	  -0.14734	  -0.00000	  -0.00000	  -0.00000	  -0.18612	   0.00000	  -0.00000	   0.00000	   0.33345
B         	 -12.10528	   2.11864	   0.00000	  -0.14845	  -0.00000	   0.00000	  -0.00000	  -0.18535	   0.00000	   0.00000	   0.00000	   0.33379
B         	 -12.10528	   6.40588	   0.00000	  -0.14762	  -0.00000	  -0.00000	  -0.00000	  -0.18555	  -0.00000	  -0.00000	  -0.00000	   0.33318
B         	  -9.42792	  -2.17153	   0.00000	  -0.14713	   0.00685	  -0.00000	   0.00685	  -0.18609	   0.00000	  -0.00000	   0.00000	   0.33322
B         	  -9.42545	   2.12129	   0.00000	  -0.14831	   0.00881	  -0.00000	   0.00881	  -0.18527	   0.00000	  -0.00000	   0.00000	   0.33358
B         	  -9.42238	   6.40688	   0.00000	  -0.14724	   0.00640	   0.00000	   0.00640	  -0.18568	   0.00000	   0.00000	   0.00000	   0.33292
B         	  -6.75246	  -2.17013	   0.00000	  -0.14615	   0.01351	  -0.00000	   0.01351	  -0.18565	  -0.00000	  -0.00000	  -0.00000	   0.33180
B         	  -6.74292	   2.12751	   0.00000	  -0.14923	   0.02037	   0.00000	   0.02037	  -0.18334	  -0.00000	   0.00000	  -0.00000	   0.33257
B         	  -6.73676	   6.40949	   0.00000	  -0.14574	   0.01125	  -0.00000	   0.01125	  -0.18617	  -0.00000	  -0.00000	  -0.00000	   0.33191
B         	  -4.07828	  -2.16423	   0.00000	  -0.13707	   0.02010	  -0.00000	   0.02010	  -0.18742	  -0.00000	  -0.00000	  -0.00000	   0.32450
B         	  -4.05341	   2.13442	   0.00000	  -0.15235	   0.03522	   0.00000	   0.03522	  -0.17520	  -0.00000	   0.00000	  -0.00000	   0.32755
B         	  -4.04297	   6.41487	   0.00000	  -0.14285	   0.01275	   0.00000	   0.01275	  -0.18724	   0.00000	   0.00000	   0.00000	   0.33009
B         	  -1.37018	  -2.12965	   0.00000	  -0.09409	   0.05987	   0.00000	   0.05987	  -0.20439	   0.00000	   0.00000	   0.00000	   0.29848
B         	  -1.33444	   2.09480	   0.00000	  -0.18135	   0.03451	  -0.00000	   0.03451	  -0.12333	  -0.00000	  -0.00000	  -0.00000	   0.30467
B         	  -1.34360	  -6.43616	   0.00000	  -0.13916	   0.00780	  -0.00000	   0.00780	  -0.18713	  -0.00000	  -0.00000	  -0.00000	   0.32629
B         	   1.37018	  -2.12965	   0.00000	  -0.09409	  -0.05987	  -0.00000	  -0.05987	  -0.20439	   0.00000	  -0.00000	   0.00000	   0.29848
B         	   1.33444	   2.09480	   0.00000	  -0.18135	  -0.03451	   0.00000	  -0.03451	  -0.12333	   0.00000	   0.00000	   0.00000	   0.30467
B         	   1.34360	  -6.43616	   0.00000	  -0.13916	  -0.00780	   0.00000	  -0.00780	  -0.18713	  -0.00000	   0.00000	  -0.00000	   0.32629
B         	   4.07828	  -2.16423	   0.00000	  -0.13707	  -0.02010	  -0.00000	  -0.02010	  -0.18742	  -0.00000	  -0.00000	  -0.00000	   0.32450
B         	   4.05341	   2.13442	   0.00000	  -0.15235	  -0.03522	   0.00000	  -0.03522	  -0.17520	   0.00000	   0.00000	   0.00000	   0.32755
B         	   4.04297	   6.41487	   0.00000	  -0.14285	  -0.01275	  -0.00000	  -0.01275	  -0.18724	   0.00000	  -0.00000	   0.00000	   0.33009
B         	   6.75246	  -2.17013	   0.00000	  -0.14615	  -0.01351	   0.00000	  -0.01351	  -0.18565	   0.00000	   0.00000	   0.00000	   0.33180
B         	   6.74292	   2.12751	   0.00000	  -0.14923	  -0.02037	   0.00000	  -0.02037	  -0.18334	   0.00000	   0.00000	   0.00000	   0.33257
B         	   6.73676	   6.40949	   0.00000	  -0.14574	  -0.01125	   0.00000	  -0.01125	  -0.18617	  -0.00000	   0.00000	  -0.00000	   0.33191
B         	   9.42792	  -2.17153	   0.00000	  -0.14713	  -0.00685	   0.00000	  -0.00685	  -0.18609	   0.00000	   0.00000	   0.00000	   0.33322
B         	   9.42545	   2.12129	   0.00000	  -0.14831	  -0.00881	   0.00000	  -0.00881	  -0.18527	   0.00000	   0.00000	   0.00000	   0.33358
B         	   9.42238	   6.40688	   0.00000	  -0.14724	  -0.00640	  -0.00000	  -0.00640	  -0.18568	  -0.00000	  -0.00000	  -0.00000	   0.33292
N         	 -10.76820	  -2.86901	   0.00000	   0.16001	  -0.00331	  -0.00000	  -0.00331	  -0.10454	   0.00000	  -0.00000	   0.00000	  -0.05547
N         	 -10.76807	   1.42352	   0.00000	   0.16281	   0.00164	  -0.00000	   0.00164	  -0.10233	   0.00000	  -0.00000	   0.00000	  -0.06048
N         	 -10.76583	   5.71170	   0.00000	   0.16869	  -0.00099	  -0.00000	  -0.00099	  -0.10910	   0.00000	  -0.00000	   0.00000	  -0.05958
N         	  -8.09500	  -2.86930	   0.00000	   0.15703	  -0.01086	  -0.00000	  -0.01086	  -0.10463	   0.00000	  -0.00000	   0.00000	  -0.05240
N         	  -8.09408	   1.42770	   0.00000	   0.16372	   0.00546	  -0.00000	   0.00546	  -0.10067	   0.00000	  -0.00000	   0.00000	  -0.06306
N         	  -8.08546	   5.71484	   0.00000	   0.17300	  -0.00211	   0.00000	  -0.00211	  -0.11283	  -0.00000	   0.00000	  -0.00000	  -0.06016
N         	  -5.42231	  -2.86941	   0.00000	   0.15571	  -0.02270	  -0.00000	  -0.02270	  -0.10876	   0.00000	  -0.00000	   0.00000	  -0.04695
N         	  -5.42037	   1.43641	   0.00000	   0.16970	   0.01860	   0.00000	   0.01860	  -0.09810	   0.00000	   0.00000	   0.00000	  -0.07158
N         	  -5.39798	   5.72099	   0.00000	   0.18301	  -0.00157	  -0.00000	  -0.00157	  -0.11900	   0.00000	  -0.00000	   0.00000	  -0.06401
N         	  -2.74305	  -2.86693	   0.00000	   0.19880	   0.00960	  -0.00000	   0.00960	  -0.10638	  -0.00000	  -0.00000	  -0.00000	  -0.09242
N         	  -2.74319	   1.44593	   0.00000	   0.19214	   0.04760	   0.00000	   0.04760	  -0.08912	  -0.00000	   0.00000	  -0.00000	  -0.10302
N         	  -2.69713	   5.72918	   0.00000	   0.18879	   0.00051	  -0.00000	   0.00051	  -0.11102	  -0.00000	  -0.00000	  -0.00000	  -0.07777
N         	   0.00000	  -2.81738	   0.00000	   0.24480	   0.00000	  -0.00000	   0.00000	  -0.10589	   0.00000	  -0.00000	   0.00000	  -0.13891
N         	   0.00000	   5.73252	   0.00000	   0.18108	  -0.00000	  -0.00000	  -0.00000	  -0.10482	  -0.00000	  -0.00000	  -0.00000	  -0.07626
N         	   2.74305	  -2.86693	   0.00000	   0.19880	  -0.00960	  -0.00000	  -0.00960	  -0.10638	   0.00000	  -0.00000	   0.00000	  -0.09242
N         	   2.74319	   1.44593	   0.00000	   0.19214	  -0.04760	  -0.00000	  -0.04760	  -0.08912	   0.00000	  -0.00000	   0.00000	  -0.10302
N         	   2.69713	   5.72918	   0.00000	   0.18879	  -0.00051	   0.00000	  -0.00051	  -0.11102	  -0.00000	   0.00000	  -0.00000	  -0.07777
N         	   5.42231	  -2.86941	   0.00000	   0.15571	   0.02270	   0.00000	   0.02270	  -0.10876	  -0.00000	   0.00000	  -0.00000	  -0.04695
N         	   5.42037	   1.43641	   0.00000	   0.16970	  -0.01860	   0.00000	  -0.01860	  -0.09810	   0.00000	   0.00000	   0.00000	  -0.07158
N         	   5.39798	   5.72099	   0.00000	   0.18301	   0.00157	   0.00000	   0.00157	  -0.11900	  -0.00000	   0.00000	  -0.00000	  -0.06401
N         	   8.09500	  -2.86930	   0.00000	   0.15703	   0.01086	   0.00000	   0.01086	  -0.10463	   0.00000	   0.00000	   0.00000	  -0.05240
N         	   8.09408	   1.42770	   0.00000	   0.16372	  -0.00546	   0.00000	  -0.00546	  -0.10067	   0.00000	   0.00000	   0.00000	  -0.06306
N         	   8.08546	   5.71484	   0.00000	   0.17300	   0.00211	   0.00000	   0.00211	  -0.11283	  -0.00000	   0.00000	  -0.00000	  -0.06016
N         	  10.76820	  -2.86901	   0.00000	   0.16001	   0.00331	   0.00000	   0.00331	  -0.10454	   0.00000	   0.00000	   0.00000	  -0.05547
N         	  10.76807	   1.42352	   0.00000	   0.16281	  -0.00164	  -0.00000	  -0.00164	  -0.10233	   0.00000	  -0.00000	   0.00000	  -0.06048
N         	  10.76583	   5.71170	   0.00000	   0.16869	   0.00099	  -0.00000	   0.00099	  -0.10910	  -0.00000	  -0.00000	  -0.00000	  -0.05958
N         	 -12.10528	  -5.01369	   0.00000	   0.16513	   0.00000	  -0.00000	   0.00000	  -0.10724	  -0.00000	  -0.00000	  -0.00000	  -0.05789
N         	 -12.10528	  -0.72313	   0.00000	   0.15546	   0.00000	  -0.00000	   0.00000	  -0.09998	  -0.00000	  -0.00000	  -0.00000	  -0.05549
N         	 -12.10528	   3.56789	   0.00000	   0.16821	   0.00000	  -0.00000	   0.00000	  -0.10647	  -0.00000	  -0.00000	  -0.00000	  -0.06175
N         	  -9.42781	  -5.01334	   0.00000	   0.16581	  -0.00504	   0.00000	  -0.00504	  -0.10926	  -0.00000	   0.00000	  -0.00000	  -0.05654
N         	  -9.43602	  -0.72222	   0.00000	   0.15180	  -0.00364	  -0.00000	  -0.00364	  -0.09772	  -0.00000	  -0.00000	  -0.00000	  -0.05407
N         	  -9.42667	   3.57033	   0.00000	   0.16942	   0.00185	   0.00000	   0.00185	  -0.10730	  -0.00000	   0.00000	  -0.00000	  -0.06212
N         	  -6.74784	  -5.01187	   0.00000	   0.16932	  -0.01005	   0.00000	  -0.01005	  -0.11415	   0.00000	   0.00000	   0.00000	  -0.05517
N         	  -6.77421	  -0.72016	   0.00000	   0.13410	  -0.00860	   0.00000	  -0.00860	  -0.08717	   0.00000	   0.00000	   0.00000	  -0.04693
N         	  -6.74551	   3.57731	   0.00000	   0.17735	   0.00505	  -0.00000	   0.00505	  -0.11082	  -0.00000	  -0.00000	  -0.00000	  -0.06653
N         	  -4.05963	  -5.00707	   0.00000	   0.17947	  -0.01094	   0.00000	  -0.01094	  -0.11449	   0.00000	   0.00000	   0.00000	  -0.06498
N         	  -4.13685	  -0.71774	   0.00000	   0.11369	  -0.00260	  -0.00000	  -0.00260	  -0.07330	  -0.00000	  -0.00000	  -0.00000	  -0.04038
N         	  -4.05661	   3.58812	   0.00000	   0.19054	   0.01048	   0.00000	   0.01048	  -0.11618	  -0.00000	   0.00000	  -0.00000	  -0.07435
N         	  -1.35131	  -4.98470	   0.00000	   0.19310	   0.00920	  -0.00000	   0.00920	  -0.10430	  -0.00000	  -0.00000	  -0.00000	  -0.08880
N         	  -1.35418	   3.58185	   0.00000	   0.17784	  -0.00889	  -0.00000	  -0.00889	  -0.07747	  -0.00000	  -0.00000	  -0.00000	  -0.10037
N         	   1.35131	  -4.98470	   0.00000	   0.19310	  -0.00920	  -0.00000	  -0.00920	  -0.10430	  -0.00000	  -0.00000	  -0.00000	  -0.08880
N         	   1.35418	   3.58185	   0.00000	   0.17784	   0.00889	  -0.00000	   0.00889	  -0.07747	  -0.00000	  -0.00000	  -0.00000	  -0.10037
N         	   4.05963	  -5.00707	   0.00000	   0.17947	   0.01094	  -0.00000	   0.01094	  -0.11449	   0.00000	  -0.00000	   0.00000	  -0.06498
N         	   4.13685	  -0.71774	   0.00000	   0.11369	   0.00260	   0.00000	   0.00260	  -0.07330	  -0.00000	   0.00000	  -0.00000	  -0.04038
N         	   4.05661	   3.58812	   0.00000	   0.19054	  -0.01048	   0.00000	  -0.01048	  -0.11618	   0.00000	   0.00000	   0.00000	  -0.07435
N         	   6.74784	  -5.01187	   0.00000	   0.16932	   0.01005	  -0.00000	   0.01005	  -0.11415	  -0.00000	  -0.00000	  -0.00000	  -0.05517
N         	   6.77421	  -0.72016	   0.00000	   0.13410	   0.00860	  -0.00000	   0.00860	  -0.08717	   0.00000	  -0.00000	   0.00000	  -0.04693
N         	   6.74551	   3.57731	   0.00000	   0.17735	  -0.00505	   0.00000	  -0.00505	  -0.11082	  -0.00000	   0.00000	  -0.00000	  -0.06653
N         	   9.42781	  -5.01334	   0.00000	   0.16581	   0.00504	  -0.00000	   0.00504	  -0.10926	  -0.00000	  -0.00000	  -0.00000	  -0.05654
N         	   9.43602	  -0.72222	   0.00000	   0.15180	   0.00364	  -0.00000	   0.00364	  -0.09772	   0.00000	  -0.00000	   0.00000	  -0.05407
N         	   9.42667	   3.57033	   0.00000	   0.16942	  -0.00185	  -0.00000	  -0.00185	  -0.10730	  -0.00000	  -0.00000	  -0.00000	  -0.06212
N         	   1.60017	  -0.75904	   0.00000	   0.21032	  -0.26638	  -0.00000	  -0.26638	  -0.05762	   0.00000	  -0.00000	   0.00000	  -0.15271
N         	  -1.60017	  -0.75904	   0.00000	   0.21032	   0.26638	   0.00000	   0.26638	  -0.05762	   0.00000	   0.00000	   0.00000	  -0.15271
N         	   0.00000	   1.51808	   0.00000	   0.00136	   0.00000	  -0.00000	   0.00000	   0.23432	   0.00000	  -0.00000	   0.00000	  -0.23568
