--------------------------------------------------------------------------------------------------------------------------------------------------------------------------
  AtomName	    r_1i_X	    r_1i_Y	    r_1i_Z	     EFGxx	     EFGxy	     EFGxz	     EFGyx	     EFGyy	     EFGyz	     EFGzx	     EFGzy	     EFGzz	[Hatree/Bohr_radius^2]
--------------------------------------------------------------------------------------------------------------------------------------------------------------------------
10B  eQ___:	  8.459000	[Q/milibarn]*(10^-1)
11B  eQ___:	  4.059000	[Q/milibarn]*(10^-1)
14N  eQ___:	  2.044000	[Q/milibarn]*(10^-1)
15N  eQ___:	  0.000000	[Q/milibarn]*(10^-1)
10B  etc____:	---       	---       	---       	  -0.16725	   0.00000	   0.00000	   0.00000	  -0.20332	  -0.00000	   0.00000	  -0.00000	   0.37057
11B  etc____:	---       	---       	---       	  -0.16725	   0.00000	   0.00000	   0.00000	  -0.20332	  -0.00000	   0.00000	  -0.00000	   0.37057
14N  etc____:	---       	---       	---       	   0.17065	  -0.00000	  -0.00000	  -0.00000	  -0.10590	  -0.00000	  -0.00000	  -0.00000	  -0.06475
15N  etc____:	---       	---       	---       	   0.17065	  -0.00000	  -0.00000	  -0.00000	  -0.10590	  -0.00000	  -0.00000	  -0.00000	  -0.06475
MinDif[A]:	 -12.10528	  -6.43616	   0.00000
MaxDif[A]:	  10.76859	   6.41487	   0.00000
--------------------------------------------------------------------------------------------------------------------------------------------------------------------------
B         	 -10.76472	  -4.31756	   0.00000	  -0.16719	   0.00314	   0.00000	   0.00314	  -0.20283	  -0.00000	   0.00000	  -0.00000	   0.37002
B         	 -10.76859	  -0.02577	   0.00000	  -0.16770	   0.00400	  -0.00000	   0.00400	  -0.20331	  -0.00000	  -0.00000	  -0.00000	   0.37101
B         	 -10.76335	   4.26318	   0.00000	  -0.16752	   0.00437	   0.00000	   0.00437	  -0.20268	   0.00000	   0.00000	   0.00000	   0.37020
B         	  -8.08393	  -4.31781	   0.00000	  -0.16556	   0.00928	   0.00000	   0.00928	  -0.20376	  -0.00000	   0.00000	  -0.00000	   0.36932
B         	  -8.09651	  -0.02229	   0.00000	  -0.16828	   0.01201	  -0.00000	   0.01201	  -0.20320	   0.00000	  -0.00000	   0.00000	   0.37148
B         	  -8.07943	   4.26674	   0.00000	  -0.16769	   0.01252	   0.00000	   0.01252	  -0.20203	   0.00000	   0.00000	   0.00000	   0.36972
B         	  -5.40048	  -4.31452	   0.00000	  -0.16051	   0.01305	   0.00000	   0.01305	  -0.20673	  -0.00000	   0.00000	  -0.00000	   0.36724
B         	  -5.43746	  -0.01544	   0.00000	  -0.16956	   0.02343	   0.00000	   0.02343	  -0.20305	   0.00000	   0.00000	   0.00000	   0.37261
B         	  -5.38923	   4.27165	   0.00000	  -0.16890	   0.02037	   0.00000	   0.02037	  -0.19941	  -0.00000	   0.00000	  -0.00000	   0.36831
B         	  -2.70906	  -4.30249	   0.00000	  -0.14832	   0.01234	  -0.00000	   0.01234	  -0.21504	  -0.00000	  -0.00000	  -0.00000	   0.36336
B         	  -2.79715	  -0.00711	   0.00000	  -0.14954	   0.04662	   0.00000	   0.04662	  -0.21417	   0.00000	   0.00000	   0.00000	   0.36371
B         	  -2.68887	   4.27257	   0.00000	  -0.17226	   0.02421	  -0.00000	   0.02421	  -0.19241	  -0.00000	  -0.00000	  -0.00000	   0.36468
B         	   0.00000	  -4.26474	   0.00000	  -0.14137	   0.00000	  -0.00000	   0.00000	  -0.21708	   0.00000	  -0.00000	   0.00000	   0.35843
B         	   0.00000	   4.27098	   0.00000	  -0.17856	  -0.00000	  -0.00000	  -0.00000	  -0.18399	  -0.00000	  -0.00000	  -0.00000	   0.36255
B         	   2.70906	  -4.30249	   0.00000	  -0.14832	  -0.01234	   0.00000	  -0.01234	  -0.21504	  -0.00000	   0.00000	  -0.00000	   0.36336
B         	   2.79715	  -0.00711	   0.00000	  -0.14954	  -0.04662	  -0.00000	  -0.04662	  -0.21417	   0.00000	  -0.00000	   0.00000	   0.36371
B         	   2.68887	   4.27257	   0.00000	  -0.17226	  -0.02421	  -0.00000	  -0.02421	  -0.19241	   0.00000	  -0.00000	   0.00000	   0.36468
B         	   5.40048	  -4.31452	   0.00000	  -0.16051	  -0.01305	   0.00000	  -0.01305	  -0.20673	  -0.00000	   0.00000	  -0.00000	   0.36724
B         	   5.43746	  -0.01544	   0.00000	  -0.16956	  -0.02343	   0.00000	  -0.02343	  -0.20305	  -0.00000	   0.00000	  -0.00000	   0.37261
B         	   5.38923	   4.27165	   0.00000	  -0.16890	  -0.02037	   0.00000	  -0.02037	  -0.19941	   0.00000	   0.00000	   0.00000	   0.36831
B         	   8.08393	  -4.31781	   0.00000	  -0.16556	  -0.00928	  -0.00000	  -0.00928	  -0.20376	  -0.00000	  -0.00000	  -0.00000	   0.36932
B         	   8.09651	  -0.02229	   0.00000	  -0.16828	  -0.01201	   0.00000	  -0.01201	  -0.20320	   0.00000	   0.00000	   0.00000	   0.37148
B         	   8.07943	   4.26674	   0.00000	  -0.16769	  -0.01252	  -0.00000	  -0.01252	  -0.20203	   0.00000	  -0.00000	   0.00000	   0.36972
B         	  10.76472	  -4.31756	   0.00000	  -0.16719	  -0.00314	  -0.00000	  -0.00314	  -0.20283	   0.00000	  -0.00000	   0.00000	   0.37002
B         	  10.76859	  -0.02577	   0.00000	  -0.16770	  -0.00400	   0.00000	  -0.00400	  -0.20331	   0.00000	   0.00000	   0.00000	   0.37101
B         	  10.76335	   4.26318	   0.00000	  -0.16752	  -0.00437	   0.00000	  -0.00437	  -0.20268	   0.00000	   0.00000	   0.00000	   0.37020
B         	 -12.10528	  -2.17204	   0.00000	  -0.16730	  -0.00000	  -0.00000	  -0.00000	  -0.20280	  -0.00000	  -0.00000	  -0.00000	   0.37010
B         	 -12.10528	   2.11864	   0.00000	  -0.16708	   0.00000	  -0.00000	   0.00000	  -0.20328	   0.00000	  -0.00000	   0.00000	   0.37037
B         	 -12.10528	   6.40588	   0.00000	  -0.16725	   0.00000	   0.00000	   0.00000	  -0.20332	  -0.00000	   0.00000	  -0.00000	   0.37057
B         	  -9.42792	  -2.17153	   0.00000	  -0.16670	   0.00705	  -0.00000	   0.00705	  -0.20312	   0.00000	  -0.00000	   0.00000	   0.36982
B         	  -9.42545	   2.12129	   0.00000	  -0.16670	   0.00686	   0.00000	   0.00686	  -0.20345	  -0.00000	   0.00000	  -0.00000	   0.37015
B         	  -9.42238	   6.40688	   0.00000	  -0.16798	   0.00930	  -0.00000	   0.00930	  -0.20248	   0.00000	  -0.00000	   0.00000	   0.37046
B         	  -6.75246	  -2.17013	   0.00000	  -0.16552	   0.01280	  -0.00000	   0.01280	  -0.20342	   0.00000	  -0.00000	   0.00000	   0.36895
B         	  -6.74292	   2.12751	   0.00000	  -0.16528	   0.01349	   0.00000	   0.01349	  -0.20355	   0.00000	   0.00000	   0.00000	   0.36883
B         	  -6.73676	   6.40949	   0.00000	  -0.16892	   0.02078	  -0.00000	   0.02078	  -0.20054	  -0.00000	  -0.00000	  -0.00000	   0.36946
B         	  -4.07828	  -2.16423	   0.00000	  -0.16312	   0.01442	   0.00000	   0.01442	  -0.20427	   0.00000	   0.00000	   0.00000	   0.36739
B         	  -4.05341	   2.13442	   0.00000	  -0.15707	   0.02082	  -0.00000	   0.02082	  -0.20536	  -0.00000	  -0.00000	  -0.00000	   0.36243
B         	  -4.04297	   6.41487	   0.00000	  -0.17211	   0.03758	  -0.00000	   0.03758	  -0.19297	   0.00000	  -0.00000	   0.00000	   0.36509
B         	  -1.37018	  -2.12965	   0.00000	  -0.16086	   0.00836	   0.00000	   0.00836	  -0.20350	   0.00000	   0.00000	   0.00000	   0.36436
B         	  -1.33444	   2.09480	   0.00000	  -0.11942	   0.05433	  -0.00000	   0.05433	  -0.21704	   0.00000	  -0.00000	   0.00000	   0.33646
B         	  -1.34360	  -6.43616	   0.00000	  -0.20056	   0.04564	  -0.00000	   0.04564	  -0.14187	  -0.00000	  -0.00000	  -0.00000	   0.34242
B         	   1.37018	  -2.12965	   0.00000	  -0.16086	  -0.00836	  -0.00000	  -0.00836	  -0.20350	   0.00000	  -0.00000	   0.00000	   0.36436
B         	   1.33444	   2.09480	   0.00000	  -0.11942	  -0.05433	   0.00000	  -0.05433	  -0.21704	   0.00000	   0.00000	   0.00000	   0.33646
B         	   1.34360	  -6.43616	   0.00000	  -0.20056	  -0.04564	   0.00000	  -0.04564	  -0.14187	  -0.00000	   0.00000	  -0.00000	   0.34242
B         	   4.07828	  -2.16423	   0.00000	  -0.16312	  -0.01442	  -0.00000	  -0.01442	  -0.20427	   0.00000	  -0.00000	   0.00000	   0.36739
B         	   4.05341	   2.13442	   0.00000	  -0.15707	  -0.02082	   0.00000	  -0.02082	  -0.20536	  -0.00000	   0.00000	  -0.00000	   0.36243
B         	   4.04297	   6.41487	   0.00000	  -0.17211	  -0.03758	  -0.00000	  -0.03758	  -0.19297	  -0.00000	  -0.00000	  -0.00000	   0.36509
B         	   6.75246	  -2.17013	   0.00000	  -0.16552	  -0.01280	   0.00000	  -0.01280	  -0.20342	   0.00000	   0.00000	   0.00000	   0.36895
B         	   6.74292	   2.12751	   0.00000	  -0.16528	  -0.01349	  -0.00000	  -0.01349	  -0.20355	   0.00000	  -0.00000	   0.00000	   0.36883
B         	   6.73676	   6.40949	   0.00000	  -0.16892	  -0.02078	   0.00000	  -0.02078	  -0.20054	  -0.00000	   0.00000	  -0.00000	   0.36946
B         	   9.42792	  -2.17153	   0.00000	  -0.16670	  -0.00705	   0.00000	  -0.00705	  -0.20312	   0.00000	   0.00000	   0.00000	   0.36982
B         	   9.42545	   2.12129	   0.00000	  -0.16670	  -0.00686	  -0.00000	  -0.00686	  -0.20345	  -0.00000	  -0.00000	  -0.00000	   0.37015
B         	   9.42238	   6.40688	   0.00000	  -0.16798	  -0.00930	   0.00000	  -0.00930	  -0.20248	   0.00000	   0.00000	   0.00000	   0.37046
N         	 -10.76820	  -2.86901	   0.00000	   0.16463	  -0.00294	  -0.00000	  -0.00294	  -0.10133	   0.00000	  -0.00000	   0.00000	  -0.06329
N         	 -10.76807	   1.42352	   0.00000	   0.16806	   0.00085	   0.00000	   0.00085	  -0.09977	  -0.00000	   0.00000	  -0.00000	  -0.06829
N         	 -10.76583	   5.71170	   0.00000	   0.17508	  -0.00089	  -0.00000	  -0.00089	  -0.10763	  -0.00000	  -0.00000	  -0.00000	  -0.06745
N         	  -8.09500	  -2.86930	   0.00000	   0.16278	  -0.01165	   0.00000	  -0.01165	  -0.10293	  -0.00000	   0.00000	  -0.00000	  -0.05985
N         	  -8.09408	   1.42770	   0.00000	   0.16825	   0.00550	  -0.00000	   0.00550	  -0.09830	  -0.00000	  -0.00000	  -0.00000	  -0.06995
N         	  -8.08546	   5.71484	   0.00000	   0.17891	  -0.00235	  -0.00000	  -0.00235	  -0.11083	  -0.00000	  -0.00000	  -0.00000	  -0.06807
N         	  -5.42231	  -2.86941	   0.00000	   0.16356	  -0.02508	   0.00000	  -0.02508	  -0.10772	  -0.00000	   0.00000	  -0.00000	  -0.05584
N         	  -5.42037	   1.43641	   0.00000	   0.17383	   0.01691	   0.00000	   0.01691	  -0.09654	   0.00000	   0.00000	   0.00000	  -0.07729
N         	  -5.39798	   5.72099	   0.00000	   0.18826	  -0.00219	  -0.00000	  -0.00219	  -0.11727	   0.00000	  -0.00000	   0.00000	  -0.07099
N         	  -2.74305	  -2.86693	   0.00000	   0.20364	   0.00073	  -0.00000	   0.00073	  -0.10770	  -0.00000	  -0.00000	  -0.00000	  -0.09594
N         	  -2.74319	   1.44593	   0.00000	   0.19349	   0.03934	   0.00000	   0.03934	  -0.09631	  -0.00000	   0.00000	  -0.00000	  -0.09718
N         	  -2.69713	   5.72918	   0.00000	   0.19309	  -0.00079	   0.00000	  -0.00079	  -0.10879	   0.00000	   0.00000	   0.00000	  -0.08429
N         	   0.00000	  -2.81738	   0.00000	   0.23953	   0.00000	  -0.00000	   0.00000	  -0.09658	   0.00000	  -0.00000	   0.00000	  -0.14295
N         	   0.00000	   5.73252	   0.00000	   0.18599	   0.00000	   0.00000	   0.00000	  -0.10125	  -0.00000	   0.00000	  -0.00000	  -0.08473
N         	   2.74305	  -2.86693	   0.00000	   0.20364	  -0.00073	   0.00000	  -0.00073	  -0.10770	  -0.00000	   0.00000	  -0.00000	  -0.09594
N         	   2.74319	   1.44593	   0.00000	   0.19349	  -0.03934	  -0.00000	  -0.03934	  -0.09631	  -0.00000	  -0.00000	  -0.00000	  -0.09718
N         	   2.69713	   5.72918	   0.00000	   0.19309	   0.00079	  -0.00000	   0.00079	  -0.10879	   0.00000	  -0.00000	   0.00000	  -0.08429
N         	   5.42231	  -2.86941	   0.00000	   0.16356	   0.02508	  -0.00000	   0.02508	  -0.10772	  -0.00000	  -0.00000	  -0.00000	  -0.05584
N         	   5.42037	   1.43641	   0.00000	   0.17383	  -0.01691	   0.00000	  -0.01691	  -0.09654	  -0.00000	   0.00000	  -0.00000	  -0.07729
N         	   5.39798	   5.72099	   0.00000	   0.18826	   0.00219	   0.00000	   0.00219	  -0.11727	   0.00000	   0.00000	   0.00000	  -0.07099
N         	   8.09500	  -2.86930	   0.00000	   0.16278	   0.01165	  -0.00000	   0.01165	  -0.10293	  -0.00000	  -0.00000	  -0.00000	  -0.05985
N         	   8.09408	   1.42770	   0.00000	   0.16825	  -0.00550	   0.00000	  -0.00550	  -0.09830	   0.00000	   0.00000	   0.00000	  -0.06995
N         	   8.08546	   5.71484	   0.00000	   0.17891	   0.00235	   0.00000	   0.00235	  -0.11083	  -0.00000	   0.00000	  -0.00000	  -0.06807
N         	  10.76820	  -2.86901	   0.00000	   0.16463	   0.00294	  -0.00000	   0.00294	  -0.10133	   0.00000	  -0.00000	   0.00000	  -0.06329
N         	  10.76807	   1.42352	   0.00000	   0.16806	  -0.00085	   0.00000	  -0.00085	  -0.09977	   0.00000	   0.00000	   0.00000	  -0.06829
N         	  10.76583	   5.71170	   0.00000	   0.17508	   0.00089	   0.00000	   0.00089	  -0.10763	  -0.00000	   0.00000	  -0.00000	  -0.06745
N         	 -12.10528	  -5.01369	   0.00000	   0.17065	  -0.00000	  -0.00000	  -0.00000	  -0.10590	  -0.00000	  -0.00000	  -0.00000	  -0.06475
N         	 -12.10528	  -0.72313	   0.00000	   0.16079	   0.00000	  -0.00000	   0.00000	  -0.09715	   0.00000	  -0.00000	   0.00000	  -0.06365
N         	 -12.10528	   3.56789	   0.00000	   0.17422	   0.00000	   0.00000	   0.00000	  -0.10535	   0.00000	   0.00000	   0.00000	  -0.06888
N         	  -9.42781	  -5.01334	   0.00000	   0.17182	  -0.00505	   0.00000	  -0.00505	  -0.10782	  -0.00000	   0.00000	  -0.00000	  -0.06401
N         	  -9.43602	  -0.72222	   0.00000	   0.15614	  -0.00363	   0.00000	  -0.00363	  -0.09486	   0.00000	   0.00000	   0.00000	  -0.06128
N         	  -9.42667	   3.57033	   0.00000	   0.17528	   0.00163	   0.00000	   0.00163	  -0.10555	   0.00000	   0.00000	   0.00000	  -0.06974
N         	  -6.74784	  -5.01187	   0.00000	   0.17552	  -0.01187	   0.00000	  -0.01187	  -0.11224	  -0.00000	   0.00000	  -0.00000	  -0.06328
N         	  -6.77421	  -0.72016	   0.00000	   0.13990	  -0.00969	  -0.00000	  -0.00969	  -0.08609	  -0.00000	  -0.00000	  -0.00000	  -0.05381
N         	  -6.74551	   3.57731	   0.00000	   0.18207	   0.00527	   0.00000	   0.00527	  -0.10870	  -0.00000	   0.00000	  -0.00000	  -0.07336
N         	  -4.05963	  -5.00707	   0.00000	   0.18484	  -0.01306	   0.00000	  -0.01306	  -0.11252	  -0.00000	   0.00000	  -0.00000	  -0.07232
N         	  -4.13685	  -0.71774	   0.00000	   0.11609	  -0.00811	   0.00000	  -0.00811	  -0.07080	   0.00000	   0.00000	   0.00000	  -0.04530
N         	  -4.05661	   3.58812	   0.00000	   0.19595	   0.00943	  -0.00000	   0.00943	  -0.11709	  -0.00000	  -0.00000	  -0.00000	  -0.07886
N         	  -1.35131	  -4.98470	   0.00000	   0.19582	   0.00820	  -0.00000	   0.00820	  -0.09958	   0.00000	  -0.00000	   0.00000	  -0.09624
N         	  -1.35418	   3.58185	   0.00000	   0.18850	  -0.00943	  -0.00000	  -0.00943	  -0.08986	   0.00000	  -0.00000	   0.00000	  -0.09864
N         	   1.35131	  -4.98470	   0.00000	   0.19582	  -0.00820	  -0.00000	  -0.00820	  -0.09958	   0.00000	  -0.00000	   0.00000	  -0.09624
N         	   1.35418	   3.58185	   0.00000	   0.18850	   0.00943	  -0.00000	   0.00943	  -0.08986	  -0.00000	  -0.00000	  -0.00000	  -0.09864
N         	   4.05963	  -5.00707	   0.00000	   0.18484	   0.01306	   0.00000	   0.01306	  -0.11252	   0.00000	   0.00000	   0.00000	  -0.07232
N         	   4.13685	  -0.71774	   0.00000	   0.11609	   0.00811	  -0.00000	   0.00811	  -0.07080	   0.00000	  -0.00000	   0.00000	  -0.04530
N         	   4.05661	   3.58812	   0.00000	   0.19595	  -0.00943	   0.00000	  -0.00943	  -0.11709	   0.00000	   0.00000	   0.00000	  -0.07886
N         	   6.74784	  -5.01187	   0.00000	   0.17552	   0.01187	   0.00000	   0.01187	  -0.11224	  -0.00000	   0.00000	  -0.00000	  -0.06328
N         	   6.77421	  -0.72016	   0.00000	   0.13990	   0.00969	   0.00000	   0.00969	  -0.08609	  -0.00000	   0.00000	  -0.00000	  -0.05381
N         	   6.74551	   3.57731	   0.00000	   0.18207	  -0.00527	  -0.00000	  -0.00527	  -0.10870	  -0.00000	  -0.00000	  -0.00000	  -0.07336
N         	   9.42781	  -5.01334	   0.00000	   0.17182	   0.00505	  -0.00000	   0.00505	  -0.10782	   0.00000	  -0.00000	   0.00000	  -0.06401
N         	   9.43602	  -0.72222	   0.00000	   0.15614	   0.00363	   0.00000	   0.00363	  -0.09486	   0.00000	   0.00000	   0.00000	  -0.06128
N         	   9.42667	   3.57033	   0.00000	   0.17528	  -0.00163	  -0.00000	  -0.00163	  -0.10555	   0.00000	  -0.00000	   0.00000	  -0.06974
N         	   1.60017	  -0.75904	   0.00000	   0.29324	  -0.35212	  -0.00000	  -0.35212	  -0.04144	  -0.00000	  -0.00000	  -0.00000	  -0.25180
N         	  -1.60017	  -0.75904	   0.00000	   0.29324	   0.35212	   0.00000	   0.35212	  -0.04144	   0.00000	   0.00000	   0.00000	  -0.25180
N         	   0.00000	   1.51808	   0.00000	   0.01339	   0.00000	   0.00000	   0.00000	   0.20109	   0.00000	   0.00000	   0.00000	  -0.21447
