--------------------------------------------------------------------------------------------------------------------------------------------------------------------------
  AtomName	    r_1i_X	    r_1i_Y	    r_1i_Z	  iso[MHz]	       Axx	       Axy	       Axz	       Ayx	       Ayy	       Ayz	       Azx	       Azy	       Azz
--------------------------------------------------------------------------------------------------------------------------------------------------------------------------
10B  g-factor___:   0.600215 [No-unit]
11B  g-factor___:   1.792433 [No-unit]
14N  g-factor___:   0.403761 [No-unit]
15N  g-factor___:  -0.566378 [No-unit]
10B  etc____:	---       	---       	---       	   0.00000
11B  etc____:	---       	---       	---       	   0.00000
14N  etc____:	---       	---       	---       	   0.00000
15N  etc____:	---       	---       	---       	   0.00000
MinDif[A]:	 -12.10528	  -6.43616	   0.00000
MaxDif[A]:	  10.76859	   6.41487	   0.00000
--------------------------------------------------------------------------------------------------------------------------------------------------------------------------
B         	 -10.76472	  -4.31756	   0.00000	  -0.00000	   0.06098	   0.00000	   0.00000	   0.00000	  -0.01525	  -0.00000	   0.00000	  -0.00000	  -0.04574
B         	 -10.76859	  -0.02577	   0.00000	   0.01525	   0.07623	  -0.00000	   0.00000	  -0.00000	  -0.03049	   0.00000	   0.00000	   0.00000	  -0.04574
B         	 -10.76335	   4.26318	   0.00000	  -0.00000	   0.06098	  -0.00000	   0.00000	  -0.00000	  -0.01525	   0.00000	   0.00000	   0.00000	  -0.04574
B         	  -8.08393	  -4.31781	   0.00000	  -0.01525	   0.07623	   0.03049	  -0.00000	   0.03049	  -0.01525	  -0.00000	  -0.00000	  -0.00000	  -0.07623
B         	  -8.09651	  -0.02229	   0.00000	   0.27441	   0.15245	  -0.03049	  -0.00000	  -0.03049	  -0.06098	  -0.00000	  -0.00000	  -0.00000	  -0.09147
B         	  -8.07943	   4.26674	   0.00000	  -0.00000	   0.06098	  -0.01525	   0.00000	  -0.01525	  -0.00000	  -0.00000	   0.00000	  -0.00000	  -0.06098
B         	  -5.40048	  -4.31452	   0.00000	  -0.16770	   0.13721	   0.09147	   0.00000	   0.09147	   0.09147	   0.00000	   0.00000	   0.00000	  -0.21343
B         	  -5.43746	  -0.01544	   0.00000	   2.88134	   0.60981	  -0.42687	   0.00000	  -0.42687	  -0.10672	   0.00000	   0.00000	   0.00000	  -0.51834
B         	  -5.38923	   4.27165	   0.00000	   0.00000	   0.07623	  -0.12196	  -0.00000	  -0.12196	   0.07623	  -0.00000	  -0.00000	  -0.00000	  -0.15245
B         	  -2.70906	  -4.30249	   0.00000	   5.15287	  -0.64030	  -0.00000	  -0.00000	  -0.00000	   1.55501	  -0.00000	  -0.00000	  -0.00000	  -0.91471
B         	  -2.79715	  -0.00711	   0.00000	   2.71364	   2.68315	  -3.09477	   0.00000	  -3.09477	   1.12814	   0.00000	   0.00000	   0.00000	  -3.82654
B         	  -2.68887	   4.27257	   0.00000	   3.70458	   0.54883	  -0.67079	  -0.00000	  -0.67079	   0.13721	  -0.00000	  -0.00000	  -0.00000	  -0.68603
B         	   0.00000	  -4.26474	   0.00000	  -0.56407	  -0.13721	  -0.00000	   0.00000	  -0.00000	   0.70128	   0.00000	   0.00000	   0.00000	  -0.56407
B         	   0.00000	   4.27098	   0.00000	  -0.73177	  -0.32015	  -0.00000	  -0.00000	  -0.00000	   1.23486	   0.00000	  -0.00000	   0.00000	  -0.89947
B         	   2.70906	  -4.30249	   0.00000	   5.15287	  -0.64030	   0.00000	   0.00000	   0.00000	   1.55501	  -0.00000	   0.00000	  -0.00000	  -0.91471
B         	   2.79715	  -0.00711	   0.00000	   2.71364	   2.68315	   3.09477	  -0.00000	   3.09477	   1.12814	   0.00000	  -0.00000	   0.00000	  -3.82654
B         	   2.68887	   4.27257	   0.00000	   3.70458	   0.54883	   0.67079	   0.00000	   0.67079	   0.13721	  -0.00000	   0.00000	  -0.00000	  -0.68603
B         	   5.40048	  -4.31452	   0.00000	  -0.16770	   0.13721	  -0.09147	  -0.00000	  -0.09147	   0.09147	  -0.00000	  -0.00000	  -0.00000	  -0.21343
B         	   5.43746	  -0.01544	   0.00000	   2.88134	   0.60981	   0.42687	   0.00000	   0.42687	  -0.10672	  -0.00000	   0.00000	  -0.00000	  -0.51834
B         	   5.38923	   4.27165	   0.00000	   0.00000	   0.07623	   0.12196	   0.00000	   0.12196	   0.07623	  -0.00000	   0.00000	  -0.00000	  -0.15245
B         	   8.08393	  -4.31781	   0.00000	  -0.01525	   0.07623	  -0.03049	  -0.00000	  -0.03049	  -0.01525	  -0.00000	  -0.00000	  -0.00000	  -0.07623
B         	   8.09651	  -0.02229	   0.00000	   0.27441	   0.15245	   0.03049	  -0.00000	   0.03049	  -0.06098	   0.00000	  -0.00000	   0.00000	  -0.09147
B         	   8.07943	   4.26674	   0.00000	  -0.00000	   0.06098	   0.01525	  -0.00000	   0.01525	  -0.00000	   0.00000	  -0.00000	   0.00000	  -0.06098
B         	  10.76472	  -4.31756	   0.00000	  -0.00000	   0.06098	  -0.00000	   0.00000	  -0.00000	  -0.01525	   0.00000	   0.00000	   0.00000	  -0.04574
B         	  10.76859	  -0.02577	   0.00000	   0.01525	   0.07623	   0.00000	   0.00000	   0.00000	  -0.03049	  -0.00000	   0.00000	  -0.00000	  -0.04574
B         	  10.76335	   4.26318	   0.00000	  -0.00000	   0.06098	   0.00000	   0.00000	   0.00000	  -0.01525	  -0.00000	   0.00000	  -0.00000	  -0.04574
B         	 -12.10528	  -2.17204	   0.00000	  -0.00000	   0.07623	  -0.00000	   0.00000	  -0.00000	  -0.03049	  -0.00000	   0.00000	  -0.00000	  -0.04574
B         	 -12.10528	   2.11864	   0.00000	   0.00000	   0.06098	   0.00000	  -0.00000	   0.00000	  -0.03049	   0.00000	  -0.00000	   0.00000	  -0.04574
B         	 -12.10528	   6.40588	   0.00000	  -0.00000	   0.06098	   0.00000	   0.00000	   0.00000	  -0.01525	   0.00000	   0.00000	   0.00000	  -0.03049
B         	  -9.42792	  -2.17153	   0.00000	  -0.01525	   0.09147	   0.01525	  -0.00000	   0.01525	  -0.03049	  -0.00000	  -0.00000	  -0.00000	  -0.04574
B         	  -9.42545	   2.12129	   0.00000	   0.00000	   0.07623	  -0.01525	   0.00000	  -0.01525	  -0.03049	   0.00000	   0.00000	   0.00000	  -0.04574
B         	  -9.42238	   6.40688	   0.00000	  -0.00000	   0.06098	   0.00000	  -0.00000	   0.00000	  -0.01525	  -0.00000	  -0.00000	  -0.00000	  -0.04574
B         	  -6.75246	  -2.17013	   0.00000	  -0.10672	   0.19819	   0.07623	   0.00000	   0.07623	  -0.04574	  -0.00000	   0.00000	  -0.00000	  -0.15245
B         	  -6.74292	   2.12751	   0.00000	  -0.00000	   0.13721	  -0.06098	  -0.00000	  -0.06098	  -0.03049	  -0.00000	  -0.00000	  -0.00000	  -0.10672
B         	  -6.73676	   6.40949	   0.00000	  -0.01525	   0.04574	  -0.00000	  -0.00000	  -0.00000	   0.03049	  -0.00000	  -0.00000	  -0.00000	  -0.09147
B         	  -4.07828	  -2.16423	   0.00000	  -1.69222	   0.80799	   0.45736	   0.00000	   0.45736	   0.10672	  -0.00000	   0.00000	  -0.00000	  -0.91471
B         	  -4.05341	   2.13442	   0.00000	  -0.67079	   0.38113	  -0.32015	  -0.00000	  -0.32015	   0.10672	   0.00000	  -0.00000	   0.00000	  -0.48785
B         	  -4.04297	   6.41487	   0.00000	   0.51834	  -0.06098	  -0.10672	   0.00000	  -0.10672	   0.30490	   0.00000	   0.00000	   0.00000	  -0.24392
B         	  -1.37018	  -2.12965	   0.00000	  -2.50021	  -1.06716	  -1.64648	  -0.00000	  -1.64648	   5.61023	   0.00000	  -0.00000	   0.00000	  -4.54307
B         	  -1.33444	   2.09480	   0.00000	  -4.51258	   4.51258	  -2.16482	  -0.00000	  -2.16482	  -0.33539	   0.00000	  -0.00000	   0.00000	  -4.17718
B         	  -1.34360	  -6.43616	   0.00000	  -0.09147	  -0.16770	  -0.01525	   0.00000	  -0.01525	   0.44211	   0.00000	   0.00000	   0.00000	  -0.27441
B         	   1.37018	  -2.12965	   0.00000	  -2.50021	  -1.06716	   1.64648	   0.00000	   1.64648	   5.61023	   0.00000	   0.00000	   0.00000	  -4.54307
B         	   1.33444	   2.09480	   0.00000	  -4.51258	   4.51258	   2.16482	   0.00000	   2.16482	  -0.33539	   0.00000	   0.00000	   0.00000	  -4.17718
B         	   1.34360	  -6.43616	   0.00000	  -0.09147	  -0.16770	   0.01525	  -0.00000	   0.01525	   0.44211	   0.00000	  -0.00000	   0.00000	  -0.27441
B         	   4.07828	  -2.16423	   0.00000	  -1.69222	   0.80799	  -0.45736	  -0.00000	  -0.45736	   0.10672	  -0.00000	  -0.00000	  -0.00000	  -0.91471
B         	   4.05341	   2.13442	   0.00000	  -0.67079	   0.38113	   0.32015	  -0.00000	   0.32015	   0.10672	  -0.00000	  -0.00000	  -0.00000	  -0.48785
B         	   4.04297	   6.41487	   0.00000	   0.51834	  -0.06098	   0.10672	  -0.00000	   0.10672	   0.30490	   0.00000	  -0.00000	   0.00000	  -0.24392
B         	   6.75246	  -2.17013	   0.00000	  -0.10672	   0.19819	  -0.07623	  -0.00000	  -0.07623	  -0.04574	   0.00000	  -0.00000	   0.00000	  -0.15245
B         	   6.74292	   2.12751	   0.00000	  -0.00000	   0.13721	   0.06098	  -0.00000	   0.06098	  -0.03049	   0.00000	  -0.00000	   0.00000	  -0.10672
B         	   6.73676	   6.40949	   0.00000	  -0.01525	   0.04574	   0.00000	   0.00000	   0.00000	   0.03049	  -0.00000	   0.00000	  -0.00000	  -0.09147
B         	   9.42792	  -2.17153	   0.00000	  -0.01525	   0.09147	  -0.01525	  -0.00000	  -0.01525	  -0.03049	  -0.00000	  -0.00000	  -0.00000	  -0.04574
B         	   9.42545	   2.12129	   0.00000	   0.00000	   0.07623	   0.01525	   0.00000	   0.01525	  -0.03049	  -0.00000	   0.00000	  -0.00000	  -0.04574
B         	   9.42238	   6.40688	   0.00000	  -0.00000	   0.06098	  -0.00000	   0.00000	  -0.00000	  -0.01525	   0.00000	   0.00000	   0.00000	  -0.04574
N         	 -10.76820	  -2.86901	   0.00000	   0.00000	   0.07623	   0.00000	  -0.00000	   0.00000	  -0.03049	  -0.00000	  -0.00000	  -0.00000	  -0.04574
N         	 -10.76807	   1.42352	   0.00000	   0.00000	   0.07623	  -0.00000	   0.00000	  -0.00000	  -0.03049	  -0.00000	   0.00000	  -0.00000	  -0.04574
N         	 -10.76583	   5.71170	   0.00000	   0.00000	   0.06098	  -0.00000	   0.00000	  -0.00000	  -0.01525	  -0.00000	   0.00000	  -0.00000	  -0.04574
N         	  -8.09500	  -2.86930	   0.00000	   0.09147	   0.10672	   0.06098	   0.00000	   0.06098	  -0.03049	  -0.00000	   0.00000	  -0.00000	  -0.07623
N         	  -8.09408	   1.42770	   0.00000	  -0.00000	   0.12196	  -0.03049	  -0.00000	  -0.03049	  -0.04574	   0.00000	  -0.00000	   0.00000	  -0.07623
N         	  -8.08546	   5.71484	   0.00000	   0.01525	   0.06098	   0.00000	  -0.00000	   0.00000	   0.00000	  -0.00000	  -0.00000	  -0.00000	  -0.06098
N         	  -5.42231	  -2.86941	   0.00000	   1.38731	   0.35064	   0.51834	  -0.00000	   0.51834	   0.09147	   0.00000	  -0.00000	   0.00000	  -0.44211
N         	  -5.42037	   1.43641	   0.00000	  -0.04574	   0.30490	  -0.09147	   0.00000	  -0.09147	  -0.01525	  -0.00000	   0.00000	  -0.00000	  -0.28966
N         	  -5.39798	   5.72099	   0.00000	   0.12196	  -0.01525	   0.04574	  -0.00000	   0.04574	   0.19819	  -0.00000	  -0.00000	  -0.00000	  -0.18294
N         	  -2.74305	  -2.86693	   0.00000	  40.75038	   1.85991	   9.80265	   0.00000	   9.80265	   4.66503	  -0.00000	   0.00000	  -0.00000	  -6.52494
N         	  -2.74319	   1.44593	   0.00000	   5.50351	  -0.71652	   0.99094	  -0.00000	   0.99094	   4.08571	   0.00000	  -0.00000	   0.00000	  -3.36919
N         	  -2.69713	   5.72918	   0.00000	   2.63742	  -0.16770	  -0.38113	  -0.00000	  -0.38113	   0.65554	  -0.00000	  -0.00000	  -0.00000	  -0.47260
N         	   0.00000	  -2.81738	   0.00000	   9.16236	   3.88752	  -0.00000	   0.00000	  -0.00000	  -0.50309	   0.00000	   0.00000	   0.00000	  -3.38443
N         	   0.00000	   5.73252	   0.00000	   0.36588	  -0.25917	  -0.00000	  -0.00000	  -0.00000	   0.60981	   0.00000	  -0.00000	   0.00000	  -0.36588
N         	   2.74305	  -2.86693	   0.00000	  40.75038	   1.85991	  -9.80265	   0.00000	  -9.80265	   4.66503	   0.00000	   0.00000	   0.00000	  -6.52494
N         	   2.74319	   1.44593	   0.00000	   5.50351	  -0.71652	  -0.99094	  -0.00000	  -0.99094	   4.08571	   0.00000	  -0.00000	   0.00000	  -3.36919
N         	   2.69713	   5.72918	   0.00000	   2.63742	  -0.16770	   0.38113	   0.00000	   0.38113	   0.65554	  -0.00000	   0.00000	  -0.00000	  -0.47260
N         	   5.42231	  -2.86941	   0.00000	   1.38731	   0.35064	  -0.51834	  -0.00000	  -0.51834	   0.09147	  -0.00000	  -0.00000	  -0.00000	  -0.44211
N         	   5.42037	   1.43641	   0.00000	  -0.04574	   0.30490	   0.09147	   0.00000	   0.09147	  -0.01525	   0.00000	   0.00000	   0.00000	  -0.28966
N         	   5.39798	   5.72099	   0.00000	   0.12196	  -0.01525	  -0.04574	   0.00000	  -0.04574	   0.19819	  -0.00000	   0.00000	  -0.00000	  -0.18294
N         	   8.09500	  -2.86930	   0.00000	   0.09147	   0.10672	  -0.06098	   0.00000	  -0.06098	  -0.03049	   0.00000	   0.00000	   0.00000	  -0.07623
N         	   8.09408	   1.42770	   0.00000	  -0.00000	   0.12196	   0.03049	  -0.00000	   0.03049	  -0.04574	  -0.00000	  -0.00000	  -0.00000	  -0.07623
N         	   8.08546	   5.71484	   0.00000	   0.01525	   0.06098	  -0.00000	  -0.00000	  -0.00000	   0.00000	  -0.00000	  -0.00000	  -0.00000	  -0.06098
N         	  10.76820	  -2.86901	   0.00000	   0.00000	   0.07623	  -0.00000	  -0.00000	  -0.00000	  -0.03049	  -0.00000	  -0.00000	  -0.00000	  -0.04574
N         	  10.76807	   1.42352	   0.00000	   0.00000	   0.07623	   0.00000	   0.00000	   0.00000	  -0.03049	   0.00000	   0.00000	   0.00000	  -0.04574
N         	  10.76583	   5.71170	   0.00000	   0.00000	   0.06098	   0.00000	   0.00000	   0.00000	  -0.01525	   0.00000	   0.00000	   0.00000	  -0.04574
N         	 -12.10528	  -5.01369	   0.00000	   0.00000	   0.06098	   0.00000	   0.00000	   0.00000	  -0.01525	   0.00000	   0.00000	   0.00000	  -0.03049
N         	 -12.10528	  -0.72313	   0.00000	   0.01525	   0.07623	  -0.00000	   0.00000	  -0.00000	  -0.03049	   0.00000	   0.00000	   0.00000	  -0.04574
N         	 -12.10528	   3.56789	   0.00000	  -0.00000	   0.06098	   0.00000	   0.00000	   0.00000	  -0.03049	  -0.00000	   0.00000	  -0.00000	  -0.03049
N         	  -9.42781	  -5.01334	   0.00000	   0.01525	   0.06098	   0.01525	   0.00000	   0.01525	  -0.01525	   0.00000	   0.00000	   0.00000	  -0.04574
N         	  -9.43602	  -0.72222	   0.00000	   0.12196	   0.12196	   0.01525	  -0.00000	   0.01525	  -0.04574	  -0.00000	  -0.00000	  -0.00000	  -0.06098
N         	  -9.42667	   3.57033	   0.00000	   0.00000	   0.06098	  -0.01525	  -0.00000	  -0.01525	  -0.01525	  -0.00000	  -0.00000	  -0.00000	  -0.04574
N         	  -6.74784	  -5.01187	   0.00000	   0.13721	   0.06098	   0.09147	   0.00000	   0.09147	   0.04574	  -0.00000	   0.00000	  -0.00000	  -0.12196
N         	  -6.77421	  -0.72016	   0.00000	   1.67697	   0.59456	   0.19819	   0.00000	   0.19819	  -0.24392	   0.00000	   0.00000	   0.00000	  -0.33539
N         	  -6.74551	   3.57731	   0.00000	  -0.01525	   0.09147	  -0.04574	   0.00000	  -0.04574	   0.01525	  -0.00000	   0.00000	  -0.00000	  -0.10672
N         	  -4.05963	  -5.00707	   0.00000	   3.11002	  -0.01525	   0.89947	   0.00000	   0.89947	   0.79275	   0.00000	   0.00000	   0.00000	  -0.76226
N         	  -4.13685	  -0.71774	   0.00000	  24.74294	   6.44871	   4.03997	  -0.00000	   4.03997	  -2.43923	   0.00000	  -0.00000	   0.00000	  -4.00948
N         	  -4.05661	   3.58812	   0.00000	   0.64030	   0.06098	  -0.32015	   0.00000	  -0.32015	   0.35064	  -0.00000	   0.00000	  -0.00000	  -0.39637
N         	  -1.35131	  -4.98470	   0.00000	   0.22868	  -0.07623	   0.15245	   0.00000	   0.15245	   0.51834	   0.00000	   0.00000	   0.00000	  -0.44211
N         	  -1.35418	   3.58185	   0.00000	  30.42939	  -2.98806	  -3.96375	   0.00000	  -3.96375	   7.36342	  -0.00000	   0.00000	  -0.00000	  -4.37537
N         	   1.35131	  -4.98470	   0.00000	   0.22868	  -0.07623	  -0.15245	  -0.00000	  -0.15245	   0.51834	   0.00000	  -0.00000	   0.00000	  -0.44211
N         	   1.35418	   3.58185	   0.00000	  30.42939	  -2.98806	   3.96375	  -0.00000	   3.96375	   7.36342	  -0.00000	  -0.00000	  -0.00000	  -4.37537
N         	   4.05963	  -5.00707	   0.00000	   3.11002	  -0.01525	  -0.89947	   0.00000	  -0.89947	   0.79275	   0.00000	   0.00000	   0.00000	  -0.76226
N         	   4.13685	  -0.71774	   0.00000	  24.74294	   6.44871	  -4.03997	  -0.00000	  -4.03997	  -2.43923	  -0.00000	  -0.00000	  -0.00000	  -4.00948
N         	   4.05661	   3.58812	   0.00000	   0.64030	   0.06098	   0.32015	   0.00000	   0.32015	   0.35064	  -0.00000	   0.00000	  -0.00000	  -0.39637
N         	   6.74784	  -5.01187	   0.00000	   0.13721	   0.06098	  -0.09147	  -0.00000	  -0.09147	   0.04574	  -0.00000	  -0.00000	  -0.00000	  -0.12196
N         	   6.77421	  -0.72016	   0.00000	   1.67697	   0.59456	  -0.19819	   0.00000	  -0.19819	  -0.24392	  -0.00000	   0.00000	  -0.00000	  -0.33539
N         	   6.74551	   3.57731	   0.00000	  -0.01525	   0.09147	   0.04574	   0.00000	   0.04574	   0.01525	  -0.00000	   0.00000	  -0.00000	  -0.10672
N         	   9.42781	  -5.01334	   0.00000	   0.01525	   0.06098	  -0.01525	   0.00000	  -0.01525	  -0.01525	  -0.00000	   0.00000	  -0.00000	  -0.04574
N         	   9.43602	  -0.72222	   0.00000	   0.12196	   0.12196	  -0.01525	  -0.00000	  -0.01525	  -0.04574	   0.00000	  -0.00000	   0.00000	  -0.06098
N         	   9.42667	   3.57033	   0.00000	   0.00000	   0.06098	   0.01525	  -0.00000	   0.01525	  -0.01525	   0.00000	  -0.00000	   0.00000	  -0.04574
N         	   1.60017	  -0.75904	   0.00000	 242.20027	  65.02072	-102.23422	   0.00000	-102.23422	   1.61599	   0.00000	   0.00000	   0.00000	 -66.63671
N         	  -1.60017	  -0.75904	   0.00000	 242.20027	  65.02072	 102.23422	   0.00000	 102.23422	   1.61599	   0.00000	   0.00000	   0.00000	 -66.63671
N         	   0.00000	   1.51808	   0.00000	 256.21060	 -71.17977	   0.00000	  -0.00000	   0.00000	 137.66403	   0.00000	  -0.00000	   0.00000	 -66.48426
