2100.00000	   0.00000	   0.00000	   0.00000
   1.43302	   2.10989	   7.50000	       11B
   1.43302	   6.35184	   7.50000	       11B
   1.43302	  10.59379	   7.50000	       11B
   4.29907	   2.10989	   7.50000	       11B
   4.29907	   6.35184	   7.50000	       10B
   4.29907	  10.59379	   7.50000	       11B
   7.16512	   2.10989	   7.50000	       11B
   7.16512	   6.35184	   7.50000	       11B
   7.16512	  10.59379	   7.50000	       10B
  10.03117	   2.10989	   7.50000	       11B
  10.03117	   6.35184	   7.50000	       10B
  10.03117	  10.59379	   7.50000	       11B
  12.89721	   2.10989	   7.50000	       11B
  12.89721	   6.35184	   7.50000	       11B
  12.89721	  10.59379	   7.50000	       11B
  15.76326	   2.10989	   7.50000	       11B
  15.76326	   6.35184	   7.50000	       11B
  15.76326	  10.59379	   7.50000	       11B
  18.62931	   2.10989	   7.50000	       10B
  18.62931	   6.35184	   7.50000	       11B
  18.62931	  10.59379	   7.50000	       11B
  21.49535	   2.10989	   7.50000	       11B
  21.49535	   6.35184	   7.50000	       10B
  21.49535	  10.59379	   7.50000	       11B
  24.36140	   2.10989	   7.50000	       11B
  24.36140	   6.35184	   7.50000	       11B
  24.36140	  10.59379	   7.50000	       11B
   0.00000	   4.23087	   7.50000	       11B
   0.00000	   8.47281	   7.50000	       11B
   0.00000	  12.71476	   7.50000	       10B
   2.86605	   4.23087	   7.50000	       10B
   2.86605	   8.47281	   7.50000	       11B
   2.86605	  12.71476	   7.50000	       11B
   5.73209	   4.23087	   7.50000	       11B
   5.73209	   8.47281	   7.50000	       11B
   5.73209	  12.71476	   7.50000	       11B
   8.59814	   4.23087	   7.50000	       11B
   8.59814	   8.47281	   7.50000	       10B
   8.59814	  12.71476	   7.50000	       11B
  11.46419	   4.23087	   7.50000	       11B
  11.46419	   8.47281	   7.50000	       11B
  11.46419	  12.71476	   7.50000	       11B
  14.33024	   4.23087	   7.50000	       11B
  14.33024	   8.47281	   7.50000	       10B
  14.33024	  12.71476	   7.50000	       10B
  17.19628	   4.23087	   7.50000	       11B
  17.19628	   8.47281	   7.50000	       11B
  17.19628	  12.71476	   7.50000	       11B
  20.06233	   4.23087	   7.50000	       11B
  20.06233	   8.47281	   7.50000	       11B
  20.06233	  12.71476	   7.50000	       11B
  22.92838	   4.23087	   7.50000	       11B
  22.92838	   8.47281	   7.50000	       11B
  22.92838	  12.71476	   7.50000	       11B
   1.43302	   3.54844	   7.50000	       14N
   1.43302	   7.79039	   7.50000	       14N
   1.43302	  12.03234	   7.50000	       14N
   4.29907	   3.54844	   7.50000	       14N
   4.29907	   7.79039	   7.50000	       14N
   4.29907	  12.03234	   7.50000	       14N
   7.16512	   3.54844	   7.50000	       14N
   7.16512	   7.79039	   7.50000	       14N
   7.16512	  12.03234	   7.50000	       14N
  10.03117	   3.54844	   7.50000	       14N
  10.03117	   7.79039	   7.50000	       14N
  10.03117	  12.03234	   7.50000	       14N
  12.89721	   3.54844	   7.50000	       14N
  12.89721	   7.79039	   7.50000	       14N
  12.89721	  12.03234	   7.50000	       14N
  15.76326	   3.54844	   7.50000	       14N
  15.76326	   7.79039	   7.50000	       14N
  15.76326	  12.03234	   7.50000	       14N
  18.62931	   3.54844	   7.50000	       14N
  18.62931	   7.79039	   7.50000	       14N
  18.62931	  12.03234	   7.50000	       14N
  21.49535	   3.54844	   7.50000	       14N
  21.49535	   7.79039	   7.50000	       14N
  21.49535	  12.03234	   7.50000	       14N
  24.36140	   3.54844	   7.50000	       14N
  24.36140	   7.79039	   7.50000	       14N
  24.36140	  12.03234	   7.50000	       14N
   0.00000	   1.42747	   7.50000	       14N
   0.00000	   5.66941	   7.50000	       14N
   0.00000	   9.91136	   7.50000	       14N
   2.86605	   1.42747	   7.50000	       14N
   2.86605	   5.66941	   7.50000	       14N
   2.86605	   9.91136	   7.50000	       14N
   5.73209	   1.42747	   7.50000	       14N
   5.73209	   5.66941	   7.50000	       14N
   5.73209	   9.91136	   7.50000	       14N
   8.59814	   1.42747	   7.50000	       14N
   8.59814	   5.66941	   7.50000	       14N
   8.59814	   9.91136	   7.50000	       14N
  11.46419	   1.42747	   7.50000	       14N
  11.46419	   5.66941	   7.50000	       14N
  11.46419	   9.91136	   7.50000	       14N
  14.33024	   1.42747	   7.50000	       14N
  14.33024	   5.66941	   7.50000	       14N
  14.33024	   9.91136	   7.50000	       14N
  17.19628	   1.42747	   7.50000	       14N
  17.19628	   5.66941	   7.50000	       14N
  17.19628	   9.91136	   7.50000	       14N
  20.06233	   1.42747	   7.50000	       14N
  20.06233	   5.66941	   7.50000	       14N
  20.06233	   9.91136	   7.50000	       14N
  22.92838	   1.42747	   7.50000	       14N
  22.92838	   5.66941	   7.50000	       14N
  22.92838	   9.91136	   7.50000	       14N
   1.43302	  14.83574	   7.50000	       11B
   1.43302	  19.07769	   7.50000	       11B
   1.43302	  23.31964	   7.50000	       11B
   4.29907	  14.83574	   7.50000	       11B
   4.29907	  19.07769	   7.50000	       11B
   4.29907	  23.31964	   7.50000	       11B
   7.16512	  14.83574	   7.50000	       10B
   7.16512	  19.07769	   7.50000	       11B
   7.16512	  23.31964	   7.50000	       11B
  10.03117	  14.83574	   7.50000	       11B
  10.03117	  19.07769	   7.50000	       11B
  10.03117	  23.31964	   7.50000	       11B
  12.89721	  14.83574	   7.50000	       10B
  12.89721	  19.07769	   7.50000	       11B
  12.89721	  23.31964	   7.50000	       10B
  15.76326	  14.83574	   7.50000	       11B
  15.76326	  19.07769	   7.50000	       11B
  15.76326	  23.31964	   7.50000	       11B
  18.62931	  14.83574	   7.50000	       10B
  18.62931	  19.07769	   7.50000	       11B
  18.62931	  23.31964	   7.50000	       11B
  21.49535	  14.83574	   7.50000	       11B
  21.49535	  19.07769	   7.50000	       10B
  21.49535	  23.31964	   7.50000	       11B
  24.36140	  14.83574	   7.50000	       11B
  24.36140	  19.07769	   7.50000	       11B
  24.36140	  23.31964	   7.50000	       11B
   0.00000	  16.95671	   7.50000	       11B
   0.00000	  21.19866	   7.50000	       11B
   0.00000	  25.44061	   7.50000	       11B
   2.86605	  16.95671	   7.50000	       11B
   2.86605	  21.19866	   7.50000	       10B
   2.86605	  25.44061	   7.50000	       11B
   5.73209	  16.95671	   7.50000	       11B
   5.73209	  21.19866	   7.50000	       11B
   5.73209	  25.44061	   7.50000	       11B
   8.59814	  16.95671	   7.50000	       11B
   8.59814	  21.19866	   7.50000	       11B
   8.59814	  25.44061	   7.50000	       11B
  11.46419	  16.95671	   7.50000	       10B
  11.46419	  21.19866	   7.50000	       11B
  11.46419	  25.44061	   7.50000	       11B
  14.33024	  16.95671	   7.50000	       10B
  14.33024	  21.19866	   7.50000	       11B
  14.33024	  25.44061	   7.50000	       11B
  17.19628	  16.95671	   7.50000	       11B
  17.19628	  21.19866	   7.50000	       11B
  17.19628	  25.44061	   7.50000	       11B
  20.06233	  16.95671	   7.50000	       10B
  20.06233	  21.19866	   7.50000	       11B
  20.06233	  25.44061	   7.50000	       11B
  22.92838	  16.95671	   7.50000	       11B
  22.92838	  21.19866	   7.50000	       11B
  22.92838	  25.44061	   7.50000	       11B
   1.43302	  16.27429	   7.50000	       14N
   1.43302	  20.51624	   7.50000	       14N
   1.43302	  24.75819	   7.50000	       14N
   4.29907	  16.27429	   7.50000	       14N
   4.29907	  20.51624	   7.50000	       14N
   4.29907	  24.75819	   7.50000	       14N
   7.16512	  16.27429	   7.50000	       14N
   7.16512	  20.51624	   7.50000	       14N
   7.16512	  24.75819	   7.50000	       14N
  10.03117	  16.27429	   7.50000	       14N
  10.03117	  20.51624	   7.50000	       14N
  10.03117	  24.75819	   7.50000	       14N
  12.89721	  16.27429	   7.50000	       14N
  12.89721	  20.51624	   7.50000	       14N
  12.89721	  24.75819	   7.50000	       14N
  15.76326	  16.27429	   7.50000	       14N
  15.76326	  20.51624	   7.50000	       14N
  15.76326	  24.75819	   7.50000	       14N
  18.62931	  16.27429	   7.50000	       14N
  18.62931	  20.51624	   7.50000	       14N
  18.62931	  24.75819	   7.50000	       14N
  21.49535	  16.27429	   7.50000	       14N
  21.49535	  20.51624	   7.50000	       14N
  21.49535	  24.75819	   7.50000	       14N
  24.36140	  16.27429	   7.50000	       14N
  24.36140	  20.51624	   7.50000	       14N
  24.36140	  24.75819	   7.50000	       14N
   0.00000	  14.15331	   7.50000	       14N
   0.00000	  18.39526	   7.50000	       14N
   0.00000	  22.63721	   7.50000	       14N
   2.86605	  14.15331	   7.50000	       14N
   2.86605	  18.39526	   7.50000	       14N
   2.86605	  22.63721	   7.50000	       14N
   5.73209	  14.15331	   7.50000	       14N
   5.73209	  18.39526	   7.50000	       14N
   5.73209	  22.63721	   7.50000	       14N
   8.59814	  14.15331	   7.50000	       14N
   8.59814	  18.39526	   7.50000	       14N
   8.59814	  22.63721	   7.50000	       14N
  11.46419	  14.15331	   7.50000	       14N
  11.46419	  18.39526	   7.50000	       14N
  11.46419	  22.63721	   7.50000	       14N
  14.33024	  14.15331	   7.50000	       14N
  14.33024	  18.39526	   7.50000	       14N
  14.33024	  22.63721	   7.50000	       14N
  17.19628	  14.15331	   7.50000	       14N
  17.19628	  18.39526	   7.50000	       14N
  17.19628	  22.63721	   7.50000	       14N
  20.06233	  14.15331	   7.50000	       14N
  20.06233	  18.39526	   7.50000	       14N
  20.06233	  22.63721	   7.50000	       14N
  22.92838	  14.15331	   7.50000	       14N
  22.92838	  18.39526	   7.50000	       14N
  22.92838	  22.63721	   7.50000	       14N
   1.43302	  27.56159	   7.50000	       11B
   1.43302	  31.80353	   7.50000	       11B
   1.43302	  36.04548	   7.50000	       11B
   4.29907	  27.56159	   7.50000	       11B
   4.29907	  31.80353	   7.50000	       11B
   4.29907	  36.04548	   7.50000	       11B
   7.16512	  27.56159	   7.50000	       10B
   7.16512	  31.80353	   7.50000	       11B
   7.16512	  36.04548	   7.50000	       11B
  10.03117	  27.56159	   7.50000	       10B
  10.03117	  31.80353	   7.50000	       11B
  10.03117	  36.04548	   7.50000	       11B
  12.89721	  27.56159	   7.50000	       11B
  12.89721	  31.80353	   7.50000	       11B
  12.89721	  36.04548	   7.50000	       11B
  15.76326	  27.56159	   7.50000	       11B
  15.76326	  31.80353	   7.50000	       11B
  15.76326	  36.04548	   7.50000	       10B
  18.62931	  27.56159	   7.50000	       11B
  18.62931	  31.80353	   7.50000	       10B
  18.62931	  36.04548	   7.50000	       11B
  21.49535	  27.56159	   7.50000	       11B
  21.49535	  31.80353	   7.50000	       10B
  21.49535	  36.04548	   7.50000	       11B
  24.36140	  27.56159	   7.50000	       11B
  24.36140	  31.80353	   7.50000	       11B
  24.36140	  36.04548	   7.50000	       10B
   0.00000	  29.68256	   7.50000	       11B
   0.00000	  33.92450	   7.50000	       11B
   0.00000	  38.16645	   7.50000	       11B
   2.86605	  29.68256	   7.50000	       11B
   2.86605	  33.92450	   7.50000	       10B
   2.86605	  38.16645	   7.50000	       11B
   5.73209	  29.68256	   7.50000	       11B
   5.73209	  33.92450	   7.50000	       10B
   5.73209	  38.16645	   7.50000	       11B
   8.59814	  29.68256	   7.50000	       10B
   8.59814	  33.92450	   7.50000	       11B
   8.59814	  38.16645	   7.50000	       11B
  11.46419	  29.68256	   7.50000	       11B
  11.46419	  33.92450	   7.50000	       11B
  11.46419	  38.16645	   7.50000	       11B
  14.33024	  29.68256	   7.50000	       11B
  14.33024	  33.92450	   7.50000	       11B
  14.33024	  38.16645	   7.50000	       11B
  17.19628	  29.68256	   7.50000	       11B
  17.19628	  33.92450	   7.50000	       11B
  17.19628	  38.16645	   7.50000	       11B
  20.06233	  29.68256	   7.50000	       11B
  20.06233	  33.92450	   7.50000	       10B
  20.06233	  38.16645	   7.50000	       11B
  22.92838	  29.68256	   7.50000	       11B
  22.92838	  33.92450	   7.50000	       10B
  22.92838	  38.16645	   7.50000	       11B
   1.43302	  29.00013	   7.50000	       14N
   1.43302	  33.24208	   7.50000	       14N
   1.43302	  37.48403	   7.50000	       14N
   4.29907	  29.00013	   7.50000	       14N
   4.29907	  33.24208	   7.50000	       14N
   4.29907	  37.48403	   7.50000	       14N
   7.16512	  29.00013	   7.50000	       14N
   7.16512	  33.24208	   7.50000	       14N
   7.16512	  37.48403	   7.50000	       14N
  10.03117	  29.00013	   7.50000	       14N
  10.03117	  33.24208	   7.50000	       14N
  10.03117	  37.48403	   7.50000	       14N
  12.89721	  29.00013	   7.50000	       14N
  12.89721	  33.24208	   7.50000	       14N
  12.89721	  37.48403	   7.50000	       14N
  15.76326	  29.00013	   7.50000	       14N
  15.76326	  33.24208	   7.50000	       14N
  15.76326	  37.48403	   7.50000	       14N
  18.62931	  29.00013	   7.50000	       14N
  18.62931	  33.24208	   7.50000	       14N
  18.62931	  37.48403	   7.50000	       14N
  21.49535	  29.00013	   7.50000	       14N
  21.49535	  33.24208	   7.50000	       14N
  21.49535	  37.48403	   7.50000	       14N
  24.36140	  29.00013	   7.50000	       14N
  24.36140	  33.24208	   7.50000	       14N
  24.36140	  37.48403	   7.50000	       14N
   0.00000	  26.87916	   7.50000	       14N
   0.00000	  31.12110	   7.50000	       14N
   0.00000	  35.36305	   7.50000	       14N
   2.86605	  26.87916	   7.50000	       15N
   2.86605	  31.12110	   7.50000	       14N
   2.86605	  35.36305	   7.50000	       14N
   5.73209	  26.87916	   7.50000	       14N
   5.73209	  31.12110	   7.50000	       14N
   5.73209	  35.36305	   7.50000	       14N
   8.59814	  26.87916	   7.50000	       14N
   8.59814	  31.12110	   7.50000	       14N
   8.59814	  35.36305	   7.50000	       14N
  11.46419	  26.87916	   7.50000	       14N
  11.46419	  31.12110	   7.50000	       14N
  11.46419	  35.36305	   7.50000	       14N
  14.33024	  26.87916	   7.50000	       14N
  14.33024	  31.12110	   7.50000	       14N
  14.33024	  35.36305	   7.50000	       14N
  17.19628	  26.87916	   7.50000	       14N
  17.19628	  31.12110	   7.50000	       14N
  17.19628	  35.36305	   7.50000	       14N
  20.06233	  26.87916	   7.50000	       14N
  20.06233	  31.12110	   7.50000	       14N
  20.06233	  35.36305	   7.50000	       14N
  22.92838	  26.87916	   7.50000	       14N
  22.92838	  31.12110	   7.50000	       14N
  22.92838	  35.36305	   7.50000	       14N
   1.43302	  40.28743	   7.50000	       11B
   1.43302	  44.52938	   7.50000	       10B
   1.43302	  48.77133	   7.50000	       11B
   4.29907	  40.28743	   7.50000	       11B
   4.29907	  44.52938	   7.50000	       11B
   4.29907	  48.77133	   7.50000	       11B
   7.16512	  40.28743	   7.50000	       10B
   7.16512	  44.52938	   7.50000	       11B
   7.16512	  48.77133	   7.50000	       11B
  10.03117	  40.28743	   7.50000	       11B
  10.03117	  44.52938	   7.50000	       11B
  10.03117	  48.77133	   7.50000	       10B
  12.89721	  40.28743	   7.50000	       11B
  12.89721	  44.52938	   7.50000	       11B
  12.89721	  48.77133	   7.50000	       10B
  15.76326	  40.28743	   7.50000	       10B
  15.76326	  44.52938	   7.50000	       11B
  15.76326	  48.77133	   7.50000	       11B
  18.62931	  40.28743	   7.50000	       10B
  18.62931	  44.52938	   7.50000	       10B
  18.62931	  48.77133	   7.50000	       11B
  21.49535	  40.28743	   7.50000	       10B
  21.49535	  44.52938	   7.50000	       10B
  21.49535	  48.77133	   7.50000	       11B
  24.36140	  40.28743	   7.50000	       11B
  24.36140	  44.52938	   7.50000	       11B
  24.36140	  48.77133	   7.50000	       11B
   0.00000	  42.40840	   7.50000	       11B
   0.00000	  46.65035	   7.50000	       11B
   0.00000	  50.89230	   7.50000	       11B
   2.86605	  42.40840	   7.50000	       11B
   2.86605	  46.65035	   7.50000	       11B
   2.86605	  50.89230	   7.50000	       11B
   5.73209	  42.40840	   7.50000	       11B
   5.73209	  46.65035	   7.50000	       11B
   5.73209	  50.89230	   7.50000	       11B
   8.59814	  42.40840	   7.50000	       11B
   8.59814	  46.65035	   7.50000	       11B
   8.59814	  50.89230	   7.50000	       11B
  11.46419	  42.40840	   7.50000	       10B
  11.46419	  46.65035	   7.50000	       11B
  11.46419	  50.89230	   7.50000	       11B
  14.33024	  42.40840	   7.50000	       11B
  14.33024	  46.65035	   7.50000	       11B
  14.33024	  50.89230	   7.50000	       10B
  17.19628	  42.40840	   7.50000	       11B
  17.19628	  46.65035	   7.50000	       11B
  17.19628	  50.89230	   7.50000	       11B
  20.06233	  42.40840	   7.50000	       11B
  20.06233	  46.65035	   7.50000	       11B
  20.06233	  50.89230	   7.50000	       11B
  22.92838	  42.40840	   7.50000	       11B
  22.92838	  46.65035	   7.50000	       11B
  22.92838	  50.89230	   7.50000	       11B
   1.43302	  41.72598	   7.50000	       14N
   1.43302	  45.96793	   7.50000	       14N
   1.43302	  50.20988	   7.50000	       14N
   4.29907	  41.72598	   7.50000	       14N
   4.29907	  45.96793	   7.50000	       14N
   4.29907	  50.20988	   7.50000	       14N
   7.16512	  41.72598	   7.50000	       14N
   7.16512	  45.96793	   7.50000	       14N
   7.16512	  50.20988	   7.50000	       14N
  10.03117	  41.72598	   7.50000	       14N
  10.03117	  45.96793	   7.50000	       14N
  10.03117	  50.20988	   7.50000	       14N
  12.89721	  41.72598	   7.50000	       14N
  12.89721	  45.96793	   7.50000	       14N
  12.89721	  50.20988	   7.50000	       14N
  15.76326	  41.72598	   7.50000	       14N
  15.76326	  45.96793	   7.50000	       14N
  15.76326	  50.20988	   7.50000	       14N
  18.62931	  41.72598	   7.50000	       14N
  18.62931	  45.96793	   7.50000	       14N
  18.62931	  50.20988	   7.50000	       14N
  21.49535	  41.72598	   7.50000	       14N
  21.49535	  45.96793	   7.50000	       14N
  21.49535	  50.20988	   7.50000	       14N
  24.36140	  41.72598	   7.50000	       14N
  24.36140	  45.96793	   7.50000	       14N
  24.36140	  50.20988	   7.50000	       14N
   0.00000	  39.60500	   7.50000	       14N
   0.00000	  43.84695	   7.50000	       14N
   0.00000	  48.08890	   7.50000	       14N
   2.86605	  39.60500	   7.50000	       14N
   2.86605	  43.84695	   7.50000	       14N
   2.86605	  48.08890	   7.50000	       14N
   5.73209	  39.60500	   7.50000	       14N
   5.73209	  43.84695	   7.50000	       14N
   5.73209	  48.08890	   7.50000	       14N
   8.59814	  39.60500	   7.50000	       14N
   8.59814	  43.84695	   7.50000	       14N
   8.59814	  48.08890	   7.50000	       14N
  11.46419	  39.60500	   7.50000	       14N
  11.46419	  43.84695	   7.50000	       14N
  11.46419	  48.08890	   7.50000	       14N
  14.33024	  39.60500	   7.50000	       14N
  14.33024	  43.84695	   7.50000	       14N
  14.33024	  48.08890	   7.50000	       14N
  17.19628	  39.60500	   7.50000	       14N
  17.19628	  43.84695	   7.50000	       14N
  17.19628	  48.08890	   7.50000	       14N
  20.06233	  39.60500	   7.50000	       14N
  20.06233	  43.84695	   7.50000	       14N
  20.06233	  48.08890	   7.50000	       14N
  22.92838	  39.60500	   7.50000	       14N
  22.92838	  43.84695	   7.50000	       14N
  22.92838	  48.08890	   7.50000	       14N
   1.43302	  53.01328	   7.50000	       11B
   1.43302	  57.25522	   7.50000	       10B
   1.43302	  61.49717	   7.50000	       11B
   4.29907	  53.01328	   7.50000	       11B
   4.29907	  57.25522	   7.50000	       11B
   4.29907	  61.49717	   7.50000	       10B
   7.16512	  53.01328	   7.50000	       11B
   7.16512	  57.25522	   7.50000	       11B
   7.16512	  61.49717	   7.50000	       11B
  10.03117	  53.01328	   7.50000	       10B
  10.03117	  57.25522	   7.50000	       11B
  10.03117	  61.49717	   7.50000	       11B
  12.89721	  53.01328	   7.50000	       11B
  12.89721	  57.25522	   7.50000	       11B
  12.89721	  61.49717	   7.50000	       11B
  15.76326	  53.01328	   7.50000	       11B
  15.76326	  57.25522	   7.50000	       10B
  15.76326	  61.49717	   7.50000	       11B
  18.62931	  53.01328	   7.50000	       11B
  18.62931	  57.25522	   7.50000	       11B
  18.62931	  61.49717	   7.50000	       11B
  21.49535	  53.01328	   7.50000	       11B
  21.49535	  57.25522	   7.50000	       11B
  21.49535	  61.49717	   7.50000	       11B
  24.36140	  53.01328	   7.50000	       11B
  24.36140	  57.25522	   7.50000	       11B
  24.36140	  61.49717	   7.50000	       11B
   0.00000	  55.13425	   7.50000	       11B
   0.00000	  59.37619	   7.50000	       11B
   0.00000	  63.61814	   7.50000	       10B
   2.86605	  55.13425	   7.50000	       11B
   2.86605	  59.37619	   7.50000	       11B
   2.86605	  63.61814	   7.50000	       11B
   5.73209	  55.13425	   7.50000	       11B
   5.73209	  59.37619	   7.50000	       11B
   5.73209	  63.61814	   7.50000	       11B
   8.59814	  55.13425	   7.50000	       11B
   8.59814	  59.37619	   7.50000	       11B
   8.59814	  63.61814	   7.50000	       11B
  11.46419	  55.13425	   7.50000	       10B
  11.46419	  59.37619	   7.50000	       11B
  11.46419	  63.61814	   7.50000	       11B
  14.33024	  55.13425	   7.50000	       11B
  14.33024	  59.37619	   7.50000	       10B
  14.33024	  63.61814	   7.50000	       11B
  17.19628	  55.13425	   7.50000	       11B
  17.19628	  59.37619	   7.50000	       10B
  17.19628	  63.61814	   7.50000	       11B
  20.06233	  55.13425	   7.50000	       10B
  20.06233	  59.37619	   7.50000	       11B
  20.06233	  63.61814	   7.50000	       11B
  22.92838	  55.13425	   7.50000	       11B
  22.92838	  59.37619	   7.50000	       11B
  22.92838	  63.61814	   7.50000	       11B
   1.43302	  54.45182	   7.50000	       14N
   1.43302	  58.69377	   7.50000	       14N
   1.43302	  62.93572	   7.50000	       14N
   4.29907	  54.45182	   7.50000	       14N
   4.29907	  58.69377	   7.50000	       14N
   4.29907	  62.93572	   7.50000	       14N
   7.16512	  54.45182	   7.50000	       14N
   7.16512	  58.69377	   7.50000	       14N
   7.16512	  62.93572	   7.50000	       14N
  10.03117	  54.45182	   7.50000	       14N
  10.03117	  58.69377	   7.50000	       14N
  10.03117	  62.93572	   7.50000	       14N
  12.89721	  54.45182	   7.50000	       14N
  12.89721	  58.69377	   7.50000	       14N
  12.89721	  62.93572	   7.50000	       14N
  15.76326	  54.45182	   7.50000	       14N
  15.76326	  58.69377	   7.50000	       14N
  15.76326	  62.93572	   7.50000	       14N
  18.62931	  54.45182	   7.50000	       14N
  18.62931	  58.69377	   7.50000	       14N
  18.62931	  62.93572	   7.50000	       14N
  21.49535	  54.45182	   7.50000	       14N
  21.49535	  58.69377	   7.50000	       14N
  21.49535	  62.93572	   7.50000	       14N
  24.36140	  54.45182	   7.50000	       14N
  24.36140	  58.69377	   7.50000	       14N
  24.36140	  62.93572	   7.50000	       14N
   0.00000	  52.33085	   7.50000	       14N
   0.00000	  56.57279	   7.50000	       14N
   0.00000	  60.81474	   7.50000	       14N
   2.86605	  52.33085	   7.50000	       14N
   2.86605	  56.57279	   7.50000	       14N
   2.86605	  60.81474	   7.50000	       14N
   5.73209	  52.33085	   7.50000	       14N
   5.73209	  56.57279	   7.50000	       14N
   5.73209	  60.81474	   7.50000	       14N
   8.59814	  52.33085	   7.50000	       15N
   8.59814	  56.57279	   7.50000	       14N
   8.59814	  60.81474	   7.50000	       14N
  11.46419	  52.33085	   7.50000	       14N
  11.46419	  56.57279	   7.50000	       14N
  11.46419	  60.81474	   7.50000	       14N
  14.33024	  52.33085	   7.50000	       14N
  14.33024	  56.57279	   7.50000	       14N
  14.33024	  60.81474	   7.50000	       14N
  17.19628	  52.33085	   7.50000	       14N
  17.19628	  56.57279	   7.50000	       14N
  17.19628	  60.81474	   7.50000	       14N
  20.06233	  52.33085	   7.50000	       14N
  20.06233	  56.57279	   7.50000	       14N
  20.06233	  60.81474	   7.50000	       14N
  22.92838	  52.33085	   7.50000	       14N
  22.92838	  56.57279	   7.50000	       14N
  22.92838	  60.81474	   7.50000	       14N
   1.43302	  65.73912	   7.50000	       11B
   1.43302	  69.98107	   7.50000	       11B
   1.43302	  74.22302	   7.50000	       10B
   4.29907	  65.73912	   7.50000	       11B
   4.29907	  69.98107	   7.50000	       11B
   4.29907	  74.22302	   7.50000	       11B
   7.16512	  65.73912	   7.50000	       10B
   7.16512	  69.98107	   7.50000	       11B
   7.16512	  74.22302	   7.50000	       11B
  10.03117	  65.73912	   7.50000	       10B
  10.03117	  69.98107	   7.50000	       11B
  10.03117	  74.22302	   7.50000	       11B
  12.89721	  65.73912	   7.50000	       10B
  12.89721	  69.98107	   7.50000	       10B
  12.89721	  74.22302	   7.50000	       10B
  15.76326	  65.73912	   7.50000	       11B
  15.76326	  69.98107	   7.50000	       11B
  15.76326	  74.22302	   7.50000	       10B
  18.62931	  65.73912	   7.50000	       10B
  18.62931	  69.98107	   7.50000	       11B
  18.62931	  74.22302	   7.50000	       10B
  21.49535	  65.73912	   7.50000	       11B
  21.49535	  69.98107	   7.50000	       11B
  21.49535	  74.22302	   7.50000	       11B
  24.36140	  65.73912	   7.50000	       11B
  24.36140	  69.98107	   7.50000	       11B
  24.36140	  74.22302	   7.50000	       10B
   0.00000	  67.86009	   7.50000	       11B
   0.00000	  72.10204	   7.50000	       11B
   0.00000	  76.34399	   7.50000	       11B
   2.86605	  67.86009	   7.50000	       11B
   2.86605	  72.10204	   7.50000	       11B
   2.86605	  76.34399	   7.50000	       11B
   5.73209	  67.86009	   7.50000	       10B
   5.73209	  72.10204	   7.50000	       11B
   5.73209	  76.34399	   7.50000	       11B
   8.59814	  67.86009	   7.50000	       11B
   8.59814	  72.10204	   7.50000	       10B
   8.59814	  76.34399	   7.50000	       11B
  11.46419	  67.86009	   7.50000	       11B
  11.46419	  72.10204	   7.50000	       11B
  11.46419	  76.34399	   7.50000	       11B
  14.33024	  67.86009	   7.50000	       10B
  14.33024	  72.10204	   7.50000	       11B
  14.33024	  76.34399	   7.50000	       11B
  17.19628	  67.86009	   7.50000	       11B
  17.19628	  72.10204	   7.50000	       11B
  17.19628	  76.34399	   7.50000	       11B
  20.06233	  67.86009	   7.50000	       11B
  20.06233	  72.10204	   7.50000	       10B
  20.06233	  76.34399	   7.50000	       10B
  22.92838	  67.86009	   7.50000	       10B
  22.92838	  72.10204	   7.50000	       11B
  22.92838	  76.34399	   7.50000	       10B
   1.43302	  67.17767	   7.50000	       14N
   1.43302	  71.41962	   7.50000	       14N
   1.43302	  75.66157	   7.50000	       14N
   4.29907	  67.17767	   7.50000	       14N
   4.29907	  71.41962	   7.50000	       14N
   4.29907	  75.66157	   7.50000	       14N
   7.16512	  67.17767	   7.50000	       14N
   7.16512	  71.41962	   7.50000	       14N
   7.16512	  75.66157	   7.50000	       14N
  10.03117	  67.17767	   7.50000	       14N
  10.03117	  71.41962	   7.50000	       14N
  10.03117	  75.66157	   7.50000	       14N
  12.89721	  67.17767	   7.50000	       14N
  12.89721	  71.41962	   7.50000	       14N
  12.89721	  75.66157	   7.50000	       14N
  15.76326	  67.17767	   7.50000	       14N
  15.76326	  71.41962	   7.50000	       14N
  15.76326	  75.66157	   7.50000	       14N
  18.62931	  67.17767	   7.50000	       14N
  18.62931	  71.41962	   7.50000	       14N
  18.62931	  75.66157	   7.50000	       14N
  21.49535	  67.17767	   7.50000	       14N
  21.49535	  71.41962	   7.50000	       14N
  21.49535	  75.66157	   7.50000	       14N
  24.36140	  67.17767	   7.50000	       14N
  24.36140	  71.41962	   7.50000	       14N
  24.36140	  75.66157	   7.50000	       14N
   0.00000	  65.05669	   7.50000	       14N
   0.00000	  69.29864	   7.50000	       14N
   0.00000	  73.54059	   7.50000	       14N
   2.86605	  65.05669	   7.50000	       14N
   2.86605	  69.29864	   7.50000	       14N
   2.86605	  73.54059	   7.50000	       14N
   5.73209	  65.05669	   7.50000	       14N
   5.73209	  69.29864	   7.50000	       14N
   5.73209	  73.54059	   7.50000	       14N
   8.59814	  65.05669	   7.50000	       14N
   8.59814	  69.29864	   7.50000	       14N
   8.59814	  73.54059	   7.50000	       14N
  11.46419	  65.05669	   7.50000	       14N
  11.46419	  69.29864	   7.50000	       14N
  11.46419	  73.54059	   7.50000	       14N
  14.33024	  65.05669	   7.50000	       14N
  14.33024	  69.29864	   7.50000	       14N
  14.33024	  73.54059	   7.50000	       14N
  17.19628	  65.05669	   7.50000	       14N
  17.19628	  69.29864	   7.50000	       14N
  17.19628	  73.54059	   7.50000	       14N
  20.06233	  65.05669	   7.50000	       14N
  20.06233	  69.29864	   7.50000	       14N
  20.06233	  73.54059	   7.50000	       14N
  22.92838	  65.05669	   7.50000	       14N
  22.92838	  69.29864	   7.50000	       14N
  22.92838	  73.54059	   7.50000	       14N
   1.43302	  78.46497	   7.50000	       11B
   4.29907	  78.46497	   7.50000	       11B
   7.16512	  78.46497	   7.50000	       11B
  10.03117	  78.46497	   7.50000	       11B
  12.89721	  78.46497	   7.50000	       11B
  15.76326	  78.46497	   7.50000	       10B
  18.62931	  78.46497	   7.50000	       11B
  21.49535	  78.46497	   7.50000	       11B
  24.36140	  78.46497	   7.50000	       11B
   1.43302	  79.90352	   7.50000	       14N
   4.29907	  79.90352	   7.50000	       14N
   7.16512	  79.90352	   7.50000	       14N
  10.03117	  79.90352	   7.50000	       14N
  12.89721	  79.90352	   7.50000	       14N
  15.76326	  79.90352	   7.50000	       14N
  18.62931	  79.90352	   7.50000	       14N
  21.49535	  79.90352	   7.50000	       14N
  24.36140	  79.90352	   7.50000	       14N
   0.00000	  77.78254	   7.50000	       14N
   2.86605	  77.78254	   7.50000	       14N
   5.73209	  77.78254	   7.50000	       14N
   8.59814	  77.78254	   7.50000	       14N
  11.46419	  77.78254	   7.50000	       14N
  14.33024	  77.78254	   7.50000	       14N
  17.19628	  77.78254	   7.50000	       14N
  20.06233	  77.78254	   7.50000	       14N
  22.92838	  77.78254	   7.50000	       14N
  27.22745	   2.10989	   7.50000	       11B
  27.22745	   6.35184	   7.50000	       11B
  27.22745	  10.59379	   7.50000	       11B
  30.09350	   2.10989	   7.50000	       11B
  30.09350	   6.35184	   7.50000	       11B
  30.09350	  10.59379	   7.50000	       11B
  32.95954	   2.10989	   7.50000	       10B
  32.95954	   6.35184	   7.50000	       11B
  32.95954	  10.59379	   7.50000	       11B
  35.82559	   2.10989	   7.50000	       11B
  35.82559	   6.35184	   7.50000	       11B
  35.82559	  10.59379	   7.50000	       10B
  38.69164	   2.10989	   7.50000	       11B
  38.69164	   6.35184	   7.50000	       11B
  38.69164	  10.59379	   7.50000	       11B
  41.55769	   2.10989	   7.50000	       10B
  41.55769	   6.35184	   7.50000	       11B
  41.55769	  10.59379	   7.50000	       10B
  44.42373	   2.10989	   7.50000	       11B
  44.42373	   6.35184	   7.50000	       10B
  44.42373	  10.59379	   7.50000	       11B
  47.28978	   2.10989	   7.50000	       10B
  47.28978	   6.35184	   7.50000	       11B
  47.28978	  10.59379	   7.50000	       11B
  50.15583	   2.10989	   7.50000	       11B
  50.15583	   6.35184	   7.50000	       11B
  50.15583	  10.59379	   7.50000	       11B
  25.79443	   4.23087	   7.50000	       10B
  25.79443	   8.47281	   7.50000	       11B
  25.79443	  12.71476	   7.50000	       10B
  28.66047	   4.23087	   7.50000	       10B
  28.66047	   8.47281	   7.50000	       11B
  28.66047	  12.71476	   7.50000	       10B
  31.52652	   4.23087	   7.50000	       11B
  31.52652	   8.47281	   7.50000	       11B
  31.52652	  12.71476	   7.50000	       11B
  34.39257	   4.23087	   7.50000	       11B
  34.39257	   8.47281	   7.50000	       11B
  34.39257	  12.71476	   7.50000	       11B
  37.25861	   4.23087	   7.50000	       11B
  37.25861	   8.47281	   7.50000	       11B
  37.25861	  12.71476	   7.50000	       11B
  40.12466	   4.23087	   7.50000	       10B
  40.12466	   8.47281	   7.50000	       10B
  40.12466	  12.71476	   7.50000	       11B
  42.99071	   4.23087	   7.50000	       10B
  42.99071	   8.47281	   7.50000	       11B
  42.99071	  12.71476	   7.50000	       11B
  45.85676	   4.23087	   7.50000	       10B
  45.85676	   8.47281	   7.50000	       11B
  45.85676	  12.71476	   7.50000	       11B
  48.72280	   4.23087	   7.50000	       11B
  48.72280	   8.47281	   7.50000	       11B
  48.72280	  12.71476	   7.50000	       11B
  27.22745	   3.54844	   7.50000	       14N
  27.22745	   7.79039	   7.50000	       14N
  27.22745	  12.03234	   7.50000	       14N
  30.09350	   3.54844	   7.50000	       14N
  30.09350	   7.79039	   7.50000	       14N
  30.09350	  12.03234	   7.50000	       14N
  32.95954	   3.54844	   7.50000	       14N
  32.95954	   7.79039	   7.50000	       14N
  32.95954	  12.03234	   7.50000	       14N
  35.82559	   3.54844	   7.50000	       14N
  35.82559	   7.79039	   7.50000	       14N
  35.82559	  12.03234	   7.50000	       14N
  38.69164	   3.54844	   7.50000	       14N
  38.69164	   7.79039	   7.50000	       14N
  38.69164	  12.03234	   7.50000	       14N
  41.55769	   3.54844	   7.50000	       14N
  41.55769	   7.79039	   7.50000	       14N
  41.55769	  12.03234	   7.50000	       14N
  44.42373	   3.54844	   7.50000	       14N
  44.42373	   7.79039	   7.50000	       14N
  44.42373	  12.03234	   7.50000	       14N
  47.28978	   3.54844	   7.50000	       14N
  47.28978	   7.79039	   7.50000	       14N
  47.28978	  12.03234	   7.50000	       14N
  50.15583	   3.54844	   7.50000	       14N
  50.15583	   7.79039	   7.50000	       14N
  50.15583	  12.03234	   7.50000	       14N
  25.79443	   1.42747	   7.50000	       14N
  25.79443	   5.66941	   7.50000	       14N
  25.79443	   9.91136	   7.50000	       14N
  28.66047	   1.42747	   7.50000	       14N
  28.66047	   5.66941	   7.50000	       14N
  28.66047	   9.91136	   7.50000	       14N
  31.52652	   1.42747	   7.50000	       14N
  31.52652	   5.66941	   7.50000	       14N
  31.52652	   9.91136	   7.50000	       14N
  34.39257	   1.42747	   7.50000	       14N
  34.39257	   5.66941	   7.50000	       14N
  34.39257	   9.91136	   7.50000	       14N
  37.25861	   1.42747	   7.50000	       14N
  37.25861	   5.66941	   7.50000	       14N
  37.25861	   9.91136	   7.50000	       14N
  40.12466	   1.42747	   7.50000	       14N
  40.12466	   5.66941	   7.50000	       14N
  40.12466	   9.91136	   7.50000	       14N
  42.99071	   1.42747	   7.50000	       14N
  42.99071	   5.66941	   7.50000	       14N
  42.99071	   9.91136	   7.50000	       14N
  45.85676	   1.42747	   7.50000	       14N
  45.85676	   5.66941	   7.50000	       14N
  45.85676	   9.91136	   7.50000	       14N
  48.72280	   1.42747	   7.50000	       14N
  48.72280	   5.66941	   7.50000	       14N
  48.72280	   9.91136	   7.50000	       14N
  27.22745	  14.83574	   7.50000	       11B
  27.22745	  19.07769	   7.50000	       10B
  27.22745	  23.31964	   7.50000	       10B
  30.09350	  14.83574	   7.50000	       11B
  30.09350	  19.07769	   7.50000	       10B
  30.09350	  23.31964	   7.50000	       11B
  32.95954	  14.83574	   7.50000	       11B
  32.95954	  19.07769	   7.50000	       11B
  32.95954	  23.31964	   7.50000	       11B
  35.82559	  14.83574	   7.50000	       11B
  35.82559	  19.07769	   7.50000	       10B
  35.82559	  23.31964	   7.50000	       11B
  38.69164	  14.83574	   7.50000	       10B
  38.69164	  19.07769	   7.50000	       11B
  38.69164	  23.31964	   7.50000	       10B
  41.55769	  14.83574	   7.50000	       11B
  41.55769	  19.07769	   7.50000	       11B
  41.55769	  23.31964	   7.50000	       11B
  44.42373	  14.83574	   7.50000	       11B
  44.42373	  19.07769	   7.50000	       10B
  44.42373	  23.31964	   7.50000	       11B
  47.28978	  14.83574	   7.50000	       11B
  47.28978	  19.07769	   7.50000	       11B
  47.28978	  23.31964	   7.50000	       11B
  50.15583	  14.83574	   7.50000	       11B
  50.15583	  19.07769	   7.50000	       11B
  50.15583	  23.31964	   7.50000	       11B
  25.79443	  16.95671	   7.50000	       10B
  25.79443	  21.19866	   7.50000	       11B
  25.79443	  25.44061	   7.50000	       11B
  28.66047	  16.95671	   7.50000	       11B
  28.66047	  21.19866	   7.50000	       11B
  28.66047	  25.44061	   7.50000	       10B
  31.52652	  16.95671	   7.50000	       10B
  31.52652	  21.19866	   7.50000	       11B
  31.52652	  25.44061	   7.50000	       11B
  34.39257	  16.95671	   7.50000	       11B
  34.39257	  21.19866	   7.50000	       10B
  34.39257	  25.44061	   7.50000	       11B
  37.25861	  16.95671	   7.50000	       11B
  37.25861	  21.19866	   7.50000	       11B
  37.25861	  25.44061	   7.50000	       11B
  40.12466	  16.95671	   7.50000	       11B
  40.12466	  21.19866	   7.50000	       10B
  40.12466	  25.44061	   7.50000	       11B
  42.99071	  16.95671	   7.50000	       11B
  42.99071	  21.19866	   7.50000	       11B
  42.99071	  25.44061	   7.50000	       11B
  45.85676	  16.95671	   7.50000	       10B
  45.85676	  21.19866	   7.50000	       10B
  45.85676	  25.44061	   7.50000	       11B
  48.72280	  16.95671	   7.50000	       11B
  48.72280	  21.19866	   7.50000	       11B
  48.72280	  25.44061	   7.50000	       11B
  27.22745	  16.27429	   7.50000	       14N
  27.22745	  20.51624	   7.50000	       14N
  27.22745	  24.75819	   7.50000	       14N
  30.09350	  16.27429	   7.50000	       14N
  30.09350	  20.51624	   7.50000	       14N
  30.09350	  24.75819	   7.50000	       14N
  32.95954	  16.27429	   7.50000	       14N
  32.95954	  20.51624	   7.50000	       14N
  32.95954	  24.75819	   7.50000	       14N
  35.82559	  16.27429	   7.50000	       14N
  35.82559	  20.51624	   7.50000	       14N
  35.82559	  24.75819	   7.50000	       14N
  38.69164	  16.27429	   7.50000	       14N
  38.69164	  20.51624	   7.50000	       14N
  38.69164	  24.75819	   7.50000	       14N
  41.55769	  16.27429	   7.50000	       14N
  41.55769	  20.51624	   7.50000	       14N
  41.55769	  24.75819	   7.50000	       14N
  44.42373	  16.27429	   7.50000	       14N
  44.42373	  20.51624	   7.50000	       14N
  44.42373	  24.75819	   7.50000	       14N
  47.28978	  16.27429	   7.50000	       14N
  47.28978	  20.51624	   7.50000	       14N
  47.28978	  24.75819	   7.50000	       14N
  50.15583	  16.27429	   7.50000	       14N
  50.15583	  20.51624	   7.50000	       14N
  50.15583	  24.75819	   7.50000	       14N
  25.79443	  14.15331	   7.50000	       14N
  25.79443	  18.39526	   7.50000	       14N
  25.79443	  22.63721	   7.50000	       14N
  28.66047	  14.15331	   7.50000	       14N
  28.66047	  18.39526	   7.50000	       14N
  28.66047	  22.63721	   7.50000	       14N
  31.52652	  14.15331	   7.50000	       14N
  31.52652	  18.39526	   7.50000	       14N
  31.52652	  22.63721	   7.50000	       14N
  34.39257	  14.15331	   7.50000	       14N
  34.39257	  18.39526	   7.50000	       14N
  34.39257	  22.63721	   7.50000	       14N
  37.25861	  14.15331	   7.50000	       14N
  37.25861	  18.39526	   7.50000	       14N
  37.25861	  22.63721	   7.50000	       14N
  40.12466	  14.15331	   7.50000	       14N
  40.12466	  18.39526	   7.50000	       14N
  40.12466	  22.63721	   7.50000	       14N
  42.99071	  14.15331	   7.50000	       14N
  42.99071	  18.39526	   7.50000	       14N
  42.99071	  22.63721	   7.50000	       14N
  45.85676	  14.15331	   7.50000	       14N
  45.85676	  18.39526	   7.50000	       14N
  45.85676	  22.63721	   7.50000	       14N
  48.72280	  14.15331	   7.50000	       14N
  48.72280	  18.39526	   7.50000	       14N
  48.72280	  22.63721	   7.50000	       14N
  27.22745	  27.56159	   7.50000	       11B
  27.22745	  31.80353	   7.50000	       10B
  27.22745	  36.04548	   7.50000	       11B
  30.09350	  27.56159	   7.50000	       11B
  30.09350	  31.80353	   7.50000	       11B
  30.09350	  36.04548	   7.50000	       11B
  32.95954	  27.56159	   7.50000	       11B
  32.95954	  31.80353	   7.50000	       11B
  32.95954	  36.04548	   7.50000	       11B
  35.82559	  27.56159	   7.50000	       11B
  35.82559	  31.80353	   7.50000	       11B
  35.82559	  36.04548	   7.50000	       10B
  38.69164	  27.56159	   7.50000	       11B
  38.69164	  31.80353	   7.50000	       11B
  38.69164	  36.04548	   7.50000	       10B
  41.55769	  27.56159	   7.50000	       11B
  41.55769	  31.80353	   7.50000	       10B
  41.55769	  36.04548	   7.50000	       11B
  44.42373	  27.56159	   7.50000	       11B
  44.42373	  31.80353	   7.50000	       10B
  44.42373	  36.04548	   7.50000	       11B
  47.28978	  27.56159	   7.50000	       11B
  47.28978	  31.80353	   7.50000	       11B
  47.28978	  36.04548	   7.50000	       11B
  50.15583	  27.56159	   7.50000	       11B
  50.15583	  31.80353	   7.50000	       10B
  50.15583	  36.04548	   7.50000	       11B
  25.79443	  29.68256	   7.50000	       11B
  25.79443	  33.92450	   7.50000	       11B
  25.79443	  38.16645	   7.50000	       11B
  28.66047	  29.68256	   7.50000	       11B
  28.66047	  33.92450	   7.50000	       11B
  28.66047	  38.16645	   7.50000	       11B
  31.52652	  29.68256	   7.50000	       10B
  31.52652	  33.92450	   7.50000	       11B
  31.52652	  38.16645	   7.50000	       11B
  34.39257	  29.68256	   7.50000	       10B
  34.39257	  33.92450	   7.50000	       10B
  34.39257	  38.16645	   7.50000	       11B
  37.25861	  29.68256	   7.50000	       11B
  37.25861	  33.92450	   7.50000	       11B
  37.25861	  38.16645	   7.50000	       10B
  40.12466	  29.68256	   7.50000	       10B
  40.12466	  33.92450	   7.50000	       10B
  40.12466	  38.16645	   7.50000	       11B
  42.99071	  29.68256	   7.50000	       11B
  42.99071	  33.92450	   7.50000	       11B
  42.99071	  38.16645	   7.50000	       11B
  45.85676	  29.68256	   7.50000	       11B
  45.85676	  33.92450	   7.50000	       11B
  45.85676	  38.16645	   7.50000	       11B
  48.72280	  29.68256	   7.50000	       10B
  48.72280	  33.92450	   7.50000	       11B
  48.72280	  38.16645	   7.50000	       11B
  27.22745	  29.00013	   7.50000	       14N
  27.22745	  33.24208	   7.50000	       14N
  27.22745	  37.48403	   7.50000	       14N
  30.09350	  29.00013	   7.50000	       14N
  30.09350	  33.24208	   7.50000	       14N
  30.09350	  37.48403	   7.50000	       14N
  32.95954	  29.00013	   7.50000	       14N
  32.95954	  33.24208	   7.50000	       14N
  32.95954	  37.48403	   7.50000	       14N
  35.82559	  29.00013	   7.50000	       14N
  35.82559	  33.24208	   7.50000	       14N
  35.82559	  37.48403	   7.50000	       14N
  38.69164	  29.00013	   7.50000	       14N
  38.69164	  33.24208	   7.50000	       14N
  38.69164	  37.48403	   7.50000	       14N
  41.55769	  29.00013	   7.50000	       14N
  41.55769	  33.24208	   7.50000	       14N
  41.55769	  37.48403	   7.50000	       14N
  44.42373	  29.00013	   7.50000	       14N
  44.42373	  33.24208	   7.50000	       14N
  44.42373	  37.48403	   7.50000	       14N
  47.28978	  29.00013	   7.50000	       14N
  47.28978	  33.24208	   7.50000	       14N
  47.28978	  37.48403	   7.50000	       14N
  50.15583	  29.00013	   7.50000	       14N
  50.15583	  33.24208	   7.50000	       14N
  50.15583	  37.48403	   7.50000	       14N
  25.79443	  26.87916	   7.50000	       14N
  25.79443	  31.12110	   7.50000	       14N
  25.79443	  35.36305	   7.50000	       14N
  28.66047	  26.87916	   7.50000	       14N
  28.66047	  31.12110	   7.50000	       14N
  28.66047	  35.36305	   7.50000	       14N
  31.52652	  26.87916	   7.50000	       14N
  31.52652	  31.12110	   7.50000	       14N
  31.52652	  35.36305	   7.50000	       14N
  34.39257	  26.87916	   7.50000	       14N
  34.39257	  31.12110	   7.50000	       14N
  34.39257	  35.36305	   7.50000	       14N
  37.25861	  26.87916	   7.50000	       14N
  37.25861	  31.12110	   7.50000	       14N
  37.25861	  35.36305	   7.50000	       14N
  40.12466	  26.87916	   7.50000	       14N
  40.12466	  31.12110	   7.50000	       14N
  40.12466	  35.36305	   7.50000	       14N
  42.99071	  26.87916	   7.50000	       14N
  42.99071	  31.12110	   7.50000	       14N
  42.99071	  35.36305	   7.50000	       14N
  45.85676	  26.87916	   7.50000	       14N
  45.85676	  31.12110	   7.50000	       14N
  45.85676	  35.36305	   7.50000	       14N
  48.72280	  26.87916	   7.50000	       14N
  48.72280	  31.12110	   7.50000	       14N
  48.72280	  35.36305	   7.50000	       14N
  27.21361	  40.26865	   7.50000	       10B
  27.20854	  44.51455	   7.50000	       11B
  27.21424	  48.75617	   7.50000	       11B
  30.04974	  40.27067	   7.50000	       11B
  30.02988	  44.52153	   7.50000	       11B
  30.06000	  48.76076	   7.50000	       11B
  32.89171	  40.27200	   7.50000	       11B
  32.82994	  44.53383	   7.50000	       11B
  32.92075	  48.77296	   7.50000	       11B
  35.75902	  40.29602	   7.50000	       11B
  35.57522	  44.54495	   7.50000	       11B
  35.80773	  48.78146	   7.50000	       10B
  38.69164	  40.38228	   7.50000	       11B
  38.69164	  48.78702	   7.50000	       11B
  41.62425	  40.29602	   7.50000	       11B
  41.80806	  44.54495	   7.50000	       11B
  41.57555	  48.78146	   7.50000	       11B
  44.49157	  40.27200	   7.50000	       11B
  44.55333	  44.53383	   7.50000	       11B
  44.46253	  48.77296	   7.50000	       11B
  47.33354	  40.27067	   7.50000	       11B
  47.35339	  44.52153	   7.50000	       11B
  47.32328	  48.76076	   7.50000	       11B
  50.16967	  40.26865	   7.50000	       11B
  50.17474	  44.51455	   7.50000	       11B
  50.16904	  48.75617	   7.50000	       11B
  25.79443	  42.39015	   7.50000	       11B
  25.79443	  46.63519	   7.50000	       10B
  25.79443	  50.87483	   7.50000	       11B
  28.62411	  42.39274	   7.50000	       11B
  28.63002	  46.63978	   7.50000	       11B
  28.63632	  50.87499	   7.50000	       11B
  31.44987	  42.39727	   7.50000	       10B
  31.47039	  46.65118	   7.50000	       11B
  31.48393	  50.87911	   7.50000	       10B
  34.26807	  42.40360	   7.50000	       11B
  34.32977	  46.66715	   7.50000	       11B
  34.35255	  50.88989	   7.50000	       11B
  37.16534	  42.47291	   7.50000	       11B
  37.28745	  46.62609	   7.50000	       11B
  37.25290	  50.93276	   7.50000	       11B
  40.21793	  42.47291	   7.50000	       11B
  40.09583	  46.62609	   7.50000	       11B
  40.13037	  50.93276	   7.50000	       11B
  43.11521	  42.40360	   7.50000	       11B
  43.05351	  46.66715	   7.50000	       11B
  43.03073	  50.88989	   7.50000	       11B
  45.93341	  42.39727	   7.50000	       11B
  45.91289	  46.65118	   7.50000	       10B
  45.89934	  50.87911	   7.50000	       11B
  48.75917	  42.39274	   7.50000	       11B
  48.75325	  46.63978	   7.50000	       11B
  48.74696	  50.87499	   7.50000	       11B
  27.20847	  41.70809	   7.50000	       14N
  27.20760	  45.95438	   7.50000	       14N
  27.21177	  50.19552	   7.50000	       14N
  30.03460	  41.70971	   7.50000	       14N
  30.03304	  45.96180	   7.50000	       14N
  30.05061	  50.19975	   7.50000	       14N
  32.85834	  41.70830	   7.50000	       14N
  32.85644	  45.97620	   7.50000	       14N
  32.90510	  50.21124	   7.50000	       14N
  35.68998	  41.71585	   7.50000	       14N
  35.68736	  45.98604	   7.50000	       14N
  35.79733	  50.22745	   7.50000	       14N
  38.69164	  41.82668	   7.50000	       14N
  38.69164	  50.23947	   7.50000	       14N
  41.69330	  41.71585	   7.50000	       14N
  41.69592	  45.98604	   7.50000	       14N
  41.58595	  50.22745	   7.50000	       14N
  44.52494	  41.70830	   7.50000	       14N
  44.52684	  45.97620	   7.50000	       14N
  44.47818	  50.21124	   7.50000	       14N
  47.34868	  41.70971	   7.50000	       14N
  47.35023	  45.96180	   7.50000	       14N
  47.33267	  50.19975	   7.50000	       14N
  50.17481	  41.70809	   7.50000	       14N
  50.17568	  45.95438	   7.50000	       14N
  50.17150	  50.19552	   7.50000	       14N
  25.79443	  39.58809	   7.50000	       14N
  25.79443	  43.83005	   7.50000	       14N
  25.79443	  48.07511	   7.50000	       14N
  28.62826	  39.58855	   7.50000	       14N
  28.61521	  43.83273	   7.50000	       14N
  28.62739	  48.07909	   7.50000	       14N
  31.46594	  39.59075	   7.50000	       14N
  31.42369	  43.83832	   7.50000	       14N
  31.46777	  48.09124	   7.50000	       14N
  34.32312	  39.59822	   7.50000	       14N
  34.18835	  43.84362	   7.50000	       14N
  34.32830	  48.11160	   7.50000	       14N
  37.23451	  39.65001	   7.50000	       14N
  37.23354	  48.10025	   7.50000	       14N
  40.14876	  39.65001	   7.50000	       14N
  40.14974	  48.10025	   7.50000	       14N
  43.06016	  39.59822	   7.50000	       14N
  43.19493	  43.84362	   7.50000	       14N
  43.05497	  48.11160	   7.50000	       14N
  45.91734	  39.59075	   7.50000	       14N
  45.95958	  43.83832	   7.50000	       14N
  45.91551	  48.09124	   7.50000	       14N
  48.75502	  39.58855	   7.50000	       14N
  48.76807	  43.83273	   7.50000	       14N
  48.75588	  48.07909	   7.50000	       14N
  40.58161	  43.80058	   7.50000	       14N
  36.80167	  43.80058	   7.50000	       14N
  38.69164	  46.09549	   7.50000	       14N
  27.22745	  53.01328	   7.50000	       11B
  27.22745	  57.25522	   7.50000	       11B
  27.22745	  61.49717	   7.50000	       11B
  30.09350	  53.01328	   7.50000	       11B
  30.09350	  57.25522	   7.50000	       11B
  30.09350	  61.49717	   7.50000	       11B
  32.95954	  53.01328	   7.50000	       11B
  32.95954	  57.25522	   7.50000	       11B
  32.95954	  61.49717	   7.50000	       11B
  35.82559	  53.01328	   7.50000	       11B
  35.82559	  57.25522	   7.50000	       11B
  35.82559	  61.49717	   7.50000	       11B
  38.69164	  53.01328	   7.50000	       11B
  38.69164	  57.25522	   7.50000	       11B
  38.69164	  61.49717	   7.50000	       11B
  41.55769	  53.01328	   7.50000	       11B
  41.55769	  57.25522	   7.50000	       10B
  41.55769	  61.49717	   7.50000	       10B
  44.42373	  53.01328	   7.50000	       11B
  44.42373	  57.25522	   7.50000	       11B
  44.42373	  61.49717	   7.50000	       10B
  47.28978	  53.01328	   7.50000	       11B
  47.28978	  57.25522	   7.50000	       11B
  47.28978	  61.49717	   7.50000	       11B
  50.15583	  53.01328	   7.50000	       11B
  50.15583	  57.25522	   7.50000	       11B
  50.15583	  61.49717	   7.50000	       10B
  25.79443	  55.13425	   7.50000	       11B
  25.79443	  59.37619	   7.50000	       11B
  25.79443	  63.61814	   7.50000	       11B
  28.66047	  55.13425	   7.50000	       11B
  28.66047	  59.37619	   7.50000	       11B
  28.66047	  63.61814	   7.50000	       11B
  31.52652	  55.13425	   7.50000	       11B
  31.52652	  59.37619	   7.50000	       11B
  31.52652	  63.61814	   7.50000	       10B
  34.39257	  55.13425	   7.50000	       11B
  34.39257	  59.37619	   7.50000	       11B
  34.39257	  63.61814	   7.50000	       11B
  37.25861	  55.13425	   7.50000	       11B
  37.25861	  59.37619	   7.50000	       11B
  37.25861	  63.61814	   7.50000	       11B
  40.12466	  55.13425	   7.50000	       10B
  40.12466	  59.37619	   7.50000	       10B
  40.12466	  63.61814	   7.50000	       11B
  42.99071	  55.13425	   7.50000	       11B
  42.99071	  59.37619	   7.50000	       11B
  42.99071	  63.61814	   7.50000	       11B
  45.85676	  55.13425	   7.50000	       10B
  45.85676	  59.37619	   7.50000	       11B
  45.85676	  63.61814	   7.50000	       11B
  48.72280	  55.13425	   7.50000	       11B
  48.72280	  59.37619	   7.50000	       10B
  48.72280	  63.61814	   7.50000	       11B
  27.22745	  54.45182	   7.50000	       14N
  27.22745	  58.69377	   7.50000	       14N
  27.22745	  62.93572	   7.50000	       14N
  30.09350	  54.45182	   7.50000	       14N
  30.09350	  58.69377	   7.50000	       14N
  30.09350	  62.93572	   7.50000	       14N
  32.95954	  54.45182	   7.50000	       14N
  32.95954	  58.69377	   7.50000	       14N
  32.95954	  62.93572	   7.50000	       14N
  35.82559	  54.45182	   7.50000	       14N
  35.82559	  58.69377	   7.50000	       14N
  35.82559	  62.93572	   7.50000	       14N
  38.69164	  54.45182	   7.50000	       14N
  38.69164	  58.69377	   7.50000	       14N
  38.69164	  62.93572	   7.50000	       14N
  41.55769	  54.45182	   7.50000	       14N
  41.55769	  58.69377	   7.50000	       14N
  41.55769	  62.93572	   7.50000	       14N
  44.42373	  54.45182	   7.50000	       14N
  44.42373	  58.69377	   7.50000	       14N
  44.42373	  62.93572	   7.50000	       14N
  47.28978	  54.45182	   7.50000	       14N
  47.28978	  58.69377	   7.50000	       14N
  47.28978	  62.93572	   7.50000	       14N
  50.15583	  54.45182	   7.50000	       14N
  50.15583	  58.69377	   7.50000	       14N
  50.15583	  62.93572	   7.50000	       14N
  25.79443	  52.33085	   7.50000	       14N
  25.79443	  56.57279	   7.50000	       14N
  25.79443	  60.81474	   7.50000	       14N
  28.66047	  52.33085	   7.50000	       14N
  28.66047	  56.57279	   7.50000	       14N
  28.66047	  60.81474	   7.50000	       14N
  31.52652	  52.33085	   7.50000	       14N
  31.52652	  56.57279	   7.50000	       14N
  31.52652	  60.81474	   7.50000	       14N
  34.39257	  52.33085	   7.50000	       14N
  34.39257	  56.57279	   7.50000	       14N
  34.39257	  60.81474	   7.50000	       14N
  37.25861	  52.33085	   7.50000	       14N
  37.25861	  56.57279	   7.50000	       14N
  37.25861	  60.81474	   7.50000	       14N
  40.12466	  52.33085	   7.50000	       14N
  40.12466	  56.57279	   7.50000	       14N
  40.12466	  60.81474	   7.50000	       14N
  42.99071	  52.33085	   7.50000	       14N
  42.99071	  56.57279	   7.50000	       14N
  42.99071	  60.81474	   7.50000	       14N
  45.85676	  52.33085	   7.50000	       14N
  45.85676	  56.57279	   7.50000	       14N
  45.85676	  60.81474	   7.50000	       14N
  48.72280	  52.33085	   7.50000	       14N
  48.72280	  56.57279	   7.50000	       14N
  48.72280	  60.81474	   7.50000	       14N
  27.22745	  65.73912	   7.50000	       11B
  27.22745	  69.98107	   7.50000	       11B
  27.22745	  74.22302	   7.50000	       11B
  30.09350	  65.73912	   7.50000	       11B
  30.09350	  69.98107	   7.50000	       10B
  30.09350	  74.22302	   7.50000	       11B
  32.95954	  65.73912	   7.50000	       11B
  32.95954	  69.98107	   7.50000	       11B
  32.95954	  74.22302	   7.50000	       11B
  35.82559	  65.73912	   7.50000	       10B
  35.82559	  69.98107	   7.50000	       11B
  35.82559	  74.22302	   7.50000	       11B
  38.69164	  65.73912	   7.50000	       11B
  38.69164	  69.98107	   7.50000	       11B
  38.69164	  74.22302	   7.50000	       11B
  41.55769	  65.73912	   7.50000	       11B
  41.55769	  69.98107	   7.50000	       11B
  41.55769	  74.22302	   7.50000	       11B
  44.42373	  65.73912	   7.50000	       10B
  44.42373	  69.98107	   7.50000	       11B
  44.42373	  74.22302	   7.50000	       11B
  47.28978	  65.73912	   7.50000	       11B
  47.28978	  69.98107	   7.50000	       11B
  47.28978	  74.22302	   7.50000	       11B
  50.15583	  65.73912	   7.50000	       11B
  50.15583	  69.98107	   7.50000	       11B
  50.15583	  74.22302	   7.50000	       11B
  25.79443	  67.86009	   7.50000	       11B
  25.79443	  72.10204	   7.50000	       11B
  25.79443	  76.34399	   7.50000	       10B
  28.66047	  67.86009	   7.50000	       10B
  28.66047	  72.10204	   7.50000	       11B
  28.66047	  76.34399	   7.50000	       11B
  31.52652	  67.86009	   7.50000	       11B
  31.52652	  72.10204	   7.50000	       11B
  31.52652	  76.34399	   7.50000	       10B
  34.39257	  67.86009	   7.50000	       11B
  34.39257	  72.10204	   7.50000	       10B
  34.39257	  76.34399	   7.50000	       10B
  37.25861	  67.86009	   7.50000	       11B
  37.25861	  72.10204	   7.50000	       11B
  37.25861	  76.34399	   7.50000	       10B
  40.12466	  67.86009	   7.50000	       11B
  40.12466	  72.10204	   7.50000	       11B
  40.12466	  76.34399	   7.50000	       11B
  42.99071	  67.86009	   7.50000	       11B
  42.99071	  72.10204	   7.50000	       11B
  42.99071	  76.34399	   7.50000	       11B
  45.85676	  67.86009	   7.50000	       11B
  45.85676	  72.10204	   7.50000	       11B
  45.85676	  76.34399	   7.50000	       11B
  48.72280	  67.86009	   7.50000	       11B
  48.72280	  72.10204	   7.50000	       11B
  48.72280	  76.34399	   7.50000	       11B
  27.22745	  67.17767	   7.50000	       14N
  27.22745	  71.41962	   7.50000	       14N
  27.22745	  75.66157	   7.50000	       14N
  30.09350	  67.17767	   7.50000	       14N
  30.09350	  71.41962	   7.50000	       14N
  30.09350	  75.66157	   7.50000	       14N
  32.95954	  67.17767	   7.50000	       14N
  32.95954	  71.41962	   7.50000	       14N
  32.95954	  75.66157	   7.50000	       14N
  35.82559	  67.17767	   7.50000	       14N
  35.82559	  71.41962	   7.50000	       14N
  35.82559	  75.66157	   7.50000	       14N
  38.69164	  67.17767	   7.50000	       14N
  38.69164	  71.41962	   7.50000	       14N
  38.69164	  75.66157	   7.50000	       14N
  41.55769	  67.17767	   7.50000	       14N
  41.55769	  71.41962	   7.50000	       14N
  41.55769	  75.66157	   7.50000	       14N
  44.42373	  67.17767	   7.50000	       14N
  44.42373	  71.41962	   7.50000	       14N
  44.42373	  75.66157	   7.50000	       14N
  47.28978	  67.17767	   7.50000	       14N
  47.28978	  71.41962	   7.50000	       14N
  47.28978	  75.66157	   7.50000	       14N
  50.15583	  67.17767	   7.50000	       14N
  50.15583	  71.41962	   7.50000	       14N
  50.15583	  75.66157	   7.50000	       14N
  25.79443	  65.05669	   7.50000	       14N
  25.79443	  69.29864	   7.50000	       14N
  25.79443	  73.54059	   7.50000	       14N
  28.66047	  65.05669	   7.50000	       14N
  28.66047	  69.29864	   7.50000	       14N
  28.66047	  73.54059	   7.50000	       14N
  31.52652	  65.05669	   7.50000	       14N
  31.52652	  69.29864	   7.50000	       14N
  31.52652	  73.54059	   7.50000	       14N
  34.39257	  65.05669	   7.50000	       14N
  34.39257	  69.29864	   7.50000	       14N
  34.39257	  73.54059	   7.50000	       14N
  37.25861	  65.05669	   7.50000	       14N
  37.25861	  69.29864	   7.50000	       14N
  37.25861	  73.54059	   7.50000	       14N
  40.12466	  65.05669	   7.50000	       14N
  40.12466	  69.29864	   7.50000	       14N
  40.12466	  73.54059	   7.50000	       14N
  42.99071	  65.05669	   7.50000	       14N
  42.99071	  69.29864	   7.50000	       14N
  42.99071	  73.54059	   7.50000	       14N
  45.85676	  65.05669	   7.50000	       14N
  45.85676	  69.29864	   7.50000	       14N
  45.85676	  73.54059	   7.50000	       14N
  48.72280	  65.05669	   7.50000	       14N
  48.72280	  69.29864	   7.50000	       14N
  48.72280	  73.54059	   7.50000	       14N
  27.22745	  78.46497	   7.50000	       11B
  30.09350	  78.46497	   7.50000	       11B
  32.95954	  78.46497	   7.50000	       10B
  35.82559	  78.46497	   7.50000	       11B
  38.69164	  78.46497	   7.50000	       10B
  41.55769	  78.46497	   7.50000	       11B
  44.42373	  78.46497	   7.50000	       11B
  47.28978	  78.46497	   7.50000	       11B
  50.15583	  78.46497	   7.50000	       11B
  27.22745	  79.90352	   7.50000	       14N
  30.09350	  79.90352	   7.50000	       14N
  32.95954	  79.90352	   7.50000	       14N
  35.82559	  79.90352	   7.50000	       14N
  38.69164	  79.90352	   7.50000	       14N
  41.55769	  79.90352	   7.50000	       14N
  44.42373	  79.90352	   7.50000	       14N
  47.28978	  79.90352	   7.50000	       14N
  50.15583	  79.90352	   7.50000	       14N
  25.79443	  77.78254	   7.50000	       14N
  28.66047	  77.78254	   7.50000	       14N
  31.52652	  77.78254	   7.50000	       14N
  34.39257	  77.78254	   7.50000	       14N
  37.25861	  77.78254	   7.50000	       14N
  40.12466	  77.78254	   7.50000	       14N
  42.99071	  77.78254	   7.50000	       14N
  45.85676	  77.78254	   7.50000	       14N
  48.72280	  77.78254	   7.50000	       14N
  53.02188	   2.10989	   7.50000	       11B
  53.02188	   6.35184	   7.50000	       11B
  53.02188	  10.59379	   7.50000	       10B
  55.88792	   2.10989	   7.50000	       11B
  55.88792	   6.35184	   7.50000	       11B
  55.88792	  10.59379	   7.50000	       10B
  58.75397	   2.10989	   7.50000	       11B
  58.75397	   6.35184	   7.50000	       11B
  58.75397	  10.59379	   7.50000	       11B
  61.62002	   2.10989	   7.50000	       10B
  61.62002	   6.35184	   7.50000	       11B
  61.62002	  10.59379	   7.50000	       11B
  64.48606	   2.10989	   7.50000	       11B
  64.48606	   6.35184	   7.50000	       11B
  64.48606	  10.59379	   7.50000	       10B
  67.35211	   2.10989	   7.50000	       11B
  67.35211	   6.35184	   7.50000	       11B
  67.35211	  10.59379	   7.50000	       11B
  70.21816	   2.10989	   7.50000	       11B
  70.21816	   6.35184	   7.50000	       11B
  70.21816	  10.59379	   7.50000	       11B
  73.08421	   2.10989	   7.50000	       10B
  73.08421	   6.35184	   7.50000	       11B
  73.08421	  10.59379	   7.50000	       10B
  75.95025	   2.10989	   7.50000	       11B
  75.95025	   6.35184	   7.50000	       10B
  75.95025	  10.59379	   7.50000	       11B
  51.58885	   4.23087	   7.50000	       10B
  51.58885	   8.47281	   7.50000	       10B
  51.58885	  12.71476	   7.50000	       11B
  54.45490	   4.23087	   7.50000	       10B
  54.45490	   8.47281	   7.50000	       11B
  54.45490	  12.71476	   7.50000	       11B
  57.32095	   4.23087	   7.50000	       11B
  57.32095	   8.47281	   7.50000	       11B
  57.32095	  12.71476	   7.50000	       11B
  60.18699	   4.23087	   7.50000	       11B
  60.18699	   8.47281	   7.50000	       11B
  60.18699	  12.71476	   7.50000	       10B
  63.05304	   4.23087	   7.50000	       10B
  63.05304	   8.47281	   7.50000	       11B
  63.05304	  12.71476	   7.50000	       11B
  65.91909	   4.23087	   7.50000	       10B
  65.91909	   8.47281	   7.50000	       11B
  65.91909	  12.71476	   7.50000	       11B
  68.78514	   4.23087	   7.50000	       10B
  68.78514	   8.47281	   7.50000	       10B
  68.78514	  12.71476	   7.50000	       11B
  71.65118	   4.23087	   7.50000	       11B
  71.65118	   8.47281	   7.50000	       11B
  71.65118	  12.71476	   7.50000	       11B
  74.51723	   4.23087	   7.50000	       11B
  74.51723	   8.47281	   7.50000	       11B
  74.51723	  12.71476	   7.50000	       11B
  53.02188	   3.54844	   7.50000	       14N
  53.02188	   7.79039	   7.50000	       14N
  53.02188	  12.03234	   7.50000	       14N
  55.88792	   3.54844	   7.50000	       14N
  55.88792	   7.79039	   7.50000	       14N
  55.88792	  12.03234	   7.50000	       14N
  58.75397	   3.54844	   7.50000	       14N
  58.75397	   7.79039	   7.50000	       14N
  58.75397	  12.03234	   7.50000	       14N
  61.62002	   3.54844	   7.50000	       14N
  61.62002	   7.79039	   7.50000	       14N
  61.62002	  12.03234	   7.50000	       14N
  64.48606	   3.54844	   7.50000	       14N
  64.48606	   7.79039	   7.50000	       14N
  64.48606	  12.03234	   7.50000	       14N
  67.35211	   3.54844	   7.50000	       14N
  67.35211	   7.79039	   7.50000	       14N
  67.35211	  12.03234	   7.50000	       14N
  70.21816	   3.54844	   7.50000	       14N
  70.21816	   7.79039	   7.50000	       14N
  70.21816	  12.03234	   7.50000	       14N
  73.08421	   3.54844	   7.50000	       14N
  73.08421	   7.79039	   7.50000	       14N
  73.08421	  12.03234	   7.50000	       14N
  75.95025	   3.54844	   7.50000	       14N
  75.95025	   7.79039	   7.50000	       14N
  75.95025	  12.03234	   7.50000	       14N
  51.58885	   1.42747	   7.50000	       14N
  51.58885	   5.66941	   7.50000	       14N
  51.58885	   9.91136	   7.50000	       14N
  54.45490	   1.42747	   7.50000	       14N
  54.45490	   5.66941	   7.50000	       14N
  54.45490	   9.91136	   7.50000	       14N
  57.32095	   1.42747	   7.50000	       14N
  57.32095	   5.66941	   7.50000	       14N
  57.32095	   9.91136	   7.50000	       14N
  60.18699	   1.42747	   7.50000	       14N
  60.18699	   5.66941	   7.50000	       14N
  60.18699	   9.91136	   7.50000	       14N
  63.05304	   1.42747	   7.50000	       14N
  63.05304	   5.66941	   7.50000	       14N
  63.05304	   9.91136	   7.50000	       14N
  65.91909	   1.42747	   7.50000	       14N
  65.91909	   5.66941	   7.50000	       14N
  65.91909	   9.91136	   7.50000	       14N
  68.78514	   1.42747	   7.50000	       14N
  68.78514	   5.66941	   7.50000	       14N
  68.78514	   9.91136	   7.50000	       14N
  71.65118	   1.42747	   7.50000	       14N
  71.65118	   5.66941	   7.50000	       14N
  71.65118	   9.91136	   7.50000	       14N
  74.51723	   1.42747	   7.50000	       14N
  74.51723	   5.66941	   7.50000	       14N
  74.51723	   9.91136	   7.50000	       14N
  53.02188	  14.83574	   7.50000	       11B
  53.02188	  19.07769	   7.50000	       11B
  53.02188	  23.31964	   7.50000	       10B
  55.88792	  14.83574	   7.50000	       11B
  55.88792	  19.07769	   7.50000	       11B
  55.88792	  23.31964	   7.50000	       11B
  58.75397	  14.83574	   7.50000	       11B
  58.75397	  19.07769	   7.50000	       11B
  58.75397	  23.31964	   7.50000	       10B
  61.62002	  14.83574	   7.50000	       10B
  61.62002	  19.07769	   7.50000	       11B
  61.62002	  23.31964	   7.50000	       11B
  64.48606	  14.83574	   7.50000	       10B
  64.48606	  19.07769	   7.50000	       11B
  64.48606	  23.31964	   7.50000	       11B
  67.35211	  14.83574	   7.50000	       11B
  67.35211	  19.07769	   7.50000	       11B
  67.35211	  23.31964	   7.50000	       11B
  70.21816	  14.83574	   7.50000	       11B
  70.21816	  19.07769	   7.50000	       11B
  70.21816	  23.31964	   7.50000	       11B
  73.08421	  14.83574	   7.50000	       11B
  73.08421	  19.07769	   7.50000	       10B
  73.08421	  23.31964	   7.50000	       11B
  75.95025	  14.83574	   7.50000	       11B
  75.95025	  19.07769	   7.50000	       11B
  75.95025	  23.31964	   7.50000	       11B
  51.58885	  16.95671	   7.50000	       11B
  51.58885	  21.19866	   7.50000	       11B
  51.58885	  25.44061	   7.50000	       11B
  54.45490	  16.95671	   7.50000	       11B
  54.45490	  21.19866	   7.50000	       11B
  54.45490	  25.44061	   7.50000	       11B
  57.32095	  16.95671	   7.50000	       11B
  57.32095	  21.19866	   7.50000	       11B
  57.32095	  25.44061	   7.50000	       11B
  60.18699	  16.95671	   7.50000	       11B
  60.18699	  21.19866	   7.50000	       11B
  60.18699	  25.44061	   7.50000	       10B
  63.05304	  16.95671	   7.50000	       11B
  63.05304	  21.19866	   7.50000	       11B
  63.05304	  25.44061	   7.50000	       11B
  65.91909	  16.95671	   7.50000	       10B
  65.91909	  21.19866	   7.50000	       10B
  65.91909	  25.44061	   7.50000	       11B
  68.78514	  16.95671	   7.50000	       11B
  68.78514	  21.19866	   7.50000	       11B
  68.78514	  25.44061	   7.50000	       11B
  71.65118	  16.95671	   7.50000	       11B
  71.65118	  21.19866	   7.50000	       11B
  71.65118	  25.44061	   7.50000	       11B
  74.51723	  16.95671	   7.50000	       11B
  74.51723	  21.19866	   7.50000	       11B
  74.51723	  25.44061	   7.50000	       11B
  53.02188	  16.27429	   7.50000	       14N
  53.02188	  20.51624	   7.50000	       14N
  53.02188	  24.75819	   7.50000	       14N
  55.88792	  16.27429	   7.50000	       14N
  55.88792	  20.51624	   7.50000	       14N
  55.88792	  24.75819	   7.50000	       14N
  58.75397	  16.27429	   7.50000	       14N
  58.75397	  20.51624	   7.50000	       14N
  58.75397	  24.75819	   7.50000	       14N
  61.62002	  16.27429	   7.50000	       14N
  61.62002	  20.51624	   7.50000	       14N
  61.62002	  24.75819	   7.50000	       14N
  64.48606	  16.27429	   7.50000	       14N
  64.48606	  20.51624	   7.50000	       14N
  64.48606	  24.75819	   7.50000	       14N
  67.35211	  16.27429	   7.50000	       14N
  67.35211	  20.51624	   7.50000	       14N
  67.35211	  24.75819	   7.50000	       14N
  70.21816	  16.27429	   7.50000	       14N
  70.21816	  20.51624	   7.50000	       14N
  70.21816	  24.75819	   7.50000	       14N
  73.08421	  16.27429	   7.50000	       14N
  73.08421	  20.51624	   7.50000	       14N
  73.08421	  24.75819	   7.50000	       14N
  75.95025	  16.27429	   7.50000	       14N
  75.95025	  20.51624	   7.50000	       14N
  75.95025	  24.75819	   7.50000	       14N
  51.58885	  14.15331	   7.50000	       14N
  51.58885	  18.39526	   7.50000	       14N
  51.58885	  22.63721	   7.50000	       14N
  54.45490	  14.15331	   7.50000	       14N
  54.45490	  18.39526	   7.50000	       14N
  54.45490	  22.63721	   7.50000	       14N
  57.32095	  14.15331	   7.50000	       14N
  57.32095	  18.39526	   7.50000	       14N
  57.32095	  22.63721	   7.50000	       14N
  60.18699	  14.15331	   7.50000	       14N
  60.18699	  18.39526	   7.50000	       14N
  60.18699	  22.63721	   7.50000	       14N
  63.05304	  14.15331	   7.50000	       14N
  63.05304	  18.39526	   7.50000	       14N
  63.05304	  22.63721	   7.50000	       14N
  65.91909	  14.15331	   7.50000	       14N
  65.91909	  18.39526	   7.50000	       14N
  65.91909	  22.63721	   7.50000	       14N
  68.78514	  14.15331	   7.50000	       14N
  68.78514	  18.39526	   7.50000	       14N
  68.78514	  22.63721	   7.50000	       14N
  71.65118	  14.15331	   7.50000	       14N
  71.65118	  18.39526	   7.50000	       14N
  71.65118	  22.63721	   7.50000	       14N
  74.51723	  14.15331	   7.50000	       14N
  74.51723	  18.39526	   7.50000	       14N
  74.51723	  22.63721	   7.50000	       14N
  53.02188	  27.56159	   7.50000	       11B
  53.02188	  31.80353	   7.50000	       10B
  53.02188	  36.04548	   7.50000	       11B
  55.88792	  27.56159	   7.50000	       11B
  55.88792	  31.80353	   7.50000	       11B
  55.88792	  36.04548	   7.50000	       11B
  58.75397	  27.56159	   7.50000	       11B
  58.75397	  31.80353	   7.50000	       10B
  58.75397	  36.04548	   7.50000	       11B
  61.62002	  27.56159	   7.50000	       11B
  61.62002	  31.80353	   7.50000	       11B
  61.62002	  36.04548	   7.50000	       10B
  64.48606	  27.56159	   7.50000	       10B
  64.48606	  31.80353	   7.50000	       11B
  64.48606	  36.04548	   7.50000	       11B
  67.35211	  27.56159	   7.50000	       11B
  67.35211	  31.80353	   7.50000	       11B
  67.35211	  36.04548	   7.50000	       10B
  70.21816	  27.56159	   7.50000	       11B
  70.21816	  31.80353	   7.50000	       11B
  70.21816	  36.04548	   7.50000	       11B
  73.08421	  27.56159	   7.50000	       10B
  73.08421	  31.80353	   7.50000	       11B
  73.08421	  36.04548	   7.50000	       11B
  75.95025	  27.56159	   7.50000	       10B
  75.95025	  31.80353	   7.50000	       11B
  75.95025	  36.04548	   7.50000	       11B
  51.58885	  29.68256	   7.50000	       11B
  51.58885	  33.92450	   7.50000	       11B
  51.58885	  38.16645	   7.50000	       11B
  54.45490	  29.68256	   7.50000	       10B
  54.45490	  33.92450	   7.50000	       10B
  54.45490	  38.16645	   7.50000	       11B
  57.32095	  29.68256	   7.50000	       11B
  57.32095	  33.92450	   7.50000	       11B
  57.32095	  38.16645	   7.50000	       10B
  60.18699	  29.68256	   7.50000	       11B
  60.18699	  33.92450	   7.50000	       11B
  60.18699	  38.16645	   7.50000	       11B
  63.05304	  29.68256	   7.50000	       11B
  63.05304	  33.92450	   7.50000	       11B
  63.05304	  38.16645	   7.50000	       10B
  65.91909	  29.68256	   7.50000	       11B
  65.91909	  33.92450	   7.50000	       11B
  65.91909	  38.16645	   7.50000	       11B
  68.78514	  29.68256	   7.50000	       10B
  68.78514	  33.92450	   7.50000	       11B
  68.78514	  38.16645	   7.50000	       11B
  71.65118	  29.68256	   7.50000	       11B
  71.65118	  33.92450	   7.50000	       11B
  71.65118	  38.16645	   7.50000	       11B
  74.51723	  29.68256	   7.50000	       11B
  74.51723	  33.92450	   7.50000	       10B
  74.51723	  38.16645	   7.50000	       11B
  53.02188	  29.00013	   7.50000	       14N
  53.02188	  33.24208	   7.50000	       14N
  53.02188	  37.48403	   7.50000	       14N
  55.88792	  29.00013	   7.50000	       14N
  55.88792	  33.24208	   7.50000	       14N
  55.88792	  37.48403	   7.50000	       14N
  58.75397	  29.00013	   7.50000	       14N
  58.75397	  33.24208	   7.50000	       14N
  58.75397	  37.48403	   7.50000	       14N
  61.62002	  29.00013	   7.50000	       14N
  61.62002	  33.24208	   7.50000	       14N
  61.62002	  37.48403	   7.50000	       14N
  64.48606	  29.00013	   7.50000	       14N
  64.48606	  33.24208	   7.50000	       14N
  64.48606	  37.48403	   7.50000	       14N
  67.35211	  29.00013	   7.50000	       14N
  67.35211	  33.24208	   7.50000	       14N
  67.35211	  37.48403	   7.50000	       14N
  70.21816	  29.00013	   7.50000	       14N
  70.21816	  33.24208	   7.50000	       14N
  70.21816	  37.48403	   7.50000	       14N
  73.08421	  29.00013	   7.50000	       14N
  73.08421	  33.24208	   7.50000	       14N
  73.08421	  37.48403	   7.50000	       14N
  75.95025	  29.00013	   7.50000	       14N
  75.95025	  33.24208	   7.50000	       14N
  75.95025	  37.48403	   7.50000	       14N
  51.58885	  26.87916	   7.50000	       14N
  51.58885	  31.12110	   7.50000	       14N
  51.58885	  35.36305	   7.50000	       14N
  54.45490	  26.87916	   7.50000	       14N
  54.45490	  31.12110	   7.50000	       14N
  54.45490	  35.36305	   7.50000	       14N
  57.32095	  26.87916	   7.50000	       14N
  57.32095	  31.12110	   7.50000	       14N
  57.32095	  35.36305	   7.50000	       14N
  60.18699	  26.87916	   7.50000	       14N
  60.18699	  31.12110	   7.50000	       14N
  60.18699	  35.36305	   7.50000	       14N
  63.05304	  26.87916	   7.50000	       14N
  63.05304	  31.12110	   7.50000	       14N
  63.05304	  35.36305	   7.50000	       14N
  65.91909	  26.87916	   7.50000	       14N
  65.91909	  31.12110	   7.50000	       14N
  65.91909	  35.36305	   7.50000	       14N
  68.78514	  26.87916	   7.50000	       14N
  68.78514	  31.12110	   7.50000	       14N
  68.78514	  35.36305	   7.50000	       14N
  71.65118	  26.87916	   7.50000	       14N
  71.65118	  31.12110	   7.50000	       14N
  71.65118	  35.36305	   7.50000	       14N
  74.51723	  26.87916	   7.50000	       14N
  74.51723	  31.12110	   7.50000	       14N
  74.51723	  35.36305	   7.50000	       14N
  53.02188	  40.28743	   7.50000	       10B
  53.02188	  44.52938	   7.50000	       11B
  53.02188	  48.77133	   7.50000	       11B
  55.88792	  40.28743	   7.50000	       11B
  55.88792	  44.52938	   7.50000	       11B
  55.88792	  48.77133	   7.50000	       11B
  58.75397	  40.28743	   7.50000	       11B
  58.75397	  44.52938	   7.50000	       11B
  58.75397	  48.77133	   7.50000	       11B
  61.62002	  40.28743	   7.50000	       11B
  61.62002	  44.52938	   7.50000	       11B
  61.62002	  48.77133	   7.50000	       11B
  64.48606	  40.28743	   7.50000	       11B
  64.48606	  44.52938	   7.50000	       10B
  64.48606	  48.77133	   7.50000	       11B
  67.35211	  40.28743	   7.50000	       11B
  67.35211	  44.52938	   7.50000	       11B
  67.35211	  48.77133	   7.50000	       10B
  70.21816	  40.28743	   7.50000	       10B
  70.21816	  44.52938	   7.50000	       10B
  70.21816	  48.77133	   7.50000	       10B
  73.08421	  40.28743	   7.50000	       11B
  73.08421	  44.52938	   7.50000	       11B
  73.08421	  48.77133	   7.50000	       11B
  75.95025	  40.28743	   7.50000	       11B
  75.95025	  44.52938	   7.50000	       11B
  75.95025	  48.77133	   7.50000	       11B
  51.58885	  42.40840	   7.50000	       11B
  51.58885	  46.65035	   7.50000	       11B
  51.58885	  50.89230	   7.50000	       11B
  54.45490	  42.40840	   7.50000	       11B
  54.45490	  46.65035	   7.50000	       11B
  54.45490	  50.89230	   7.50000	       11B
  57.32095	  42.40840	   7.50000	       11B
  57.32095	  46.65035	   7.50000	       10B
  57.32095	  50.89230	   7.50000	       11B
  60.18699	  42.40840	   7.50000	       11B
  60.18699	  46.65035	   7.50000	       11B
  60.18699	  50.89230	   7.50000	       10B
  63.05304	  42.40840	   7.50000	       11B
  63.05304	  46.65035	   7.50000	       11B
  63.05304	  50.89230	   7.50000	       11B
  65.91909	  42.40840	   7.50000	       10B
  65.91909	  46.65035	   7.50000	       11B
  65.91909	  50.89230	   7.50000	       11B
  68.78514	  42.40840	   7.50000	       11B
  68.78514	  46.65035	   7.50000	       10B
  68.78514	  50.89230	   7.50000	       11B
  71.65118	  42.40840	   7.50000	       11B
  71.65118	  46.65035	   7.50000	       11B
  71.65118	  50.89230	   7.50000	       11B
  74.51723	  42.40840	   7.50000	       11B
  74.51723	  46.65035	   7.50000	       11B
  74.51723	  50.89230	   7.50000	       10B
  53.02188	  41.72598	   7.50000	       14N
  53.02188	  45.96793	   7.50000	       14N
  53.02188	  50.20988	   7.50000	       14N
  55.88792	  41.72598	   7.50000	       14N
  55.88792	  45.96793	   7.50000	       14N
  55.88792	  50.20988	   7.50000	       14N
  58.75397	  41.72598	   7.50000	       14N
  58.75397	  45.96793	   7.50000	       14N
  58.75397	  50.20988	   7.50000	       14N
  61.62002	  41.72598	   7.50000	       14N
  61.62002	  45.96793	   7.50000	       14N
  61.62002	  50.20988	   7.50000	       14N
  64.48606	  41.72598	   7.50000	       14N
  64.48606	  45.96793	   7.50000	       14N
  64.48606	  50.20988	   7.50000	       14N
  67.35211	  41.72598	   7.50000	       14N
  67.35211	  45.96793	   7.50000	       14N
  67.35211	  50.20988	   7.50000	       14N
  70.21816	  41.72598	   7.50000	       14N
  70.21816	  45.96793	   7.50000	       14N
  70.21816	  50.20988	   7.50000	       14N
  73.08421	  41.72598	   7.50000	       14N
  73.08421	  45.96793	   7.50000	       14N
  73.08421	  50.20988	   7.50000	       14N
  75.95025	  41.72598	   7.50000	       14N
  75.95025	  45.96793	   7.50000	       14N
  75.95025	  50.20988	   7.50000	       14N
  51.58885	  39.60500	   7.50000	       14N
  51.58885	  43.84695	   7.50000	       14N
  51.58885	  48.08890	   7.50000	       14N
  54.45490	  39.60500	   7.50000	       14N
  54.45490	  43.84695	   7.50000	       14N
  54.45490	  48.08890	   7.50000	       14N
  57.32095	  39.60500	   7.50000	       14N
  57.32095	  43.84695	   7.50000	       14N
  57.32095	  48.08890	   7.50000	       14N
  60.18699	  39.60500	   7.50000	       14N
  60.18699	  43.84695	   7.50000	       14N
  60.18699	  48.08890	   7.50000	       14N
  63.05304	  39.60500	   7.50000	       14N
  63.05304	  43.84695	   7.50000	       14N
  63.05304	  48.08890	   7.50000	       14N
  65.91909	  39.60500	   7.50000	       14N
  65.91909	  43.84695	   7.50000	       14N
  65.91909	  48.08890	   7.50000	       14N
  68.78514	  39.60500	   7.50000	       14N
  68.78514	  43.84695	   7.50000	       14N
  68.78514	  48.08890	   7.50000	       14N
  71.65118	  39.60500	   7.50000	       14N
  71.65118	  43.84695	   7.50000	       14N
  71.65118	  48.08890	   7.50000	       14N
  74.51723	  39.60500	   7.50000	       14N
  74.51723	  43.84695	   7.50000	       14N
  74.51723	  48.08890	   7.50000	       14N
  53.02188	  53.01328	   7.50000	       11B
  53.02188	  57.25522	   7.50000	       11B
  53.02188	  61.49717	   7.50000	       11B
  55.88792	  53.01328	   7.50000	       11B
  55.88792	  57.25522	   7.50000	       11B
  55.88792	  61.49717	   7.50000	       11B
  58.75397	  53.01328	   7.50000	       11B
  58.75397	  57.25522	   7.50000	       11B
  58.75397	  61.49717	   7.50000	       11B
  61.62002	  53.01328	   7.50000	       11B
  61.62002	  57.25522	   7.50000	       11B
  61.62002	  61.49717	   7.50000	       11B
  64.48606	  53.01328	   7.50000	       10B
  64.48606	  57.25522	   7.50000	       10B
  64.48606	  61.49717	   7.50000	       11B
  67.35211	  53.01328	   7.50000	       11B
  67.35211	  57.25522	   7.50000	       11B
  67.35211	  61.49717	   7.50000	       11B
  70.21816	  53.01328	   7.50000	       11B
  70.21816	  57.25522	   7.50000	       11B
  70.21816	  61.49717	   7.50000	       11B
  73.08421	  53.01328	   7.50000	       11B
  73.08421	  57.25522	   7.50000	       11B
  73.08421	  61.49717	   7.50000	       11B
  75.95025	  53.01328	   7.50000	       11B
  75.95025	  57.25522	   7.50000	       10B
  75.95025	  61.49717	   7.50000	       11B
  51.58885	  55.13425	   7.50000	       11B
  51.58885	  59.37619	   7.50000	       11B
  51.58885	  63.61814	   7.50000	       11B
  54.45490	  55.13425	   7.50000	       10B
  54.45490	  59.37619	   7.50000	       10B
  54.45490	  63.61814	   7.50000	       11B
  57.32095	  55.13425	   7.50000	       11B
  57.32095	  59.37619	   7.50000	       11B
  57.32095	  63.61814	   7.50000	       11B
  60.18699	  55.13425	   7.50000	       11B
  60.18699	  59.37619	   7.50000	       11B
  60.18699	  63.61814	   7.50000	       11B
  63.05304	  55.13425	   7.50000	       10B
  63.05304	  59.37619	   7.50000	       11B
  63.05304	  63.61814	   7.50000	       11B
  65.91909	  55.13425	   7.50000	       11B
  65.91909	  59.37619	   7.50000	       11B
  65.91909	  63.61814	   7.50000	       11B
  68.78514	  55.13425	   7.50000	       11B
  68.78514	  59.37619	   7.50000	       10B
  68.78514	  63.61814	   7.50000	       11B
  71.65118	  55.13425	   7.50000	       11B
  71.65118	  59.37619	   7.50000	       11B
  71.65118	  63.61814	   7.50000	       11B
  74.51723	  55.13425	   7.50000	       10B
  74.51723	  59.37619	   7.50000	       11B
  74.51723	  63.61814	   7.50000	       10B
  53.02188	  54.45182	   7.50000	       14N
  53.02188	  58.69377	   7.50000	       14N
  53.02188	  62.93572	   7.50000	       14N
  55.88792	  54.45182	   7.50000	       14N
  55.88792	  58.69377	   7.50000	       14N
  55.88792	  62.93572	   7.50000	       14N
  58.75397	  54.45182	   7.50000	       14N
  58.75397	  58.69377	   7.50000	       14N
  58.75397	  62.93572	   7.50000	       14N
  61.62002	  54.45182	   7.50000	       14N
  61.62002	  58.69377	   7.50000	       14N
  61.62002	  62.93572	   7.50000	       14N
  64.48606	  54.45182	   7.50000	       14N
  64.48606	  58.69377	   7.50000	       14N
  64.48606	  62.93572	   7.50000	       14N
  67.35211	  54.45182	   7.50000	       14N
  67.35211	  58.69377	   7.50000	       14N
  67.35211	  62.93572	   7.50000	       14N
  70.21816	  54.45182	   7.50000	       14N
  70.21816	  58.69377	   7.50000	       14N
  70.21816	  62.93572	   7.50000	       14N
  73.08421	  54.45182	   7.50000	       14N
  73.08421	  58.69377	   7.50000	       14N
  73.08421	  62.93572	   7.50000	       14N
  75.95025	  54.45182	   7.50000	       14N
  75.95025	  58.69377	   7.50000	       14N
  75.95025	  62.93572	   7.50000	       14N
  51.58885	  52.33085	   7.50000	       14N
  51.58885	  56.57279	   7.50000	       14N
  51.58885	  60.81474	   7.50000	       14N
  54.45490	  52.33085	   7.50000	       14N
  54.45490	  56.57279	   7.50000	       14N
  54.45490	  60.81474	   7.50000	       14N
  57.32095	  52.33085	   7.50000	       14N
  57.32095	  56.57279	   7.50000	       14N
  57.32095	  60.81474	   7.50000	       14N
  60.18699	  52.33085	   7.50000	       14N
  60.18699	  56.57279	   7.50000	       14N
  60.18699	  60.81474	   7.50000	       14N
  63.05304	  52.33085	   7.50000	       14N
  63.05304	  56.57279	   7.50000	       14N
  63.05304	  60.81474	   7.50000	       14N
  65.91909	  52.33085	   7.50000	       14N
  65.91909	  56.57279	   7.50000	       14N
  65.91909	  60.81474	   7.50000	       14N
  68.78514	  52.33085	   7.50000	       14N
  68.78514	  56.57279	   7.50000	       14N
  68.78514	  60.81474	   7.50000	       14N
  71.65118	  52.33085	   7.50000	       14N
  71.65118	  56.57279	   7.50000	       14N
  71.65118	  60.81474	   7.50000	       14N
  74.51723	  52.33085	   7.50000	       14N
  74.51723	  56.57279	   7.50000	       14N
  74.51723	  60.81474	   7.50000	       14N
  53.02188	  65.73912	   7.50000	       11B
  53.02188	  69.98107	   7.50000	       11B
  53.02188	  74.22302	   7.50000	       11B
  55.88792	  65.73912	   7.50000	       11B
  55.88792	  69.98107	   7.50000	       11B
  55.88792	  74.22302	   7.50000	       11B
  58.75397	  65.73912	   7.50000	       11B
  58.75397	  69.98107	   7.50000	       11B
  58.75397	  74.22302	   7.50000	       11B
  61.62002	  65.73912	   7.50000	       11B
  61.62002	  69.98107	   7.50000	       11B
  61.62002	  74.22302	   7.50000	       11B
  64.48606	  65.73912	   7.50000	       11B
  64.48606	  69.98107	   7.50000	       11B
  64.48606	  74.22302	   7.50000	       11B
  67.35211	  65.73912	   7.50000	       11B
  67.35211	  69.98107	   7.50000	       11B
  67.35211	  74.22302	   7.50000	       11B
  70.21816	  65.73912	   7.50000	       11B
  70.21816	  69.98107	   7.50000	       10B
  70.21816	  74.22302	   7.50000	       11B
  73.08421	  65.73912	   7.50000	       11B
  73.08421	  69.98107	   7.50000	       11B
  73.08421	  74.22302	   7.50000	       11B
  75.95025	  65.73912	   7.50000	       11B
  75.95025	  69.98107	   7.50000	       11B
  75.95025	  74.22302	   7.50000	       11B
  51.58885	  67.86009	   7.50000	       11B
  51.58885	  72.10204	   7.50000	       11B
  51.58885	  76.34399	   7.50000	       11B
  54.45490	  67.86009	   7.50000	       11B
  54.45490	  72.10204	   7.50000	       11B
  54.45490	  76.34399	   7.50000	       10B
  57.32095	  67.86009	   7.50000	       11B
  57.32095	  72.10204	   7.50000	       11B
  57.32095	  76.34399	   7.50000	       11B
  60.18699	  67.86009	   7.50000	       11B
  60.18699	  72.10204	   7.50000	       11B
  60.18699	  76.34399	   7.50000	       11B
  63.05304	  67.86009	   7.50000	       11B
  63.05304	  72.10204	   7.50000	       11B
  63.05304	  76.34399	   7.50000	       11B
  65.91909	  67.86009	   7.50000	       11B
  65.91909	  72.10204	   7.50000	       10B
  65.91909	  76.34399	   7.50000	       10B
  68.78514	  67.86009	   7.50000	       11B
  68.78514	  72.10204	   7.50000	       11B
  68.78514	  76.34399	   7.50000	       11B
  71.65118	  67.86009	   7.50000	       10B
  71.65118	  72.10204	   7.50000	       11B
  71.65118	  76.34399	   7.50000	       11B
  74.51723	  67.86009	   7.50000	       11B
  74.51723	  72.10204	   7.50000	       11B
  74.51723	  76.34399	   7.50000	       11B
  53.02188	  67.17767	   7.50000	       14N
  53.02188	  71.41962	   7.50000	       14N
  53.02188	  75.66157	   7.50000	       14N
  55.88792	  67.17767	   7.50000	       14N
  55.88792	  71.41962	   7.50000	       14N
  55.88792	  75.66157	   7.50000	       14N
  58.75397	  67.17767	   7.50000	       14N
  58.75397	  71.41962	   7.50000	       14N
  58.75397	  75.66157	   7.50000	       14N
  61.62002	  67.17767	   7.50000	       14N
  61.62002	  71.41962	   7.50000	       14N
  61.62002	  75.66157	   7.50000	       14N
  64.48606	  67.17767	   7.50000	       14N
  64.48606	  71.41962	   7.50000	       14N
  64.48606	  75.66157	   7.50000	       14N
  67.35211	  67.17767	   7.50000	       14N
  67.35211	  71.41962	   7.50000	       14N
  67.35211	  75.66157	   7.50000	       14N
  70.21816	  67.17767	   7.50000	       14N
  70.21816	  71.41962	   7.50000	       14N
  70.21816	  75.66157	   7.50000	       14N
  73.08421	  67.17767	   7.50000	       14N
  73.08421	  71.41962	   7.50000	       14N
  73.08421	  75.66157	   7.50000	       14N
  75.95025	  67.17767	   7.50000	       14N
  75.95025	  71.41962	   7.50000	       14N
  75.95025	  75.66157	   7.50000	       14N
  51.58885	  65.05669	   7.50000	       14N
  51.58885	  69.29864	   7.50000	       14N
  51.58885	  73.54059	   7.50000	       14N
  54.45490	  65.05669	   7.50000	       14N
  54.45490	  69.29864	   7.50000	       14N
  54.45490	  73.54059	   7.50000	       14N
  57.32095	  65.05669	   7.50000	       14N
  57.32095	  69.29864	   7.50000	       14N
  57.32095	  73.54059	   7.50000	       14N
  60.18699	  65.05669	   7.50000	       14N
  60.18699	  69.29864	   7.50000	       14N
  60.18699	  73.54059	   7.50000	       14N
  63.05304	  65.05669	   7.50000	       14N
  63.05304	  69.29864	   7.50000	       14N
  63.05304	  73.54059	   7.50000	       14N
  65.91909	  65.05669	   7.50000	       14N
  65.91909	  69.29864	   7.50000	       14N
  65.91909	  73.54059	   7.50000	       14N
  68.78514	  65.05669	   7.50000	       14N
  68.78514	  69.29864	   7.50000	       14N
  68.78514	  73.54059	   7.50000	       14N
  71.65118	  65.05669	   7.50000	       14N
  71.65118	  69.29864	   7.50000	       14N
  71.65118	  73.54059	   7.50000	       14N
  74.51723	  65.05669	   7.50000	       14N
  74.51723	  69.29864	   7.50000	       14N
  74.51723	  73.54059	   7.50000	       14N
  53.02188	  78.46497	   7.50000	       11B
  55.88792	  78.46497	   7.50000	       11B
  58.75397	  78.46497	   7.50000	       11B
  61.62002	  78.46497	   7.50000	       11B
  64.48606	  78.46497	   7.50000	       11B
  67.35211	  78.46497	   7.50000	       11B
  70.21816	  78.46497	   7.50000	       11B
  73.08421	  78.46497	   7.50000	       11B
  75.95025	  78.46497	   7.50000	       11B
  53.02188	  79.90352	   7.50000	       14N
  55.88792	  79.90352	   7.50000	       14N
  58.75397	  79.90352	   7.50000	       14N
  61.62002	  79.90352	   7.50000	       14N
  64.48606	  79.90352	   7.50000	       14N
  67.35211	  79.90352	   7.50000	       14N
  70.21816	  79.90352	   7.50000	       14N
  73.08421	  79.90352	   7.50000	       14N
  75.95025	  79.90352	   7.50000	       14N
  51.58885	  77.78254	   7.50000	       14N
  54.45490	  77.78254	   7.50000	       14N
  57.32095	  77.78254	   7.50000	       14N
  60.18699	  77.78254	   7.50000	       14N
  63.05304	  77.78254	   7.50000	       14N
  65.91909	  77.78254	   7.50000	       14N
  68.78514	  77.78254	   7.50000	       14N
  71.65118	  77.78254	   7.50000	       14N
  74.51723	  77.78254	   7.50000	       14N
  78.81630	   2.10989	   7.50000	       10B
  78.81630	   6.35184	   7.50000	       11B
  78.81630	  10.59379	   7.50000	       10B
  77.38328	   4.23087	   7.50000	       11B
  77.38328	   8.47281	   7.50000	       11B
  77.38328	  12.71476	   7.50000	       11B
  78.81630	   3.54844	   7.50000	       14N
  78.81630	   7.79039	   7.50000	       14N
  78.81630	  12.03234	   7.50000	       14N
  77.38328	   1.42747	   7.50000	       14N
  77.38328	   5.66941	   7.50000	       14N
  77.38328	   9.91136	   7.50000	       14N
  78.81630	  14.83574	   7.50000	       11B
  78.81630	  19.07769	   7.50000	       11B
  78.81630	  23.31964	   7.50000	       11B
  77.38328	  16.95671	   7.50000	       11B
  77.38328	  21.19866	   7.50000	       10B
  77.38328	  25.44061	   7.50000	       11B
  78.81630	  16.27429	   7.50000	       14N
  78.81630	  20.51624	   7.50000	       14N
  78.81630	  24.75819	   7.50000	       14N
  77.38328	  14.15331	   7.50000	       14N
  77.38328	  18.39526	   7.50000	       14N
  77.38328	  22.63721	   7.50000	       14N
  78.81630	  27.56159	   7.50000	       10B
  78.81630	  31.80353	   7.50000	       11B
  78.81630	  36.04548	   7.50000	       10B
  77.38328	  29.68256	   7.50000	       11B
  77.38328	  33.92450	   7.50000	       11B
  77.38328	  38.16645	   7.50000	       11B
  78.81630	  29.00013	   7.50000	       14N
  78.81630	  33.24208	   7.50000	       14N
  78.81630	  37.48403	   7.50000	       14N
  77.38328	  26.87916	   7.50000	       14N
  77.38328	  31.12110	   7.50000	       14N
  77.38328	  35.36305	   7.50000	       14N
  78.81630	  40.28743	   7.50000	       10B
  78.81630	  44.52938	   7.50000	       11B
  78.81630	  48.77133	   7.50000	       11B
  77.38328	  42.40840	   7.50000	       10B
  77.38328	  46.65035	   7.50000	       11B
  77.38328	  50.89230	   7.50000	       10B
  78.81630	  41.72598	   7.50000	       14N
  78.81630	  45.96793	   7.50000	       14N
  78.81630	  50.20988	   7.50000	       14N
  77.38328	  39.60500	   7.50000	       14N
  77.38328	  43.84695	   7.50000	       14N
  77.38328	  48.08890	   7.50000	       14N
  78.81630	  53.01328	   7.50000	       11B
  78.81630	  57.25522	   7.50000	       11B
  78.81630	  61.49717	   7.50000	       11B
  77.38328	  55.13425	   7.50000	       11B
  77.38328	  59.37619	   7.50000	       11B
  77.38328	  63.61814	   7.50000	       11B
  78.81630	  54.45182	   7.50000	       14N
  78.81630	  58.69377	   7.50000	       14N
  78.81630	  62.93572	   7.50000	       14N
  77.38328	  52.33085	   7.50000	       14N
  77.38328	  56.57279	   7.50000	       14N
  77.38328	  60.81474	   7.50000	       14N
  78.81630	  65.73912	   7.50000	       11B
  78.81630	  69.98107	   7.50000	       11B
  78.81630	  74.22302	   7.50000	       11B
  77.38328	  67.86009	   7.50000	       11B
  77.38328	  72.10204	   7.50000	       10B
  77.38328	  76.34399	   7.50000	       11B
  78.81630	  67.17767	   7.50000	       14N
  78.81630	  71.41962	   7.50000	       14N
  78.81630	  75.66157	   7.50000	       14N
  77.38328	  65.05669	   7.50000	       14N
  77.38328	  69.29864	   7.50000	       14N
  77.38328	  73.54059	   7.50000	       14N
  78.81630	  78.46497	   7.50000	       11B
  78.81630	  79.90352	   7.50000	       14N
  77.38328	  77.78254	   7.50000	       14N
