--------------------------------------------------------------------------------------------------------------------------------------------------------------------------
  AtomName	    r_1i_X	    r_1i_Y	    r_1i_Z	     EFGxx	     EFGxy	     EFGxz	     EFGyx	     EFGyy	     EFGyz	     EFGzx	     EFGzy	     EFGzz	[Hatree/Bohr_radius^2]
--------------------------------------------------------------------------------------------------------------------------------------------------------------------------
10B  eQ___:	  8.459000	[Q/milibarn]*(10^-1)
11B  eQ___:	  4.059000	[Q/milibarn]*(10^-1)
14N  eQ___:	  2.044000	[Q/milibarn]*(10^-1)
15N  eQ___:	  0.000000	[Q/milibarn]*(10^-1)
10B  etc____:	---       	---       	---       	  -0.10727	   0.00000	   0.00000	   0.00000	  -0.20348	  -0.00000	   0.00000	  -0.00000	   0.31075
11B  etc____:	---       	---       	---       	  -0.10727	   0.00000	   0.00000	   0.00000	  -0.20348	  -0.00000	   0.00000	  -0.00000	   0.31075
14N  etc____:	---       	---       	---       	   0.30662	  -0.00000	   0.00000	  -0.00000	  -0.18303	   0.00000	   0.00000	   0.00000	  -0.12358
15N  etc____:	---       	---       	---       	   0.30662	  -0.00000	   0.00000	  -0.00000	  -0.18303	   0.00000	   0.00000	   0.00000	  -0.12358
MinDif[A]:	 -12.89721	  -6.35863	   0.00000
MaxDif[A]:	  11.48404	   6.32434	   0.00000
--------------------------------------------------------------------------------------------------------------------------------------------------------------------------
B         	 -11.47803	  -4.29690	   0.00000	  -0.10695	   0.00371	   0.00000	   0.00371	  -0.20358	   0.00000	   0.00000	   0.00000	   0.31054
B         	 -11.48310	  -0.05100	   0.00000	  -0.10777	   0.00476	  -0.00000	   0.00476	  -0.20405	  -0.00000	  -0.00000	  -0.00000	   0.31181
B         	 -11.47740	   4.19062	   0.00000	  -0.10795	   0.00508	  -0.00000	   0.00508	  -0.20310	  -0.00000	  -0.00000	  -0.00000	   0.31105
B         	  -8.64190	  -4.29488	   0.00000	  -0.10529	   0.00803	  -0.00000	   0.00803	  -0.20413	   0.00000	  -0.00000	   0.00000	   0.30941
B         	  -8.66175	  -0.04402	   0.00000	  -0.10843	   0.01315	  -0.00000	   0.01315	  -0.20442	  -0.00000	  -0.00000	  -0.00000	   0.31284
B         	  -8.63164	   4.19521	   0.00000	  -0.10786	   0.01736	  -0.00000	   0.01736	  -0.20216	   0.00000	  -0.00000	   0.00000	   0.31002
B         	  -5.79993	  -4.29355	   0.00000	  -0.09921	   0.00972	   0.00000	   0.00972	  -0.20586	   0.00000	   0.00000	   0.00000	   0.30508
B         	  -5.86169	  -0.03172	   0.00000	  -0.11280	   0.02452	  -0.00000	   0.02452	  -0.20454	  -0.00000	  -0.00000	  -0.00000	   0.31734
B         	  -5.77089	   4.20741	   0.00000	  -0.10470	   0.02873	   0.00000	   0.02873	  -0.20109	  -0.00000	   0.00000	  -0.00000	   0.30579
B         	  -2.93262	  -4.26953	   0.00000	  -0.07805	   0.01369	  -0.00000	   0.01369	  -0.21331	  -0.00000	  -0.00000	  -0.00000	   0.29135
B         	  -3.11642	  -0.02060	   0.00000	  -0.10459	   0.04414	   0.00000	   0.04414	  -0.21668	   0.00000	   0.00000	   0.00000	   0.32127
B         	  -2.88391	   4.21591	   0.00000	  -0.09520	   0.02567	   0.00000	   0.02567	  -0.20087	  -0.00000	   0.00000	  -0.00000	   0.29607
B         	   0.00000	  -4.18327	   0.00000	  -0.05824	   0.00000	  -0.00000	   0.00000	  -0.21874	  -0.00000	  -0.00000	  -0.00000	   0.27697
B         	   0.00000	   4.22147	   0.00000	  -0.09777	   0.00000	   0.00000	   0.00000	  -0.19469	  -0.00000	   0.00000	  -0.00000	   0.29247
B         	   2.93262	  -4.26953	   0.00000	  -0.07805	  -0.01369	  -0.00000	  -0.01369	  -0.21331	   0.00000	  -0.00000	   0.00000	   0.29135
B         	   3.11642	  -0.02060	   0.00000	  -0.10459	  -0.04414	  -0.00000	  -0.04414	  -0.21668	  -0.00000	  -0.00000	  -0.00000	   0.32127
B         	   2.88391	   4.21591	   0.00000	  -0.09520	  -0.02567	   0.00000	  -0.02567	  -0.20087	   0.00000	   0.00000	   0.00000	   0.29607
B         	   5.79993	  -4.29355	   0.00000	  -0.09921	  -0.00972	  -0.00000	  -0.00972	  -0.20586	  -0.00000	  -0.00000	  -0.00000	   0.30508
B         	   5.86169	  -0.03172	   0.00000	  -0.11280	  -0.02452	  -0.00000	  -0.02452	  -0.20454	   0.00000	  -0.00000	   0.00000	   0.31734
B         	   5.77089	   4.20741	   0.00000	  -0.10470	  -0.02873	  -0.00000	  -0.02873	  -0.20109	  -0.00000	  -0.00000	  -0.00000	   0.30579
B         	   8.64190	  -4.29488	   0.00000	  -0.10529	  -0.00803	   0.00000	  -0.00803	  -0.20413	  -0.00000	   0.00000	  -0.00000	   0.30941
B         	   8.66175	  -0.04402	   0.00000	  -0.10843	  -0.01315	   0.00000	  -0.01315	  -0.20442	  -0.00000	   0.00000	  -0.00000	   0.31284
B         	   8.63164	   4.19521	   0.00000	  -0.10786	  -0.01736	  -0.00000	  -0.01736	  -0.20216	  -0.00000	  -0.00000	  -0.00000	   0.31002
B         	  11.47803	  -4.29690	   0.00000	  -0.10695	  -0.00371	   0.00000	  -0.00371	  -0.20358	   0.00000	   0.00000	   0.00000	   0.31054
B         	  11.48310	  -0.05100	   0.00000	  -0.10777	  -0.00476	   0.00000	  -0.00476	  -0.20405	  -0.00000	   0.00000	  -0.00000	   0.31181
B         	  11.47740	   4.19062	   0.00000	  -0.10795	  -0.00508	  -0.00000	  -0.00508	  -0.20310	  -0.00000	  -0.00000	  -0.00000	   0.31105
B         	 -12.89721	  -2.17540	   0.00000	  -0.10698	   0.00000	  -0.00000	   0.00000	  -0.20388	   0.00000	  -0.00000	   0.00000	   0.31087
B         	 -12.89721	   2.06965	   0.00000	  -0.10847	   0.00000	  -0.00000	   0.00000	  -0.20318	  -0.00000	  -0.00000	  -0.00000	   0.31165
B         	 -12.89721	   6.30928	   0.00000	  -0.10727	   0.00000	   0.00000	   0.00000	  -0.20348	  -0.00000	   0.00000	  -0.00000	   0.31075
B         	 -10.06753	  -2.17281	   0.00000	  -0.10677	   0.00594	  -0.00000	   0.00594	  -0.20401	   0.00000	  -0.00000	   0.00000	   0.31077
B         	 -10.06161	   2.07423	   0.00000	  -0.10787	   0.01261	   0.00000	   0.01261	  -0.20359	  -0.00000	   0.00000	  -0.00000	   0.31145
B         	 -10.05532	   6.30944	   0.00000	  -0.10749	   0.00828	  -0.00000	   0.00828	  -0.20275	  -0.00000	  -0.00000	  -0.00000	   0.31024
B         	  -7.24177	  -2.16828	   0.00000	  -0.10549	   0.01134	   0.00000	   0.01134	  -0.20414	   0.00000	   0.00000	   0.00000	   0.30962
B         	  -7.22125	   2.08563	   0.00000	  -0.10851	   0.02986	   0.00000	   0.02986	  -0.20199	  -0.00000	   0.00000	  -0.00000	   0.31049
B         	  -7.20771	   6.31356	   0.00000	  -0.10423	   0.01364	  -0.00000	   0.01364	  -0.20355	  -0.00000	  -0.00000	  -0.00000	   0.30778
B         	  -4.42357	  -2.16195	   0.00000	  -0.10003	   0.01573	  -0.00000	   0.01573	  -0.20235	  -0.00000	  -0.00000	  -0.00000	   0.30239
B         	  -4.36187	   2.10161	   0.00000	  -0.10711	   0.05623	   0.00000	   0.05623	  -0.19483	  -0.00000	   0.00000	  -0.00000	   0.30193
B         	  -4.33909	   6.32434	   0.00000	  -0.09451	   0.01377	  -0.00000	   0.01377	  -0.20763	   0.00000	  -0.00000	   0.00000	   0.30214
B         	  -1.52629	  -2.09264	   0.00000	  -0.04539	   0.08392	   0.00000	   0.08392	  -0.20529	  -0.00000	   0.00000	  -0.00000	   0.25069
B         	  -1.40419	   2.06054	   0.00000	  -0.11393	   0.07289	  -0.00000	   0.07289	  -0.15256	  -0.00000	  -0.00000	  -0.00000	   0.26649
B         	  -1.43873	  -6.35863	   0.00000	  -0.08347	   0.01182	  -0.00000	   0.01182	  -0.20861	   0.00000	  -0.00000	   0.00000	   0.29207
B         	   1.52629	  -2.09264	   0.00000	  -0.04539	  -0.08392	  -0.00000	  -0.08392	  -0.20529	  -0.00000	  -0.00000	  -0.00000	   0.25069
B         	   1.40419	   2.06054	   0.00000	  -0.11393	  -0.07289	  -0.00000	  -0.07289	  -0.15256	   0.00000	  -0.00000	   0.00000	   0.26649
B         	   1.43873	  -6.35863	   0.00000	  -0.08347	  -0.01182	  -0.00000	  -0.01182	  -0.20861	  -0.00000	  -0.00000	  -0.00000	   0.29207
B         	   4.42357	  -2.16195	   0.00000	  -0.10003	  -0.01573	  -0.00000	  -0.01573	  -0.20235	   0.00000	  -0.00000	   0.00000	   0.30239
B         	   4.36187	   2.10161	   0.00000	  -0.10711	  -0.05623	   0.00000	  -0.05623	  -0.19483	   0.00000	   0.00000	   0.00000	   0.30193
B         	   4.33909	   6.32434	   0.00000	  -0.09451	  -0.01377	  -0.00000	  -0.01377	  -0.20763	  -0.00000	  -0.00000	  -0.00000	   0.30214
B         	   7.24177	  -2.16828	   0.00000	  -0.10549	  -0.01134	  -0.00000	  -0.01134	  -0.20414	  -0.00000	  -0.00000	  -0.00000	   0.30962
B         	   7.22125	   2.08563	   0.00000	  -0.10851	  -0.02986	  -0.00000	  -0.02986	  -0.20199	   0.00000	  -0.00000	   0.00000	   0.31049
B         	   7.20771	   6.31356	   0.00000	  -0.10423	  -0.01364	   0.00000	  -0.01364	  -0.20355	   0.00000	   0.00000	   0.00000	   0.30778
B         	  10.06753	  -2.17281	   0.00000	  -0.10677	  -0.00594	   0.00000	  -0.00594	  -0.20401	   0.00000	   0.00000	   0.00000	   0.31077
B         	  10.06161	   2.07423	   0.00000	  -0.10787	  -0.01261	  -0.00000	  -0.01261	  -0.20359	  -0.00000	  -0.00000	  -0.00000	   0.31145
B         	  10.05532	   6.30944	   0.00000	  -0.10749	  -0.00828	   0.00000	  -0.00828	  -0.20275	  -0.00000	   0.00000	  -0.00000	   0.31024
N         	 -11.48317	  -2.85746	   0.00000	   0.29747	  -0.00337	   0.00000	  -0.00337	  -0.17770	   0.00000	   0.00000	   0.00000	  -0.11976
N         	 -11.48404	   1.38884	   0.00000	   0.29971	   0.00223	   0.00000	   0.00223	  -0.17478	  -0.00000	   0.00000	  -0.00000	  -0.12493
N         	 -11.47986	   5.62997	   0.00000	   0.31086	  -0.00019	  -0.00000	  -0.00019	  -0.18398	  -0.00000	  -0.00000	  -0.00000	  -0.12687
N         	  -8.65704	  -2.85584	   0.00000	   0.29244	  -0.01346	  -0.00000	  -0.01346	  -0.17733	   0.00000	  -0.00000	   0.00000	  -0.11510
N         	  -8.65859	   1.39625	   0.00000	   0.29998	   0.01050	  -0.00000	   0.01050	  -0.17230	  -0.00000	  -0.00000	  -0.00000	  -0.12768
N         	  -8.64103	   5.63420	   0.00000	   0.31931	  -0.00047	   0.00000	  -0.00047	  -0.19009	  -0.00000	   0.00000	  -0.00000	  -0.12922
N         	  -5.83330	  -2.85725	   0.00000	   0.28831	  -0.03338	  -0.00000	  -0.03338	  -0.18053	  -0.00000	  -0.00000	  -0.00000	  -0.10778
N         	  -5.83520	   1.41065	   0.00000	   0.30826	   0.03482	   0.00000	   0.03482	  -0.16958	  -0.00000	   0.00000	  -0.00000	  -0.13868
N         	  -5.78654	   5.64569	   0.00000	   0.34051	   0.00228	   0.00000	   0.00228	  -0.20114	  -0.00000	   0.00000	  -0.00000	  -0.13938
N         	  -3.00166	  -2.84970	   0.00000	   0.36762	   0.02462	  -0.00000	   0.02462	  -0.18661	  -0.00000	  -0.00000	  -0.00000	  -0.18101
N         	  -3.00428	   1.42049	   0.00000	   0.36093	   0.08910	   0.00000	   0.08910	  -0.17467	   0.00000	   0.00000	   0.00000	  -0.18626
N         	  -2.89431	   5.66190	   0.00000	   0.35910	   0.01090	   0.00000	   0.01090	  -0.18704	   0.00000	   0.00000	   0.00000	  -0.17206
N         	   0.00000	  -2.73887	   0.00000	   0.47567	  -0.00000	  -0.00000	  -0.00000	  -0.19665	  -0.00000	  -0.00000	  -0.00000	  -0.27904
N         	   0.00000	   5.67392	   0.00000	   0.34546	  -0.00000	   0.00000	  -0.00000	  -0.17082	   0.00000	   0.00000	   0.00000	  -0.17465
N         	   3.00166	  -2.84970	   0.00000	   0.36762	  -0.02462	   0.00000	  -0.02462	  -0.18661	  -0.00000	   0.00000	  -0.00000	  -0.18101
N         	   3.00428	   1.42049	   0.00000	   0.36093	  -0.08910	   0.00000	  -0.08910	  -0.17467	  -0.00000	   0.00000	  -0.00000	  -0.18626
N         	   2.89431	   5.66190	   0.00000	   0.35910	  -0.01090	  -0.00000	  -0.01090	  -0.18704	  -0.00000	  -0.00000	  -0.00000	  -0.17206
N         	   5.83330	  -2.85725	   0.00000	   0.28831	   0.03338	  -0.00000	   0.03338	  -0.18053	   0.00000	  -0.00000	   0.00000	  -0.10778
N         	   5.83520	   1.41065	   0.00000	   0.30826	  -0.03482	   0.00000	  -0.03482	  -0.16958	   0.00000	   0.00000	   0.00000	  -0.13868
N         	   5.78654	   5.64569	   0.00000	   0.34051	  -0.00228	  -0.00000	  -0.00228	  -0.20114	  -0.00000	  -0.00000	  -0.00000	  -0.13938
N         	   8.65704	  -2.85584	   0.00000	   0.29244	   0.01346	   0.00000	   0.01346	  -0.17733	  -0.00000	   0.00000	  -0.00000	  -0.11510
N         	   8.65859	   1.39625	   0.00000	   0.29997	  -0.01050	  -0.00000	  -0.01050	  -0.17230	   0.00000	  -0.00000	   0.00000	  -0.12768
N         	   8.64103	   5.63420	   0.00000	   0.31931	   0.00047	  -0.00000	   0.00047	  -0.19009	   0.00000	  -0.00000	   0.00000	  -0.12922
N         	  11.48317	  -2.85746	   0.00000	   0.29747	   0.00337	   0.00000	   0.00337	  -0.17770	   0.00000	   0.00000	   0.00000	  -0.11976
N         	  11.48404	   1.38884	   0.00000	   0.29971	  -0.00223	  -0.00000	  -0.00223	  -0.17478	  -0.00000	  -0.00000	  -0.00000	  -0.12493
N         	  11.47986	   5.62997	   0.00000	   0.31086	   0.00019	  -0.00000	   0.00019	  -0.18398	  -0.00000	  -0.00000	  -0.00000	  -0.12687
N         	 -12.89721	  -4.97746	   0.00000	   0.30662	  -0.00000	   0.00000	  -0.00000	  -0.18303	   0.00000	   0.00000	   0.00000	  -0.12358
N         	 -12.89721	  -0.73550	   0.00000	   0.29270	  -0.00000	  -0.00000	  -0.00000	  -0.17248	  -0.00000	  -0.00000	  -0.00000	  -0.12022
N         	 -12.89721	   3.50956	   0.00000	   0.30710	  -0.00000	   0.00000	  -0.00000	  -0.17942	  -0.00000	   0.00000	  -0.00000	  -0.12767
N         	 -10.06338	  -4.97700	   0.00000	   0.30626	  -0.00543	   0.00000	  -0.00543	  -0.18347	   0.00000	   0.00000	   0.00000	  -0.12279
N         	 -10.07643	  -0.73282	   0.00000	   0.28519	  -0.00261	   0.00000	  -0.00261	  -0.16841	  -0.00000	   0.00000	  -0.00000	  -0.11678
N         	 -10.06425	   3.51354	   0.00000	   0.31235	   0.00426	   0.00000	   0.00426	  -0.18277	  -0.00000	   0.00000	  -0.00000	  -0.12958
N         	  -7.22570	  -4.97480	   0.00000	   0.31304	  -0.01519	  -0.00000	  -0.01519	  -0.19185	   0.00000	  -0.00000	   0.00000	  -0.12120
N         	  -7.26794	  -0.72723	   0.00000	   0.25824	  -0.00940	  -0.00000	  -0.00940	  -0.15200	  -0.00000	  -0.00000	  -0.00000	  -0.10624
N         	  -7.22387	   3.52569	   0.00000	   0.32795	   0.01559	   0.00000	   0.01559	  -0.18825	   0.00000	   0.00000	   0.00000	  -0.13970
N         	  -4.36852	  -4.96733	   0.00000	   0.33789	  -0.01488	  -0.00000	  -0.01488	  -0.19729	  -0.00000	  -0.00000	  -0.00000	  -0.14060
N         	  -4.50329	  -0.72193	   0.00000	   0.20264	  -0.00604	   0.00000	  -0.00604	  -0.11751	  -0.00000	   0.00000	  -0.00000	  -0.08513
N         	  -4.36333	   3.54605	   0.00000	   0.35838	   0.03102	  -0.00000	   0.03102	  -0.19412	  -0.00000	  -0.00000	  -0.00000	  -0.16426
N         	  -1.45712	  -4.91554	   0.00000	   0.37384	   0.02587	  -0.00000	   0.02587	  -0.17919	  -0.00000	  -0.00000	  -0.00000	  -0.19464
N         	  -1.45810	   3.53470	   0.00000	   0.34838	  -0.00381	  -0.00000	  -0.00381	  -0.13702	  -0.00000	  -0.00000	  -0.00000	  -0.21135
N         	   1.45712	  -4.91554	   0.00000	   0.37384	  -0.02587	  -0.00000	  -0.02587	  -0.17919	   0.00000	  -0.00000	   0.00000	  -0.19464
N         	   1.45810	   3.53470	   0.00000	   0.34838	   0.00381	  -0.00000	   0.00381	  -0.13702	   0.00000	  -0.00000	   0.00000	  -0.21135
N         	   4.36852	  -4.96733	   0.00000	   0.33789	   0.01488	  -0.00000	   0.01488	  -0.19729	   0.00000	  -0.00000	   0.00000	  -0.14060
N         	   4.50329	  -0.72193	   0.00000	   0.20264	   0.00604	  -0.00000	   0.00604	  -0.11751	   0.00000	  -0.00000	   0.00000	  -0.08513
N         	   4.36333	   3.54605	   0.00000	   0.35838	  -0.03102	  -0.00000	  -0.03102	  -0.19412	   0.00000	  -0.00000	   0.00000	  -0.16426
N         	   7.22570	  -4.97480	   0.00000	   0.31304	   0.01519	  -0.00000	   0.01519	  -0.19185	  -0.00000	  -0.00000	  -0.00000	  -0.12120
N         	   7.26794	  -0.72723	   0.00000	   0.25824	   0.00940	  -0.00000	   0.00940	  -0.15200	  -0.00000	  -0.00000	  -0.00000	  -0.10623
N         	   7.22387	   3.52569	   0.00000	   0.32795	  -0.01559	   0.00000	  -0.01559	  -0.18825	   0.00000	   0.00000	   0.00000	  -0.13970
N         	  10.06338	  -4.97700	   0.00000	   0.30626	   0.00543	  -0.00000	   0.00543	  -0.18347	  -0.00000	  -0.00000	  -0.00000	  -0.12279
N         	  10.07643	  -0.73282	   0.00000	   0.28519	   0.00261	  -0.00000	   0.00261	  -0.16841	  -0.00000	  -0.00000	  -0.00000	  -0.11678
N         	  10.06425	   3.51354	   0.00000	   0.31235	  -0.00426	  -0.00000	  -0.00426	  -0.18277	  -0.00000	  -0.00000	  -0.00000	  -0.12958
N         	   1.88997	  -0.76497	   0.00000	   0.19100	  -0.24812	  -0.00000	  -0.24812	  -0.04884	   0.00000	  -0.00000	   0.00000	  -0.14216
N         	  -1.88997	  -0.76497	   0.00000	   0.19100	   0.24813	  -0.00000	   0.24813	  -0.04884	   0.00000	  -0.00000	   0.00000	  -0.14216
N         	   0.00000	   1.52994	   0.00000	   0.17614	  -0.00000	   0.00000	  -0.00000	   0.16949	   0.00000	   0.00000	   0.00000	  -0.34564
