--------------------------------------------------------------------------------------------------------------------------------------------------------------------------
  AtomName	    r_1i_X	    r_1i_Y	    r_1i_Z	  iso[MHz]	       Axx	       Axy	       Axz	       Ayx	       Ayy	       Ayz	       Azx	       Azy	       Azz
--------------------------------------------------------------------------------------------------------------------------------------------------------------------------
10B  g-factor___:   0.600215 [No-unit]
11B  g-factor___:   1.792433 [No-unit]
14N  g-factor___:   0.403761 [No-unit]
15N  g-factor___:  -0.566378 [No-unit]
10B  etc____:	---       	---       	---       	   0.00000
11B  etc____:	---       	---       	---       	   0.00000
14N  etc____:	---       	---       	---       	   0.00000
15N  etc____:	---       	---       	---       	   0.00000
MinDif[A]:	 -12.89721	  -6.35863	   0.00000
MaxDif[A]:	  11.48404	   6.32434	   0.00000
--------------------------------------------------------------------------------------------------------------------------------------------------------------------------
B         	 -11.47803	  -4.29690	   0.00000	  -0.00000	   0.06098	   0.00000	  -0.00000	   0.00000	  -0.01525	   0.00000	  -0.00000	   0.00000	  -0.03049
B         	 -11.48310	  -0.05100	   0.00000	   0.01525	   0.06098	  -0.00000	   0.00000	  -0.00000	  -0.03049	   0.00000	   0.00000	   0.00000	  -0.04574
B         	 -11.47740	   4.19062	   0.00000	  -0.00000	   0.06098	  -0.00000	   0.00000	  -0.00000	  -0.01525	   0.00000	   0.00000	   0.00000	  -0.03049
B         	  -8.64190	  -4.29488	   0.00000	  -0.01525	   0.07623	   0.01525	   0.00000	   0.01525	  -0.01525	  -0.00000	   0.00000	  -0.00000	  -0.06098
B         	  -8.66175	  -0.04402	   0.00000	   0.22868	   0.12196	  -0.03049	  -0.00000	  -0.03049	  -0.04574	  -0.00000	  -0.00000	  -0.00000	  -0.07623
B         	  -8.63164	   4.19521	   0.00000	  -0.00000	   0.06098	  -0.01525	   0.00000	  -0.01525	  -0.00000	  -0.00000	   0.00000	  -0.00000	  -0.06098
B         	  -5.79993	  -4.29355	   0.00000	  -0.21343	   0.13721	   0.07623	  -0.00000	   0.07623	   0.07623	   0.00000	  -0.00000	   0.00000	  -0.22868
B         	  -5.86169	  -0.03172	   0.00000	   2.51546	   0.47260	  -0.33539	  -0.00000	  -0.33539	  -0.07623	   0.00000	  -0.00000	   0.00000	  -0.41162
B         	  -5.77089	   4.20741	   0.00000	   0.12196	   0.07623	  -0.13721	  -0.00000	  -0.13721	   0.09147	   0.00000	  -0.00000	   0.00000	  -0.16770
B         	  -2.93262	  -4.26953	   0.00000	   6.99754	  -0.80799	  -0.18294	  -0.00000	  -0.18294	   2.01236	  -0.00000	  -0.00000	  -0.00000	  -1.20437
B         	  -3.11642	  -0.02060	   0.00000	   4.28390	   2.22580	  -2.62217	   0.00000	  -2.62217	   0.97569	   0.00000	   0.00000	   0.00000	  -3.20149
B         	  -2.88391	   4.21591	   0.00000	   4.98518	   0.51834	  -0.73177	   0.00000	  -0.73177	   0.16770	  -0.00000	   0.00000	  -0.00000	  -0.68603
B         	   0.00000	  -4.18327	   0.00000	  -0.74701	  -0.07623	   0.00000	   0.00000	   0.00000	   0.67079	   0.00000	   0.00000	   0.00000	  -0.59456
B         	   0.00000	   4.22147	   0.00000	  -0.70128	  -0.36588	  -0.00000	   0.00000	  -0.00000	   1.21961	  -0.00000	   0.00000	  -0.00000	  -0.85373
B         	   2.93262	  -4.26953	   0.00000	   6.99754	  -0.80799	   0.18294	  -0.00000	   0.18294	   2.01236	  -0.00000	  -0.00000	  -0.00000	  -1.20437
B         	   3.11642	  -0.02060	   0.00000	   4.28390	   2.22580	   2.62217	   0.00000	   2.62217	   0.97569	   0.00000	   0.00000	   0.00000	  -3.20149
B         	   2.88391	   4.21591	   0.00000	   4.98518	   0.51834	   0.73177	   0.00000	   0.73177	   0.16770	  -0.00000	   0.00000	  -0.00000	  -0.68603
B         	   5.79993	  -4.29355	   0.00000	  -0.21343	   0.13721	  -0.07623	  -0.00000	  -0.07623	   0.07623	  -0.00000	  -0.00000	  -0.00000	  -0.22868
B         	   5.86169	  -0.03172	   0.00000	   2.51546	   0.47260	   0.33539	  -0.00000	   0.33539	  -0.07623	  -0.00000	  -0.00000	  -0.00000	  -0.41162
B         	   5.77089	   4.20741	   0.00000	   0.12196	   0.07623	   0.13721	  -0.00000	   0.13721	   0.09147	  -0.00000	  -0.00000	  -0.00000	  -0.16770
B         	   8.64190	  -4.29488	   0.00000	  -0.01525	   0.07623	  -0.01525	   0.00000	  -0.01525	  -0.01525	  -0.00000	   0.00000	  -0.00000	  -0.06098
B         	   8.66175	  -0.04402	   0.00000	   0.22868	   0.12196	   0.03049	  -0.00000	   0.03049	  -0.04574	   0.00000	  -0.00000	   0.00000	  -0.07623
B         	   8.63164	   4.19521	   0.00000	  -0.00000	   0.06098	   0.01525	  -0.00000	   0.01525	  -0.00000	   0.00000	  -0.00000	   0.00000	  -0.06098
B         	  11.47803	  -4.29690	   0.00000	  -0.00000	   0.06098	  -0.00000	  -0.00000	  -0.00000	  -0.01525	  -0.00000	  -0.00000	  -0.00000	  -0.03049
B         	  11.48310	  -0.05100	   0.00000	   0.01525	   0.06098	   0.00000	   0.00000	   0.00000	  -0.03049	  -0.00000	   0.00000	  -0.00000	  -0.04574
B         	  11.47740	   4.19062	   0.00000	  -0.00000	   0.06098	   0.00000	   0.00000	   0.00000	  -0.01525	   0.00000	   0.00000	   0.00000	  -0.03049
B         	 -12.89721	  -2.17540	   0.00000	  -0.00000	   0.06098	  -0.00000	  -0.00000	  -0.00000	  -0.03049	  -0.00000	  -0.00000	  -0.00000	  -0.03049
B         	 -12.89721	   2.06965	   0.00000	  -0.00000	   0.06098	   0.00000	  -0.00000	   0.00000	  -0.03049	   0.00000	  -0.00000	   0.00000	  -0.03049
B         	 -12.89721	   6.30928	   0.00000	  -0.00000	   0.04574	   0.00000	   0.00000	   0.00000	  -0.01525	   0.00000	   0.00000	   0.00000	  -0.03049
B         	 -10.06753	  -2.17281	   0.00000	  -0.00000	   0.07623	   0.01525	   0.00000	   0.01525	  -0.03049	  -0.00000	   0.00000	  -0.00000	  -0.04574
B         	 -10.06161	   2.07423	   0.00000	  -0.00000	   0.07623	  -0.01525	   0.00000	  -0.01525	  -0.03049	  -0.00000	   0.00000	  -0.00000	  -0.04574
B         	 -10.05532	   6.30944	   0.00000	  -0.00000	   0.06098	   0.00000	  -0.00000	   0.00000	  -0.01525	   0.00000	  -0.00000	   0.00000	  -0.04574
B         	  -7.24177	  -2.16828	   0.00000	  -0.12196	   0.16770	   0.06098	  -0.00000	   0.06098	  -0.04574	   0.00000	  -0.00000	   0.00000	  -0.13721
B         	  -7.22125	   2.08563	   0.00000	  -0.04574	   0.12196	  -0.06098	  -0.00000	  -0.06098	  -0.01525	   0.00000	  -0.00000	   0.00000	  -0.09147
B         	  -7.20771	   6.31356	   0.00000	  -0.03049	   0.06098	  -0.00000	  -0.00000	  -0.00000	   0.03049	   0.00000	  -0.00000	   0.00000	  -0.09147
B         	  -4.42357	  -2.16195	   0.00000	  -2.33251	   0.80799	   0.35064	   0.00000	   0.35064	   0.06098	  -0.00000	   0.00000	  -0.00000	  -0.88422
B         	  -4.36187	   2.10161	   0.00000	  -0.39637	   0.38113	  -0.35064	   0.00000	  -0.35064	   0.09147	  -0.00000	   0.00000	  -0.00000	  -0.47260
B         	  -4.33909	   6.32434	   0.00000	   0.86898	  -0.07623	  -0.12196	   0.00000	  -0.12196	   0.36588	  -0.00000	   0.00000	  -0.00000	  -0.28966
B         	  -1.52629	  -2.09264	   0.00000	  -6.81460	  -0.64030	  -2.53070	  -0.00000	  -2.53070	   5.39680	  -0.00000	  -0.00000	  -0.00000	  -4.75650
B         	  -1.40419	   2.06054	   0.00000	  -8.46108	   4.31439	  -1.70746	   0.00000	  -1.70746	  -0.44211	   0.00000	   0.00000	   0.00000	  -3.87228
B         	  -1.43873	  -6.35863	   0.00000	  -0.15245	  -0.16770	  -0.03049	   0.00000	  -0.03049	   0.44211	  -0.00000	   0.00000	  -0.00000	  -0.27441
B         	   1.52629	  -2.09264	   0.00000	  -6.81460	  -0.64030	   2.53070	   0.00000	   2.53070	   5.39680	  -0.00000	   0.00000	  -0.00000	  -4.75650
B         	   1.40419	   2.06054	   0.00000	  -8.46108	   4.31439	   1.70746	  -0.00000	   1.70746	  -0.44211	  -0.00000	  -0.00000	  -0.00000	  -3.87228
B         	   1.43873	  -6.35863	   0.00000	  -0.15245	  -0.16770	   0.03049	  -0.00000	   0.03049	   0.44211	  -0.00000	  -0.00000	  -0.00000	  -0.27441
B         	   4.42357	  -2.16195	   0.00000	  -2.33251	   0.80799	  -0.35064	   0.00000	  -0.35064	   0.06098	   0.00000	   0.00000	   0.00000	  -0.88422
B         	   4.36187	   2.10161	   0.00000	  -0.39637	   0.38113	   0.35064	   0.00000	   0.35064	   0.09147	   0.00000	   0.00000	   0.00000	  -0.47260
B         	   4.33909	   6.32434	   0.00000	   0.86898	  -0.07623	   0.12196	   0.00000	   0.12196	   0.36588	  -0.00000	   0.00000	  -0.00000	  -0.28966
B         	   7.24177	  -2.16828	   0.00000	  -0.12196	   0.16770	  -0.06098	  -0.00000	  -0.06098	  -0.04574	  -0.00000	  -0.00000	  -0.00000	  -0.13721
B         	   7.22125	   2.08563	   0.00000	  -0.04574	   0.12196	   0.06098	  -0.00000	   0.06098	  -0.01525	  -0.00000	  -0.00000	  -0.00000	  -0.09147
B         	   7.20771	   6.31356	   0.00000	  -0.03049	   0.06098	   0.00000	  -0.00000	   0.00000	   0.03049	   0.00000	  -0.00000	   0.00000	  -0.09147
B         	  10.06753	  -2.17281	   0.00000	  -0.00000	   0.07623	  -0.01525	   0.00000	  -0.01525	  -0.03049	   0.00000	   0.00000	   0.00000	  -0.04574
B         	  10.06161	   2.07423	   0.00000	  -0.00000	   0.07623	   0.01525	   0.00000	   0.01525	  -0.03049	   0.00000	   0.00000	   0.00000	  -0.04574
B         	  10.05532	   6.30944	   0.00000	  -0.00000	   0.06098	  -0.00000	  -0.00000	  -0.00000	  -0.01525	  -0.00000	  -0.00000	  -0.00000	  -0.04574
N         	 -11.48317	  -2.85746	   0.00000	   0.00000	   0.06098	   0.00000	  -0.00000	   0.00000	  -0.03049	  -0.00000	  -0.00000	  -0.00000	  -0.03049
N         	 -11.48404	   1.38884	   0.00000	  -0.00000	   0.06098	  -0.00000	  -0.00000	  -0.00000	  -0.03049	   0.00000	  -0.00000	   0.00000	  -0.03049
N         	 -11.47986	   5.62997	   0.00000	   0.00000	   0.06098	   0.00000	   0.00000	   0.00000	  -0.01525	  -0.00000	   0.00000	  -0.00000	  -0.03049
N         	  -8.65704	  -2.85584	   0.00000	   0.09147	   0.09147	   0.04574	   0.00000	   0.04574	  -0.01525	   0.00000	   0.00000	   0.00000	  -0.07623
N         	  -8.65859	   1.39625	   0.00000	  -0.03049	   0.09147	  -0.03049	   0.00000	  -0.03049	  -0.03049	   0.00000	   0.00000	   0.00000	  -0.06098
N         	  -8.64103	   5.63420	   0.00000	   0.03049	   0.06098	   0.01525	  -0.00000	   0.01525	   0.01525	   0.00000	  -0.00000	   0.00000	  -0.06098
N         	  -5.83330	  -2.85725	   0.00000	   1.73795	   0.32015	   0.62505	  -0.00000	   0.62505	   0.18294	  -0.00000	  -0.00000	  -0.00000	  -0.50309
N         	  -5.83520	   1.41065	   0.00000	  -0.21343	   0.22868	  -0.12196	  -0.00000	  -0.12196	  -0.03049	  -0.00000	  -0.00000	  -0.00000	  -0.21343
N         	  -5.78654	   5.64569	   0.00000	   0.27441	  -0.03049	   0.10672	   0.00000	   0.10672	   0.27441	   0.00000	   0.00000	   0.00000	  -0.24392
N         	  -3.00166	  -2.84970	   0.00000	  55.79738	   1.78369	  13.44625	   0.00000	  13.44625	   7.11950	   0.00000	   0.00000	   0.00000	  -8.90319
N         	  -3.00428	   1.42049	   0.00000	   5.70170	  -1.28060	  -0.04574	   0.00000	  -0.04574	   4.54307	   0.00000	   0.00000	   0.00000	  -3.24722
N         	  -2.89431	   5.66190	   0.00000	   2.57644	  -0.04574	  -0.38113	   0.00000	  -0.38113	   0.51834	  -0.00000	   0.00000	  -0.00000	  -0.45736
N         	   0.00000	  -2.73887	   0.00000	  11.14423	   4.51258	  -0.00000	   0.00000	  -0.00000	  -0.92996	   0.00000	   0.00000	   0.00000	  -3.56737
N         	   0.00000	   5.67392	   0.00000	  -0.24392	  -0.18294	  -0.00000	  -0.00000	  -0.00000	   0.50309	   0.00000	  -0.00000	   0.00000	  -0.32015
N         	   3.00166	  -2.84970	   0.00000	  55.79738	   1.78369	 -13.44625	   0.00000	 -13.44625	   7.11950	  -0.00000	   0.00000	  -0.00000	  -8.90319
N         	   3.00428	   1.42049	   0.00000	   5.70170	  -1.28060	   0.04574	   0.00000	   0.04574	   4.54307	   0.00000	   0.00000	   0.00000	  -3.24722
N         	   2.89431	   5.66190	   0.00000	   2.57644	  -0.04574	   0.38113	  -0.00000	   0.38113	   0.51834	   0.00000	  -0.00000	   0.00000	  -0.45736
N         	   5.83330	  -2.85725	   0.00000	   1.73795	   0.32015	  -0.62505	  -0.00000	  -0.62505	   0.18294	   0.00000	  -0.00000	   0.00000	  -0.50309
N         	   5.83520	   1.41065	   0.00000	  -0.21343	   0.22868	   0.12196	  -0.00000	   0.12196	  -0.03049	   0.00000	  -0.00000	   0.00000	  -0.21343
N         	   5.78654	   5.64569	   0.00000	   0.27441	  -0.03049	  -0.10672	  -0.00000	  -0.10672	   0.27441	   0.00000	  -0.00000	   0.00000	  -0.24392
N         	   8.65704	  -2.85584	   0.00000	   0.09147	   0.09147	  -0.04574	   0.00000	  -0.04574	  -0.01525	  -0.00000	   0.00000	  -0.00000	  -0.07623
N         	   8.65859	   1.39625	   0.00000	  -0.03049	   0.09147	   0.03049	   0.00000	   0.03049	  -0.03049	  -0.00000	   0.00000	  -0.00000	  -0.06098
N         	   8.64103	   5.63420	   0.00000	   0.03049	   0.06098	  -0.01525	  -0.00000	  -0.01525	   0.01525	  -0.00000	  -0.00000	  -0.00000	  -0.06098
N         	  11.48317	  -2.85746	   0.00000	   0.00000	   0.06098	  -0.00000	  -0.00000	  -0.00000	  -0.03049	   0.00000	  -0.00000	   0.00000	  -0.03049
N         	  11.48404	   1.38884	   0.00000	  -0.00000	   0.06098	   0.00000	  -0.00000	   0.00000	  -0.03049	   0.00000	  -0.00000	   0.00000	  -0.03049
N         	  11.47986	   5.62997	   0.00000	   0.00000	   0.06098	  -0.00000	   0.00000	  -0.00000	  -0.01525	  -0.00000	   0.00000	  -0.00000	  -0.03049
N         	 -12.89721	  -4.97746	   0.00000	   0.00000	   0.06098	   0.00000	   0.00000	   0.00000	  -0.01525	  -0.00000	   0.00000	  -0.00000	  -0.03049
N         	 -12.89721	  -0.73550	   0.00000	   0.00000	   0.06098	  -0.00000	  -0.00000	  -0.00000	  -0.03049	  -0.00000	  -0.00000	  -0.00000	  -0.03049
N         	 -12.89721	   3.50956	   0.00000	  -0.00000	   0.06098	   0.00000	  -0.00000	   0.00000	  -0.01525	   0.00000	  -0.00000	   0.00000	  -0.03049
N         	 -10.06338	  -4.97700	   0.00000	   0.01525	   0.06098	   0.01525	  -0.00000	   0.01525	  -0.01525	  -0.00000	  -0.00000	  -0.00000	  -0.04574
N         	 -10.07643	  -0.73282	   0.00000	   0.07623	   0.10672	   0.01525	   0.00000	   0.01525	  -0.04574	   0.00000	   0.00000	   0.00000	  -0.06098
N         	 -10.06425	   3.51354	   0.00000	   0.00000	   0.06098	  -0.01525	  -0.00000	  -0.01525	  -0.01525	  -0.00000	  -0.00000	  -0.00000	  -0.04574
N         	  -7.22570	  -4.97480	   0.00000	   0.24392	   0.06098	   0.12196	   0.00000	   0.12196	   0.07623	  -0.00000	   0.00000	  -0.00000	  -0.13721
N         	  -7.26794	  -0.72723	   0.00000	   1.23486	   0.44211	   0.18294	  -0.00000	   0.18294	  -0.16770	  -0.00000	  -0.00000	  -0.00000	  -0.27441
N         	  -7.22387	   3.52569	   0.00000	  -0.00000	   0.07623	  -0.04574	  -0.00000	  -0.04574	   0.01525	  -0.00000	  -0.00000	  -0.00000	  -0.09147
N         	  -4.36852	  -4.96733	   0.00000	   5.44253	   0.07623	   1.43305	   0.00000	   1.43305	   1.02143	  -0.00000	   0.00000	  -0.00000	  -1.09765
N         	  -4.50329	  -0.72193	   0.00000	  20.35232	   4.96993	   3.97899	  -0.00000	   3.97899	  -1.52452	   0.00000	  -0.00000	   0.00000	  -3.44541
N         	  -4.36333	   3.54605	   0.00000	   1.79893	   0.13721	  -0.39637	   0.00000	  -0.39637	   0.27441	  -0.00000	   0.00000	  -0.00000	  -0.41162
N         	  -1.45712	  -4.91554	   0.00000	   0.07623	  -0.03049	   0.13721	   0.00000	   0.13721	   0.51834	   0.00000	   0.00000	   0.00000	  -0.48785
N         	  -1.45810	   3.53470	   0.00000	  30.49037	  -1.47878	  -4.39061	   0.00000	  -4.39061	   5.19861	   0.00000	   0.00000	   0.00000	  -3.71983
N         	   1.45712	  -4.91554	   0.00000	   0.07623	  -0.03049	  -0.13721	  -0.00000	  -0.13721	   0.51834	   0.00000	  -0.00000	   0.00000	  -0.48785
N         	   1.45810	   3.53470	   0.00000	  30.49037	  -1.47878	   4.39061	  -0.00000	   4.39061	   5.19861	   0.00000	  -0.00000	   0.00000	  -3.71983
N         	   4.36852	  -4.96733	   0.00000	   5.44253	   0.07623	  -1.43305	  -0.00000	  -1.43305	   1.02143	  -0.00000	  -0.00000	  -0.00000	  -1.09765
N         	   4.50329	  -0.72193	   0.00000	  20.35232	   4.96993	  -3.97899	  -0.00000	  -3.97899	  -1.52452	  -0.00000	  -0.00000	  -0.00000	  -3.44541
N         	   4.36333	   3.54605	   0.00000	   1.79893	   0.13721	   0.39637	   0.00000	   0.39637	   0.27441	   0.00000	   0.00000	   0.00000	  -0.41162
N         	   7.22570	  -4.97480	   0.00000	   0.24392	   0.06098	  -0.12196	  -0.00000	  -0.12196	   0.07623	  -0.00000	  -0.00000	  -0.00000	  -0.13721
N         	   7.26794	  -0.72723	   0.00000	   1.23486	   0.44211	  -0.18294	  -0.00000	  -0.18294	  -0.16770	   0.00000	  -0.00000	   0.00000	  -0.27441
N         	   7.22387	   3.52569	   0.00000	  -0.00000	   0.07623	   0.04574	  -0.00000	   0.04574	   0.01525	  -0.00000	  -0.00000	  -0.00000	  -0.09147
N         	  10.06338	  -4.97700	   0.00000	   0.01525	   0.06098	  -0.01525	  -0.00000	  -0.01525	  -0.01525	  -0.00000	  -0.00000	  -0.00000	  -0.04574
N         	  10.07643	  -0.73282	   0.00000	   0.07623	   0.10672	  -0.01525	   0.00000	  -0.01525	  -0.04574	  -0.00000	   0.00000	  -0.00000	  -0.06098
N         	  10.06425	   3.51354	   0.00000	   0.00000	   0.06098	   0.01525	   0.00000	   0.01525	  -0.01525	   0.00000	   0.00000	   0.00000	  -0.04574
N         	   1.88997	  -0.76497	   0.00000	 194.31514	  44.47021	-105.06982	   0.00000	-105.06982	  21.09934	   0.00000	   0.00000	   0.00000	 -65.56955
N         	  -1.88997	  -0.76497	   0.00000	 194.31514	  44.47021	 105.06982	   0.00000	 105.06982	  21.09934	   0.00000	   0.00000	   0.00000	 -65.56955
N         	   0.00000	   1.52994	   0.00000	 213.84423	 -68.71005	  -0.00000	  -0.00000	  -0.00000	 133.77651	   0.00000	  -0.00000	   0.00000	 -65.06645
