--------------------------------------------------------------------------------------------------------------------------------------------------------------------------
  AtomName	    r_1i_X	    r_1i_Y	    r_1i_Z	     EFGxx	     EFGxy	     EFGxz	     EFGyx	     EFGyy	     EFGyz	     EFGzx	     EFGzy	     EFGzz	[Hatree/Bohr_radius^2]
--------------------------------------------------------------------------------------------------------------------------------------------------------------------------
10B  eQ___:	  8.459000	[Q/milibarn]*(10^-1)
11B  eQ___:	  4.059000	[Q/milibarn]*(10^-1)
14N  eQ___:	  2.044000	[Q/milibarn]*(10^-1)
15N  eQ___:	  0.000000	[Q/milibarn]*(10^-1)
10B  etc____:	---       	---       	---       	  -0.18116	  -0.00000	   0.00000	  -0.00000	  -0.17530	   0.00019	   0.00000	   0.00019	   0.35645
11B  etc____:	---       	---       	---       	  -0.18116	  -0.00000	   0.00000	  -0.00000	  -0.17530	   0.00019	   0.00000	   0.00019	   0.35645
14N  etc____:	---       	---       	---       	  -0.03912	   0.00000	  -0.00000	   0.00000	   0.00468	  -0.00006	  -0.00000	  -0.00006	   0.03443
15N  etc____:	---       	---       	---       	  -0.03912	   0.00000	  -0.00000	   0.00000	   0.00468	  -0.00006	  -0.00000	  -0.00006	   0.03443
MinDif[A]:	 -10.97394	  -6.54395	  -1.52897
MaxDif[A]:	   9.73084	   6.51511	   0.24498
--------------------------------------------------------------------------------------------------------------------------------------------------------------------------
B         	  -9.72961	  -4.37073	  -1.52897	  -0.18077	   0.00291	   0.00024	   0.00291	  -0.17565	  -0.00001	   0.00024	  -0.00001	   0.35643
B         	  -9.72778	  -0.01707	  -1.52897	  -0.18146	   0.00358	   0.00024	   0.00358	  -0.17495	  -0.00001	   0.00024	  -0.00001	   0.35641
B         	  -9.72919	   4.33703	  -1.52897	  -0.18144	   0.00273	   0.00025	   0.00273	  -0.17504	  -0.00002	   0.00025	  -0.00002	   0.35649
B         	  -7.24233	  -4.36787	  -1.52893	  -0.17873	   0.00732	   0.00247	   0.00732	  -0.17702	  -0.00058	   0.00247	  -0.00058	   0.35576
B         	  -7.23542	  -0.01539	  -1.52893	  -0.18090	   0.01040	   0.00218	   0.01040	  -0.17475	  -0.00042	   0.00218	  -0.00042	   0.35564
B         	  -7.23946	   4.33802	  -1.52893	  -0.18186	   0.00804	   0.00233	   0.00804	  -0.17409	  -0.00046	   0.00233	  -0.00046	   0.35595
B         	  -4.77592	  -4.36079	  -1.29209	  -0.14171	   0.00563	  -0.12602	   0.00563	  -0.18174	   0.02883	  -0.12602	   0.02883	   0.32345
B         	  -4.75641	  -0.01199	  -1.30592	  -0.15246	   0.01774	  -0.11857	   0.01774	  -0.17290	   0.02791	  -0.11857	   0.02791	   0.32536
B         	  -4.77199	   4.34287	  -1.29029	  -0.15082	   0.00767	  -0.12797	   0.00767	  -0.17303	   0.02760	  -0.12797	   0.02760	   0.32385
B         	  -2.42346	  -4.35682	  -0.49358	  -0.10578	   0.01183	  -0.16335	   0.01183	  -0.19078	  -0.00338	  -0.16335	  -0.00338	   0.29656
B         	  -2.36287	  -0.00676	  -0.52548	  -0.10165	   0.06064	  -0.15831	   0.06064	  -0.17293	   0.01421	  -0.15831	   0.01421	   0.27458
B         	  -2.42013	   4.34729	  -0.49083	  -0.12390	   0.01408	  -0.17376	   0.01408	  -0.16700	  -0.00306	  -0.17376	  -0.00306	   0.29091
B         	   0.00000	  -4.35836	  -0.00601	  -0.15260	  -0.00000	  -0.00000	  -0.00000	  -0.20263	  -0.03745	  -0.00000	  -0.03745	   0.35522
B         	   0.00000	   4.35484	  -0.01098	  -0.18632	  -0.00000	   0.00000	  -0.00000	  -0.16960	  -0.02204	   0.00000	  -0.02204	   0.35592
B         	   2.42346	  -4.35682	  -0.49358	  -0.10578	  -0.01183	   0.16335	  -0.01183	  -0.19078	  -0.00338	   0.16335	  -0.00338	   0.29656
B         	   2.36287	  -0.00676	  -0.52548	  -0.10165	  -0.06064	   0.15831	  -0.06064	  -0.17293	   0.01421	   0.15831	   0.01421	   0.27458
B         	   2.42013	   4.34729	  -0.49083	  -0.12390	  -0.01408	   0.17376	  -0.01408	  -0.16700	  -0.00306	   0.17376	  -0.00306	   0.29091
B         	   4.77592	  -4.36079	  -1.29209	  -0.14171	  -0.00563	   0.12602	  -0.00563	  -0.18174	   0.02883	   0.12602	   0.02883	   0.32345
B         	   4.75641	  -0.01199	  -1.30592	  -0.15246	  -0.01774	   0.11857	  -0.01774	  -0.17290	   0.02791	   0.11857	   0.02791	   0.32536
B         	   4.77199	   4.34287	  -1.29029	  -0.15082	  -0.00767	   0.12797	  -0.00767	  -0.17303	   0.02760	   0.12797	   0.02760	   0.32385
B         	   7.24233	  -4.36787	  -1.52893	  -0.17873	  -0.00732	  -0.00247	  -0.00732	  -0.17702	  -0.00058	  -0.00247	  -0.00058	   0.35576
B         	   7.23542	  -0.01539	  -1.52893	  -0.18090	  -0.01040	  -0.00218	  -0.01040	  -0.17475	  -0.00042	  -0.00218	  -0.00042	   0.35564
B         	   7.23945	   4.33802	  -1.52893	  -0.18186	  -0.00804	  -0.00233	  -0.00804	  -0.17409	  -0.00046	  -0.00233	  -0.00046	   0.35595
B         	   9.72961	  -4.37073	  -1.52897	  -0.18077	  -0.00291	  -0.00024	  -0.00291	  -0.17565	  -0.00001	  -0.00024	  -0.00001	   0.35643
B         	   9.72778	  -0.01707	  -1.52897	  -0.18146	  -0.00358	  -0.00024	  -0.00358	  -0.17495	  -0.00001	  -0.00024	  -0.00001	   0.35641
B         	   9.72919	   4.33703	  -1.52897	  -0.18144	  -0.00273	  -0.00025	  -0.00273	  -0.17504	  -0.00002	  -0.00025	  -0.00002	   0.35649
B         	 -10.97394	   6.51452	  -1.52897	  -0.18116	  -0.00000	   0.00000	  -0.00000	  -0.17530	   0.00019	   0.00000	   0.00019	   0.35645
B         	 -10.97394	  -2.19319	  -1.52897	  -0.18072	  -0.00000	  -0.00000	  -0.00000	  -0.17584	   0.00017	  -0.00000	   0.00017	   0.35655
B         	 -10.97394	   2.15890	  -1.52897	  -0.18194	  -0.00000	  -0.00000	  -0.00000	  -0.17442	   0.00017	  -0.00000	   0.00017	   0.35636
B         	  -8.48497	   6.51511	  -1.52897	  -0.18115	   0.00562	   0.00173	   0.00562	  -0.17495	  -0.00144	   0.00173	  -0.00144	   0.35610
B         	  -8.48432	  -2.19221	  -1.52897	  -0.18047	   0.00622	   0.00163	   0.00622	  -0.17563	  -0.00137	   0.00163	  -0.00137	   0.35610
B         	  -8.48193	   2.15996	  -1.52897	  -0.18191	   0.00663	   0.00162	   0.00663	  -0.17403	  -0.00137	   0.00162	  -0.00137	   0.35593
B         	  -5.99730	  -6.54395	  -1.52797	  -0.17573	   0.00692	  -0.04029	   0.00692	  -0.17736	   0.02024	  -0.04029	   0.02024	   0.35309
B         	  -5.99293	  -2.18881	  -1.52797	  -0.17428	   0.01084	  -0.03876	   0.01084	  -0.17772	   0.02002	  -0.03876	   0.02002	   0.35200
B         	  -5.98800	   2.16170	  -1.52797	  -0.17979	   0.01189	  -0.03795	   0.01189	  -0.17263	   0.01916	  -0.03795	   0.01916	   0.35242
B         	  -3.59207	  -6.53837	  -0.92449	  -0.11146	   0.00929	  -0.17519	   0.00929	  -0.17804	   0.00595	  -0.17519	   0.00595	   0.28950
B         	  -3.57461	  -2.18195	  -0.94231	  -0.10296	   0.01609	  -0.16957	   0.01609	  -0.18237	   0.01905	  -0.16957	   0.01905	   0.28533
B         	  -3.56726	   2.16362	  -0.94074	  -0.12425	   0.02393	  -0.17343	   0.02393	  -0.16341	   0.00583	  -0.17343	   0.00583	   0.28766
B         	  -1.23270	  -6.53338	  -0.15690	  -0.15081	   0.00869	  -0.10666	   0.00869	  -0.18384	  -0.02351	  -0.10666	  -0.02351	   0.33465
B         	  -1.21270	  -2.17049	  -0.13277	  -0.09899	   0.03823	  -0.10171	   0.03823	  -0.21666	  -0.00826	  -0.10171	  -0.00826	   0.31564
B         	  -1.21659	   2.15963	  -0.09820	  -0.17592	   0.01854	  -0.15216	   0.01854	  -0.12273	  -0.01179	  -0.15216	  -0.01179	   0.29865
B         	   1.23270	  -6.53338	  -0.15690	  -0.15081	  -0.00869	   0.10666	  -0.00869	  -0.18384	  -0.02351	   0.10666	  -0.02351	   0.33465
B         	   1.21270	  -2.17049	  -0.13277	  -0.09899	  -0.03823	   0.10171	  -0.03823	  -0.21666	  -0.00826	   0.10171	  -0.00826	   0.31564
B         	   1.21659	   2.15963	  -0.09820	  -0.17592	  -0.01854	   0.15216	  -0.01854	  -0.12273	  -0.01179	   0.15216	  -0.01179	   0.29865
B         	   3.59207	  -6.53837	  -0.92449	  -0.11146	  -0.00929	   0.17519	  -0.00929	  -0.17804	   0.00595	   0.17519	   0.00595	   0.28950
B         	   3.57461	  -2.18195	  -0.94231	  -0.10296	  -0.01609	   0.16957	  -0.01609	  -0.18237	   0.01905	   0.16957	   0.01905	   0.28533
B         	   3.56726	   2.16362	  -0.94074	  -0.12425	  -0.02393	   0.17343	  -0.02393	  -0.16341	   0.00583	   0.17343	   0.00583	   0.28766
B         	   5.99730	  -6.54395	  -1.52797	  -0.17573	  -0.00692	   0.04029	  -0.00692	  -0.17736	   0.02024	   0.04029	   0.02024	   0.35309
B         	   5.99293	  -2.18881	  -1.52797	  -0.17428	  -0.01084	   0.03876	  -0.01084	  -0.17772	   0.02002	   0.03876	   0.02002	   0.35200
B         	   5.98800	   2.16170	  -1.52797	  -0.17979	  -0.01189	   0.03795	  -0.01189	  -0.17263	   0.01916	   0.03795	   0.01916	   0.35242
B         	   8.48497	   6.51511	  -1.52897	  -0.18115	  -0.00562	  -0.00173	  -0.00562	  -0.17495	  -0.00144	  -0.00173	  -0.00144	   0.35610
B         	   8.48432	  -2.19221	  -1.52897	  -0.18047	  -0.00622	  -0.00163	  -0.00622	  -0.17564	  -0.00137	  -0.00163	  -0.00137	   0.35610
B         	   8.48193	   2.15996	  -1.52897	  -0.18191	  -0.00663	  -0.00162	  -0.00663	  -0.17403	  -0.00137	  -0.00162	  -0.00137	   0.35593
N         	  -9.73067	  -2.92156	  -1.52897	  -0.03806	  -0.00048	   0.00183	  -0.00048	   0.00480	   0.00025	   0.00183	   0.00025	   0.03326
N         	  -9.72946	   1.43200	  -1.52897	  -0.03434	  -0.00102	   0.00181	  -0.00102	   0.00104	   0.00027	   0.00181	   0.00027	   0.03330
N         	  -9.73084	   5.78629	  -1.52897	  -0.03797	  -0.00093	   0.00194	  -0.00093	   0.00364	   0.00027	   0.00194	   0.00027	   0.03434
N         	  -7.24429	  -2.91934	  -1.52893	  -0.03692	   0.00015	  -0.03256	   0.00015	   0.00459	  -0.00830	  -0.03256	  -0.00830	   0.03234
N         	  -7.24048	   1.43424	  -1.52893	  -0.03185	  -0.00261	  -0.03218	  -0.00261	   0.00050	  -0.00834	  -0.03218	  -0.00834	   0.03135
N         	  -7.24477	   5.78811	  -1.52893	  -0.03762	  -0.00144	  -0.03436	  -0.00144	   0.00455	  -0.00849	  -0.03436	  -0.00849	   0.03307
N         	  -4.76660	  -2.91581	  -1.34530	  -0.04249	  -0.00862	   0.01127	  -0.00862	   0.00519	   0.02214	   0.01127	   0.02214	   0.03730
N         	  -4.75819	   1.43904	  -1.35313	  -0.03242	  -0.01131	   0.01974	  -0.01131	   0.00010	   0.01854	   0.01974	   0.01854	   0.03231
N         	  -4.76985	   5.79297	  -1.33969	  -0.04392	  -0.01065	   0.01474	  -0.01065	   0.00527	   0.01985	   0.01474	   0.01985	   0.03865
N         	  -2.43027	  -2.91821	  -0.48796	  -0.03831	   0.01927	   0.00759	   0.01927	   0.00847	  -0.00547	   0.00759	  -0.00547	   0.02984
N         	  -2.40914	   1.44787	  -0.50989	  -0.01491	   0.00864	   0.00629	   0.00864	   0.00419	   0.00466	   0.00629	   0.00466	   0.01072
N         	  -2.43461	   5.79874	  -0.48382	  -0.03793	   0.00237	  -0.00084	   0.00237	   0.00027	  -0.01837	  -0.00084	  -0.01837	   0.03766
N         	   0.00000	  -2.93366	   0.06365	  -0.00585	   0.00000	   0.00000	   0.00000	  -0.00416	  -0.04924	   0.00000	  -0.04924	   0.01000
N         	   0.00000	   5.80418	   0.01748	  -0.02193	   0.00000	   0.00000	   0.00000	  -0.00435	  -0.05144	   0.00000	  -0.05144	   0.02628
N         	   2.43027	  -2.91821	  -0.48796	  -0.03831	  -0.01927	  -0.00759	  -0.01927	   0.00847	  -0.00547	  -0.00759	  -0.00547	   0.02984
N         	   2.40914	   1.44787	  -0.50989	  -0.01491	  -0.00864	  -0.00629	  -0.00864	   0.00419	   0.00466	  -0.00629	   0.00466	   0.01072
N         	   2.43461	   5.79874	  -0.48382	  -0.03793	  -0.00237	   0.00084	  -0.00237	   0.00027	  -0.01837	   0.00084	  -0.01837	   0.03766
N         	   4.76660	  -2.91581	  -1.34530	  -0.04249	   0.00862	  -0.01127	   0.00862	   0.00519	   0.02214	  -0.01127	   0.02214	   0.03730
N         	   4.75819	   1.43904	  -1.35313	  -0.03242	   0.01131	  -0.01974	   0.01131	   0.00010	   0.01854	  -0.01974	   0.01854	   0.03231
N         	   4.76985	   5.79297	  -1.33969	  -0.04392	   0.01065	  -0.01474	   0.01065	   0.00527	   0.01985	  -0.01474	   0.01985	   0.03865
N         	   7.24429	  -2.91934	  -1.52893	  -0.03692	  -0.00015	   0.03256	  -0.00015	   0.00459	  -0.00830	   0.03256	  -0.00830	   0.03234
N         	   7.24048	   1.43424	  -1.52893	  -0.03185	   0.00261	   0.03218	   0.00261	   0.00050	  -0.00834	   0.03218	  -0.00834	   0.03135
N         	   7.24477	   5.78811	  -1.52893	  -0.03762	   0.00144	   0.03436	   0.00144	   0.00455	  -0.00849	   0.03436	  -0.00849	   0.03307
N         	   9.73067	  -2.92156	  -1.52897	  -0.03806	   0.00048	  -0.00183	   0.00048	   0.00480	   0.00025	  -0.00183	   0.00025	   0.03326
N         	   9.72946	   1.43200	  -1.52897	  -0.03434	   0.00102	  -0.00181	   0.00102	   0.00104	   0.00027	  -0.00181	   0.00027	   0.03330
N         	   9.73084	   5.78629	  -1.52897	  -0.03797	   0.00093	  -0.00194	   0.00093	   0.00364	   0.00027	  -0.00194	   0.00027	   0.03434
N         	 -10.97394	  -5.09980	  -1.52897	  -0.03912	   0.00000	  -0.00000	   0.00000	   0.00468	  -0.00006	  -0.00000	  -0.00006	   0.03443
N         	 -10.97394	  -0.74449	  -1.52897	  -0.03454	   0.00000	  -0.00000	   0.00000	   0.00180	  -0.00006	  -0.00000	  -0.00006	   0.03274
N         	 -10.97394	   3.60864	  -1.52897	  -0.03723	   0.00000	  -0.00000	   0.00000	   0.00317	  -0.00005	  -0.00000	  -0.00005	   0.03406
N         	  -8.48835	  -5.09906	  -1.52897	  -0.03988	  -0.00135	  -0.00002	  -0.00135	   0.00525	   0.00009	  -0.00002	   0.00009	   0.03463
N         	  -8.48537	  -0.74356	  -1.52897	  -0.03432	  -0.00035	  -0.00027	  -0.00035	   0.00127	   0.00008	  -0.00027	   0.00008	   0.03305
N         	  -8.48684	   3.60968	  -1.52897	  -0.03640	  -0.00264	  -0.00011	  -0.00264	   0.00240	   0.00014	  -0.00011	   0.00014	   0.03399
N         	  -6.00277	  -5.09541	  -1.52797	  -0.03618	  -0.00586	  -0.01965	  -0.00586	   0.00623	   0.05517	  -0.01965	   0.05517	   0.02996
N         	  -5.99535	  -0.74070	  -1.52797	  -0.02771	  -0.00482	  -0.01616	  -0.00482	   0.00013	   0.05152	  -0.01616	   0.05152	   0.02758
N         	  -5.99923	   3.61266	  -1.52797	  -0.03146	  -0.00836	  -0.01847	  -0.00836	   0.00309	   0.05223	  -0.01847	   0.05223	   0.02837
N         	  -3.59407	  -5.09156	  -0.92886	  -0.04779	  -0.00748	  -0.00296	  -0.00748	   0.00651	   0.01428	  -0.00296	   0.01428	   0.04128
N         	  -3.56913	  -0.73632	  -0.96959	  -0.01696	   0.00471	   0.01499	   0.00471	  -0.00842	   0.01764	   0.01499	   0.01764	   0.02538
N         	  -3.58804	   3.61859	  -0.93109	  -0.04281	  -0.01363	   0.00304	  -0.01363	   0.00258	   0.01813	   0.00304	   0.01813	   0.04022
N         	  -1.24395	  -5.09266	  -0.11532	  -0.03067	   0.00562	   0.00489	   0.00562	   0.00097	  -0.03992	   0.00489	  -0.03992	   0.02970
N         	  -1.24370	   3.63350	  -0.09740	  -0.03348	   0.00197	  -0.00410	   0.00197	   0.02766	  -0.05885	  -0.00410	  -0.05885	   0.00581
N         	   1.24395	  -5.09266	  -0.11532	  -0.03067	  -0.00562	  -0.00489	  -0.00562	   0.00097	  -0.03992	  -0.00489	  -0.03992	   0.02970
N         	   1.24370	   3.63350	  -0.09740	  -0.03348	  -0.00197	   0.00410	  -0.00197	   0.02766	  -0.05885	   0.00410	  -0.05885	   0.00581
N         	   3.59407	  -5.09156	  -0.92886	  -0.04779	   0.00748	   0.00296	   0.00748	   0.00651	   0.01428	   0.00296	   0.01428	   0.04128
N         	   3.56913	  -0.73632	  -0.96959	  -0.01696	  -0.00471	  -0.01499	  -0.00471	  -0.00842	   0.01764	  -0.01499	   0.01764	   0.02538
N         	   3.58804	   3.61859	  -0.93109	  -0.04281	   0.01363	  -0.00304	   0.01363	   0.00258	   0.01813	  -0.00304	   0.01813	   0.04022
N         	   6.00277	  -5.09541	  -1.52797	  -0.03618	   0.00586	   0.01965	   0.00586	   0.00623	   0.05517	   0.01965	   0.05517	   0.02996
N         	   5.99535	  -0.74070	  -1.52797	  -0.02771	   0.00482	   0.01616	   0.00482	   0.00013	   0.05152	   0.01616	   0.05152	   0.02758
N         	   5.99923	   3.61266	  -1.52797	  -0.03146	   0.00836	   0.01847	   0.00836	   0.00309	   0.05223	   0.01847	   0.05223	   0.02837
N         	   8.48835	  -5.09906	  -1.52897	  -0.03987	   0.00135	   0.00002	   0.00135	   0.00525	   0.00009	   0.00002	   0.00009	   0.03462
N         	   8.48537	  -0.74356	  -1.52897	  -0.03432	   0.00035	   0.00027	   0.00035	   0.00127	   0.00008	   0.00027	   0.00008	   0.03305
N         	   8.48684	   3.60968	  -1.52897	  -0.03639	   0.00264	   0.00011	   0.00264	   0.00240	   0.00014	   0.00011	   0.00014	   0.03399
N         	   1.26917	  -0.77299	  -0.12249	   0.21841	  -0.23621	  -0.01484	  -0.23621	  -0.09152	   0.00433	  -0.01484	   0.00433	  -0.12690
N         	  -1.26917	  -0.77299	  -0.12249	   0.21841	   0.23622	   0.01484	   0.23622	  -0.09152	   0.00433	   0.01484	   0.00433	  -0.12690
N         	   0.00000	   1.54599	   0.24498	  -0.24817	   0.00000	   0.00000	   0.00000	   0.40948	   0.20168	   0.00000	   0.20168	  -0.16131
