--------------------------------------------------------------------------------------------------------------------------------------------------------------------------
  AtomName	    r_1i_X	    r_1i_Y	    r_1i_Z	  iso[MHz]	       Axx	       Axy	       Axz	       Ayx	       Ayy	       Ayz	       Azx	       Azy	       Azz
--------------------------------------------------------------------------------------------------------------------------------------------------------------------------
10B  g-factor___:   0.600215 [No-unit]
11B  g-factor___:   1.792433 [No-unit]
14N  g-factor___:   0.403761 [No-unit]
15N  g-factor___:  -0.566378 [No-unit]
10B  etc____:	---       	---       	---       	   0.00000
11B  etc____:	---       	---       	---       	   0.00000
14N  etc____:	---       	---       	---       	   0.00000
15N  etc____:	---       	---       	---       	   0.00000
MinDif[A]:	 -10.97394	  -6.54395	  -1.52897
MaxDif[A]:	   9.73084	   6.51511	   0.24498
--------------------------------------------------------------------------------------------------------------------------------------------------------------------------
B         	  -9.72961	  -4.37073	  -1.52897	   0.00000	   0.06098	   0.00000	   0.00000	   0.00000	  -0.01525	   0.00000	   0.00000	   0.00000	  -0.04574
B         	  -9.72778	  -0.01707	  -1.52897	   0.00000	   0.09147	  -0.00000	   0.01525	  -0.00000	  -0.04574	  -0.00000	   0.01525	  -0.00000	  -0.04574
B         	  -9.72919	   4.33703	  -1.52897	   0.00000	   0.06098	  -0.00000	   0.00000	  -0.00000	  -0.01525	  -0.00000	   0.00000	  -0.00000	  -0.04574
B         	  -7.24233	  -4.36787	  -1.52893	  -0.01525	   0.07623	   0.03049	   0.01525	   0.03049	  -0.00000	   0.01525	   0.01525	   0.01525	  -0.06098
B         	  -7.23542	  -0.01539	  -1.52893	   0.18294	   0.16770	  -0.03049	   0.04574	  -0.03049	  -0.07623	  -0.00000	   0.04574	  -0.00000	  -0.10672
B         	  -7.23946	   4.33802	  -1.52893	   0.00000	   0.06098	  -0.03049	   0.01525	  -0.03049	  -0.00000	  -0.00000	   0.01525	  -0.00000	  -0.06098
B         	  -4.77592	  -4.36079	  -1.29209	  -0.04574	   0.07623	   0.12196	   0.07623	   0.12196	   0.07623	   0.03049	   0.07623	   0.03049	  -0.15245
B         	  -4.75641	  -0.01199	  -1.30592	   2.40874	   0.68603	  -0.45736	   0.22868	  -0.45736	  -0.13721	  -0.01525	   0.22868	  -0.01525	  -0.53358
B         	  -4.77199	   4.34287	  -1.29029	  -0.04574	   0.06098	  -0.10672	   0.07623	  -0.10672	   0.06098	  -0.04574	   0.07623	  -0.04574	  -0.12196
B         	  -2.42346	  -4.35682	  -0.49358	   1.89040	  -0.36588	   0.12196	   0.06098	   0.12196	   0.89947	   0.00000	   0.06098	   0.00000	  -0.54883
B         	  -2.36287	  -0.00676	  -0.52548	   1.40256	   1.90565	  -3.39968	   2.89659	  -3.39968	   1.26535	  -1.89040	   2.89659	  -1.89040	  -3.17100
B         	  -2.42013	   4.34729	  -0.49083	   2.98806	   0.48785	  -0.68603	   0.25917	  -0.68603	   0.15245	  -0.15245	   0.25917	  -0.15245	  -0.64030
B         	   0.00000	  -4.35836	  -0.00601	  -0.99094	  -0.22868	  -0.00000	  -0.00000	  -0.00000	   0.70128	  -0.03049	  -0.00000	  -0.03049	  -0.47260
B         	   0.00000	   4.35484	  -0.01098	  -1.00618	  -0.45736	  -0.00000	  -0.00000	  -0.00000	   1.35682	  -0.22868	  -0.00000	  -0.22868	  -0.89947
B         	   2.42346	  -4.35682	  -0.49358	   1.89040	  -0.36588	  -0.12196	  -0.06098	  -0.12196	   0.89947	   0.00000	  -0.06098	   0.00000	  -0.54883
B         	   2.36287	  -0.00676	  -0.52548	   1.40256	   1.90565	   3.39968	  -2.89659	   3.39968	   1.26535	  -1.89040	  -2.89659	  -1.89040	  -3.17100
B         	   2.42013	   4.34729	  -0.49083	   2.98806	   0.48785	   0.68603	  -0.25917	   0.68603	   0.15245	  -0.15245	  -0.25917	  -0.15245	  -0.64030
B         	   4.77592	  -4.36079	  -1.29209	  -0.04574	   0.07623	  -0.12196	  -0.07623	  -0.12196	   0.07623	   0.03049	  -0.07623	   0.03049	  -0.15245
B         	   4.75641	  -0.01199	  -1.30592	   2.40874	   0.68603	   0.45736	  -0.22868	   0.45736	  -0.13721	  -0.01525	  -0.22868	  -0.01525	  -0.53358
B         	   4.77199	   4.34287	  -1.29029	  -0.04574	   0.06098	   0.10672	  -0.07623	   0.10672	   0.06098	  -0.04574	  -0.07623	  -0.04574	  -0.12196
B         	   7.24233	  -4.36787	  -1.52893	  -0.01525	   0.07623	  -0.03049	  -0.01525	  -0.03049	  -0.00000	   0.01525	  -0.01525	   0.01525	  -0.06098
B         	   7.23542	  -0.01539	  -1.52893	   0.18294	   0.16770	   0.03049	  -0.04574	   0.03049	  -0.07623	  -0.00000	  -0.04574	  -0.00000	  -0.10672
B         	   7.23945	   4.33802	  -1.52893	   0.00000	   0.06098	   0.03049	  -0.01525	   0.03049	  -0.00000	  -0.00000	  -0.01525	  -0.00000	  -0.06098
B         	   9.72961	  -4.37073	  -1.52897	   0.00000	   0.06098	  -0.00000	  -0.00000	  -0.00000	  -0.01525	   0.00000	  -0.00000	   0.00000	  -0.04574
B         	   9.72778	  -0.01707	  -1.52897	   0.00000	   0.09147	   0.00000	  -0.01525	   0.00000	  -0.04574	  -0.00000	  -0.01525	  -0.00000	  -0.04574
B         	   9.72919	   4.33703	  -1.52897	   0.00000	   0.06098	   0.00000	  -0.00000	   0.00000	  -0.01525	  -0.00000	  -0.00000	  -0.00000	  -0.04574
B         	 -10.97394	   6.51452	  -1.52897	   0.00000	   0.06098	  -0.00000	   0.00000	  -0.00000	  -0.01525	  -0.00000	   0.00000	  -0.00000	  -0.04574
B         	 -10.97394	  -2.19319	  -1.52897	   0.00000	   0.07623	  -0.00000	  -0.00000	  -0.00000	  -0.03049	   0.00000	  -0.00000	   0.00000	  -0.04574
B         	 -10.97394	   2.15890	  -1.52897	   0.00000	   0.07623	   0.00000	   0.00000	   0.00000	  -0.03049	  -0.00000	   0.00000	  -0.00000	  -0.04574
B         	  -8.48497	   6.51511	  -1.52897	   0.00000	   0.06098	   0.00000	   0.01525	   0.00000	  -0.00000	  -0.00000	   0.01525	  -0.00000	  -0.04574
B         	  -8.48432	  -2.19221	  -1.52897	   0.00000	   0.09147	   0.01525	   0.01525	   0.01525	  -0.03049	   0.00000	   0.01525	   0.00000	  -0.06098
B         	  -8.48193	   2.15996	  -1.52897	   0.00000	   0.09147	  -0.01525	   0.01525	  -0.01525	  -0.03049	  -0.00000	   0.01525	  -0.00000	  -0.06098
B         	  -5.99730	  -6.54395	  -1.52797	   0.00000	   0.03049	  -0.00000	   0.03049	  -0.00000	   0.03049	   0.00000	   0.03049	   0.00000	  -0.07623
B         	  -5.99293	  -2.18881	  -1.52797	  -0.07623	   0.18294	   0.09147	   0.07623	   0.09147	  -0.04574	   0.01525	   0.07623	   0.01525	  -0.13721
B         	  -5.98800	   2.16170	  -1.52797	   0.01525	   0.15245	  -0.07623	   0.07623	  -0.07623	  -0.04574	  -0.01525	   0.07623	  -0.01525	  -0.10672
B         	  -3.59207	  -6.53837	  -0.92449	   0.12196	  -0.04574	  -0.07623	   0.06098	  -0.07623	   0.22868	  -0.03049	   0.06098	  -0.03049	  -0.16770
B         	  -3.57461	  -2.18195	  -0.94231	  -0.92996	   0.53358	   0.59456	   0.50309	   0.59456	   0.10672	   0.21343	   0.50309	   0.21343	  -0.65554
B         	  -3.56726	   2.16362	  -0.94074	  -0.82324	   0.35064	  -0.32015	   0.30490	  -0.32015	   0.04574	  -0.10672	   0.30490	  -0.10672	  -0.39637
B         	  -1.23270	  -6.53338	  -0.15690	  -0.07623	  -0.19819	  -0.03049	   0.03049	  -0.03049	   0.44211	  -0.01525	   0.03049	  -0.01525	  -0.24392
B         	  -1.21270	  -2.17049	  -0.13277	  -1.49403	  -1.61599	  -0.62505	   0.41162	  -0.62505	   5.70170	  -0.12196	   0.41162	  -0.12196	  -4.08571
B         	  -1.21659	   2.15963	  -0.09820	  -5.38155	   4.00948	  -2.59168	   3.23198	  -2.59168	  -0.62505	  -0.85373	   3.23198	  -0.85373	  -3.38443
B         	   1.23270	  -6.53338	  -0.15690	  -0.07623	  -0.19819	   0.03049	  -0.03049	   0.03049	   0.44211	  -0.01525	  -0.03049	  -0.01525	  -0.24392
B         	   1.21270	  -2.17049	  -0.13277	  -1.49403	  -1.61599	   0.62505	  -0.41162	   0.62505	   5.70170	  -0.12196	  -0.41162	  -0.12196	  -4.08571
B         	   1.21659	   2.15963	  -0.09820	  -5.38155	   4.00948	   2.59168	  -3.23198	   2.59168	  -0.62505	  -0.85373	  -3.23198	  -0.85373	  -3.38443
B         	   3.59207	  -6.53837	  -0.92449	   0.12196	  -0.04574	   0.07623	  -0.06098	   0.07623	   0.22868	  -0.03049	  -0.06098	  -0.03049	  -0.16770
B         	   3.57461	  -2.18195	  -0.94231	  -0.92996	   0.53358	  -0.59456	  -0.50309	  -0.59456	   0.10672	   0.21343	  -0.50309	   0.21343	  -0.65554
B         	   3.56726	   2.16362	  -0.94074	  -0.82324	   0.35064	   0.32015	  -0.30490	   0.32015	   0.04574	  -0.10672	  -0.30490	  -0.10672	  -0.39637
B         	   5.99730	  -6.54395	  -1.52797	   0.00000	   0.03049	   0.00000	  -0.03049	   0.00000	   0.03049	   0.00000	  -0.03049	   0.00000	  -0.07623
B         	   5.99293	  -2.18881	  -1.52797	  -0.07623	   0.18294	  -0.09147	  -0.07623	  -0.09147	  -0.04574	   0.01525	  -0.07623	   0.01525	  -0.13721
B         	   5.98800	   2.16170	  -1.52797	   0.01525	   0.15245	   0.07623	  -0.07623	   0.07623	  -0.04574	  -0.01525	  -0.07623	  -0.01525	  -0.10672
B         	   8.48497	   6.51511	  -1.52897	   0.00000	   0.06098	  -0.00000	  -0.01525	  -0.00000	  -0.00000	  -0.00000	  -0.01525	  -0.00000	  -0.04574
B         	   8.48432	  -2.19221	  -1.52897	   0.00000	   0.09147	  -0.01525	  -0.01525	  -0.01525	  -0.03049	   0.00000	  -0.01525	   0.00000	  -0.06098
B         	   8.48193	   2.15996	  -1.52897	   0.00000	   0.09147	   0.01525	  -0.01525	   0.01525	  -0.03049	  -0.00000	  -0.01525	  -0.00000	  -0.06098
N         	  -9.73067	  -2.92156	  -1.52897	   0.00000	   0.07623	   0.01525	   0.00000	   0.01525	  -0.03049	   0.00000	   0.00000	   0.00000	  -0.04574
N         	  -9.72946	   1.43200	  -1.52897	   0.00000	   0.09147	  -0.00000	   0.00000	  -0.00000	  -0.03049	  -0.00000	   0.00000	  -0.00000	  -0.04574
N         	  -9.73084	   5.78629	  -1.52897	   0.00000	   0.06098	  -0.00000	   0.00000	  -0.00000	  -0.01525	  -0.00000	   0.00000	  -0.00000	  -0.04574
N         	  -7.24429	  -2.91934	  -1.52893	   0.04574	   0.10672	   0.04574	   0.03049	   0.04574	  -0.03049	   0.01525	   0.03049	   0.01525	  -0.07623
N         	  -7.24048	   1.43424	  -1.52893	   0.00000	   0.13721	  -0.03049	   0.04574	  -0.03049	  -0.06098	  -0.00000	   0.04574	  -0.00000	  -0.07623
N         	  -7.24477	   5.78811	  -1.52893	   0.00000	   0.04574	  -0.01525	   0.01525	  -0.01525	   0.00000	  -0.00000	   0.01525	  -0.00000	  -0.06098
N         	  -4.76660	  -2.91581	  -1.34530	   0.57932	   0.27441	   0.28966	   0.12196	   0.28966	  -0.01525	   0.06098	   0.12196	   0.06098	  -0.25917
N         	  -4.75819	   1.43904	  -1.35313	   0.12196	   0.35064	  -0.07623	   0.21343	  -0.07623	  -0.12196	  -0.06098	   0.21343	  -0.06098	  -0.22868
N         	  -4.76985	   5.79297	  -1.33969	   0.01525	   0.00000	  -0.01525	   0.04574	  -0.01525	   0.10672	  -0.03049	   0.04574	  -0.03049	  -0.12196
N         	  -2.43027	  -2.91821	  -0.48796	  22.25797	   1.02143	   4.98518	   1.76844	   4.98518	   1.84467	   1.90565	   1.76844	   1.90565	  -2.86610
N         	  -2.40914	   1.44787	  -0.50989	   3.46066	   1.58550	   1.66173	   0.47260	   1.66173	   1.50927	   0.38113	   0.47260	   0.38113	  -3.09477
N         	  -2.43461	   5.79874	  -0.48382	   1.60074	  -0.22868	  -0.30490	   0.06098	  -0.30490	   0.67079	  -0.06098	   0.06098	  -0.06098	  -0.42687
N         	   0.00000	  -2.93366	   0.06365	  -1.72271	   3.23198	  -0.00000	   0.00000	  -0.00000	  -0.24392	  -0.10672	   0.00000	  -0.10672	  -2.98806
N         	   0.00000	   5.80418	   0.01748	   0.47260	  -0.36588	  -0.00000	   0.00000	  -0.00000	   0.76226	   0.12196	   0.00000	   0.12196	  -0.39637
N         	   2.43027	  -2.91821	  -0.48796	  22.25797	   1.02143	  -4.98518	  -1.76844	  -4.98518	   1.84467	   1.90565	  -1.76844	   1.90565	  -2.86610
N         	   2.40914	   1.44787	  -0.50989	   3.46066	   1.58550	  -1.66173	  -0.47260	  -1.66173	   1.50927	   0.38113	  -0.47260	   0.38113	  -3.09477
N         	   2.43461	   5.79874	  -0.48382	   1.60074	  -0.22868	   0.30490	  -0.06098	   0.30490	   0.67079	  -0.06098	  -0.06098	  -0.06098	  -0.42687
N         	   4.76660	  -2.91581	  -1.34530	   0.57932	   0.27441	  -0.28966	  -0.12196	  -0.28966	  -0.01525	   0.06098	  -0.12196	   0.06098	  -0.25917
N         	   4.75819	   1.43904	  -1.35313	   0.12196	   0.35064	   0.07623	  -0.21343	   0.07623	  -0.12196	  -0.06098	  -0.21343	  -0.06098	  -0.22868
N         	   4.76985	   5.79297	  -1.33969	   0.01525	   0.00000	   0.01525	  -0.04574	   0.01525	   0.10672	  -0.03049	  -0.04574	  -0.03049	  -0.12196
N         	   7.24429	  -2.91934	  -1.52893	   0.04574	   0.10672	  -0.04574	  -0.03049	  -0.04574	  -0.03049	   0.01525	  -0.03049	   0.01525	  -0.07623
N         	   7.24048	   1.43424	  -1.52893	   0.00000	   0.13721	   0.03049	  -0.04574	   0.03049	  -0.06098	  -0.00000	  -0.04574	  -0.00000	  -0.07623
N         	   7.24477	   5.78811	  -1.52893	   0.00000	   0.04574	   0.01525	  -0.01525	   0.01525	   0.00000	  -0.00000	  -0.01525	  -0.00000	  -0.06098
N         	   9.73067	  -2.92156	  -1.52897	   0.00000	   0.07623	  -0.01525	  -0.00000	  -0.01525	  -0.03049	   0.00000	  -0.00000	   0.00000	  -0.04574
N         	   9.72946	   1.43200	  -1.52897	   0.00000	   0.09147	   0.00000	  -0.00000	   0.00000	  -0.03049	  -0.00000	  -0.00000	  -0.00000	  -0.04574
N         	   9.73084	   5.78629	  -1.52897	   0.00000	   0.06098	   0.00000	  -0.00000	   0.00000	  -0.01525	  -0.00000	  -0.00000	  -0.00000	  -0.04574
N         	 -10.97394	  -5.09980	  -1.52897	   0.00000	   0.06098	  -0.00000	   0.00000	  -0.00000	  -0.01525	   0.00000	   0.00000	   0.00000	  -0.04574
N         	 -10.97394	  -0.74449	  -1.52897	   0.00000	   0.09147	  -0.00000	   0.00000	  -0.00000	  -0.04574	   0.00000	   0.00000	   0.00000	  -0.04574
N         	 -10.97394	   3.60864	  -1.52897	   0.00000	   0.06098	  -0.00000	   0.00000	  -0.00000	  -0.03049	  -0.00000	   0.00000	  -0.00000	  -0.04574
N         	  -8.48835	  -5.09906	  -1.52897	   0.00000	   0.06098	   0.01525	   0.01525	   0.01525	  -0.01525	   0.00000	   0.01525	   0.00000	  -0.04574
N         	  -8.48537	  -0.74356	  -1.52897	   0.07623	   0.13721	   0.01525	   0.01525	   0.01525	  -0.06098	   0.00000	   0.01525	   0.00000	  -0.07623
N         	  -8.48684	   3.60968	  -1.52897	   0.00000	   0.07623	  -0.01525	   0.01525	  -0.01525	  -0.01525	  -0.00000	   0.01525	  -0.00000	  -0.04574
N         	  -6.00277	  -5.09541	  -1.52797	   0.01525	   0.04574	   0.04574	   0.03049	   0.04574	   0.03049	   0.01525	   0.03049	   0.01525	  -0.07623
N         	  -5.99535	  -0.74070	  -1.52797	   1.35682	   0.57932	   0.13721	   0.09147	   0.13721	  -0.27441	   0.01525	   0.09147	   0.01525	  -0.30490
N         	  -5.99923	   3.61266	  -1.52797	  -0.00000	   0.09147	  -0.06098	   0.04574	  -0.06098	  -0.00000	  -0.01525	   0.04574	  -0.01525	  -0.09147
N         	  -3.59407	  -5.09156	  -0.92886	   1.03667	  -0.07623	   0.35064	   0.10672	   0.35064	   0.42687	   0.12196	   0.10672	   0.12196	  -0.35064
N         	  -3.56913	  -0.73632	  -0.96959	  24.34656	   4.93944	   2.34776	   4.13145	   2.34776	  -3.11002	   1.11290	   4.13145	   1.11290	  -1.82942
N         	  -3.58804	   3.61859	  -0.93109	  -0.06098	   0.07623	  -0.28966	   0.12196	  -0.28966	   0.18294	   0.01525	   0.12196	   0.01525	  -0.24392
N         	  -1.24395	  -5.09266	  -0.11532	   0.13721	  -0.10672	   0.15245	   0.04574	   0.15245	   0.50309	   0.00000	   0.04574	   0.00000	  -0.39637
N         	  -1.24370	   3.63350	  -0.09740	  30.58184	  -3.65884	  -3.14051	   0.73177	  -3.14051	   7.45490	  -2.98806	   0.73177	  -2.98806	  -3.79605
N         	   1.24395	  -5.09266	  -0.11532	   0.13721	  -0.10672	  -0.15245	  -0.04574	  -0.15245	   0.50309	   0.00000	  -0.04574	   0.00000	  -0.39637
N         	   1.24370	   3.63350	  -0.09740	  30.58184	  -3.65884	   3.14051	  -0.73177	   3.14051	   7.45490	  -2.98806	  -0.73177	  -2.98806	  -3.79605
N         	   3.59407	  -5.09156	  -0.92886	   1.03667	  -0.07623	  -0.35064	  -0.10672	  -0.35064	   0.42687	   0.12196	  -0.10672	   0.12196	  -0.35064
N         	   3.56913	  -0.73632	  -0.96959	  24.34656	   4.93944	  -2.34776	  -4.13145	  -2.34776	  -3.11002	   1.11290	  -4.13145	   1.11290	  -1.82942
N         	   3.58804	   3.61859	  -0.93109	  -0.06098	   0.07623	   0.28966	  -0.12196	   0.28966	   0.18294	   0.01525	  -0.12196	   0.01525	  -0.24392
N         	   6.00277	  -5.09541	  -1.52797	   0.01525	   0.04574	  -0.04574	  -0.03049	  -0.04574	   0.03049	   0.01525	  -0.03049	   0.01525	  -0.07623
N         	   5.99535	  -0.74070	  -1.52797	   1.35682	   0.57932	  -0.13721	  -0.09147	  -0.13721	  -0.27441	   0.01525	  -0.09147	   0.01525	  -0.30490
N         	   5.99923	   3.61266	  -1.52797	  -0.00000	   0.09147	   0.06098	  -0.04574	   0.06098	  -0.00000	  -0.01525	  -0.04574	  -0.01525	  -0.09147
N         	   8.48835	  -5.09906	  -1.52897	   0.00000	   0.06098	  -0.01525	  -0.01525	  -0.01525	  -0.01525	   0.00000	  -0.01525	   0.00000	  -0.04574
N         	   8.48537	  -0.74356	  -1.52897	   0.07623	   0.13721	  -0.01525	  -0.01525	  -0.01525	  -0.06098	   0.00000	  -0.01525	   0.00000	  -0.07623
N         	   8.48684	   3.60968	  -1.52897	   0.00000	   0.07623	   0.01525	  -0.01525	   0.01525	  -0.01525	  -0.00000	  -0.01525	  -0.00000	  -0.04574
N         	   1.26917	  -0.77299	  -0.12249	 324.09741	  83.37592	 -83.77230	 -28.92012	 -83.77230	 -25.82535	  18.12653	 -28.92012	  18.12653	 -57.55058
N         	  -1.26917	  -0.77299	  -0.12249	 324.09741	  83.37592	  83.77230	  28.92012	  83.77230	 -25.82535	  18.12653	  28.92012	  18.12653	 -57.55058
N         	   0.00000	   1.54599	   0.24498	 253.57318	 -89.45875	  -0.00000	  -0.00000	  -0.00000	 161.12637	  48.73886	  -0.00000	  48.73886	 -71.66762
