--------------------------------------------------------------------------------------------------------------------------------------------------------------------------
  AtomName	    r_1i_X	    r_1i_Y	    r_1i_Z	     EFGxx	     EFGxy	     EFGxz	     EFGyx	     EFGyy	     EFGyz	     EFGzx	     EFGzy	     EFGzz	[Hatree/Bohr_radius^2]
--------------------------------------------------------------------------------------------------------------------------------------------------------------------------
10B  eQ___:	  8.459000	[Q/milibarn]*(10^-1)
11B  eQ___:	  4.059000	[Q/milibarn]*(10^-1)
14N  eQ___:	  2.044000	[Q/milibarn]*(10^-1)
15N  eQ___:	  0.000000	[Q/milibarn]*(10^-1)
10B  etc____:	---       	---       	---       	  -0.19818	  -0.00000	   0.00000	  -0.00000	  -0.19323	   0.00017	   0.00000	   0.00017	   0.39140
11B  etc____:	---       	---       	---       	  -0.19818	  -0.00000	   0.00000	  -0.00000	  -0.19323	   0.00017	   0.00000	   0.00017	   0.39140
14N  etc____:	---       	---       	---       	  -0.03576	   0.00000	   0.00000	   0.00000	   0.00412	  -0.00005	   0.00000	  -0.00005	   0.03165
15N  etc____:	---       	---       	---       	  -0.03576	   0.00000	   0.00000	   0.00000	   0.00412	  -0.00005	   0.00000	  -0.00005	   0.03165
MinDif[A]:	 -10.88213	  -6.48616	  -1.51345
MaxDif[A]:	   9.64862	   6.45226	   0.28169
--------------------------------------------------------------------------------------------------------------------------------------------------------------------------
B         	  -9.64784	  -4.33197	  -1.51345	  -0.19728	   0.00263	   0.00024	   0.00263	  -0.19418	  -0.00002	   0.00024	  -0.00002	   0.39145
B         	  -9.64550	  -0.01925	  -1.51345	  -0.19820	   0.00357	   0.00024	   0.00357	  -0.19306	  -0.00002	   0.00024	  -0.00002	   0.39126
B         	  -9.64717	   4.29352	  -1.51345	  -0.19858	   0.00267	   0.00025	   0.00267	  -0.19284	  -0.00002	   0.00025	  -0.00002	   0.39142
B         	  -7.17865	  -4.33048	  -1.51341	  -0.19571	   0.00793	   0.00271	   0.00793	  -0.19505	  -0.00091	   0.00271	  -0.00091	   0.39076
B         	  -7.17059	  -0.01912	  -1.51341	  -0.19814	   0.01142	   0.00231	   0.01142	  -0.19242	  -0.00067	   0.00231	  -0.00067	   0.39057
B         	  -7.17642	   4.29450	  -1.51341	  -0.19845	   0.00824	   0.00247	   0.00824	  -0.19237	  -0.00075	   0.00247	  -0.00075	   0.39082
B         	  -4.73235	  -4.32412	  -1.27252	  -0.15368	   0.00545	  -0.14098	   0.00545	  -0.20022	   0.03314	  -0.14098	   0.03314	   0.35389
B         	  -4.70907	  -0.01726	  -1.29045	  -0.16833	   0.01923	  -0.13108	   0.01923	  -0.18898	   0.03148	  -0.13108	   0.03148	   0.35731
B         	  -4.72952	   4.29819	  -1.27026	  -0.16332	   0.00693	  -0.14256	   0.00693	  -0.19133	   0.03052	  -0.14256	   0.03052	   0.35464
B         	  -2.40236	  -4.32032	  -0.46821	  -0.11283	   0.01166	  -0.18150	   0.01166	  -0.21121	  -0.00185	  -0.18150	  -0.00185	   0.32404
B         	  -2.32912	  -0.01452	  -0.52474	  -0.12347	   0.06331	  -0.17164	   0.06331	  -0.18261	   0.00918	  -0.17164	   0.00918	   0.30608
B         	  -2.40010	   4.30121	  -0.46425	  -0.13145	   0.01450	  -0.19340	   0.01450	  -0.18609	  -0.00386	  -0.19340	  -0.00386	   0.31754
B         	   0.00000	  -4.32507	   0.01947	  -0.16776	  -0.00000	   0.00000	  -0.00000	  -0.22318	  -0.03813	   0.00000	  -0.03813	   0.39094
B         	   0.00000	   4.30711	   0.01975	  -0.20275	  -0.00000	  -0.00000	  -0.00000	  -0.18860	  -0.02350	  -0.00000	  -0.02350	   0.39135
B         	   2.40236	  -4.32032	  -0.46821	  -0.11283	  -0.01166	   0.18150	  -0.01166	  -0.21121	  -0.00185	   0.18150	  -0.00185	   0.32404
B         	   2.32912	  -0.01452	  -0.52474	  -0.12347	  -0.06331	   0.17164	  -0.06331	  -0.18261	   0.00918	   0.17164	   0.00918	   0.30608
B         	   2.40010	   4.30121	  -0.46425	  -0.13145	  -0.01450	   0.19340	  -0.01450	  -0.18609	  -0.00386	   0.19340	  -0.00386	   0.31754
B         	   4.73235	  -4.32412	  -1.27252	  -0.15368	  -0.00545	   0.14098	  -0.00545	  -0.20022	   0.03314	   0.14098	   0.03314	   0.35389
B         	   4.70907	  -0.01726	  -1.29045	  -0.16833	  -0.01923	   0.13108	  -0.01923	  -0.18898	   0.03148	   0.13108	   0.03148	   0.35731
B         	   4.72952	   4.29819	  -1.27026	  -0.16332	  -0.00693	   0.14256	  -0.00693	  -0.19133	   0.03052	   0.14256	   0.03052	   0.35464
B         	   7.17865	  -4.33048	  -1.51341	  -0.19571	  -0.00793	  -0.00271	  -0.00793	  -0.19505	  -0.00091	  -0.00271	  -0.00091	   0.39076
B         	   7.17059	  -0.01912	  -1.51341	  -0.19814	  -0.01142	  -0.00231	  -0.01142	  -0.19242	  -0.00067	  -0.00231	  -0.00067	   0.39057
B         	   7.17642	   4.29450	  -1.51341	  -0.19845	  -0.00825	  -0.00247	  -0.00825	  -0.19237	  -0.00075	  -0.00247	  -0.00075	   0.39082
B         	   9.64784	  -4.33197	  -1.51345	  -0.19728	  -0.00263	  -0.00024	  -0.00263	  -0.19418	  -0.00002	  -0.00024	  -0.00002	   0.39145
B         	   9.64550	  -0.01925	  -1.51345	  -0.19820	  -0.00357	  -0.00024	  -0.00357	  -0.19306	  -0.00002	  -0.00024	  -0.00002	   0.39126
B         	   9.64717	   4.29352	  -1.51345	  -0.19858	  -0.00267	  -0.00025	  -0.00267	  -0.19284	  -0.00002	  -0.00025	  -0.00002	   0.39142
B         	 -10.88213	   6.45110	  -1.51345	  -0.19818	  -0.00000	   0.00000	  -0.00000	  -0.19323	   0.00017	   0.00000	   0.00017	   0.39140
B         	 -10.88213	  -2.17597	  -1.51345	  -0.19825	  -0.00000	  -0.00000	  -0.00000	  -0.19323	   0.00016	  -0.00000	   0.00016	   0.39149
B         	 -10.88213	   2.13700	  -1.51345	  -0.19842	  -0.00000	   0.00000	  -0.00000	  -0.19290	   0.00016	   0.00000	   0.00016	   0.39132
B         	  -8.41273	   6.45226	  -1.51345	  -0.19749	   0.00565	   0.00177	   0.00565	  -0.19361	  -0.00144	   0.00177	  -0.00144	   0.39110
B         	  -8.41100	  -2.17466	  -1.51345	  -0.19727	   0.00692	   0.00165	   0.00692	  -0.19377	  -0.00136	   0.00165	  -0.00136	   0.39102
B         	  -8.40889	   2.13648	  -1.51345	  -0.19897	   0.00677	   0.00161	   0.00677	  -0.19190	  -0.00134	   0.00161	  -0.00134	   0.39088
B         	  -5.94374	  -6.48616	  -1.51245	  -0.19186	   0.00709	  -0.04473	   0.00709	  -0.19592	   0.02258	  -0.04473	   0.02258	   0.38778
B         	  -5.93789	  -2.17202	  -1.51245	  -0.19088	   0.01190	  -0.04254	   0.01190	  -0.19606	   0.02213	  -0.04254	   0.02213	   0.38694
B         	  -5.93326	   2.13634	  -1.51245	  -0.19771	   0.01255	  -0.04109	   0.01255	  -0.18971	   0.02068	  -0.04109	   0.02068	   0.38742
B         	  -3.56119	  -6.48227	  -0.90119	  -0.11860	   0.00941	  -0.19510	   0.00941	  -0.19687	   0.00598	  -0.19510	   0.00598	   0.31548
B         	  -3.53939	  -2.16582	  -0.92647	  -0.11149	   0.01688	  -0.18886	   0.01688	  -0.20143	   0.02284	  -0.18886	   0.02284	   0.31292
B         	  -3.53260	   2.13884	  -0.92677	  -0.13563	   0.02561	  -0.19067	   0.02561	  -0.18156	   0.00243	  -0.19067	   0.00243	   0.31721
B         	  -1.22312	  -6.47906	  -0.12922	  -0.16420	   0.00939	  -0.11829	   0.00939	  -0.20273	  -0.02664	  -0.11829	  -0.02664	   0.36694
B         	  -1.19716	  -2.15342	  -0.12975	  -0.10973	   0.03195	  -0.11434	   0.03195	  -0.23831	   0.00055	  -0.11434	   0.00055	   0.34804
B         	  -1.20966	   2.13485	  -0.07873	  -0.18002	   0.01416	  -0.17226	   0.01416	  -0.14662	  -0.01755	  -0.17226	  -0.01755	   0.32663
B         	   1.22312	  -6.47906	  -0.12922	  -0.16420	  -0.00939	   0.11829	  -0.00939	  -0.20273	  -0.02664	   0.11829	  -0.02664	   0.36694
B         	   1.19716	  -2.15342	  -0.12975	  -0.10973	  -0.03195	   0.11434	  -0.03195	  -0.23831	   0.00055	   0.11434	   0.00055	   0.34804
B         	   1.20966	   2.13485	  -0.07873	  -0.18002	  -0.01416	   0.17226	  -0.01416	  -0.14662	  -0.01755	   0.17226	  -0.01755	   0.32663
B         	   3.56119	  -6.48227	  -0.90119	  -0.11860	  -0.00941	   0.19510	  -0.00941	  -0.19687	   0.00598	   0.19510	   0.00598	   0.31548
B         	   3.53939	  -2.16582	  -0.92647	  -0.11149	  -0.01688	   0.18886	  -0.01688	  -0.20143	   0.02284	   0.18886	   0.02284	   0.31292
B         	   3.53260	   2.13884	  -0.92677	  -0.13563	  -0.02561	   0.19067	  -0.02561	  -0.18156	   0.00243	   0.19067	   0.00243	   0.31721
B         	   5.94374	  -6.48616	  -1.51245	  -0.19186	  -0.00709	   0.04473	  -0.00709	  -0.19592	   0.02258	   0.04473	   0.02258	   0.38778
B         	   5.93789	  -2.17202	  -1.51245	  -0.19088	  -0.01190	   0.04254	  -0.01190	  -0.19606	   0.02213	   0.04254	   0.02213	   0.38694
B         	   5.93326	   2.13634	  -1.51245	  -0.19771	  -0.01255	   0.04109	  -0.01255	  -0.18971	   0.02068	   0.04109	   0.02068	   0.38742
B         	   8.41273	   6.45226	  -1.51345	  -0.19749	  -0.00565	  -0.00177	  -0.00565	  -0.19361	  -0.00144	  -0.00177	  -0.00144	   0.39110
B         	   8.41100	  -2.17466	  -1.51345	  -0.19727	  -0.00692	  -0.00165	  -0.00692	  -0.19377	  -0.00136	  -0.00165	  -0.00136	   0.39102
B         	   8.40889	   2.13648	  -1.51345	  -0.19897	  -0.00677	  -0.00161	  -0.00677	  -0.19190	  -0.00134	  -0.00161	  -0.00134	   0.39088
N         	  -9.64837	  -2.89654	  -1.51345	  -0.03319	  -0.00006	   0.00189	  -0.00006	   0.00242	   0.00027	   0.00189	   0.00027	   0.03077
N         	  -9.64731	   1.41656	  -1.51345	  -0.02981	  -0.00176	   0.00183	  -0.00176	  -0.00080	   0.00028	   0.00183	   0.00028	   0.03062
N         	  -9.64862	   5.72974	  -1.51345	  -0.03446	  -0.00104	   0.00203	  -0.00104	   0.00276	   0.00029	   0.00203	   0.00029	   0.03170
N         	  -7.18053	  -2.89500	  -1.51341	  -0.03222	  -0.00041	  -0.03418	  -0.00041	   0.00321	  -0.00942	  -0.03418	  -0.00942	   0.02902
N         	  -7.17665	   1.41726	  -1.51341	  -0.02645	  -0.00462	  -0.03342	  -0.00462	  -0.00217	  -0.00934	  -0.03342	  -0.00934	   0.02862
N         	  -7.18197	   5.73148	  -1.51341	  -0.03369	  -0.00252	  -0.03656	  -0.00252	   0.00373	  -0.00966	  -0.03656	  -0.00966	   0.02996
N         	  -4.72155	  -2.89235	  -1.33022	  -0.04064	  -0.01020	   0.01326	  -0.01020	   0.00481	   0.02054	   0.01326	   0.02054	   0.03583
N         	  -4.71207	   1.42123	  -1.34066	  -0.02906	  -0.01309	   0.02174	  -0.01309	  -0.00212	   0.01633	   0.02174	   0.01633	   0.03118
N         	  -4.72662	   5.73474	  -1.32257	  -0.04166	  -0.01193	   0.01785	  -0.01193	   0.00396	   0.01802	   0.01785	   0.01802	   0.03770
N         	  -2.40715	  -2.89455	  -0.46848	  -0.04175	   0.01176	   0.00143	   0.01176	   0.00842	  -0.00922	   0.00143	  -0.00922	   0.03333
N         	  -2.38143	   1.42860	  -0.50370	  -0.01155	   0.00179	   0.01000	   0.00179	  -0.00650	   0.00488	   0.01000	   0.00488	   0.01805
N         	  -2.41532	   5.73880	  -0.45671	  -0.03418	   0.00152	   0.00090	   0.00152	  -0.00251	  -0.01948	   0.00090	  -0.01948	   0.03670
N         	   0.00000	  -2.91334	   0.08145	  -0.01956	   0.00000	   0.00000	   0.00000	  -0.00359	  -0.04753	   0.00000	  -0.04753	   0.02315
N         	   0.00000	   5.74309	   0.04703	  -0.01683	   0.00000	   0.00000	   0.00000	  -0.00588	  -0.05330	   0.00000	  -0.05330	   0.02270
N         	   2.40715	  -2.89455	  -0.46848	  -0.04175	  -0.01176	  -0.00143	  -0.01176	   0.00842	  -0.00922	  -0.00143	  -0.00922	   0.03333
N         	   2.38143	   1.42860	  -0.50370	  -0.01155	  -0.00179	  -0.01000	  -0.00179	  -0.00650	   0.00488	  -0.01000	   0.00488	   0.01805
N         	   2.41532	   5.73880	  -0.45671	  -0.03418	  -0.00152	  -0.00090	  -0.00152	  -0.00251	  -0.01948	  -0.00090	  -0.01948	   0.03670
N         	   4.72155	  -2.89235	  -1.33022	  -0.04064	   0.01020	  -0.01326	   0.01020	   0.00481	   0.02054	  -0.01326	   0.02054	   0.03583
N         	   4.71207	   1.42123	  -1.34066	  -0.02906	   0.01309	  -0.02174	   0.01309	  -0.00212	   0.01633	  -0.02174	   0.01633	   0.03118
N         	   4.72662	   5.73474	  -1.32257	  -0.04166	   0.01193	  -0.01785	   0.01193	   0.00396	   0.01802	  -0.01785	   0.01802	   0.03770
N         	   7.18053	  -2.89500	  -1.51341	  -0.03222	   0.00041	   0.03418	   0.00041	   0.00321	  -0.00942	   0.03418	  -0.00942	   0.02902
N         	   7.17665	   1.41726	  -1.51341	  -0.02645	   0.00462	   0.03342	   0.00462	  -0.00217	  -0.00934	   0.03342	  -0.00934	   0.02862
N         	   7.18197	   5.73148	  -1.51341	  -0.03369	   0.00252	   0.03656	   0.00252	   0.00373	  -0.00966	   0.03656	  -0.00966	   0.02996
N         	   9.64837	  -2.89654	  -1.51345	  -0.03319	   0.00006	  -0.00189	   0.00006	   0.00242	   0.00027	  -0.00189	   0.00027	   0.03077
N         	   9.64731	   1.41656	  -1.51345	  -0.02981	   0.00176	  -0.00183	   0.00176	  -0.00080	   0.00028	  -0.00183	   0.00028	   0.03062
N         	   9.64862	   5.72974	  -1.51345	  -0.03446	   0.00104	  -0.00203	   0.00104	   0.00276	   0.00029	  -0.00203	   0.00029	   0.03170
N         	 -10.88213	  -5.05430	  -1.51345	  -0.03576	   0.00000	   0.00000	   0.00000	   0.00412	  -0.00005	   0.00000	  -0.00005	   0.03165
N         	 -10.88213	  -0.74001	  -1.51345	  -0.03028	   0.00000	   0.00000	   0.00000	   0.00059	  -0.00005	   0.00000	  -0.00005	   0.02969
N         	 -10.88213	   3.57282	  -1.51345	  -0.03326	   0.00000	   0.00000	   0.00000	   0.00082	  -0.00004	   0.00000	  -0.00004	   0.03245
N         	  -8.41585	  -5.05355	  -1.51345	  -0.03507	  -0.00186	  -0.00038	  -0.00186	   0.00339	   0.00013	  -0.00038	   0.00013	   0.03169
N         	  -8.41222	  -0.73913	  -1.51345	  -0.02893	  -0.00141	  -0.00062	  -0.00141	  -0.00077	   0.00013	  -0.00062	   0.00013	   0.02969
N         	  -8.41421	   3.57306	  -1.51345	  -0.03226	  -0.00345	  -0.00047	  -0.00345	   0.00076	   0.00019	  -0.00047	   0.00019	   0.03150
N         	  -5.94896	  -5.05108	  -1.51245	  -0.03211	  -0.00711	  -0.01941	  -0.00711	   0.00496	   0.05741	  -0.01941	   0.05741	   0.02715
N         	  -5.93980	  -0.73716	  -1.51245	  -0.02273	  -0.00640	  -0.01565	  -0.00640	  -0.00201	   0.05270	  -0.01565	   0.05270	   0.02475
N         	  -5.94562	   3.57485	  -1.51245	  -0.02770	  -0.01059	  -0.01778	  -0.01059	   0.00232	   0.05365	  -0.01778	   0.05365	   0.02539
N         	  -3.56230	  -5.04873	  -0.90542	  -0.04649	  -0.00928	  -0.00114	  -0.00928	   0.00500	   0.01454	  -0.00114	   0.01454	   0.04148
N         	  -3.53044	  -0.73334	  -0.95621	  -0.01759	  -0.00103	   0.01121	  -0.00103	  -0.00916	   0.01232	   0.01121	   0.01232	   0.02675
N         	  -3.55574	   3.58003	  -0.90965	  -0.04014	  -0.01559	   0.00567	  -0.01559	  -0.00074	   0.01874	   0.00567	   0.01874	   0.04089
N         	  -1.23508	  -5.05160	  -0.08505	  -0.02912	   0.00275	   0.00555	   0.00275	  -0.00004	  -0.03853	   0.00555	  -0.03853	   0.02915
N         	  -1.23494	   3.59233	  -0.06561	  -0.02397	   0.00321	  -0.00207	   0.00321	   0.02104	  -0.05711	  -0.00207	  -0.05711	   0.00292
N         	   1.23508	  -5.05160	  -0.08505	  -0.02912	  -0.00275	  -0.00555	  -0.00275	  -0.00004	  -0.03853	  -0.00555	  -0.03853	   0.02915
N         	   1.23494	   3.59233	  -0.06561	  -0.02397	  -0.00321	   0.00207	  -0.00321	   0.02104	  -0.05711	   0.00207	  -0.05711	   0.00292
N         	   3.56230	  -5.04873	  -0.90542	  -0.04649	   0.00928	   0.00114	   0.00928	   0.00500	   0.01454	   0.00114	   0.01454	   0.04148
N         	   3.53044	  -0.73334	  -0.95621	  -0.01759	   0.00103	  -0.01121	   0.00103	  -0.00916	   0.01232	  -0.01121	   0.01232	   0.02675
N         	   3.55574	   3.58003	  -0.90965	  -0.04014	   0.01559	  -0.00567	   0.01559	  -0.00074	   0.01874	  -0.00567	   0.01874	   0.04089
N         	   5.94896	  -5.05108	  -1.51245	  -0.03212	   0.00711	   0.01941	   0.00711	   0.00496	   0.05741	   0.01941	   0.05741	   0.02715
N         	   5.93980	  -0.73716	  -1.51245	  -0.02273	   0.00639	   0.01565	   0.00639	  -0.00201	   0.05270	   0.01565	   0.05270	   0.02475
N         	   5.94562	   3.57485	  -1.51245	  -0.02770	   0.01058	   0.01778	   0.01058	   0.00232	   0.05365	   0.01778	   0.05365	   0.02540
N         	   8.41585	  -5.05355	  -1.51345	  -0.03507	   0.00186	   0.00038	   0.00186	   0.00339	   0.00013	   0.00038	   0.00013	   0.03169
N         	   8.41222	  -0.73913	  -1.51345	  -0.02893	   0.00141	   0.00062	   0.00141	  -0.00077	   0.00013	   0.00062	   0.00013	   0.02969
N         	   8.41421	   3.57306	  -1.51345	  -0.03226	   0.00345	   0.00047	   0.00345	   0.00076	   0.00019	   0.00047	   0.00019	   0.03150
N         	   1.22672	  -0.76335	  -0.14084	   0.24501	  -0.24528	  -0.01266	  -0.24528	  -0.10695	   0.00028	  -0.01266	   0.00028	  -0.13807
N         	  -1.22672	  -0.76335	  -0.14084	   0.24501	   0.24528	   0.01266	   0.24528	  -0.10695	   0.00028	   0.01266	   0.00028	  -0.13807
N         	   0.00000	   1.52670	   0.28169	  -0.29274	  -0.00000	   0.00000	  -0.00000	   0.54484	   0.25255	   0.00000	   0.25255	  -0.25209
