--------------------------------------------------------------------------------------------------------------------------------------------------------------------------
  AtomName	    r_1i_X	    r_1i_Y	    r_1i_Z	  iso[MHz]	       Axx	       Axy	       Axz	       Ayx	       Ayy	       Ayz	       Azx	       Azy	       Azz
--------------------------------------------------------------------------------------------------------------------------------------------------------------------------
10B  g-factor___:   0.600215 [No-unit]
11B  g-factor___:   1.792433 [No-unit]
14N  g-factor___:   0.403761 [No-unit]
15N  g-factor___:  -0.566378 [No-unit]
10B  etc____:	---       	---       	---       	   0.00000
11B  etc____:	---       	---       	---       	   0.00000
14N  etc____:	---       	---       	---       	   0.00000
15N  etc____:	---       	---       	---       	   0.00000
MinDif[A]:	 -10.97394	  -6.54395	  -1.52897
MaxDif[A]:	   9.73084	   6.51511	   0.24498
--------------------------------------------------------------------------------------------------------------------------------------------------------------------------
B         	  -9.72961	  -4.37073	  -1.52897	  -0.00000	   0.06098	   0.00000	   0.00000	   0.00000	  -0.01525	   0.00000	   0.00000	   0.00000	  -0.04574
B         	  -9.72778	  -0.01707	  -1.52897	   0.01525	   0.09147	  -0.00000	   0.01525	  -0.00000	  -0.04574	  -0.00000	   0.01525	  -0.00000	  -0.04574
B         	  -9.72919	   4.33703	  -1.52897	  -0.00000	   0.06098	  -0.00000	   0.00000	  -0.00000	  -0.01525	  -0.00000	   0.00000	  -0.00000	  -0.04574
B         	  -7.24233	  -4.36787	  -1.52893	  -0.01525	   0.07623	   0.03049	   0.01525	   0.03049	  -0.00000	   0.01525	   0.01525	   0.01525	  -0.07623
B         	  -7.23542	  -0.01539	  -1.52893	   0.28966	   0.18294	  -0.04574	   0.04574	  -0.04574	  -0.07623	   0.00000	   0.04574	   0.00000	  -0.10672
B         	  -7.23946	   4.33802	  -1.52893	  -0.00000	   0.06098	  -0.03049	   0.01525	  -0.03049	  -0.00000	  -0.00000	   0.01525	  -0.00000	  -0.06098
B         	  -4.77592	  -4.36079	  -1.29209	  -0.07623	   0.07623	   0.10672	   0.07623	   0.10672	   0.09147	   0.03049	   0.07623	   0.03049	  -0.16770
B         	  -4.75641	  -0.01199	  -1.30592	   3.15575	   0.74701	  -0.54883	   0.21343	  -0.54883	  -0.15245	  -0.01525	   0.21343	  -0.01525	  -0.59456
B         	  -4.77199	   4.34287	  -1.29029	  -0.04574	   0.06098	  -0.10672	   0.07623	  -0.10672	   0.06098	  -0.04574	   0.07623	  -0.04574	  -0.12196
B         	  -2.42346	  -4.35682	  -0.49358	   2.72889	  -0.42687	   0.10672	   0.06098	   0.10672	   1.03667	  -0.00000	   0.06098	  -0.00000	  -0.60981
B         	  -2.36287	  -0.00676	  -0.52548	   2.30202	   1.82942	  -3.14051	   2.85085	  -3.14051	   1.18912	  -1.84467	   2.85085	  -1.84467	  -3.00330
B         	  -2.42013	   4.34729	  -0.49083	   3.41492	   0.50309	  -0.70128	   0.27441	  -0.70128	   0.15245	  -0.15245	   0.27441	  -0.15245	  -0.65554
B         	   0.00000	  -4.35836	  -0.00601	  -0.83849	  -0.19819	  -0.00000	   0.00000	  -0.00000	   0.71652	  -0.03049	   0.00000	  -0.03049	  -0.51834
B         	   0.00000	   4.35484	  -0.01098	  -1.08241	  -0.32015	  -0.00000	  -0.00000	  -0.00000	   1.18912	  -0.16770	  -0.00000	  -0.16770	  -0.86898
B         	   2.42346	  -4.35682	  -0.49358	   2.72889	  -0.42687	  -0.10672	  -0.06098	  -0.10672	   1.03667	  -0.00000	  -0.06098	  -0.00000	  -0.60981
B         	   2.36287	  -0.00676	  -0.52548	   2.30202	   1.82942	   3.14051	  -2.85085	   3.14051	   1.18912	  -1.84467	  -2.85085	  -1.84467	  -3.00330
B         	   2.42013	   4.34729	  -0.49083	   3.41492	   0.50309	   0.70128	  -0.27441	   0.70128	   0.15245	  -0.15245	  -0.27441	  -0.15245	  -0.65554
B         	   4.77592	  -4.36079	  -1.29209	  -0.07623	   0.07623	  -0.10672	  -0.07623	  -0.10672	   0.09147	   0.03049	  -0.07623	   0.03049	  -0.16770
B         	   4.75641	  -0.01199	  -1.30592	   3.15575	   0.74701	   0.54883	  -0.21343	   0.54883	  -0.15245	  -0.01525	  -0.21343	  -0.01525	  -0.59456
B         	   4.77199	   4.34287	  -1.29029	  -0.04574	   0.06098	   0.10672	  -0.07623	   0.10672	   0.06098	  -0.04574	  -0.07623	  -0.04574	  -0.12196
B         	   7.24233	  -4.36787	  -1.52893	  -0.01525	   0.07623	  -0.03049	  -0.01525	  -0.03049	  -0.00000	   0.01525	  -0.01525	   0.01525	  -0.07623
B         	   7.23542	  -0.01539	  -1.52893	   0.28966	   0.18294	   0.04574	  -0.04574	   0.04574	  -0.07623	   0.00000	  -0.04574	   0.00000	  -0.10672
B         	   7.23945	   4.33802	  -1.52893	  -0.00000	   0.06098	   0.03049	  -0.01525	   0.03049	  -0.00000	  -0.00000	  -0.01525	  -0.00000	  -0.06098
B         	   9.72961	  -4.37073	  -1.52897	  -0.00000	   0.06098	  -0.00000	  -0.00000	  -0.00000	  -0.01525	   0.00000	  -0.00000	   0.00000	  -0.04574
B         	   9.72778	  -0.01707	  -1.52897	   0.01525	   0.09147	   0.00000	  -0.01525	   0.00000	  -0.04574	  -0.00000	  -0.01525	  -0.00000	  -0.04574
B         	   9.72919	   4.33703	  -1.52897	  -0.00000	   0.06098	   0.00000	  -0.00000	   0.00000	  -0.01525	  -0.00000	  -0.00000	  -0.00000	  -0.04574
B         	 -10.97394	   6.51452	  -1.52897	  -0.00000	   0.06098	  -0.00000	  -0.00000	  -0.00000	  -0.01525	   0.00000	  -0.00000	   0.00000	  -0.04574
B         	 -10.97394	  -2.19319	  -1.52897	  -0.00000	   0.07623	   0.00000	  -0.00000	   0.00000	  -0.03049	   0.00000	  -0.00000	   0.00000	  -0.04574
B         	 -10.97394	   2.15890	  -1.52897	   0.00000	   0.07623	   0.00000	  -0.00000	   0.00000	  -0.03049	  -0.00000	  -0.00000	  -0.00000	  -0.04574
B         	  -8.48497	   6.51511	  -1.52897	  -0.00000	   0.06098	   0.00000	   0.01525	   0.00000	  -0.00000	  -0.00000	   0.01525	  -0.00000	  -0.04574
B         	  -8.48432	  -2.19221	  -1.52897	  -0.01525	   0.09147	   0.01525	   0.01525	   0.01525	  -0.03049	   0.00000	   0.01525	   0.00000	  -0.06098
B         	  -8.48193	   2.15996	  -1.52897	   0.00000	   0.09147	  -0.01525	   0.01525	  -0.01525	  -0.03049	  -0.00000	   0.01525	  -0.00000	  -0.06098
B         	  -5.99730	  -6.54395	  -1.52797	  -0.00000	   0.03049	  -0.00000	   0.03049	  -0.00000	   0.04574	   0.00000	   0.03049	   0.00000	  -0.07623
B         	  -5.99293	  -2.18881	  -1.52797	  -0.10672	   0.18294	   0.09147	   0.09147	   0.09147	  -0.03049	   0.01525	   0.09147	   0.01525	  -0.15245
B         	  -5.98800	   2.16170	  -1.52797	   0.04574	   0.15245	  -0.09147	   0.07623	  -0.09147	  -0.03049	  -0.01525	   0.07623	  -0.01525	  -0.10672
B         	  -3.59207	  -6.53837	  -0.92449	   0.25917	  -0.04574	  -0.09147	   0.06098	  -0.09147	   0.24392	  -0.03049	   0.06098	  -0.03049	  -0.19819
B         	  -3.57461	  -2.18195	  -0.94231	  -1.03667	   0.51834	   0.51834	   0.51834	   0.51834	   0.15245	   0.19819	   0.51834	   0.19819	  -0.67079
B         	  -3.56726	   2.16362	  -0.94074	  -0.71652	   0.33539	  -0.32015	   0.32015	  -0.32015	   0.07623	  -0.10672	   0.32015	  -0.10672	  -0.41162
B         	  -1.23270	  -6.53338	  -0.15690	  -0.07623	  -0.18294	  -0.01525	   0.03049	  -0.01525	   0.42687	  -0.01525	   0.03049	  -0.01525	  -0.24392
B         	  -1.21270	  -2.17049	  -0.13277	   1.21961	  -1.53976	  -0.71652	   0.45736	  -0.71652	   5.67121	   0.01525	   0.45736	   0.01525	  -4.11620
B         	  -1.21659	   2.15963	  -0.09820	  -1.61599	   3.67409	  -2.42398	   2.85085	  -2.42398	  -0.33539	  -0.77750	   2.85085	  -0.77750	  -3.35394
B         	   1.23270	  -6.53338	  -0.15690	  -0.07623	  -0.18294	   0.01525	  -0.03049	   0.01525	   0.42687	  -0.01525	  -0.03049	  -0.01525	  -0.24392
B         	   1.21270	  -2.17049	  -0.13277	   1.21961	  -1.53976	   0.71652	  -0.45736	   0.71652	   5.67121	   0.01525	  -0.45736	   0.01525	  -4.11620
B         	   1.21659	   2.15963	  -0.09820	  -1.61599	   3.67409	   2.42398	  -2.85085	   2.42398	  -0.33539	  -0.77750	  -2.85085	  -0.77750	  -3.35394
B         	   3.59207	  -6.53837	  -0.92449	   0.25917	  -0.04574	   0.09147	  -0.06098	   0.09147	   0.24392	  -0.03049	  -0.06098	  -0.03049	  -0.19819
B         	   3.57461	  -2.18195	  -0.94231	  -1.03667	   0.51834	  -0.51834	  -0.51834	  -0.51834	   0.15245	   0.19819	  -0.51834	   0.19819	  -0.67079
B         	   3.56726	   2.16362	  -0.94074	  -0.71652	   0.33539	   0.32015	  -0.32015	   0.32015	   0.07623	  -0.10672	  -0.32015	  -0.10672	  -0.41162
B         	   5.99730	  -6.54395	  -1.52797	  -0.00000	   0.03049	   0.00000	  -0.03049	   0.00000	   0.04574	   0.00000	  -0.03049	   0.00000	  -0.07623
B         	   5.99293	  -2.18881	  -1.52797	  -0.10672	   0.18294	  -0.09147	  -0.09147	  -0.09147	  -0.03049	   0.01525	  -0.09147	   0.01525	  -0.15245
B         	   5.98800	   2.16170	  -1.52797	   0.04574	   0.15245	   0.09147	  -0.07623	   0.09147	  -0.03049	  -0.01525	  -0.07623	  -0.01525	  -0.10672
B         	   8.48497	   6.51511	  -1.52897	  -0.00000	   0.06098	  -0.00000	  -0.01525	  -0.00000	  -0.00000	  -0.00000	  -0.01525	  -0.00000	  -0.04574
B         	   8.48432	  -2.19221	  -1.52897	  -0.01525	   0.09147	  -0.01525	  -0.01525	  -0.01525	  -0.03049	   0.00000	  -0.01525	   0.00000	  -0.06098
B         	   8.48193	   2.15996	  -1.52897	   0.00000	   0.09147	   0.01525	  -0.01525	   0.01525	  -0.03049	  -0.00000	  -0.01525	  -0.00000	  -0.06098
N         	  -9.73067	  -2.92156	  -1.52897	   0.01525	   0.07623	   0.01525	   0.00000	   0.01525	  -0.03049	   0.00000	   0.00000	   0.00000	  -0.04574
N         	  -9.72946	   1.43200	  -1.52897	   0.00000	   0.09147	  -0.00000	   0.00000	  -0.00000	  -0.03049	  -0.00000	   0.00000	  -0.00000	  -0.04574
N         	  -9.73084	   5.78629	  -1.52897	   0.00000	   0.06098	  -0.00000	   0.00000	  -0.00000	  -0.01525	  -0.00000	   0.00000	  -0.00000	  -0.04574
N         	  -7.24429	  -2.91934	  -1.52893	   0.09147	   0.12196	   0.06098	   0.04574	   0.06098	  -0.04574	   0.01525	   0.04574	   0.01525	  -0.07623
N         	  -7.24048	   1.43424	  -1.52893	   0.03049	   0.13721	  -0.03049	   0.04574	  -0.03049	  -0.06098	  -0.00000	   0.04574	  -0.00000	  -0.09147
N         	  -7.24477	   5.78811	  -1.52893	   0.01525	   0.04574	  -0.01525	   0.01525	  -0.01525	   0.00000	  -0.00000	   0.01525	  -0.00000	  -0.06098
N         	  -4.76660	  -2.91581	  -1.34530	   1.11290	   0.38113	   0.39637	   0.13721	   0.39637	  -0.03049	   0.06098	   0.13721	   0.06098	  -0.35064
N         	  -4.75819	   1.43904	  -1.35313	   0.30490	   0.38113	  -0.03049	   0.19819	  -0.03049	  -0.13721	  -0.06098	   0.19819	  -0.06098	  -0.24392
N         	  -4.76985	   5.79297	  -1.33969	   0.06098	  -0.00000	   0.00000	   0.03049	   0.00000	   0.13721	  -0.03049	   0.03049	  -0.03049	  -0.13721
N         	  -2.43027	  -2.91821	  -0.48796	  26.72481	   1.29584	   5.93038	   2.31727	   5.93038	   2.07335	   2.40874	   2.31727	   2.40874	  -3.36919
N         	  -2.40914	   1.44787	  -0.50989	   6.54018	   1.23486	   2.14957	   0.33539	   2.14957	   2.11908	   0.48785	   0.33539	   0.48785	  -3.35394
N         	  -2.43461	   5.79874	  -0.48382	   2.13433	  -0.30490	  -0.35064	   0.07623	  -0.35064	   0.79275	  -0.09147	   0.07623	  -0.09147	  -0.50309
N         	   0.00000	  -2.93366	   0.06365	   3.67409	   3.91801	  -0.00000	   0.00000	  -0.00000	  -0.60981	  -0.01525	   0.00000	  -0.01525	  -3.30821
N         	   0.00000	   5.80418	   0.01748	   1.02143	  -0.44211	   0.00000	  -0.00000	   0.00000	   0.89947	   0.19819	  -0.00000	   0.19819	  -0.45736
N         	   2.43027	  -2.91821	  -0.48796	  26.72481	   1.29584	  -5.93038	  -2.31727	  -5.93038	   2.07335	   2.40874	  -2.31727	   2.40874	  -3.36919
N         	   2.40914	   1.44787	  -0.50989	   6.54018	   1.23486	  -2.14957	  -0.33539	  -2.14957	   2.11908	   0.48785	  -0.33539	   0.48785	  -3.35394
N         	   2.43461	   5.79874	  -0.48382	   2.13433	  -0.30490	   0.35064	  -0.07623	   0.35064	   0.79275	  -0.09147	  -0.07623	  -0.09147	  -0.50309
N         	   4.76660	  -2.91581	  -1.34530	   1.11290	   0.38113	  -0.39637	  -0.13721	  -0.39637	  -0.03049	   0.06098	  -0.13721	   0.06098	  -0.35064
N         	   4.75819	   1.43904	  -1.35313	   0.30490	   0.38113	   0.03049	  -0.19819	   0.03049	  -0.13721	  -0.06098	  -0.19819	  -0.06098	  -0.24392
N         	   4.76985	   5.79297	  -1.33969	   0.06098	  -0.00000	  -0.00000	  -0.03049	  -0.00000	   0.13721	  -0.03049	  -0.03049	  -0.03049	  -0.13721
N         	   7.24429	  -2.91934	  -1.52893	   0.09147	   0.12196	  -0.06098	  -0.04574	  -0.06098	  -0.04574	   0.01525	  -0.04574	   0.01525	  -0.07623
N         	   7.24048	   1.43424	  -1.52893	   0.03049	   0.13721	   0.03049	  -0.04574	   0.03049	  -0.06098	  -0.00000	  -0.04574	  -0.00000	  -0.09147
N         	   7.24477	   5.78811	  -1.52893	   0.01525	   0.04574	   0.01525	  -0.01525	   0.01525	   0.00000	  -0.00000	  -0.01525	  -0.00000	  -0.06098
N         	   9.73067	  -2.92156	  -1.52897	   0.01525	   0.07623	  -0.01525	  -0.00000	  -0.01525	  -0.03049	   0.00000	  -0.00000	   0.00000	  -0.04574
N         	   9.72946	   1.43200	  -1.52897	   0.00000	   0.09147	   0.00000	  -0.00000	   0.00000	  -0.03049	  -0.00000	  -0.00000	  -0.00000	  -0.04574
N         	   9.73084	   5.78629	  -1.52897	   0.00000	   0.06098	   0.00000	  -0.00000	   0.00000	  -0.01525	  -0.00000	  -0.00000	  -0.00000	  -0.04574
N         	 -10.97394	  -5.09980	  -1.52897	   0.00000	   0.06098	  -0.00000	  -0.00000	  -0.00000	  -0.01525	   0.00000	  -0.00000	   0.00000	  -0.04574
N         	 -10.97394	  -0.74449	  -1.52897	   0.01525	   0.09147	   0.00000	   0.00000	   0.00000	  -0.04574	   0.00000	   0.00000	   0.00000	  -0.04574
N         	 -10.97394	   3.60864	  -1.52897	  -0.00000	   0.06098	   0.00000	   0.00000	   0.00000	  -0.03049	  -0.00000	   0.00000	  -0.00000	  -0.04574
N         	  -8.48835	  -5.09906	  -1.52897	   0.00000	   0.06098	   0.01525	   0.01525	   0.01525	  -0.01525	   0.00000	   0.01525	   0.00000	  -0.04574
N         	  -8.48537	  -0.74356	  -1.52897	   0.15245	   0.15245	   0.01525	   0.01525	   0.01525	  -0.07623	   0.00000	   0.01525	   0.00000	  -0.07623
N         	  -8.48684	   3.60968	  -1.52897	  -0.00000	   0.07623	  -0.01525	   0.01525	  -0.01525	  -0.01525	  -0.00000	   0.01525	  -0.00000	  -0.04574
N         	  -6.00277	  -5.09541	  -1.52797	   0.06098	   0.04574	   0.06098	   0.04574	   0.06098	   0.03049	   0.01525	   0.04574	   0.01525	  -0.09147
N         	  -5.99535	  -0.74070	  -1.52797	   1.98187	   0.74701	   0.18294	   0.09147	   0.18294	  -0.35064	   0.01525	   0.09147	   0.01525	  -0.39637
N         	  -5.99923	   3.61266	  -1.52797	   0.00000	   0.07623	  -0.06098	   0.04574	  -0.06098	  -0.00000	  -0.01525	   0.04574	  -0.01525	  -0.07623
N         	  -3.59407	  -5.09156	  -0.92886	   1.61599	  -0.09147	   0.48785	   0.13721	   0.48785	   0.54883	   0.18294	   0.13721	   0.18294	  -0.45736
N         	  -3.56913	  -0.73632	  -0.96959	  28.50850	   5.65596	   2.94232	   4.90895	   2.94232	  -3.53688	   1.41780	   4.90895	   1.41780	  -2.11908
N         	  -3.58804	   3.61859	  -0.93109	   0.12196	   0.01525	  -0.28966	   0.09147	  -0.28966	   0.24392	   0.06098	   0.09147	   0.06098	  -0.25917
N         	  -1.24395	  -5.09266	  -0.11532	   0.38113	  -0.06098	   0.18294	   0.04574	   0.18294	   0.50309	   0.01525	   0.04574	   0.01525	  -0.44211
N         	  -1.24370	   3.63350	  -0.09740	  31.86244	  -4.00948	  -3.12526	   0.65554	  -3.12526	   8.23240	  -2.89659	   0.65554	  -2.89659	  -4.23816
N         	   1.24395	  -5.09266	  -0.11532	   0.38113	  -0.06098	  -0.18294	  -0.04574	  -0.18294	   0.50309	   0.01525	  -0.04574	   0.01525	  -0.44211
N         	   1.24370	   3.63350	  -0.09740	  31.86244	  -4.00948	   3.12526	  -0.65554	   3.12526	   8.23240	  -2.89659	  -0.65554	  -2.89659	  -4.23816
N         	   3.59407	  -5.09156	  -0.92886	   1.61599	  -0.09147	  -0.48785	  -0.13721	  -0.48785	   0.54883	   0.18294	  -0.13721	   0.18294	  -0.45736
N         	   3.56913	  -0.73632	  -0.96959	  28.50850	   5.65596	  -2.94232	  -4.90895	  -2.94232	  -3.53688	   1.41780	  -4.90895	   1.41780	  -2.11908
N         	   3.58804	   3.61859	  -0.93109	   0.12196	   0.01525	   0.28966	  -0.09147	   0.28966	   0.24392	   0.06098	  -0.09147	   0.06098	  -0.25917
N         	   6.00277	  -5.09541	  -1.52797	   0.06098	   0.04574	  -0.06098	  -0.04574	  -0.06098	   0.03049	   0.01525	  -0.04574	   0.01525	  -0.09147
N         	   5.99535	  -0.74070	  -1.52797	   1.98187	   0.74701	  -0.18294	  -0.09147	  -0.18294	  -0.35064	   0.01525	  -0.09147	   0.01525	  -0.39637
N         	   5.99923	   3.61266	  -1.52797	   0.00000	   0.07623	   0.06098	  -0.04574	   0.06098	  -0.00000	  -0.01525	  -0.04574	  -0.01525	  -0.07623
N         	   8.48835	  -5.09906	  -1.52897	   0.00000	   0.06098	  -0.01525	  -0.01525	  -0.01525	  -0.01525	   0.00000	  -0.01525	   0.00000	  -0.04574
N         	   8.48537	  -0.74356	  -1.52897	   0.15245	   0.15245	  -0.01525	  -0.01525	  -0.01525	  -0.07623	   0.00000	  -0.01525	   0.00000	  -0.07623
N         	   8.48684	   3.60968	  -1.52897	  -0.00000	   0.07623	   0.01525	  -0.01525	   0.01525	  -0.01525	  -0.00000	  -0.01525	  -0.00000	  -0.04574
N         	   1.26917	  -0.77299	  -0.12249	 314.63015	  80.15919	 -83.08626	 -30.68856	 -83.08626	 -23.05072	  19.19369	 -30.68856	  19.19369	 -57.12371
N         	  -1.26917	  -0.77299	  -0.12249	 314.63015	  80.15919	  83.08626	  30.68856	  83.08626	 -23.05072	  19.19369	  30.68856	  19.19369	 -57.12371
N         	   0.00000	   1.54599	   0.24498	 278.28563	 -78.54320	  -0.00000	  -0.00000	  -0.00000	 144.66157	  38.76851	  -0.00000	  38.76851	 -66.11837
