--------------------------------------------------------------------------------------------------------------------------------------------------------------------------
  AtomName	    r_1i_X	    r_1i_Y	    r_1i_Z	     EFGxx	     EFGxy	     EFGxz	     EFGyx	     EFGyy	     EFGyz	     EFGzx	     EFGzy	     EFGzz	[Hatree/Bohr_radius^2]
--------------------------------------------------------------------------------------------------------------------------------------------------------------------------
10B  eQ___:	  8.459000	[Q/milibarn]*(10^-1)
11B  eQ___:	  4.059000	[Q/milibarn]*(10^-1)
14N  eQ___:	  2.044000	[Q/milibarn]*(10^-1)
15N  eQ___:	  0.000000	[Q/milibarn]*(10^-1)
10B  etc____:	---       	---       	---       	  -0.19818	  -0.00000	   0.00000	  -0.00000	  -0.19323	   0.00017	   0.00000	   0.00017	   0.39140
11B  etc____:	---       	---       	---       	  -0.19818	  -0.00000	   0.00000	  -0.00000	  -0.19323	   0.00017	   0.00000	   0.00017	   0.39140
14N  etc____:	---       	---       	---       	  -0.03576	   0.00000	   0.00000	   0.00000	   0.00412	  -0.00005	   0.00000	  -0.00005	   0.03165
15N  etc____:	---       	---       	---       	  -0.03576	   0.00000	   0.00000	   0.00000	   0.00412	  -0.00005	   0.00000	  -0.00005	   0.03165
MinDif[A]:	 -10.97394	  -6.54395	  -1.52897
MaxDif[A]:	   9.73084	   6.51511	   0.24498
--------------------------------------------------------------------------------------------------------------------------------------------------------------------------
B         	  -9.72961	  -4.37073	  -1.52897	  -0.19728	   0.00263	   0.00024	   0.00263	  -0.19418	  -0.00002	   0.00024	  -0.00002	   0.39145
B         	  -9.72778	  -0.01707	  -1.52897	  -0.19820	   0.00357	   0.00024	   0.00357	  -0.19306	  -0.00002	   0.00024	  -0.00002	   0.39126
B         	  -9.72919	   4.33703	  -1.52897	  -0.19858	   0.00267	   0.00025	   0.00267	  -0.19284	  -0.00002	   0.00025	  -0.00002	   0.39142
B         	  -7.24233	  -4.36787	  -1.52893	  -0.19571	   0.00793	   0.00271	   0.00793	  -0.19505	  -0.00091	   0.00271	  -0.00091	   0.39076
B         	  -7.23542	  -0.01539	  -1.52893	  -0.19814	   0.01142	   0.00231	   0.01142	  -0.19242	  -0.00067	   0.00231	  -0.00067	   0.39057
B         	  -7.23946	   4.33802	  -1.52893	  -0.19845	   0.00824	   0.00247	   0.00824	  -0.19237	  -0.00075	   0.00247	  -0.00075	   0.39082
B         	  -4.77592	  -4.36079	  -1.29209	  -0.15368	   0.00545	  -0.14098	   0.00545	  -0.20022	   0.03314	  -0.14098	   0.03314	   0.35389
B         	  -4.75641	  -0.01199	  -1.30592	  -0.16833	   0.01923	  -0.13108	   0.01923	  -0.18898	   0.03148	  -0.13108	   0.03148	   0.35731
B         	  -4.77199	   4.34287	  -1.29029	  -0.16332	   0.00693	  -0.14256	   0.00693	  -0.19133	   0.03052	  -0.14256	   0.03052	   0.35464
B         	  -2.42346	  -4.35682	  -0.49358	  -0.11283	   0.01166	  -0.18150	   0.01166	  -0.21121	  -0.00185	  -0.18150	  -0.00185	   0.32404
B         	  -2.36287	  -0.00676	  -0.52548	  -0.12347	   0.06331	  -0.17164	   0.06331	  -0.18261	   0.00918	  -0.17164	   0.00918	   0.30608
B         	  -2.42013	   4.34729	  -0.49083	  -0.13145	   0.01450	  -0.19340	   0.01450	  -0.18609	  -0.00386	  -0.19340	  -0.00386	   0.31754
B         	   0.00000	  -4.35836	  -0.00601	  -0.16776	  -0.00000	   0.00000	  -0.00000	  -0.22318	  -0.03813	   0.00000	  -0.03813	   0.39094
B         	   0.00000	   4.35484	  -0.01098	  -0.20275	  -0.00000	  -0.00000	  -0.00000	  -0.18860	  -0.02350	  -0.00000	  -0.02350	   0.39135
B         	   2.42346	  -4.35682	  -0.49358	  -0.11283	  -0.01166	   0.18150	  -0.01166	  -0.21121	  -0.00185	   0.18150	  -0.00185	   0.32404
B         	   2.36287	  -0.00676	  -0.52548	  -0.12347	  -0.06331	   0.17164	  -0.06331	  -0.18261	   0.00918	   0.17164	   0.00918	   0.30608
B         	   2.42013	   4.34729	  -0.49083	  -0.13145	  -0.01450	   0.19340	  -0.01450	  -0.18609	  -0.00386	   0.19340	  -0.00386	   0.31754
B         	   4.77592	  -4.36079	  -1.29209	  -0.15368	  -0.00545	   0.14098	  -0.00545	  -0.20022	   0.03314	   0.14098	   0.03314	   0.35389
B         	   4.75641	  -0.01199	  -1.30592	  -0.16833	  -0.01923	   0.13108	  -0.01923	  -0.18898	   0.03148	   0.13108	   0.03148	   0.35731
B         	   4.77199	   4.34287	  -1.29029	  -0.16332	  -0.00693	   0.14256	  -0.00693	  -0.19133	   0.03052	   0.14256	   0.03052	   0.35464
B         	   7.24233	  -4.36787	  -1.52893	  -0.19571	  -0.00793	  -0.00271	  -0.00793	  -0.19505	  -0.00091	  -0.00271	  -0.00091	   0.39076
B         	   7.23542	  -0.01539	  -1.52893	  -0.19814	  -0.01142	  -0.00231	  -0.01142	  -0.19242	  -0.00067	  -0.00231	  -0.00067	   0.39057
B         	   7.23945	   4.33802	  -1.52893	  -0.19845	  -0.00825	  -0.00247	  -0.00825	  -0.19237	  -0.00075	  -0.00247	  -0.00075	   0.39082
B         	   9.72961	  -4.37073	  -1.52897	  -0.19728	  -0.00263	  -0.00024	  -0.00263	  -0.19418	  -0.00002	  -0.00024	  -0.00002	   0.39145
B         	   9.72778	  -0.01707	  -1.52897	  -0.19820	  -0.00357	  -0.00024	  -0.00357	  -0.19306	  -0.00002	  -0.00024	  -0.00002	   0.39126
B         	   9.72919	   4.33703	  -1.52897	  -0.19858	  -0.00267	  -0.00025	  -0.00267	  -0.19284	  -0.00002	  -0.00025	  -0.00002	   0.39142
B         	 -10.97394	   6.51452	  -1.52897	  -0.19818	  -0.00000	   0.00000	  -0.00000	  -0.19323	   0.00017	   0.00000	   0.00017	   0.39140
B         	 -10.97394	  -2.19319	  -1.52897	  -0.19825	  -0.00000	  -0.00000	  -0.00000	  -0.19323	   0.00016	  -0.00000	   0.00016	   0.39149
B         	 -10.97394	   2.15890	  -1.52897	  -0.19842	  -0.00000	   0.00000	  -0.00000	  -0.19290	   0.00016	   0.00000	   0.00016	   0.39132
B         	  -8.48497	   6.51511	  -1.52897	  -0.19749	   0.00565	   0.00177	   0.00565	  -0.19361	  -0.00144	   0.00177	  -0.00144	   0.39110
B         	  -8.48432	  -2.19221	  -1.52897	  -0.19727	   0.00692	   0.00165	   0.00692	  -0.19377	  -0.00136	   0.00165	  -0.00136	   0.39102
B         	  -8.48193	   2.15996	  -1.52897	  -0.19897	   0.00677	   0.00161	   0.00677	  -0.19190	  -0.00134	   0.00161	  -0.00134	   0.39088
B         	  -5.99730	  -6.54395	  -1.52797	  -0.19186	   0.00709	  -0.04473	   0.00709	  -0.19592	   0.02258	  -0.04473	   0.02258	   0.38778
B         	  -5.99293	  -2.18881	  -1.52797	  -0.19088	   0.01190	  -0.04254	   0.01190	  -0.19606	   0.02213	  -0.04254	   0.02213	   0.38694
B         	  -5.98800	   2.16170	  -1.52797	  -0.19771	   0.01255	  -0.04109	   0.01255	  -0.18971	   0.02068	  -0.04109	   0.02068	   0.38742
B         	  -3.59207	  -6.53837	  -0.92449	  -0.11860	   0.00941	  -0.19510	   0.00941	  -0.19687	   0.00598	  -0.19510	   0.00598	   0.31548
B         	  -3.57461	  -2.18195	  -0.94231	  -0.11149	   0.01688	  -0.18886	   0.01688	  -0.20143	   0.02284	  -0.18886	   0.02284	   0.31292
B         	  -3.56726	   2.16362	  -0.94074	  -0.13563	   0.02561	  -0.19067	   0.02561	  -0.18156	   0.00243	  -0.19067	   0.00243	   0.31721
B         	  -1.23270	  -6.53338	  -0.15690	  -0.16420	   0.00939	  -0.11829	   0.00939	  -0.20273	  -0.02664	  -0.11829	  -0.02664	   0.36694
B         	  -1.21270	  -2.17049	  -0.13277	  -0.10973	   0.03195	  -0.11434	   0.03195	  -0.23831	   0.00055	  -0.11434	   0.00055	   0.34804
B         	  -1.21659	   2.15963	  -0.09820	  -0.18002	   0.01416	  -0.17226	   0.01416	  -0.14662	  -0.01755	  -0.17226	  -0.01755	   0.32663
B         	   1.23270	  -6.53338	  -0.15690	  -0.16420	  -0.00939	   0.11829	  -0.00939	  -0.20273	  -0.02664	   0.11829	  -0.02664	   0.36694
B         	   1.21270	  -2.17049	  -0.13277	  -0.10973	  -0.03195	   0.11434	  -0.03195	  -0.23831	   0.00055	   0.11434	   0.00055	   0.34804
B         	   1.21659	   2.15963	  -0.09820	  -0.18002	  -0.01416	   0.17226	  -0.01416	  -0.14662	  -0.01755	   0.17226	  -0.01755	   0.32663
B         	   3.59207	  -6.53837	  -0.92449	  -0.11860	  -0.00941	   0.19510	  -0.00941	  -0.19687	   0.00598	   0.19510	   0.00598	   0.31548
B         	   3.57461	  -2.18195	  -0.94231	  -0.11149	  -0.01688	   0.18886	  -0.01688	  -0.20143	   0.02284	   0.18886	   0.02284	   0.31292
B         	   3.56726	   2.16362	  -0.94074	  -0.13563	  -0.02561	   0.19067	  -0.02561	  -0.18156	   0.00243	   0.19067	   0.00243	   0.31721
B         	   5.99730	  -6.54395	  -1.52797	  -0.19186	  -0.00709	   0.04473	  -0.00709	  -0.19592	   0.02258	   0.04473	   0.02258	   0.38778
B         	   5.99293	  -2.18881	  -1.52797	  -0.19088	  -0.01190	   0.04254	  -0.01190	  -0.19606	   0.02213	   0.04254	   0.02213	   0.38694
B         	   5.98800	   2.16170	  -1.52797	  -0.19771	  -0.01255	   0.04109	  -0.01255	  -0.18971	   0.02068	   0.04109	   0.02068	   0.38742
B         	   8.48497	   6.51511	  -1.52897	  -0.19749	  -0.00565	  -0.00177	  -0.00565	  -0.19361	  -0.00144	  -0.00177	  -0.00144	   0.39110
B         	   8.48432	  -2.19221	  -1.52897	  -0.19727	  -0.00692	  -0.00165	  -0.00692	  -0.19377	  -0.00136	  -0.00165	  -0.00136	   0.39102
B         	   8.48193	   2.15996	  -1.52897	  -0.19897	  -0.00677	  -0.00161	  -0.00677	  -0.19190	  -0.00134	  -0.00161	  -0.00134	   0.39088
N         	  -9.73067	  -2.92156	  -1.52897	  -0.03319	  -0.00006	   0.00189	  -0.00006	   0.00242	   0.00027	   0.00189	   0.00027	   0.03077
N         	  -9.72946	   1.43200	  -1.52897	  -0.02981	  -0.00176	   0.00183	  -0.00176	  -0.00080	   0.00028	   0.00183	   0.00028	   0.03062
N         	  -9.73084	   5.78629	  -1.52897	  -0.03446	  -0.00104	   0.00203	  -0.00104	   0.00276	   0.00029	   0.00203	   0.00029	   0.03170
N         	  -7.24429	  -2.91934	  -1.52893	  -0.03222	  -0.00041	  -0.03418	  -0.00041	   0.00321	  -0.00942	  -0.03418	  -0.00942	   0.02902
N         	  -7.24048	   1.43424	  -1.52893	  -0.02645	  -0.00462	  -0.03342	  -0.00462	  -0.00217	  -0.00934	  -0.03342	  -0.00934	   0.02862
N         	  -7.24477	   5.78811	  -1.52893	  -0.03369	  -0.00252	  -0.03656	  -0.00252	   0.00373	  -0.00966	  -0.03656	  -0.00966	   0.02996
N         	  -4.76660	  -2.91581	  -1.34530	  -0.04064	  -0.01020	   0.01326	  -0.01020	   0.00481	   0.02054	   0.01326	   0.02054	   0.03583
N         	  -4.75819	   1.43904	  -1.35313	  -0.02906	  -0.01309	   0.02174	  -0.01309	  -0.00212	   0.01633	   0.02174	   0.01633	   0.03118
N         	  -4.76985	   5.79297	  -1.33969	  -0.04166	  -0.01193	   0.01785	  -0.01193	   0.00396	   0.01802	   0.01785	   0.01802	   0.03770
N         	  -2.43027	  -2.91821	  -0.48796	  -0.04175	   0.01176	   0.00143	   0.01176	   0.00842	  -0.00922	   0.00143	  -0.00922	   0.03333
N         	  -2.40914	   1.44787	  -0.50989	  -0.01155	   0.00179	   0.01000	   0.00179	  -0.00650	   0.00488	   0.01000	   0.00488	   0.01805
N         	  -2.43461	   5.79874	  -0.48382	  -0.03418	   0.00152	   0.00090	   0.00152	  -0.00251	  -0.01948	   0.00090	  -0.01948	   0.03670
N         	   0.00000	  -2.93366	   0.06365	  -0.01956	   0.00000	   0.00000	   0.00000	  -0.00359	  -0.04753	   0.00000	  -0.04753	   0.02315
N         	   0.00000	   5.80418	   0.01748	  -0.01683	   0.00000	   0.00000	   0.00000	  -0.00588	  -0.05330	   0.00000	  -0.05330	   0.02270
N         	   2.43027	  -2.91821	  -0.48796	  -0.04175	  -0.01176	  -0.00143	  -0.01176	   0.00842	  -0.00922	  -0.00143	  -0.00922	   0.03333
N         	   2.40914	   1.44787	  -0.50989	  -0.01155	  -0.00179	  -0.01000	  -0.00179	  -0.00650	   0.00488	  -0.01000	   0.00488	   0.01805
N         	   2.43461	   5.79874	  -0.48382	  -0.03418	  -0.00152	  -0.00090	  -0.00152	  -0.00251	  -0.01948	  -0.00090	  -0.01948	   0.03670
N         	   4.76660	  -2.91581	  -1.34530	  -0.04064	   0.01020	  -0.01326	   0.01020	   0.00481	   0.02054	  -0.01326	   0.02054	   0.03583
N         	   4.75819	   1.43904	  -1.35313	  -0.02906	   0.01309	  -0.02174	   0.01309	  -0.00212	   0.01633	  -0.02174	   0.01633	   0.03118
N         	   4.76985	   5.79297	  -1.33969	  -0.04166	   0.01193	  -0.01785	   0.01193	   0.00396	   0.01802	  -0.01785	   0.01802	   0.03770
N         	   7.24429	  -2.91934	  -1.52893	  -0.03222	   0.00041	   0.03418	   0.00041	   0.00321	  -0.00942	   0.03418	  -0.00942	   0.02902
N         	   7.24048	   1.43424	  -1.52893	  -0.02645	   0.00462	   0.03342	   0.00462	  -0.00217	  -0.00934	   0.03342	  -0.00934	   0.02862
N         	   7.24477	   5.78811	  -1.52893	  -0.03369	   0.00252	   0.03656	   0.00252	   0.00373	  -0.00966	   0.03656	  -0.00966	   0.02996
N         	   9.73067	  -2.92156	  -1.52897	  -0.03319	   0.00006	  -0.00189	   0.00006	   0.00242	   0.00027	  -0.00189	   0.00027	   0.03077
N         	   9.72946	   1.43200	  -1.52897	  -0.02981	   0.00176	  -0.00183	   0.00176	  -0.00080	   0.00028	  -0.00183	   0.00028	   0.03062
N         	   9.73084	   5.78629	  -1.52897	  -0.03446	   0.00104	  -0.00203	   0.00104	   0.00276	   0.00029	  -0.00203	   0.00029	   0.03170
N         	 -10.97394	  -5.09980	  -1.52897	  -0.03576	   0.00000	   0.00000	   0.00000	   0.00412	  -0.00005	   0.00000	  -0.00005	   0.03165
N         	 -10.97394	  -0.74449	  -1.52897	  -0.03028	   0.00000	   0.00000	   0.00000	   0.00059	  -0.00005	   0.00000	  -0.00005	   0.02969
N         	 -10.97394	   3.60864	  -1.52897	  -0.03326	   0.00000	   0.00000	   0.00000	   0.00082	  -0.00004	   0.00000	  -0.00004	   0.03245
N         	  -8.48835	  -5.09906	  -1.52897	  -0.03507	  -0.00186	  -0.00038	  -0.00186	   0.00339	   0.00013	  -0.00038	   0.00013	   0.03169
N         	  -8.48537	  -0.74356	  -1.52897	  -0.02893	  -0.00141	  -0.00062	  -0.00141	  -0.00077	   0.00013	  -0.00062	   0.00013	   0.02969
N         	  -8.48684	   3.60968	  -1.52897	  -0.03226	  -0.00345	  -0.00047	  -0.00345	   0.00076	   0.00019	  -0.00047	   0.00019	   0.03150
N         	  -6.00277	  -5.09541	  -1.52797	  -0.03211	  -0.00711	  -0.01941	  -0.00711	   0.00496	   0.05741	  -0.01941	   0.05741	   0.02715
N         	  -5.99535	  -0.74070	  -1.52797	  -0.02273	  -0.00640	  -0.01565	  -0.00640	  -0.00201	   0.05270	  -0.01565	   0.05270	   0.02475
N         	  -5.99923	   3.61266	  -1.52797	  -0.02770	  -0.01059	  -0.01778	  -0.01059	   0.00232	   0.05365	  -0.01778	   0.05365	   0.02539
N         	  -3.59407	  -5.09156	  -0.92886	  -0.04649	  -0.00928	  -0.00114	  -0.00928	   0.00500	   0.01454	  -0.00114	   0.01454	   0.04148
N         	  -3.56913	  -0.73632	  -0.96959	  -0.01759	  -0.00103	   0.01121	  -0.00103	  -0.00916	   0.01232	   0.01121	   0.01232	   0.02675
N         	  -3.58804	   3.61859	  -0.93109	  -0.04014	  -0.01559	   0.00567	  -0.01559	  -0.00074	   0.01874	   0.00567	   0.01874	   0.04089
N         	  -1.24395	  -5.09266	  -0.11532	  -0.02912	   0.00275	   0.00555	   0.00275	  -0.00004	  -0.03853	   0.00555	  -0.03853	   0.02915
N         	  -1.24370	   3.63350	  -0.09740	  -0.02397	   0.00321	  -0.00207	   0.00321	   0.02104	  -0.05711	  -0.00207	  -0.05711	   0.00292
N         	   1.24395	  -5.09266	  -0.11532	  -0.02912	  -0.00275	  -0.00555	  -0.00275	  -0.00004	  -0.03853	  -0.00555	  -0.03853	   0.02915
N         	   1.24370	   3.63350	  -0.09740	  -0.02397	  -0.00321	   0.00207	  -0.00321	   0.02104	  -0.05711	   0.00207	  -0.05711	   0.00292
N         	   3.59407	  -5.09156	  -0.92886	  -0.04649	   0.00928	   0.00114	   0.00928	   0.00500	   0.01454	   0.00114	   0.01454	   0.04148
N         	   3.56913	  -0.73632	  -0.96959	  -0.01759	   0.00103	  -0.01121	   0.00103	  -0.00916	   0.01232	  -0.01121	   0.01232	   0.02675
N         	   3.58804	   3.61859	  -0.93109	  -0.04014	   0.01559	  -0.00567	   0.01559	  -0.00074	   0.01874	  -0.00567	   0.01874	   0.04089
N         	   6.00277	  -5.09541	  -1.52797	  -0.03212	   0.00711	   0.01941	   0.00711	   0.00496	   0.05741	   0.01941	   0.05741	   0.02715
N         	   5.99535	  -0.74070	  -1.52797	  -0.02273	   0.00639	   0.01565	   0.00639	  -0.00201	   0.05270	   0.01565	   0.05270	   0.02475
N         	   5.99923	   3.61266	  -1.52797	  -0.02770	   0.01058	   0.01778	   0.01058	   0.00232	   0.05365	   0.01778	   0.05365	   0.02540
N         	   8.48835	  -5.09906	  -1.52897	  -0.03507	   0.00186	   0.00038	   0.00186	   0.00339	   0.00013	   0.00038	   0.00013	   0.03169
N         	   8.48537	  -0.74356	  -1.52897	  -0.02893	   0.00141	   0.00062	   0.00141	  -0.00077	   0.00013	   0.00062	   0.00013	   0.02969
N         	   8.48684	   3.60968	  -1.52897	  -0.03226	   0.00345	   0.00047	   0.00345	   0.00076	   0.00019	   0.00047	   0.00019	   0.03150
N         	   1.26917	  -0.77299	  -0.12249	   0.24501	  -0.24528	  -0.01266	  -0.24528	  -0.10695	   0.00028	  -0.01266	   0.00028	  -0.13807
N         	  -1.26917	  -0.77299	  -0.12249	   0.24501	   0.24528	   0.01266	   0.24528	  -0.10695	   0.00028	   0.01266	   0.00028	  -0.13807
N         	   0.00000	   1.54599	   0.24498	  -0.29274	  -0.00000	   0.00000	  -0.00000	   0.54484	   0.25255	   0.00000	   0.25255	  -0.25209
