--------------------------------------------------------------------------------------------------------------------------------------------------------------------------
  AtomName	    r_1i_X	    r_1i_Y	    r_1i_Z	  iso[MHz]	       Axx	       Axy	       Axz	       Ayx	       Ayy	       Ayz	       Azx	       Azy	       Azz
--------------------------------------------------------------------------------------------------------------------------------------------------------------------------
10B  g-factor___:   0.600215 [No-unit]
11B  g-factor___:   1.792433 [No-unit]
14N  g-factor___:   0.403761 [No-unit]
15N  g-factor___:  -0.566378 [No-unit]
10B  etc____:	---       	---       	---       	   0.00000
11B  etc____:	---       	---       	---       	   0.00000
14N  etc____:	---       	---       	---       	   0.00000
15N  etc____:	---       	---       	---       	   0.00000
MinDif[A]:	 -10.88213	  -6.48616	  -1.51345
MaxDif[A]:	   9.64862	   6.45226	   0.28169
--------------------------------------------------------------------------------------------------------------------------------------------------------------------------
B         	  -9.64784	  -4.33197	  -1.51345	   0.00000	   0.06098	   0.00000	   0.00000	   0.00000	  -0.01525	   0.00000	   0.00000	   0.00000	  -0.04574
B         	  -9.64550	  -0.01925	  -1.51345	   0.00000	   0.09147	  -0.00000	   0.01525	  -0.00000	  -0.04574	  -0.00000	   0.01525	  -0.00000	  -0.04574
B         	  -9.64717	   4.29352	  -1.51345	   0.00000	   0.06098	  -0.00000	   0.00000	  -0.00000	  -0.01525	  -0.00000	   0.00000	  -0.00000	  -0.04574
B         	  -7.17865	  -4.33048	  -1.51341	  -0.01525	   0.07623	   0.03049	   0.01525	   0.03049	  -0.00000	   0.01525	   0.01525	   0.01525	  -0.06098
B         	  -7.17059	  -0.01912	  -1.51341	   0.18294	   0.16770	  -0.03049	   0.04574	  -0.03049	  -0.07623	  -0.00000	   0.04574	  -0.00000	  -0.10672
B         	  -7.17642	   4.29450	  -1.51341	   0.00000	   0.06098	  -0.03049	   0.01525	  -0.03049	  -0.00000	  -0.00000	   0.01525	  -0.00000	  -0.06098
B         	  -4.73235	  -4.32412	  -1.27252	  -0.04574	   0.07623	   0.12196	   0.07623	   0.12196	   0.07623	   0.03049	   0.07623	   0.03049	  -0.15245
B         	  -4.70907	  -0.01726	  -1.29045	   2.40874	   0.68603	  -0.45736	   0.22868	  -0.45736	  -0.13721	  -0.01525	   0.22868	  -0.01525	  -0.53358
B         	  -4.72952	   4.29819	  -1.27026	  -0.04574	   0.06098	  -0.10672	   0.07623	  -0.10672	   0.06098	  -0.04574	   0.07623	  -0.04574	  -0.12196
B         	  -2.40236	  -4.32032	  -0.46821	   1.89040	  -0.36588	   0.12196	   0.06098	   0.12196	   0.89947	   0.00000	   0.06098	   0.00000	  -0.54883
B         	  -2.32912	  -0.01452	  -0.52474	   1.40256	   1.90565	  -3.39968	   2.89659	  -3.39968	   1.26535	  -1.89040	   2.89659	  -1.89040	  -3.17100
B         	  -2.40010	   4.30121	  -0.46425	   2.98806	   0.48785	  -0.68603	   0.25917	  -0.68603	   0.15245	  -0.15245	   0.25917	  -0.15245	  -0.64030
B         	   0.00000	  -4.32507	   0.01947	  -0.99094	  -0.22868	  -0.00000	  -0.00000	  -0.00000	   0.70128	  -0.03049	  -0.00000	  -0.03049	  -0.47260
B         	   0.00000	   4.30711	   0.01975	  -1.00618	  -0.45736	  -0.00000	  -0.00000	  -0.00000	   1.35682	  -0.22868	  -0.00000	  -0.22868	  -0.89947
B         	   2.40236	  -4.32032	  -0.46821	   1.89040	  -0.36588	  -0.12196	  -0.06098	  -0.12196	   0.89947	   0.00000	  -0.06098	   0.00000	  -0.54883
B         	   2.32912	  -0.01452	  -0.52474	   1.40256	   1.90565	   3.39968	  -2.89659	   3.39968	   1.26535	  -1.89040	  -2.89659	  -1.89040	  -3.17100
B         	   2.40010	   4.30121	  -0.46425	   2.98806	   0.48785	   0.68603	  -0.25917	   0.68603	   0.15245	  -0.15245	  -0.25917	  -0.15245	  -0.64030
B         	   4.73235	  -4.32412	  -1.27252	  -0.04574	   0.07623	  -0.12196	  -0.07623	  -0.12196	   0.07623	   0.03049	  -0.07623	   0.03049	  -0.15245
B         	   4.70907	  -0.01726	  -1.29045	   2.40874	   0.68603	   0.45736	  -0.22868	   0.45736	  -0.13721	  -0.01525	  -0.22868	  -0.01525	  -0.53358
B         	   4.72952	   4.29819	  -1.27026	  -0.04574	   0.06098	   0.10672	  -0.07623	   0.10672	   0.06098	  -0.04574	  -0.07623	  -0.04574	  -0.12196
B         	   7.17865	  -4.33048	  -1.51341	  -0.01525	   0.07623	  -0.03049	  -0.01525	  -0.03049	  -0.00000	   0.01525	  -0.01525	   0.01525	  -0.06098
B         	   7.17059	  -0.01912	  -1.51341	   0.18294	   0.16770	   0.03049	  -0.04574	   0.03049	  -0.07623	  -0.00000	  -0.04574	  -0.00000	  -0.10672
B         	   7.17642	   4.29450	  -1.51341	   0.00000	   0.06098	   0.03049	  -0.01525	   0.03049	  -0.00000	  -0.00000	  -0.01525	  -0.00000	  -0.06098
B         	   9.64784	  -4.33197	  -1.51345	   0.00000	   0.06098	  -0.00000	  -0.00000	  -0.00000	  -0.01525	   0.00000	  -0.00000	   0.00000	  -0.04574
B         	   9.64550	  -0.01925	  -1.51345	   0.00000	   0.09147	   0.00000	  -0.01525	   0.00000	  -0.04574	  -0.00000	  -0.01525	  -0.00000	  -0.04574
B         	   9.64717	   4.29352	  -1.51345	   0.00000	   0.06098	   0.00000	  -0.00000	   0.00000	  -0.01525	  -0.00000	  -0.00000	  -0.00000	  -0.04574
B         	 -10.88213	   6.45110	  -1.51345	   0.00000	   0.06098	  -0.00000	   0.00000	  -0.00000	  -0.01525	  -0.00000	   0.00000	  -0.00000	  -0.04574
B         	 -10.88213	  -2.17597	  -1.51345	   0.00000	   0.07623	  -0.00000	  -0.00000	  -0.00000	  -0.03049	   0.00000	  -0.00000	   0.00000	  -0.04574
B         	 -10.88213	   2.13700	  -1.51345	   0.00000	   0.07623	   0.00000	   0.00000	   0.00000	  -0.03049	  -0.00000	   0.00000	  -0.00000	  -0.04574
B         	  -8.41273	   6.45226	  -1.51345	   0.00000	   0.06098	   0.00000	   0.01525	   0.00000	  -0.00000	  -0.00000	   0.01525	  -0.00000	  -0.04574
B         	  -8.41100	  -2.17466	  -1.51345	   0.00000	   0.09147	   0.01525	   0.01525	   0.01525	  -0.03049	   0.00000	   0.01525	   0.00000	  -0.06098
B         	  -8.40889	   2.13648	  -1.51345	   0.00000	   0.09147	  -0.01525	   0.01525	  -0.01525	  -0.03049	  -0.00000	   0.01525	  -0.00000	  -0.06098
B         	  -5.94374	  -6.48616	  -1.51245	   0.00000	   0.03049	  -0.00000	   0.03049	  -0.00000	   0.03049	   0.00000	   0.03049	   0.00000	  -0.07623
B         	  -5.93789	  -2.17202	  -1.51245	  -0.07623	   0.18294	   0.09147	   0.07623	   0.09147	  -0.04574	   0.01525	   0.07623	   0.01525	  -0.13721
B         	  -5.93326	   2.13634	  -1.51245	   0.01525	   0.15245	  -0.07623	   0.07623	  -0.07623	  -0.04574	  -0.01525	   0.07623	  -0.01525	  -0.10672
B         	  -3.56119	  -6.48227	  -0.90119	   0.12196	  -0.04574	  -0.07623	   0.06098	  -0.07623	   0.22868	  -0.03049	   0.06098	  -0.03049	  -0.16770
B         	  -3.53939	  -2.16582	  -0.92647	  -0.92996	   0.53358	   0.59456	   0.50309	   0.59456	   0.10672	   0.21343	   0.50309	   0.21343	  -0.65554
B         	  -3.53260	   2.13884	  -0.92677	  -0.82324	   0.35064	  -0.32015	   0.30490	  -0.32015	   0.04574	  -0.10672	   0.30490	  -0.10672	  -0.39637
B         	  -1.22312	  -6.47906	  -0.12922	  -0.07623	  -0.19819	  -0.03049	   0.03049	  -0.03049	   0.44211	  -0.01525	   0.03049	  -0.01525	  -0.24392
B         	  -1.19716	  -2.15342	  -0.12975	  -1.49403	  -1.61599	  -0.62505	   0.41162	  -0.62505	   5.70170	  -0.12196	   0.41162	  -0.12196	  -4.08571
B         	  -1.20966	   2.13485	  -0.07873	  -5.38155	   4.00948	  -2.59168	   3.23198	  -2.59168	  -0.62505	  -0.85373	   3.23198	  -0.85373	  -3.38443
B         	   1.22312	  -6.47906	  -0.12922	  -0.07623	  -0.19819	   0.03049	  -0.03049	   0.03049	   0.44211	  -0.01525	  -0.03049	  -0.01525	  -0.24392
B         	   1.19716	  -2.15342	  -0.12975	  -1.49403	  -1.61599	   0.62505	  -0.41162	   0.62505	   5.70170	  -0.12196	  -0.41162	  -0.12196	  -4.08571
B         	   1.20966	   2.13485	  -0.07873	  -5.38155	   4.00948	   2.59168	  -3.23198	   2.59168	  -0.62505	  -0.85373	  -3.23198	  -0.85373	  -3.38443
B         	   3.56119	  -6.48227	  -0.90119	   0.12196	  -0.04574	   0.07623	  -0.06098	   0.07623	   0.22868	  -0.03049	  -0.06098	  -0.03049	  -0.16770
B         	   3.53939	  -2.16582	  -0.92647	  -0.92996	   0.53358	  -0.59456	  -0.50309	  -0.59456	   0.10672	   0.21343	  -0.50309	   0.21343	  -0.65554
B         	   3.53260	   2.13884	  -0.92677	  -0.82324	   0.35064	   0.32015	  -0.30490	   0.32015	   0.04574	  -0.10672	  -0.30490	  -0.10672	  -0.39637
B         	   5.94374	  -6.48616	  -1.51245	   0.00000	   0.03049	   0.00000	  -0.03049	   0.00000	   0.03049	   0.00000	  -0.03049	   0.00000	  -0.07623
B         	   5.93789	  -2.17202	  -1.51245	  -0.07623	   0.18294	  -0.09147	  -0.07623	  -0.09147	  -0.04574	   0.01525	  -0.07623	   0.01525	  -0.13721
B         	   5.93326	   2.13634	  -1.51245	   0.01525	   0.15245	   0.07623	  -0.07623	   0.07623	  -0.04574	  -0.01525	  -0.07623	  -0.01525	  -0.10672
B         	   8.41273	   6.45226	  -1.51345	   0.00000	   0.06098	  -0.00000	  -0.01525	  -0.00000	  -0.00000	  -0.00000	  -0.01525	  -0.00000	  -0.04574
B         	   8.41100	  -2.17466	  -1.51345	   0.00000	   0.09147	  -0.01525	  -0.01525	  -0.01525	  -0.03049	   0.00000	  -0.01525	   0.00000	  -0.06098
B         	   8.40889	   2.13648	  -1.51345	   0.00000	   0.09147	   0.01525	  -0.01525	   0.01525	  -0.03049	  -0.00000	  -0.01525	  -0.00000	  -0.06098
N         	  -9.64837	  -2.89654	  -1.51345	   0.00000	   0.07623	   0.01525	   0.00000	   0.01525	  -0.03049	   0.00000	   0.00000	   0.00000	  -0.04574
N         	  -9.64731	   1.41656	  -1.51345	   0.00000	   0.09147	  -0.00000	   0.00000	  -0.00000	  -0.03049	  -0.00000	   0.00000	  -0.00000	  -0.04574
N         	  -9.64862	   5.72974	  -1.51345	   0.00000	   0.06098	  -0.00000	   0.00000	  -0.00000	  -0.01525	  -0.00000	   0.00000	  -0.00000	  -0.04574
N         	  -7.18053	  -2.89500	  -1.51341	   0.04574	   0.10672	   0.04574	   0.03049	   0.04574	  -0.03049	   0.01525	   0.03049	   0.01525	  -0.07623
N         	  -7.17665	   1.41726	  -1.51341	   0.00000	   0.13721	  -0.03049	   0.04574	  -0.03049	  -0.06098	  -0.00000	   0.04574	  -0.00000	  -0.07623
N         	  -7.18197	   5.73148	  -1.51341	   0.00000	   0.04574	  -0.01525	   0.01525	  -0.01525	   0.00000	  -0.00000	   0.01525	  -0.00000	  -0.06098
N         	  -4.72155	  -2.89235	  -1.33022	   0.57932	   0.27441	   0.28966	   0.12196	   0.28966	  -0.01525	   0.06098	   0.12196	   0.06098	  -0.25917
N         	  -4.71207	   1.42123	  -1.34066	   0.12196	   0.35064	  -0.07623	   0.21343	  -0.07623	  -0.12196	  -0.06098	   0.21343	  -0.06098	  -0.22868
N         	  -4.72662	   5.73474	  -1.32257	   0.01525	   0.00000	  -0.01525	   0.04574	  -0.01525	   0.10672	  -0.03049	   0.04574	  -0.03049	  -0.12196
N         	  -2.40715	  -2.89455	  -0.46848	  22.25797	   1.02143	   4.98518	   1.76844	   4.98518	   1.84467	   1.90565	   1.76844	   1.90565	  -2.86610
N         	  -2.38143	   1.42860	  -0.50370	   3.46066	   1.58550	   1.66173	   0.47260	   1.66173	   1.50927	   0.38113	   0.47260	   0.38113	  -3.09477
N         	  -2.41532	   5.73880	  -0.45671	   1.60074	  -0.22868	  -0.30490	   0.06098	  -0.30490	   0.67079	  -0.06098	   0.06098	  -0.06098	  -0.42687
N         	   0.00000	  -2.91334	   0.08145	  -1.72271	   3.23198	  -0.00000	   0.00000	  -0.00000	  -0.24392	  -0.10672	   0.00000	  -0.10672	  -2.98806
N         	   0.00000	   5.74309	   0.04703	   0.47260	  -0.36588	  -0.00000	   0.00000	  -0.00000	   0.76226	   0.12196	   0.00000	   0.12196	  -0.39637
N         	   2.40715	  -2.89455	  -0.46848	  22.25797	   1.02143	  -4.98518	  -1.76844	  -4.98518	   1.84467	   1.90565	  -1.76844	   1.90565	  -2.86610
N         	   2.38143	   1.42860	  -0.50370	   3.46066	   1.58550	  -1.66173	  -0.47260	  -1.66173	   1.50927	   0.38113	  -0.47260	   0.38113	  -3.09477
N         	   2.41532	   5.73880	  -0.45671	   1.60074	  -0.22868	   0.30490	  -0.06098	   0.30490	   0.67079	  -0.06098	  -0.06098	  -0.06098	  -0.42687
N         	   4.72155	  -2.89235	  -1.33022	   0.57932	   0.27441	  -0.28966	  -0.12196	  -0.28966	  -0.01525	   0.06098	  -0.12196	   0.06098	  -0.25917
N         	   4.71207	   1.42123	  -1.34066	   0.12196	   0.35064	   0.07623	  -0.21343	   0.07623	  -0.12196	  -0.06098	  -0.21343	  -0.06098	  -0.22868
N         	   4.72662	   5.73474	  -1.32257	   0.01525	   0.00000	   0.01525	  -0.04574	   0.01525	   0.10672	  -0.03049	  -0.04574	  -0.03049	  -0.12196
N         	   7.18053	  -2.89500	  -1.51341	   0.04574	   0.10672	  -0.04574	  -0.03049	  -0.04574	  -0.03049	   0.01525	  -0.03049	   0.01525	  -0.07623
N         	   7.17665	   1.41726	  -1.51341	   0.00000	   0.13721	   0.03049	  -0.04574	   0.03049	  -0.06098	  -0.00000	  -0.04574	  -0.00000	  -0.07623
N         	   7.18197	   5.73148	  -1.51341	   0.00000	   0.04574	   0.01525	  -0.01525	   0.01525	   0.00000	  -0.00000	  -0.01525	  -0.00000	  -0.06098
N         	   9.64837	  -2.89654	  -1.51345	   0.00000	   0.07623	  -0.01525	  -0.00000	  -0.01525	  -0.03049	   0.00000	  -0.00000	   0.00000	  -0.04574
N         	   9.64731	   1.41656	  -1.51345	   0.00000	   0.09147	   0.00000	  -0.00000	   0.00000	  -0.03049	  -0.00000	  -0.00000	  -0.00000	  -0.04574
N         	   9.64862	   5.72974	  -1.51345	   0.00000	   0.06098	   0.00000	  -0.00000	   0.00000	  -0.01525	  -0.00000	  -0.00000	  -0.00000	  -0.04574
N         	 -10.88213	  -5.05430	  -1.51345	   0.00000	   0.06098	  -0.00000	   0.00000	  -0.00000	  -0.01525	   0.00000	   0.00000	   0.00000	  -0.04574
N         	 -10.88213	  -0.74001	  -1.51345	   0.00000	   0.09147	  -0.00000	   0.00000	  -0.00000	  -0.04574	   0.00000	   0.00000	   0.00000	  -0.04574
N         	 -10.88213	   3.57282	  -1.51345	   0.00000	   0.06098	  -0.00000	   0.00000	  -0.00000	  -0.03049	  -0.00000	   0.00000	  -0.00000	  -0.04574
N         	  -8.41585	  -5.05355	  -1.51345	   0.00000	   0.06098	   0.01525	   0.01525	   0.01525	  -0.01525	   0.00000	   0.01525	   0.00000	  -0.04574
N         	  -8.41222	  -0.73913	  -1.51345	   0.07623	   0.13721	   0.01525	   0.01525	   0.01525	  -0.06098	   0.00000	   0.01525	   0.00000	  -0.07623
N         	  -8.41421	   3.57306	  -1.51345	   0.00000	   0.07623	  -0.01525	   0.01525	  -0.01525	  -0.01525	  -0.00000	   0.01525	  -0.00000	  -0.04574
N         	  -5.94896	  -5.05108	  -1.51245	   0.01525	   0.04574	   0.04574	   0.03049	   0.04574	   0.03049	   0.01525	   0.03049	   0.01525	  -0.07623
N         	  -5.93980	  -0.73716	  -1.51245	   1.35682	   0.57932	   0.13721	   0.09147	   0.13721	  -0.27441	   0.01525	   0.09147	   0.01525	  -0.30490
N         	  -5.94562	   3.57485	  -1.51245	  -0.00000	   0.09147	  -0.06098	   0.04574	  -0.06098	  -0.00000	  -0.01525	   0.04574	  -0.01525	  -0.09147
N         	  -3.56230	  -5.04873	  -0.90542	   1.03667	  -0.07623	   0.35064	   0.10672	   0.35064	   0.42687	   0.12196	   0.10672	   0.12196	  -0.35064
N         	  -3.53044	  -0.73334	  -0.95621	  24.34656	   4.93944	   2.34776	   4.13145	   2.34776	  -3.11002	   1.11290	   4.13145	   1.11290	  -1.82942
N         	  -3.55574	   3.58003	  -0.90965	  -0.06098	   0.07623	  -0.28966	   0.12196	  -0.28966	   0.18294	   0.01525	   0.12196	   0.01525	  -0.24392
N         	  -1.23508	  -5.05160	  -0.08505	   0.13721	  -0.10672	   0.15245	   0.04574	   0.15245	   0.50309	   0.00000	   0.04574	   0.00000	  -0.39637
N         	  -1.23494	   3.59233	  -0.06561	  30.58184	  -3.65884	  -3.14051	   0.73177	  -3.14051	   7.45490	  -2.98806	   0.73177	  -2.98806	  -3.79605
N         	   1.23508	  -5.05160	  -0.08505	   0.13721	  -0.10672	  -0.15245	  -0.04574	  -0.15245	   0.50309	   0.00000	  -0.04574	   0.00000	  -0.39637
N         	   1.23494	   3.59233	  -0.06561	  30.58184	  -3.65884	   3.14051	  -0.73177	   3.14051	   7.45490	  -2.98806	  -0.73177	  -2.98806	  -3.79605
N         	   3.56230	  -5.04873	  -0.90542	   1.03667	  -0.07623	  -0.35064	  -0.10672	  -0.35064	   0.42687	   0.12196	  -0.10672	   0.12196	  -0.35064
N         	   3.53044	  -0.73334	  -0.95621	  24.34656	   4.93944	  -2.34776	  -4.13145	  -2.34776	  -3.11002	   1.11290	  -4.13145	   1.11290	  -1.82942
N         	   3.55574	   3.58003	  -0.90965	  -0.06098	   0.07623	   0.28966	  -0.12196	   0.28966	   0.18294	   0.01525	  -0.12196	   0.01525	  -0.24392
N         	   5.94896	  -5.05108	  -1.51245	   0.01525	   0.04574	  -0.04574	  -0.03049	  -0.04574	   0.03049	   0.01525	  -0.03049	   0.01525	  -0.07623
N         	   5.93980	  -0.73716	  -1.51245	   1.35682	   0.57932	  -0.13721	  -0.09147	  -0.13721	  -0.27441	   0.01525	  -0.09147	   0.01525	  -0.30490
N         	   5.94562	   3.57485	  -1.51245	  -0.00000	   0.09147	   0.06098	  -0.04574	   0.06098	  -0.00000	  -0.01525	  -0.04574	  -0.01525	  -0.09147
N         	   8.41585	  -5.05355	  -1.51345	   0.00000	   0.06098	  -0.01525	  -0.01525	  -0.01525	  -0.01525	   0.00000	  -0.01525	   0.00000	  -0.04574
N         	   8.41222	  -0.73913	  -1.51345	   0.07623	   0.13721	  -0.01525	  -0.01525	  -0.01525	  -0.06098	   0.00000	  -0.01525	   0.00000	  -0.07623
N         	   8.41421	   3.57306	  -1.51345	   0.00000	   0.07623	   0.01525	  -0.01525	   0.01525	  -0.01525	  -0.00000	  -0.01525	  -0.00000	  -0.04574
N         	   1.22672	  -0.76335	  -0.14084	 324.09741	  83.37592	 -83.77230	 -28.92012	 -83.77230	 -25.82535	  18.12653	 -28.92012	  18.12653	 -57.55058
N         	  -1.22672	  -0.76335	  -0.14084	 324.09741	  83.37592	  83.77230	  28.92012	  83.77230	 -25.82535	  18.12653	  28.92012	  18.12653	 -57.55058
N         	   0.00000	   1.52670	   0.28169	 253.57318	 -89.45875	  -0.00000	  -0.00000	  -0.00000	 161.12637	  48.73886	  -0.00000	  48.73886	 -71.66762
