2146.00000	   0.00000	   0.00000	   0.00000
   1.38274	   2.12324	   7.50000	       11B
   1.38274	   6.39067	   7.50000	       11B
   1.38274	  10.65810	   7.50000	       11B
   4.14823	   2.12324	   7.50000	       10B
   4.14823	   6.39067	   7.50000	       10B
   4.14823	  10.65810	   7.50000	       10B
   6.91371	   2.12324	   7.50000	       10B
   6.91371	   6.39067	   7.50000	       11B
   6.91371	  10.65810	   7.50000	       10B
   9.67919	   2.12324	   7.50000	       11B
   9.67919	   6.39067	   7.50000	       11B
   9.67919	  10.65810	   7.50000	       11B
  12.44468	   2.12324	   7.50000	       11B
  12.44468	   6.39067	   7.50000	       11B
  12.44468	  10.65810	   7.50000	       11B
  15.21016	   2.12324	   7.50000	       11B
  15.21016	   6.39067	   7.50000	       11B
  15.21016	  10.65810	   7.50000	       11B
  17.97565	   2.12324	   7.50000	       11B
  17.97565	   6.39067	   7.50000	       11B
  17.97565	  10.65810	   7.50000	       11B
  20.74113	   2.12324	   7.50000	       11B
  20.74113	   6.39067	   7.50000	       11B
  20.74113	  10.65810	   7.50000	       11B
  23.50662	   2.12324	   7.50000	       11B
  23.50662	   6.39067	   7.50000	       11B
  23.50662	  10.65810	   7.50000	       11B
   0.00000	   4.25696	   7.50000	       11B
   0.00000	   8.52438	   7.50000	       11B
   0.00000	  12.79181	   7.50000	       11B
   2.76548	   4.25696	   7.50000	       11B
   2.76548	   8.52438	   7.50000	       11B
   2.76548	  12.79181	   7.50000	       11B
   5.53097	   4.25696	   7.50000	       10B
   5.53097	   8.52438	   7.50000	       11B
   5.53097	  12.79181	   7.50000	       10B
   8.29645	   4.25696	   7.50000	       11B
   8.29645	   8.52438	   7.50000	       11B
   8.29645	  12.79181	   7.50000	       11B
  11.06194	   4.25696	   7.50000	       11B
  11.06194	   8.52438	   7.50000	       11B
  11.06194	  12.79181	   7.50000	       11B
  13.82742	   4.25696	   7.50000	       11B
  13.82742	   8.52438	   7.50000	       11B
  13.82742	  12.79181	   7.50000	       11B
  16.59291	   4.25696	   7.50000	       11B
  16.59291	   8.52438	   7.50000	       11B
  16.59291	  12.79181	   7.50000	       10B
  19.35839	   4.25696	   7.50000	       11B
  19.35839	   8.52438	   7.50000	       10B
  19.35839	  12.79181	   7.50000	       11B
  22.12387	   4.25696	   7.50000	       11B
  22.12387	   8.52438	   7.50000	       11B
  22.12387	  12.79181	   7.50000	       10B
   1.38274	   3.56908	   7.50000	       14N
   1.38274	   7.83651	   7.50000	       14N
   1.38274	  12.10394	   7.50000	       14N
   4.14823	   3.56908	   7.50000	       14N
   4.14823	   7.83651	   7.50000	       14N
   4.14823	  12.10394	   7.50000	       14N
   6.91371	   3.56908	   7.50000	       14N
   6.91371	   7.83651	   7.50000	       14N
   6.91371	  12.10394	   7.50000	       14N
   9.67919	   3.56908	   7.50000	       14N
   9.67919	   7.83651	   7.50000	       14N
   9.67919	  12.10394	   7.50000	       14N
  12.44468	   3.56908	   7.50000	       14N
  12.44468	   7.83651	   7.50000	       14N
  12.44468	  12.10394	   7.50000	       14N
  15.21016	   3.56908	   7.50000	       14N
  15.21016	   7.83651	   7.50000	       14N
  15.21016	  12.10394	   7.50000	       14N
  17.97565	   3.56908	   7.50000	       14N
  17.97565	   7.83651	   7.50000	       14N
  17.97565	  12.10394	   7.50000	       14N
  20.74113	   3.56908	   7.50000	       14N
  20.74113	   7.83651	   7.50000	       14N
  20.74113	  12.10394	   7.50000	       14N
  23.50662	   3.56908	   7.50000	       14N
  23.50662	   7.83651	   7.50000	       14N
  23.50662	  12.10394	   7.50000	       14N
   0.00000	   1.43536	   7.50000	       14N
   0.00000	   5.70279	   7.50000	       14N
   0.00000	   9.97022	   7.50000	       14N
   2.76548	   1.43536	   7.50000	       14N
   2.76548	   5.70279	   7.50000	       14N
   2.76548	   9.97022	   7.50000	       14N
   5.53097	   1.43536	   7.50000	       14N
   5.53097	   5.70279	   7.50000	       14N
   5.53097	   9.97022	   7.50000	       14N
   8.29645	   1.43536	   7.50000	       14N
   8.29645	   5.70279	   7.50000	       14N
   8.29645	   9.97022	   7.50000	       14N
  11.06194	   1.43536	   7.50000	       14N
  11.06194	   5.70279	   7.50000	       14N
  11.06194	   9.97022	   7.50000	       14N
  13.82742	   1.43536	   7.50000	       14N
  13.82742	   5.70279	   7.50000	       14N
  13.82742	   9.97022	   7.50000	       14N
  16.59291	   1.43536	   7.50000	       14N
  16.59291	   5.70279	   7.50000	       14N
  16.59291	   9.97022	   7.50000	       14N
  19.35839	   1.43536	   7.50000	       14N
  19.35839	   5.70279	   7.50000	       14N
  19.35839	   9.97022	   7.50000	       14N
  22.12387	   1.43536	   7.50000	       14N
  22.12387	   5.70279	   7.50000	       14N
  22.12387	   9.97022	   7.50000	       14N
   1.38274	  14.92553	   7.50000	       10B
   1.38274	  19.19296	   7.50000	       10B
   1.38274	  23.46039	   7.50000	       11B
   4.14823	  14.92553	   7.50000	       11B
   4.14823	  19.19296	   7.50000	       11B
   4.14823	  23.46039	   7.50000	       11B
   6.91371	  14.92553	   7.50000	       11B
   6.91371	  19.19296	   7.50000	       11B
   6.91371	  23.46039	   7.50000	       11B
   9.67919	  14.92553	   7.50000	       11B
   9.67919	  19.19296	   7.50000	       11B
   9.67919	  23.46039	   7.50000	       11B
  12.44468	  14.92553	   7.50000	       11B
  12.44468	  19.19296	   7.50000	       10B
  12.44468	  23.46039	   7.50000	       11B
  15.21016	  14.92553	   7.50000	       11B
  15.21016	  19.19296	   7.50000	       11B
  15.21016	  23.46039	   7.50000	       11B
  17.97565	  14.92553	   7.50000	       11B
  17.97565	  19.19296	   7.50000	       11B
  17.97565	  23.46039	   7.50000	       11B
  20.74113	  14.92553	   7.50000	       11B
  20.74113	  19.19296	   7.50000	       11B
  20.74113	  23.46039	   7.50000	       11B
  23.50662	  14.92553	   7.50000	       11B
  23.50662	  19.19296	   7.50000	       11B
  23.50662	  23.46039	   7.50000	       10B
   0.00000	  17.05924	   7.50000	       11B
   0.00000	  21.32667	   7.50000	       11B
   0.00000	  25.59410	   7.50000	       10B
   2.76548	  17.05924	   7.50000	       11B
   2.76548	  21.32667	   7.50000	       11B
   2.76548	  25.59410	   7.50000	       11B
   5.53097	  17.05924	   7.50000	       11B
   5.53097	  21.32667	   7.50000	       11B
   5.53097	  25.59410	   7.50000	       11B
   8.29645	  17.05924	   7.50000	       11B
   8.29645	  21.32667	   7.50000	       11B
   8.29645	  25.59410	   7.50000	       11B
  11.06194	  17.05924	   7.50000	       11B
  11.06194	  21.32667	   7.50000	       11B
  11.06194	  25.59410	   7.50000	       11B
  13.82742	  17.05924	   7.50000	       11B
  13.82742	  21.32667	   7.50000	       11B
  13.82742	  25.59410	   7.50000	       11B
  16.59291	  17.05924	   7.50000	       11B
  16.59291	  21.32667	   7.50000	       11B
  16.59291	  25.59410	   7.50000	       11B
  19.35839	  17.05924	   7.50000	       11B
  19.35839	  21.32667	   7.50000	       10B
  19.35839	  25.59410	   7.50000	       10B
  22.12387	  17.05924	   7.50000	       11B
  22.12387	  21.32667	   7.50000	       11B
  22.12387	  25.59410	   7.50000	       10B
   1.38274	  16.37137	   7.50000	       14N
   1.38274	  20.63880	   7.50000	       14N
   1.38274	  24.90622	   7.50000	       14N
   4.14823	  16.37137	   7.50000	       14N
   4.14823	  20.63880	   7.50000	       14N
   4.14823	  24.90622	   7.50000	       14N
   6.91371	  16.37137	   7.50000	       14N
   6.91371	  20.63880	   7.50000	       14N
   6.91371	  24.90622	   7.50000	       14N
   9.67919	  16.37137	   7.50000	       14N
   9.67919	  20.63880	   7.50000	       14N
   9.67919	  24.90622	   7.50000	       14N
  12.44468	  16.37137	   7.50000	       14N
  12.44468	  20.63880	   7.50000	       14N
  12.44468	  24.90622	   7.50000	       14N
  15.21016	  16.37137	   7.50000	       14N
  15.21016	  20.63880	   7.50000	       14N
  15.21016	  24.90622	   7.50000	       14N
  17.97565	  16.37137	   7.50000	       14N
  17.97565	  20.63880	   7.50000	       14N
  17.97565	  24.90622	   7.50000	       14N
  20.74113	  16.37137	   7.50000	       14N
  20.74113	  20.63880	   7.50000	       14N
  20.74113	  24.90622	   7.50000	       14N
  23.50662	  16.37137	   7.50000	       14N
  23.50662	  20.63880	   7.50000	       14N
  23.50662	  24.90622	   7.50000	       14N
   0.00000	  14.23765	   7.50000	       14N
   0.00000	  18.50508	   7.50000	       14N
   0.00000	  22.77251	   7.50000	       14N
   2.76548	  14.23765	   7.50000	       14N
   2.76548	  18.50508	   7.50000	       14N
   2.76548	  22.77251	   7.50000	       14N
   5.53097	  14.23765	   7.50000	       14N
   5.53097	  18.50508	   7.50000	       14N
   5.53097	  22.77251	   7.50000	       14N
   8.29645	  14.23765	   7.50000	       14N
   8.29645	  18.50508	   7.50000	       14N
   8.29645	  22.77251	   7.50000	       14N
  11.06194	  14.23765	   7.50000	       14N
  11.06194	  18.50508	   7.50000	       14N
  11.06194	  22.77251	   7.50000	       14N
  13.82742	  14.23765	   7.50000	       14N
  13.82742	  18.50508	   7.50000	       14N
  13.82742	  22.77251	   7.50000	       14N
  16.59291	  14.23765	   7.50000	       14N
  16.59291	  18.50508	   7.50000	       14N
  16.59291	  22.77251	   7.50000	       14N
  19.35839	  14.23765	   7.50000	       14N
  19.35839	  18.50508	   7.50000	       14N
  19.35839	  22.77251	   7.50000	       14N
  22.12387	  14.23765	   7.50000	       14N
  22.12387	  18.50508	   7.50000	       15N
  22.12387	  22.77251	   7.50000	       14N
   1.38274	  27.72781	   7.50000	       11B
   1.38274	  31.99524	   7.50000	       11B
   1.38274	  36.26267	   7.50000	       11B
   4.14823	  27.72781	   7.50000	       11B
   4.14823	  31.99524	   7.50000	       11B
   4.14823	  36.26267	   7.50000	       11B
   6.91371	  27.72781	   7.50000	       11B
   6.91371	  31.99524	   7.50000	       11B
   6.91371	  36.26267	   7.50000	       11B
   9.67919	  27.72781	   7.50000	       10B
   9.67919	  31.99524	   7.50000	       11B
   9.67919	  36.26267	   7.50000	       11B
  12.44468	  27.72781	   7.50000	       10B
  12.44468	  31.99524	   7.50000	       11B
  12.44468	  36.26267	   7.50000	       11B
  15.21016	  27.72781	   7.50000	       11B
  15.21016	  31.99524	   7.50000	       11B
  15.21016	  36.26267	   7.50000	       11B
  17.97565	  27.72781	   7.50000	       11B
  17.97565	  31.99524	   7.50000	       11B
  17.97565	  36.26267	   7.50000	       11B
  20.74113	  27.72781	   7.50000	       10B
  20.74113	  31.99524	   7.50000	       10B
  20.74113	  36.26267	   7.50000	       11B
  23.50662	  27.72781	   7.50000	       11B
  23.50662	  31.99524	   7.50000	       11B
  23.50662	  36.26267	   7.50000	       10B
   0.00000	  29.86153	   7.50000	       11B
   0.00000	  34.12895	   7.50000	       11B
   0.00000	  38.39638	   7.50000	       11B
   2.76548	  29.86153	   7.50000	       10B
   2.76548	  34.12895	   7.50000	       11B
   2.76548	  38.39638	   7.50000	       11B
   5.53097	  29.86153	   7.50000	       11B
   5.53097	  34.12895	   7.50000	       11B
   5.53097	  38.39638	   7.50000	       11B
   8.29645	  29.86153	   7.50000	       11B
   8.29645	  34.12895	   7.50000	       10B
   8.29645	  38.39638	   7.50000	       11B
  11.06194	  29.86153	   7.50000	       11B
  11.06194	  34.12895	   7.50000	       10B
  11.06194	  38.39638	   7.50000	       11B
  13.82742	  29.86153	   7.50000	       11B
  13.82742	  34.12895	   7.50000	       11B
  13.82742	  38.39638	   7.50000	       11B
  16.59291	  29.86153	   7.50000	       11B
  16.59291	  34.12895	   7.50000	       11B
  16.59291	  38.39638	   7.50000	       11B
  19.35839	  29.86153	   7.50000	       11B
  19.35839	  34.12895	   7.50000	       11B
  19.35839	  38.39638	   7.50000	       10B
  22.12387	  29.86153	   7.50000	       10B
  22.12387	  34.12895	   7.50000	       11B
  22.12387	  38.39638	   7.50000	       11B
   1.38274	  29.17365	   7.50000	       14N
   1.38274	  33.44108	   7.50000	       14N
   1.38274	  37.70851	   7.50000	       14N
   4.14823	  29.17365	   7.50000	       14N
   4.14823	  33.44108	   7.50000	       14N
   4.14823	  37.70851	   7.50000	       14N
   6.91371	  29.17365	   7.50000	       14N
   6.91371	  33.44108	   7.50000	       14N
   6.91371	  37.70851	   7.50000	       14N
   9.67919	  29.17365	   7.50000	       14N
   9.67919	  33.44108	   7.50000	       14N
   9.67919	  37.70851	   7.50000	       14N
  12.44468	  29.17365	   7.50000	       14N
  12.44468	  33.44108	   7.50000	       14N
  12.44468	  37.70851	   7.50000	       14N
  15.21016	  29.17365	   7.50000	       14N
  15.21016	  33.44108	   7.50000	       14N
  15.21016	  37.70851	   7.50000	       14N
  17.97565	  29.17365	   7.50000	       14N
  17.97565	  33.44108	   7.50000	       14N
  17.97565	  37.70851	   7.50000	       14N
  20.74113	  29.17365	   7.50000	       14N
  20.74113	  33.44108	   7.50000	       14N
  20.74113	  37.70851	   7.50000	       14N
  23.50662	  29.17365	   7.50000	       14N
  23.50662	  33.44108	   7.50000	       14N
  23.50662	  37.70851	   7.50000	       14N
   0.00000	  27.03993	   7.50000	       14N
   0.00000	  31.30736	   7.50000	       14N
   0.00000	  35.57479	   7.50000	       14N
   2.76548	  27.03993	   7.50000	       14N
   2.76548	  31.30736	   7.50000	       14N
   2.76548	  35.57479	   7.50000	       14N
   5.53097	  27.03993	   7.50000	       14N
   5.53097	  31.30736	   7.50000	       14N
   5.53097	  35.57479	   7.50000	       14N
   8.29645	  27.03993	   7.50000	       14N
   8.29645	  31.30736	   7.50000	       14N
   8.29645	  35.57479	   7.50000	       14N
  11.06194	  27.03993	   7.50000	       14N
  11.06194	  31.30736	   7.50000	       14N
  11.06194	  35.57479	   7.50000	       14N
  13.82742	  27.03993	   7.50000	       14N
  13.82742	  31.30736	   7.50000	       14N
  13.82742	  35.57479	   7.50000	       14N
  16.59291	  27.03993	   7.50000	       14N
  16.59291	  31.30736	   7.50000	       14N
  16.59291	  35.57479	   7.50000	       14N
  19.35839	  27.03993	   7.50000	       14N
  19.35839	  31.30736	   7.50000	       14N
  19.35839	  35.57479	   7.50000	       14N
  22.12387	  27.03993	   7.50000	       14N
  22.12387	  31.30736	   7.50000	       14N
  22.12387	  35.57479	   7.50000	       14N
   1.38274	  40.53010	   7.50000	       11B
   1.38274	  44.79753	   7.50000	       11B
   1.38274	  49.06496	   7.50000	       11B
   4.14823	  40.53010	   7.50000	       11B
   4.14823	  44.79753	   7.50000	       10B
   4.14823	  49.06496	   7.50000	       11B
   6.91371	  40.53010	   7.50000	       11B
   6.91371	  44.79753	   7.50000	       11B
   6.91371	  49.06496	   7.50000	       10B
   9.67919	  40.53010	   7.50000	       11B
   9.67919	  44.79753	   7.50000	       11B
   9.67919	  49.06496	   7.50000	       11B
  12.44468	  40.53010	   7.50000	       11B
  12.44468	  44.79753	   7.50000	       11B
  12.44468	  49.06496	   7.50000	       11B
  15.21016	  40.53010	   7.50000	       11B
  15.21016	  44.79753	   7.50000	       11B
  15.21016	  49.06496	   7.50000	       11B
  17.97565	  40.53010	   7.50000	       11B
  17.97565	  44.79753	   7.50000	       10B
  17.97565	  49.06496	   7.50000	       11B
  20.74113	  40.53010	   7.50000	       11B
  20.74113	  44.79753	   7.50000	       11B
  20.74113	  49.06496	   7.50000	       11B
  23.50662	  40.53010	   7.50000	       10B
  23.50662	  44.79753	   7.50000	       11B
  23.50662	  49.06496	   7.50000	       11B
   0.00000	  42.66381	   7.50000	       11B
   0.00000	  46.93124	   7.50000	       11B
   0.00000	  51.19867	   7.50000	       11B
   2.76548	  42.66381	   7.50000	       11B
   2.76548	  46.93124	   7.50000	       11B
   2.76548	  51.19867	   7.50000	       10B
   5.53097	  42.66381	   7.50000	       11B
   5.53097	  46.93124	   7.50000	       11B
   5.53097	  51.19867	   7.50000	       10B
   8.29645	  42.66381	   7.50000	       11B
   8.29645	  46.93124	   7.50000	       11B
   8.29645	  51.19867	   7.50000	       11B
  11.06194	  42.66381	   7.50000	       11B
  11.06194	  46.93124	   7.50000	       11B
  11.06194	  51.19867	   7.50000	       10B
  13.82742	  42.66381	   7.50000	       11B
  13.82742	  46.93124	   7.50000	       11B
  13.82742	  51.19867	   7.50000	       11B
  16.59291	  42.66381	   7.50000	       11B
  16.59291	  46.93124	   7.50000	       10B
  16.59291	  51.19867	   7.50000	       11B
  19.35839	  42.66381	   7.50000	       11B
  19.35839	  46.93124	   7.50000	       11B
  19.35839	  51.19867	   7.50000	       11B
  22.12387	  42.66381	   7.50000	       11B
  22.12387	  46.93124	   7.50000	       10B
  22.12387	  51.19867	   7.50000	       11B
   1.38274	  41.97594	   7.50000	       14N
   1.38274	  46.24337	   7.50000	       14N
   1.38274	  50.51079	   7.50000	       14N
   4.14823	  41.97594	   7.50000	       14N
   4.14823	  46.24337	   7.50000	       14N
   4.14823	  50.51079	   7.50000	       14N
   6.91371	  41.97594	   7.50000	       14N
   6.91371	  46.24337	   7.50000	       14N
   6.91371	  50.51079	   7.50000	       14N
   9.67919	  41.97594	   7.50000	       14N
   9.67919	  46.24337	   7.50000	       14N
   9.67919	  50.51079	   7.50000	       14N
  12.44468	  41.97594	   7.50000	       14N
  12.44468	  46.24337	   7.50000	       14N
  12.44468	  50.51079	   7.50000	       14N
  15.21016	  41.97594	   7.50000	       14N
  15.21016	  46.24337	   7.50000	       14N
  15.21016	  50.51079	   7.50000	       14N
  17.97565	  41.97594	   7.50000	       14N
  17.97565	  46.24337	   7.50000	       14N
  17.97565	  50.51079	   7.50000	       14N
  20.74113	  41.97594	   7.50000	       14N
  20.74113	  46.24337	   7.50000	       14N
  20.74113	  50.51079	   7.50000	       14N
  23.50662	  41.97594	   7.50000	       14N
  23.50662	  46.24337	   7.50000	       14N
  23.50662	  50.51079	   7.50000	       14N
   0.00000	  39.84222	   7.50000	       14N
   0.00000	  44.10965	   7.50000	       14N
   0.00000	  48.37708	   7.50000	       14N
   2.76548	  39.84222	   7.50000	       14N
   2.76548	  44.10965	   7.50000	       14N
   2.76548	  48.37708	   7.50000	       14N
   5.53097	  39.84222	   7.50000	       14N
   5.53097	  44.10965	   7.50000	       14N
   5.53097	  48.37708	   7.50000	       14N
   8.29645	  39.84222	   7.50000	       14N
   8.29645	  44.10965	   7.50000	       14N
   8.29645	  48.37708	   7.50000	       14N
  11.06194	  39.84222	   7.50000	       14N
  11.06194	  44.10965	   7.50000	       14N
  11.06194	  48.37708	   7.50000	       14N
  13.82742	  39.84222	   7.50000	       14N
  13.82742	  44.10965	   7.50000	       14N
  13.82742	  48.37708	   7.50000	       14N
  16.59291	  39.84222	   7.50000	       14N
  16.59291	  44.10965	   7.50000	       14N
  16.59291	  48.37708	   7.50000	       14N
  19.35839	  39.84222	   7.50000	       14N
  19.35839	  44.10965	   7.50000	       14N
  19.35839	  48.37708	   7.50000	       14N
  22.12387	  39.84222	   7.50000	       14N
  22.12387	  44.10965	   7.50000	       14N
  22.12387	  48.37708	   7.50000	       14N
   1.38274	  53.33239	   7.50000	       11B
   1.38274	  57.59981	   7.50000	       11B
   1.38274	  61.86724	   7.50000	       11B
   4.14823	  53.33239	   7.50000	       11B
   4.14823	  57.59981	   7.50000	       10B
   4.14823	  61.86724	   7.50000	       11B
   6.91371	  53.33239	   7.50000	       10B
   6.91371	  57.59981	   7.50000	       10B
   6.91371	  61.86724	   7.50000	       11B
   9.67919	  53.33239	   7.50000	       11B
   9.67919	  57.59981	   7.50000	       10B
   9.67919	  61.86724	   7.50000	       11B
  12.44468	  53.33239	   7.50000	       11B
  12.44468	  57.59981	   7.50000	       10B
  12.44468	  61.86724	   7.50000	       11B
  15.21016	  53.33239	   7.50000	       11B
  15.21016	  57.59981	   7.50000	       11B
  15.21016	  61.86724	   7.50000	       11B
  17.97565	  53.33239	   7.50000	       10B
  17.97565	  57.59981	   7.50000	       10B
  17.97565	  61.86724	   7.50000	       10B
  20.74113	  53.33239	   7.50000	       11B
  20.74113	  57.59981	   7.50000	       11B
  20.74113	  61.86724	   7.50000	       10B
  23.50662	  53.33239	   7.50000	       11B
  23.50662	  57.59981	   7.50000	       11B
  23.50662	  61.86724	   7.50000	       11B
   0.00000	  55.46610	   7.50000	       10B
   0.00000	  59.73352	   7.50000	       11B
   0.00000	  64.00095	   7.50000	       11B
   2.76548	  55.46610	   7.50000	       10B
   2.76548	  59.73352	   7.50000	       10B
   2.76548	  64.00095	   7.50000	       10B
   5.53097	  55.46610	   7.50000	       11B
   5.53097	  59.73352	   7.50000	       11B
   5.53097	  64.00095	   7.50000	       11B
   8.29645	  55.46610	   7.50000	       11B
   8.29645	  59.73352	   7.50000	       11B
   8.29645	  64.00095	   7.50000	       11B
  11.06194	  55.46610	   7.50000	       11B
  11.06194	  59.73352	   7.50000	       11B
  11.06194	  64.00095	   7.50000	       11B
  13.82742	  55.46610	   7.50000	       11B
  13.82742	  59.73352	   7.50000	       11B
  13.82742	  64.00095	   7.50000	       11B
  16.59291	  55.46610	   7.50000	       11B
  16.59291	  59.73352	   7.50000	       11B
  16.59291	  64.00095	   7.50000	       11B
  19.35839	  55.46610	   7.50000	       11B
  19.35839	  59.73352	   7.50000	       10B
  19.35839	  64.00095	   7.50000	       11B
  22.12387	  55.46610	   7.50000	       11B
  22.12387	  59.73352	   7.50000	       11B
  22.12387	  64.00095	   7.50000	       10B
   1.38274	  54.77822	   7.50000	       14N
   1.38274	  59.04565	   7.50000	       14N
   1.38274	  63.31308	   7.50000	       14N
   4.14823	  54.77822	   7.50000	       14N
   4.14823	  59.04565	   7.50000	       14N
   4.14823	  63.31308	   7.50000	       14N
   6.91371	  54.77822	   7.50000	       14N
   6.91371	  59.04565	   7.50000	       14N
   6.91371	  63.31308	   7.50000	       14N
   9.67919	  54.77822	   7.50000	       14N
   9.67919	  59.04565	   7.50000	       14N
   9.67919	  63.31308	   7.50000	       14N
  12.44468	  54.77822	   7.50000	       14N
  12.44468	  59.04565	   7.50000	       14N
  12.44468	  63.31308	   7.50000	       14N
  15.21016	  54.77822	   7.50000	       14N
  15.21016	  59.04565	   7.50000	       14N
  15.21016	  63.31308	   7.50000	       14N
  17.97565	  54.77822	   7.50000	       14N
  17.97565	  59.04565	   7.50000	       14N
  17.97565	  63.31308	   7.50000	       14N
  20.74113	  54.77822	   7.50000	       14N
  20.74113	  59.04565	   7.50000	       14N
  20.74113	  63.31308	   7.50000	       14N
  23.50662	  54.77822	   7.50000	       14N
  23.50662	  59.04565	   7.50000	       14N
  23.50662	  63.31308	   7.50000	       14N
   0.00000	  52.64451	   7.50000	       14N
   0.00000	  56.91193	   7.50000	       14N
   0.00000	  61.17936	   7.50000	       14N
   2.76548	  52.64451	   7.50000	       14N
   2.76548	  56.91193	   7.50000	       14N
   2.76548	  61.17936	   7.50000	       14N
   5.53097	  52.64451	   7.50000	       14N
   5.53097	  56.91193	   7.50000	       14N
   5.53097	  61.17936	   7.50000	       14N
   8.29645	  52.64451	   7.50000	       14N
   8.29645	  56.91193	   7.50000	       14N
   8.29645	  61.17936	   7.50000	       14N
  11.06194	  52.64451	   7.50000	       14N
  11.06194	  56.91193	   7.50000	       14N
  11.06194	  61.17936	   7.50000	       14N
  13.82742	  52.64451	   7.50000	       14N
  13.82742	  56.91193	   7.50000	       14N
  13.82742	  61.17936	   7.50000	       14N
  16.59291	  52.64451	   7.50000	       14N
  16.59291	  56.91193	   7.50000	       14N
  16.59291	  61.17936	   7.50000	       14N
  19.35839	  52.64451	   7.50000	       14N
  19.35839	  56.91193	   7.50000	       14N
  19.35839	  61.17936	   7.50000	       14N
  22.12387	  52.64451	   7.50000	       14N
  22.12387	  56.91193	   7.50000	       14N
  22.12387	  61.17936	   7.50000	       14N
   1.38274	  66.13467	   7.50000	       11B
   1.38274	  70.40210	   7.50000	       11B
   1.38274	  74.66953	   7.50000	       11B
   4.14823	  66.13467	   7.50000	       11B
   4.14823	  70.40210	   7.50000	       11B
   4.14823	  74.66953	   7.50000	       11B
   6.91371	  66.13467	   7.50000	       11B
   6.91371	  70.40210	   7.50000	       11B
   6.91371	  74.66953	   7.50000	       11B
   9.67919	  66.13467	   7.50000	       11B
   9.67919	  70.40210	   7.50000	       11B
   9.67919	  74.66953	   7.50000	       11B
  12.44468	  66.13467	   7.50000	       10B
  12.44468	  70.40210	   7.50000	       11B
  12.44468	  74.66953	   7.50000	       11B
  15.21016	  66.13467	   7.50000	       11B
  15.21016	  70.40210	   7.50000	       11B
  15.21016	  74.66953	   7.50000	       11B
  17.97565	  66.13467	   7.50000	       11B
  17.97565	  70.40210	   7.50000	       11B
  17.97565	  74.66953	   7.50000	       11B
  20.74113	  66.13467	   7.50000	       10B
  20.74113	  70.40210	   7.50000	       11B
  20.74113	  74.66953	   7.50000	       11B
  23.50662	  66.13467	   7.50000	       11B
  23.50662	  70.40210	   7.50000	       10B
  23.50662	  74.66953	   7.50000	       10B
   0.00000	  68.26838	   7.50000	       10B
   0.00000	  72.53581	   7.50000	       11B
   0.00000	  76.80324	   7.50000	       11B
   2.76548	  68.26838	   7.50000	       11B
   2.76548	  72.53581	   7.50000	       10B
   2.76548	  76.80324	   7.50000	       11B
   5.53097	  68.26838	   7.50000	       11B
   5.53097	  72.53581	   7.50000	       11B
   5.53097	  76.80324	   7.50000	       10B
   8.29645	  68.26838	   7.50000	       11B
   8.29645	  72.53581	   7.50000	       11B
   8.29645	  76.80324	   7.50000	       11B
  11.06194	  68.26838	   7.50000	       11B
  11.06194	  72.53581	   7.50000	       11B
  11.06194	  76.80324	   7.50000	       11B
  13.82742	  68.26838	   7.50000	       11B
  13.82742	  72.53581	   7.50000	       10B
  13.82742	  76.80324	   7.50000	       11B
  16.59291	  68.26838	   7.50000	       11B
  16.59291	  72.53581	   7.50000	       11B
  16.59291	  76.80324	   7.50000	       11B
  19.35839	  68.26838	   7.50000	       11B
  19.35839	  72.53581	   7.50000	       11B
  19.35839	  76.80324	   7.50000	       11B
  22.12387	  68.26838	   7.50000	       11B
  22.12387	  72.53581	   7.50000	       11B
  22.12387	  76.80324	   7.50000	       11B
   1.38274	  67.58051	   7.50000	       14N
   1.38274	  71.84794	   7.50000	       14N
   1.38274	  76.11536	   7.50000	       14N
   4.14823	  67.58051	   7.50000	       14N
   4.14823	  71.84794	   7.50000	       14N
   4.14823	  76.11536	   7.50000	       14N
   6.91371	  67.58051	   7.50000	       14N
   6.91371	  71.84794	   7.50000	       14N
   6.91371	  76.11536	   7.50000	       14N
   9.67919	  67.58051	   7.50000	       14N
   9.67919	  71.84794	   7.50000	       14N
   9.67919	  76.11536	   7.50000	       14N
  12.44468	  67.58051	   7.50000	       14N
  12.44468	  71.84794	   7.50000	       14N
  12.44468	  76.11536	   7.50000	       14N
  15.21016	  67.58051	   7.50000	       14N
  15.21016	  71.84794	   7.50000	       14N
  15.21016	  76.11536	   7.50000	       14N
  17.97565	  67.58051	   7.50000	       14N
  17.97565	  71.84794	   7.50000	       14N
  17.97565	  76.11536	   7.50000	       14N
  20.74113	  67.58051	   7.50000	       14N
  20.74113	  71.84794	   7.50000	       14N
  20.74113	  76.11536	   7.50000	       14N
  23.50662	  67.58051	   7.50000	       14N
  23.50662	  71.84794	   7.50000	       14N
  23.50662	  76.11536	   7.50000	       14N
   0.00000	  65.44679	   7.50000	       14N
   0.00000	  69.71422	   7.50000	       14N
   0.00000	  73.98165	   7.50000	       14N
   2.76548	  65.44679	   7.50000	       14N
   2.76548	  69.71422	   7.50000	       14N
   2.76548	  73.98165	   7.50000	       14N
   5.53097	  65.44679	   7.50000	       14N
   5.53097	  69.71422	   7.50000	       14N
   5.53097	  73.98165	   7.50000	       14N
   8.29645	  65.44679	   7.50000	       14N
   8.29645	  69.71422	   7.50000	       14N
   8.29645	  73.98165	   7.50000	       14N
  11.06194	  65.44679	   7.50000	       14N
  11.06194	  69.71422	   7.50000	       14N
  11.06194	  73.98165	   7.50000	       14N
  13.82742	  65.44679	   7.50000	       14N
  13.82742	  69.71422	   7.50000	       14N
  13.82742	  73.98165	   7.50000	       14N
  16.59291	  65.44679	   7.50000	       14N
  16.59291	  69.71422	   7.50000	       14N
  16.59291	  73.98165	   7.50000	       14N
  19.35839	  65.44679	   7.50000	       14N
  19.35839	  69.71422	   7.50000	       14N
  19.35839	  73.98165	   7.50000	       14N
  22.12387	  65.44679	   7.50000	       14N
  22.12387	  69.71422	   7.50000	       14N
  22.12387	  73.98165	   7.50000	       14N
   1.38274	  78.93696	   7.50000	       11B
   4.14823	  78.93696	   7.50000	       11B
   6.91371	  78.93696	   7.50000	       10B
   9.67919	  78.93696	   7.50000	       11B
  12.44468	  78.93696	   7.50000	       11B
  15.21016	  78.93696	   7.50000	       10B
  17.97565	  78.93696	   7.50000	       11B
  20.74113	  78.93696	   7.50000	       11B
  23.50662	  78.93696	   7.50000	       11B
   0.00000	  78.24908	   7.50000	       14N
   2.76548	  78.24908	   7.50000	       14N
   5.53097	  78.24908	   7.50000	       14N
   8.29645	  78.24908	   7.50000	       14N
  11.06194	  78.24908	   7.50000	       14N
  13.82742	  78.24908	   7.50000	       14N
  16.59291	  78.24908	   7.50000	       14N
  19.35839	  78.24908	   7.50000	       14N
  22.12387	  78.24908	   7.50000	       14N
  26.27210	   2.12324	   7.50000	       11B
  26.27210	   6.39067	   7.50000	       11B
  26.27210	  10.65810	   7.50000	       11B
  29.03758	   2.12324	   7.50000	       11B
  29.03758	   6.39067	   7.50000	       10B
  29.03758	  10.65810	   7.50000	       11B
  31.80307	   2.12324	   7.50000	       11B
  31.80307	   6.39067	   7.50000	       11B
  31.80307	  10.65810	   7.50000	       11B
  34.56855	   2.12324	   7.50000	       11B
  34.56855	   6.39067	   7.50000	       11B
  34.56855	  10.65810	   7.50000	       11B
  37.33404	   2.12324	   7.50000	       11B
  37.33404	   6.39067	   7.50000	       11B
  37.33404	  10.65810	   7.50000	       11B
  40.09952	   2.12324	   7.50000	       11B
  40.09952	   6.39067	   7.50000	       10B
  40.09952	  10.65810	   7.50000	       11B
  42.86501	   2.12324	   7.50000	       11B
  42.86501	   6.39067	   7.50000	       11B
  42.86501	  10.65810	   7.50000	       11B
  45.63049	   2.12324	   7.50000	       11B
  45.63049	   6.39067	   7.50000	       11B
  45.63049	  10.65810	   7.50000	       11B
  48.39597	   2.12324	   7.50000	       11B
  48.39597	   6.39067	   7.50000	       11B
  48.39597	  10.65810	   7.50000	       11B
  24.88936	   4.25696	   7.50000	       10B
  24.88936	   8.52438	   7.50000	       10B
  24.88936	  12.79181	   7.50000	       11B
  27.65484	   4.25696	   7.50000	       11B
  27.65484	   8.52438	   7.50000	       11B
  27.65484	  12.79181	   7.50000	       11B
  30.42033	   4.25696	   7.50000	       11B
  30.42033	   8.52438	   7.50000	       11B
  30.42033	  12.79181	   7.50000	       11B
  33.18581	   4.25696	   7.50000	       10B
  33.18581	   8.52438	   7.50000	       11B
  33.18581	  12.79181	   7.50000	       11B
  35.95129	   4.25696	   7.50000	       11B
  35.95129	   8.52438	   7.50000	       11B
  35.95129	  12.79181	   7.50000	       11B
  38.71678	   4.25696	   7.50000	       11B
  38.71678	   8.52438	   7.50000	       11B
  38.71678	  12.79181	   7.50000	       11B
  41.48226	   4.25696	   7.50000	       11B
  41.48226	   8.52438	   7.50000	       11B
  41.48226	  12.79181	   7.50000	       11B
  44.24775	   4.25696	   7.50000	       11B
  44.24775	   8.52438	   7.50000	       11B
  44.24775	  12.79181	   7.50000	       11B
  47.01323	   4.25696	   7.50000	       11B
  47.01323	   8.52438	   7.50000	       11B
  47.01323	  12.79181	   7.50000	       11B
  26.27210	   3.56908	   7.50000	       14N
  26.27210	   7.83651	   7.50000	       14N
  26.27210	  12.10394	   7.50000	       14N
  29.03758	   3.56908	   7.50000	       14N
  29.03758	   7.83651	   7.50000	       14N
  29.03758	  12.10394	   7.50000	       14N
  31.80307	   3.56908	   7.50000	       14N
  31.80307	   7.83651	   7.50000	       14N
  31.80307	  12.10394	   7.50000	       14N
  34.56855	   3.56908	   7.50000	       14N
  34.56855	   7.83651	   7.50000	       14N
  34.56855	  12.10394	   7.50000	       14N
  37.33404	   3.56908	   7.50000	       14N
  37.33404	   7.83651	   7.50000	       14N
  37.33404	  12.10394	   7.50000	       14N
  40.09952	   3.56908	   7.50000	       14N
  40.09952	   7.83651	   7.50000	       14N
  40.09952	  12.10394	   7.50000	       14N
  42.86501	   3.56908	   7.50000	       14N
  42.86501	   7.83651	   7.50000	       14N
  42.86501	  12.10394	   7.50000	       14N
  45.63049	   3.56908	   7.50000	       14N
  45.63049	   7.83651	   7.50000	       14N
  45.63049	  12.10394	   7.50000	       14N
  48.39597	   3.56908	   7.50000	       14N
  48.39597	   7.83651	   7.50000	       14N
  48.39597	  12.10394	   7.50000	       14N
  24.88936	   1.43536	   7.50000	       14N
  24.88936	   5.70279	   7.50000	       14N
  24.88936	   9.97022	   7.50000	       14N
  27.65484	   1.43536	   7.50000	       14N
  27.65484	   5.70279	   7.50000	       14N
  27.65484	   9.97022	   7.50000	       14N
  30.42033	   1.43536	   7.50000	       14N
  30.42033	   5.70279	   7.50000	       14N
  30.42033	   9.97022	   7.50000	       14N
  33.18581	   1.43536	   7.50000	       14N
  33.18581	   5.70279	   7.50000	       14N
  33.18581	   9.97022	   7.50000	       14N
  35.95129	   1.43536	   7.50000	       14N
  35.95129	   5.70279	   7.50000	       14N
  35.95129	   9.97022	   7.50000	       14N
  38.71678	   1.43536	   7.50000	       14N
  38.71678	   5.70279	   7.50000	       14N
  38.71678	   9.97022	   7.50000	       14N
  41.48226	   1.43536	   7.50000	       14N
  41.48226	   5.70279	   7.50000	       14N
  41.48226	   9.97022	   7.50000	       14N
  44.24775	   1.43536	   7.50000	       14N
  44.24775	   5.70279	   7.50000	       14N
  44.24775	   9.97022	   7.50000	       14N
  47.01323	   1.43536	   7.50000	       14N
  47.01323	   5.70279	   7.50000	       14N
  47.01323	   9.97022	   7.50000	       14N
  26.27210	  14.92553	   7.50000	       11B
  26.27210	  19.19296	   7.50000	       11B
  26.27210	  23.46039	   7.50000	       11B
  29.03758	  14.92553	   7.50000	       11B
  29.03758	  19.19296	   7.50000	       11B
  29.03758	  23.46039	   7.50000	       11B
  31.80307	  14.92553	   7.50000	       11B
  31.80307	  19.19296	   7.50000	       11B
  31.80307	  23.46039	   7.50000	       10B
  34.56855	  14.92553	   7.50000	       11B
  34.56855	  19.19296	   7.50000	       10B
  34.56855	  23.46039	   7.50000	       11B
  37.33404	  14.92553	   7.50000	       11B
  37.33404	  19.19296	   7.50000	       10B
  37.33404	  23.46039	   7.50000	       11B
  40.09952	  14.92553	   7.50000	       11B
  40.09952	  19.19296	   7.50000	       10B
  40.09952	  23.46039	   7.50000	       10B
  42.86501	  14.92553	   7.50000	       11B
  42.86501	  19.19296	   7.50000	       11B
  42.86501	  23.46039	   7.50000	       11B
  45.63049	  14.92553	   7.50000	       11B
  45.63049	  19.19296	   7.50000	       11B
  45.63049	  23.46039	   7.50000	       11B
  48.39597	  14.92553	   7.50000	       11B
  48.39597	  19.19296	   7.50000	       11B
  48.39597	  23.46039	   7.50000	       10B
  24.88936	  17.05924	   7.50000	       10B
  24.88936	  21.32667	   7.50000	       11B
  24.88936	  25.59410	   7.50000	       11B
  27.65484	  17.05924	   7.50000	       11B
  27.65484	  21.32667	   7.50000	       11B
  27.65484	  25.59410	   7.50000	       11B
  30.42033	  17.05924	   7.50000	       11B
  30.42033	  21.32667	   7.50000	       11B
  30.42033	  25.59410	   7.50000	       11B
  33.18581	  17.05924	   7.50000	       11B
  33.18581	  21.32667	   7.50000	       11B
  33.18581	  25.59410	   7.50000	       11B
  35.95129	  17.05924	   7.50000	       10B
  35.95129	  21.32667	   7.50000	       11B
  35.95129	  25.59410	   7.50000	       10B
  38.71678	  17.05924	   7.50000	       11B
  38.71678	  21.32667	   7.50000	       11B
  38.71678	  25.59410	   7.50000	       11B
  41.48226	  17.05924	   7.50000	       11B
  41.48226	  21.32667	   7.50000	       11B
  41.48226	  25.59410	   7.50000	       11B
  44.24775	  17.05924	   7.50000	       10B
  44.24775	  21.32667	   7.50000	       11B
  44.24775	  25.59410	   7.50000	       11B
  47.01323	  17.05924	   7.50000	       10B
  47.01323	  21.32667	   7.50000	       11B
  47.01323	  25.59410	   7.50000	       11B
  26.27210	  16.37137	   7.50000	       14N
  26.27210	  20.63880	   7.50000	       14N
  26.27210	  24.90622	   7.50000	       14N
  29.03758	  16.37137	   7.50000	       14N
  29.03758	  20.63880	   7.50000	       14N
  29.03758	  24.90622	   7.50000	       14N
  31.80307	  16.37137	   7.50000	       14N
  31.80307	  20.63880	   7.50000	       14N
  31.80307	  24.90622	   7.50000	       14N
  34.56855	  16.37137	   7.50000	       14N
  34.56855	  20.63880	   7.50000	       14N
  34.56855	  24.90622	   7.50000	       14N
  37.33404	  16.37137	   7.50000	       14N
  37.33404	  20.63880	   7.50000	       14N
  37.33404	  24.90622	   7.50000	       14N
  40.09952	  16.37137	   7.50000	       14N
  40.09952	  20.63880	   7.50000	       14N
  40.09952	  24.90622	   7.50000	       14N
  42.86501	  16.37137	   7.50000	       14N
  42.86501	  20.63880	   7.50000	       14N
  42.86501	  24.90622	   7.50000	       14N
  45.63049	  16.37137	   7.50000	       14N
  45.63049	  20.63880	   7.50000	       14N
  45.63049	  24.90622	   7.50000	       14N
  48.39597	  16.37137	   7.50000	       14N
  48.39597	  20.63880	   7.50000	       14N
  48.39597	  24.90622	   7.50000	       14N
  24.88936	  14.23765	   7.50000	       14N
  24.88936	  18.50508	   7.50000	       14N
  24.88936	  22.77251	   7.50000	       14N
  27.65484	  14.23765	   7.50000	       14N
  27.65484	  18.50508	   7.50000	       14N
  27.65484	  22.77251	   7.50000	       14N
  30.42033	  14.23765	   7.50000	       14N
  30.42033	  18.50508	   7.50000	       14N
  30.42033	  22.77251	   7.50000	       14N
  33.18581	  14.23765	   7.50000	       14N
  33.18581	  18.50508	   7.50000	       14N
  33.18581	  22.77251	   7.50000	       14N
  35.95129	  14.23765	   7.50000	       14N
  35.95129	  18.50508	   7.50000	       14N
  35.95129	  22.77251	   7.50000	       14N
  38.71678	  14.23765	   7.50000	       14N
  38.71678	  18.50508	   7.50000	       14N
  38.71678	  22.77251	   7.50000	       14N
  41.48226	  14.23765	   7.50000	       14N
  41.48226	  18.50508	   7.50000	       14N
  41.48226	  22.77251	   7.50000	       14N
  44.24775	  14.23765	   7.50000	       14N
  44.24775	  18.50508	   7.50000	       14N
  44.24775	  22.77251	   7.50000	       14N
  47.01323	  14.23765	   7.50000	       14N
  47.01323	  18.50508	   7.50000	       14N
  47.01323	  22.77251	   7.50000	       14N
  26.27210	  27.72781	   7.50000	       11B
  26.27210	  31.99524	   7.50000	       11B
  26.27210	  36.26267	   7.50000	       11B
  29.03758	  27.72781	   7.50000	       11B
  29.03758	  31.99524	   7.50000	       11B
  29.03758	  36.26267	   7.50000	       11B
  31.80307	  27.72781	   7.50000	       11B
  31.80307	  31.99524	   7.50000	       11B
  31.80307	  36.26267	   7.50000	       11B
  34.56855	  27.72781	   7.50000	       10B
  34.56855	  31.99524	   7.50000	       11B
  34.56855	  36.26267	   7.50000	       10B
  37.33404	  27.72781	   7.50000	       11B
  37.33404	  31.99524	   7.50000	       10B
  37.33404	  36.26267	   7.50000	       10B
  40.09952	  27.72781	   7.50000	       11B
  40.09952	  31.99524	   7.50000	       11B
  40.09952	  36.26267	   7.50000	       11B
  42.86501	  27.72781	   7.50000	       11B
  42.86501	  31.99524	   7.50000	       10B
  42.86501	  36.26267	   7.50000	       10B
  45.63049	  27.72781	   7.50000	       10B
  45.63049	  31.99524	   7.50000	       11B
  45.63049	  36.26267	   7.50000	       11B
  48.39597	  27.72781	   7.50000	       11B
  48.39597	  31.99524	   7.50000	       11B
  48.39597	  36.26267	   7.50000	       11B
  24.88936	  29.86153	   7.50000	       10B
  24.88936	  34.12895	   7.50000	       10B
  24.88936	  38.39638	   7.50000	       11B
  27.65484	  29.86153	   7.50000	       10B
  27.65484	  34.12895	   7.50000	       11B
  27.65484	  38.39638	   7.50000	       10B
  30.42033	  29.86153	   7.50000	       10B
  30.42033	  34.12895	   7.50000	       11B
  30.42033	  38.39638	   7.50000	       11B
  33.18581	  29.86153	   7.50000	       11B
  33.18581	  34.12895	   7.50000	       10B
  33.18581	  38.39638	   7.50000	       11B
  35.95129	  29.86153	   7.50000	       11B
  35.95129	  34.12895	   7.50000	       11B
  35.95129	  38.39638	   7.50000	       11B
  38.71678	  29.86153	   7.50000	       10B
  38.71678	  34.12895	   7.50000	       11B
  38.71678	  38.39638	   7.50000	       10B
  41.48226	  29.86153	   7.50000	       11B
  41.48226	  34.12895	   7.50000	       11B
  41.48226	  38.39638	   7.50000	       11B
  44.24775	  29.86153	   7.50000	       11B
  44.24775	  34.12895	   7.50000	       11B
  44.24775	  38.39638	   7.50000	       11B
  47.01323	  29.86153	   7.50000	       11B
  47.01323	  34.12895	   7.50000	       11B
  47.01323	  38.39638	   7.50000	       10B
  26.27210	  29.17365	   7.50000	       14N
  26.27210	  33.44108	   7.50000	       14N
  26.27210	  37.70851	   7.50000	       14N
  29.03758	  29.17365	   7.50000	       14N
  29.03758	  33.44108	   7.50000	       14N
  29.03758	  37.70851	   7.50000	       14N
  31.80307	  29.17365	   7.50000	       14N
  31.80307	  33.44108	   7.50000	       14N
  31.80307	  37.70851	   7.50000	       14N
  34.56855	  29.17365	   7.50000	       14N
  34.56855	  33.44108	   7.50000	       14N
  34.56855	  37.70851	   7.50000	       14N
  37.33404	  29.17365	   7.50000	       14N
  37.33404	  33.44108	   7.50000	       14N
  37.33404	  37.70851	   7.50000	       14N
  40.09952	  29.17365	   7.50000	       14N
  40.09952	  33.44108	   7.50000	       14N
  40.09952	  37.70851	   7.50000	       14N
  42.86501	  29.17365	   7.50000	       14N
  42.86501	  33.44108	   7.50000	       14N
  42.86501	  37.70851	   7.50000	       14N
  45.63049	  29.17365	   7.50000	       14N
  45.63049	  33.44108	   7.50000	       14N
  45.63049	  37.70851	   7.50000	       14N
  48.39597	  29.17365	   7.50000	       14N
  48.39597	  33.44108	   7.50000	       14N
  48.39597	  37.70851	   7.50000	       14N
  24.88936	  27.03993	   7.50000	       14N
  24.88936	  31.30736	   7.50000	       14N
  24.88936	  35.57479	   7.50000	       14N
  27.65484	  27.03993	   7.50000	       14N
  27.65484	  31.30736	   7.50000	       14N
  27.65484	  35.57479	   7.50000	       14N
  30.42033	  27.03993	   7.50000	       14N
  30.42033	  31.30736	   7.50000	       14N
  30.42033	  35.57479	   7.50000	       14N
  33.18581	  27.03993	   7.50000	       14N
  33.18581	  31.30736	   7.50000	       14N
  33.18581	  35.57479	   7.50000	       14N
  35.95129	  27.03993	   7.50000	       14N
  35.95129	  31.30736	   7.50000	       14N
  35.95129	  35.57479	   7.50000	       14N
  38.71678	  27.03993	   7.50000	       14N
  38.71678	  31.30736	   7.50000	       14N
  38.71678	  35.57479	   7.50000	       14N
  41.48226	  27.03993	   7.50000	       14N
  41.48226	  31.30736	   7.50000	       14N
  41.48226	  35.57479	   7.50000	       14N
  44.24775	  27.03993	   7.50000	       14N
  44.24775	  31.30736	   7.50000	       14N
  44.24775	  35.57479	   7.50000	       14N
  47.01323	  27.03993	   7.50000	       14N
  47.01323	  31.30736	   7.50000	       14N
  47.01323	  35.57479	   7.50000	       14N
  26.26449	  40.51798	   7.50000	       11B
  26.26037	  44.78831	   7.50000	       11B
  26.26558	  49.05496	   7.50000	       11B
  29.01363	  40.51849	   7.50000	       11B
  28.99780	  44.79358	   7.50000	       11B
  29.02077	  49.05936	   7.50000	       11B
  31.76758	  40.52163	   7.50000	       11B
  31.71825	  44.80196	   7.50000	       11B
  31.78421	  49.06798	   7.50000	       10B
  34.53521	  40.53746	   7.50000	       11B
  34.40432	  44.81112	   7.50000	       11B
  34.56455	  49.06974	   7.50000	       11B
  37.33404	  40.59370	   7.50000	       11B
  37.33404	  49.06828	   7.50000	       11B
  40.13287	  40.53746	   7.50000	       11B
  40.26376	  44.81112	   7.50000	       11B
  40.10352	  49.06974	   7.50000	       11B
  42.90049	  40.52163	   7.50000	       11B
  42.94982	  44.80196	   7.50000	       11B
  42.88386	  49.06798	   7.50000	       11B
  45.65445	  40.51849	   7.50000	       11B
  45.67027	  44.79358	   7.50000	       11B
  45.64730	  49.05936	   7.50000	       11B
  48.40359	  40.51798	   7.50000	       11B
  48.40770	  44.78831	   7.50000	       11B
  48.40249	  49.05496	   7.50000	       11B
  24.88936	  42.65208	   7.50000	       11B
  24.88936	  46.92143	   7.50000	       11B
  24.88936	  51.18671	   7.50000	       10B
  27.63337	  42.65344	   7.50000	       10B
  27.63796	  46.92522	   7.50000	       11B
  27.64221	  51.18753	   7.50000	       11B
  30.37497	  42.65647	   7.50000	       11B
  30.39054	  46.93362	   7.50000	       11B
  30.40027	  51.19147	   7.50000	       11B
  33.11466	  42.66210	   7.50000	       10B
  33.15329	  46.94488	   7.50000	       10B
  33.16973	  51.19814	   7.50000	       10B
  35.90321	  42.70927	   7.50000	       10B
  35.96420	  46.89897	   7.50000	       11B
  35.95169	  51.22439	   7.50000	       11B
  38.76486	  42.70927	   7.50000	       10B
  38.70388	  46.89897	   7.50000	       11B
  38.71638	  51.22439	   7.50000	       11B
  41.55341	  42.66210	   7.50000	       11B
  41.51479	  46.94488	   7.50000	       11B
  41.49834	  51.19814	   7.50000	       11B
  44.29311	  42.65647	   7.50000	       11B
  44.27753	  46.93362	   7.50000	       11B
  44.26780	  51.19147	   7.50000	       11B
  47.03470	  42.65344	   7.50000	       11B
  47.03011	  46.92522	   7.50000	       11B
  47.02586	  51.18753	   7.50000	       10B
  26.26012	  41.96332	   7.50000	       14N
  26.26038	  46.23422	   7.50000	       14N
  26.26322	  50.50045	   7.50000	       14N
  29.00042	  41.96361	   7.50000	       14N
  29.00166	  46.24000	   7.50000	       14N
  29.01389	  50.50427	   7.50000	       14N
  31.73974	  41.96323	   7.50000	       14N
  31.74224	  46.25094	   7.50000	       14N
  31.77456	  50.51297	   7.50000	       14N
  34.48744	  41.96718	   7.50000	       14N
  34.48900	  46.26126	   7.50000	       14N
  34.55649	  50.52375	   7.50000	       14N
  37.33404	  42.04272	   7.50000	       14N
  37.33404	  50.52847	   7.50000	       14N
  40.18063	  41.96718	   7.50000	       14N
  40.17907	  46.26126	   7.50000	       14N
  40.11158	  50.52375	   7.50000	       14N
  42.92834	  41.96323	   7.50000	       14N
  42.92584	  46.25094	   7.50000	       14N
  42.89352	  50.51297	   7.50000	       14N
  45.66765	  41.96361	   7.50000	       14N
  45.66641	  46.24000	   7.50000	       14N
  45.65418	  50.50427	   7.50000	       14N
  48.40796	  41.96332	   7.50000	       14N
  48.40769	  46.23422	   7.50000	       14N
  48.40485	  50.50045	   7.50000	       14N
  24.88936	  39.82986	   7.50000	       14N
  24.88936	  44.09800	   7.50000	       14N
  24.88936	  48.36726	   7.50000	       14N
  27.63568	  39.83038	   7.50000	       14N
  27.62538	  44.09975	   7.50000	       14N
  27.63635	  48.37074	   7.50000	       14N
  30.38520	  39.83260	   7.50000	       14N
  30.35114	  44.10332	   7.50000	       14N
  30.38803	  48.38001	   7.50000	       14N
  33.14722	  39.83816	   7.50000	       14N
  33.04384	  44.10638	   7.50000	       14N
  33.15122	  48.39464	   7.50000	       14N
  35.94070	  39.87194	   7.50000	       14N
  35.93690	  48.38412	   7.50000	       14N
  38.72738	  39.87194	   7.50000	       14N
  38.73117	  48.38412	   7.50000	       14N
  41.52085	  39.83816	   7.50000	       14N
  41.62423	  44.10638	   7.50000	       14N
  41.51686	  48.39464	   7.50000	       14N
  44.28288	  39.83260	   7.50000	       14N
  44.31694	  44.10332	   7.50000	       14N
  44.28005	  48.38001	   7.50000	       14N
  47.03239	  39.83038	   7.50000	       14N
  47.04269	  44.09975	   7.50000	       14N
  47.03172	  48.37074	   7.50000	       14N
  39.05467	  44.06355	   7.50000	       14N
  35.61341	  44.06355	   7.50000	       14N
  37.33404	  46.34440	   7.50000	       14N
  26.27210	  53.33239	   7.50000	       11B
  26.27210	  57.59981	   7.50000	       11B
  26.27210	  61.86724	   7.50000	       11B
  29.03758	  53.33239	   7.50000	       11B
  29.03758	  57.59981	   7.50000	       11B
  29.03758	  61.86724	   7.50000	       11B
  31.80307	  53.33239	   7.50000	       11B
  31.80307	  57.59981	   7.50000	       11B
  31.80307	  61.86724	   7.50000	       11B
  34.56855	  53.33239	   7.50000	       11B
  34.56855	  57.59981	   7.50000	       11B
  34.56855	  61.86724	   7.50000	       11B
  37.33404	  53.33239	   7.50000	       11B
  37.33404	  57.59981	   7.50000	       11B
  37.33404	  61.86724	   7.50000	       11B
  40.09952	  53.33239	   7.50000	       10B
  40.09952	  57.59981	   7.50000	       11B
  40.09952	  61.86724	   7.50000	       11B
  42.86501	  53.33239	   7.50000	       11B
  42.86501	  57.59981	   7.50000	       10B
  42.86501	  61.86724	   7.50000	       11B
  45.63049	  53.33239	   7.50000	       11B
  45.63049	  57.59981	   7.50000	       11B
  45.63049	  61.86724	   7.50000	       11B
  48.39597	  53.33239	   7.50000	       11B
  48.39597	  57.59981	   7.50000	       11B
  48.39597	  61.86724	   7.50000	       10B
  24.88936	  55.46610	   7.50000	       11B
  24.88936	  59.73352	   7.50000	       11B
  24.88936	  64.00095	   7.50000	       11B
  27.65484	  55.46610	   7.50000	       10B
  27.65484	  59.73352	   7.50000	       11B
  27.65484	  64.00095	   7.50000	       10B
  30.42033	  55.46610	   7.50000	       11B
  30.42033	  59.73352	   7.50000	       11B
  30.42033	  64.00095	   7.50000	       11B
  33.18581	  55.46610	   7.50000	       11B
  33.18581	  59.73352	   7.50000	       11B
  33.18581	  64.00095	   7.50000	       11B
  35.95129	  55.46610	   7.50000	       11B
  35.95129	  59.73352	   7.50000	       11B
  35.95129	  64.00095	   7.50000	       11B
  38.71678	  55.46610	   7.50000	       10B
  38.71678	  59.73352	   7.50000	       10B
  38.71678	  64.00095	   7.50000	       11B
  41.48226	  55.46610	   7.50000	       11B
  41.48226	  59.73352	   7.50000	       10B
  41.48226	  64.00095	   7.50000	       11B
  44.24775	  55.46610	   7.50000	       11B
  44.24775	  59.73352	   7.50000	       10B
  44.24775	  64.00095	   7.50000	       11B
  47.01323	  55.46610	   7.50000	       11B
  47.01323	  59.73352	   7.50000	       11B
  47.01323	  64.00095	   7.50000	       10B
  26.27210	  54.77822	   7.50000	       14N
  26.27210	  59.04565	   7.50000	       14N
  26.27210	  63.31308	   7.50000	       14N
  29.03758	  54.77822	   7.50000	       14N
  29.03758	  59.04565	   7.50000	       14N
  29.03758	  63.31308	   7.50000	       14N
  31.80307	  54.77822	   7.50000	       14N
  31.80307	  59.04565	   7.50000	       14N
  31.80307	  63.31308	   7.50000	       14N
  34.56855	  54.77822	   7.50000	       14N
  34.56855	  59.04565	   7.50000	       14N
  34.56855	  63.31308	   7.50000	       14N
  37.33404	  54.77822	   7.50000	       14N
  37.33404	  59.04565	   7.50000	       14N
  37.33404	  63.31308	   7.50000	       14N
  40.09952	  54.77822	   7.50000	       14N
  40.09952	  59.04565	   7.50000	       14N
  40.09952	  63.31308	   7.50000	       14N
  42.86501	  54.77822	   7.50000	       14N
  42.86501	  59.04565	   7.50000	       14N
  42.86501	  63.31308	   7.50000	       14N
  45.63049	  54.77822	   7.50000	       14N
  45.63049	  59.04565	   7.50000	       14N
  45.63049	  63.31308	   7.50000	       14N
  48.39597	  54.77822	   7.50000	       14N
  48.39597	  59.04565	   7.50000	       14N
  48.39597	  63.31308	   7.50000	       14N
  24.88936	  52.64451	   7.50000	       14N
  24.88936	  56.91193	   7.50000	       14N
  24.88936	  61.17936	   7.50000	       14N
  27.65484	  52.64451	   7.50000	       14N
  27.65484	  56.91193	   7.50000	       14N
  27.65484	  61.17936	   7.50000	       14N
  30.42033	  52.64451	   7.50000	       14N
  30.42033	  56.91193	   7.50000	       14N
  30.42033	  61.17936	   7.50000	       14N
  33.18581	  52.64451	   7.50000	       14N
  33.18581	  56.91193	   7.50000	       14N
  33.18581	  61.17936	   7.50000	       14N
  35.95129	  52.64451	   7.50000	       14N
  35.95129	  56.91193	   7.50000	       14N
  35.95129	  61.17936	   7.50000	       14N
  38.71678	  52.64451	   7.50000	       14N
  38.71678	  56.91193	   7.50000	       14N
  38.71678	  61.17936	   7.50000	       14N
  41.48226	  52.64451	   7.50000	       14N
  41.48226	  56.91193	   7.50000	       14N
  41.48226	  61.17936	   7.50000	       14N
  44.24775	  52.64451	   7.50000	       14N
  44.24775	  56.91193	   7.50000	       14N
  44.24775	  61.17936	   7.50000	       14N
  47.01323	  52.64451	   7.50000	       14N
  47.01323	  56.91193	   7.50000	       14N
  47.01323	  61.17936	   7.50000	       14N
  26.27210	  66.13467	   7.50000	       10B
  26.27210	  70.40210	   7.50000	       10B
  26.27210	  74.66953	   7.50000	       11B
  29.03758	  66.13467	   7.50000	       11B
  29.03758	  70.40210	   7.50000	       11B
  29.03758	  74.66953	   7.50000	       11B
  31.80307	  66.13467	   7.50000	       10B
  31.80307	  70.40210	   7.50000	       11B
  31.80307	  74.66953	   7.50000	       11B
  34.56855	  66.13467	   7.50000	       11B
  34.56855	  70.40210	   7.50000	       11B
  34.56855	  74.66953	   7.50000	       10B
  37.33404	  66.13467	   7.50000	       11B
  37.33404	  70.40210	   7.50000	       11B
  37.33404	  74.66953	   7.50000	       10B
  40.09952	  66.13467	   7.50000	       11B
  40.09952	  70.40210	   7.50000	       11B
  40.09952	  74.66953	   7.50000	       10B
  42.86501	  66.13467	   7.50000	       10B
  42.86501	  70.40210	   7.50000	       10B
  42.86501	  74.66953	   7.50000	       10B
  45.63049	  66.13467	   7.50000	       11B
  45.63049	  70.40210	   7.50000	       11B
  45.63049	  74.66953	   7.50000	       11B
  48.39597	  66.13467	   7.50000	       11B
  48.39597	  70.40210	   7.50000	       11B
  48.39597	  74.66953	   7.50000	       11B
  24.88936	  68.26838	   7.50000	       11B
  24.88936	  72.53581	   7.50000	       11B
  24.88936	  76.80324	   7.50000	       11B
  27.65484	  68.26838	   7.50000	       11B
  27.65484	  72.53581	   7.50000	       11B
  27.65484	  76.80324	   7.50000	       11B
  30.42033	  68.26838	   7.50000	       10B
  30.42033	  72.53581	   7.50000	       11B
  30.42033	  76.80324	   7.50000	       10B
  33.18581	  68.26838	   7.50000	       10B
  33.18581	  72.53581	   7.50000	       11B
  33.18581	  76.80324	   7.50000	       10B
  35.95129	  68.26838	   7.50000	       10B
  35.95129	  72.53581	   7.50000	       11B
  35.95129	  76.80324	   7.50000	       10B
  38.71678	  68.26838	   7.50000	       10B
  38.71678	  72.53581	   7.50000	       10B
  38.71678	  76.80324	   7.50000	       10B
  41.48226	  68.26838	   7.50000	       11B
  41.48226	  72.53581	   7.50000	       11B
  41.48226	  76.80324	   7.50000	       11B
  44.24775	  68.26838	   7.50000	       11B
  44.24775	  72.53581	   7.50000	       11B
  44.24775	  76.80324	   7.50000	       11B
  47.01323	  68.26838	   7.50000	       11B
  47.01323	  72.53581	   7.50000	       11B
  47.01323	  76.80324	   7.50000	       11B
  26.27210	  67.58051	   7.50000	       14N
  26.27210	  71.84794	   7.50000	       14N
  26.27210	  76.11536	   7.50000	       14N
  29.03758	  67.58051	   7.50000	       14N
  29.03758	  71.84794	   7.50000	       14N
  29.03758	  76.11536	   7.50000	       14N
  31.80307	  67.58051	   7.50000	       14N
  31.80307	  71.84794	   7.50000	       14N
  31.80307	  76.11536	   7.50000	       14N
  34.56855	  67.58051	   7.50000	       14N
  34.56855	  71.84794	   7.50000	       14N
  34.56855	  76.11536	   7.50000	       14N
  37.33404	  67.58051	   7.50000	       14N
  37.33404	  71.84794	   7.50000	       14N
  37.33404	  76.11536	   7.50000	       14N
  40.09952	  67.58051	   7.50000	       14N
  40.09952	  71.84794	   7.50000	       14N
  40.09952	  76.11536	   7.50000	       14N
  42.86501	  67.58051	   7.50000	       14N
  42.86501	  71.84794	   7.50000	       14N
  42.86501	  76.11536	   7.50000	       14N
  45.63049	  67.58051	   7.50000	       14N
  45.63049	  71.84794	   7.50000	       14N
  45.63049	  76.11536	   7.50000	       14N
  48.39597	  67.58051	   7.50000	       14N
  48.39597	  71.84794	   7.50000	       14N
  48.39597	  76.11536	   7.50000	       14N
  24.88936	  65.44679	   7.50000	       14N
  24.88936	  69.71422	   7.50000	       14N
  24.88936	  73.98165	   7.50000	       14N
  27.65484	  65.44679	   7.50000	       14N
  27.65484	  69.71422	   7.50000	       14N
  27.65484	  73.98165	   7.50000	       14N
  30.42033	  65.44679	   7.50000	       14N
  30.42033	  69.71422	   7.50000	       14N
  30.42033	  73.98165	   7.50000	       14N
  33.18581	  65.44679	   7.50000	       14N
  33.18581	  69.71422	   7.50000	       14N
  33.18581	  73.98165	   7.50000	       14N
  35.95129	  65.44679	   7.50000	       14N
  35.95129	  69.71422	   7.50000	       14N
  35.95129	  73.98165	   7.50000	       14N
  38.71678	  65.44679	   7.50000	       14N
  38.71678	  69.71422	   7.50000	       14N
  38.71678	  73.98165	   7.50000	       14N
  41.48226	  65.44679	   7.50000	       14N
  41.48226	  69.71422	   7.50000	       14N
  41.48226	  73.98165	   7.50000	       14N
  44.24775	  65.44679	   7.50000	       14N
  44.24775	  69.71422	   7.50000	       14N
  44.24775	  73.98165	   7.50000	       14N
  47.01323	  65.44679	   7.50000	       14N
  47.01323	  69.71422	   7.50000	       14N
  47.01323	  73.98165	   7.50000	       14N
  26.27210	  78.93696	   7.50000	       10B
  29.03758	  78.93696	   7.50000	       11B
  31.80307	  78.93696	   7.50000	       11B
  34.56855	  78.93696	   7.50000	       11B
  37.33404	  78.93696	   7.50000	       11B
  40.09952	  78.93696	   7.50000	       11B
  42.86501	  78.93696	   7.50000	       10B
  45.63049	  78.93696	   7.50000	       10B
  48.39597	  78.93696	   7.50000	       11B
  24.88936	  78.24908	   7.50000	       14N
  27.65484	  78.24908	   7.50000	       14N
  30.42033	  78.24908	   7.50000	       14N
  33.18581	  78.24908	   7.50000	       14N
  35.95129	  78.24908	   7.50000	       14N
  38.71678	  78.24908	   7.50000	       14N
  41.48226	  78.24908	   7.50000	       14N
  44.24775	  78.24908	   7.50000	       14N
  47.01323	  78.24908	   7.50000	       14N
  51.16146	   2.12324	   7.50000	       11B
  51.16146	   6.39067	   7.50000	       11B
  51.16146	  10.65810	   7.50000	       11B
  53.92694	   2.12324	   7.50000	       11B
  53.92694	   6.39067	   7.50000	       10B
  53.92694	  10.65810	   7.50000	       11B
  56.69243	   2.12324	   7.50000	       11B
  56.69243	   6.39067	   7.50000	       11B
  56.69243	  10.65810	   7.50000	       10B
  59.45791	   2.12324	   7.50000	       11B
  59.45791	   6.39067	   7.50000	       11B
  59.45791	  10.65810	   7.50000	       11B
  62.22339	   2.12324	   7.50000	       10B
  62.22339	   6.39067	   7.50000	       11B
  62.22339	  10.65810	   7.50000	       11B
  64.98888	   2.12324	   7.50000	       10B
  64.98888	   6.39067	   7.50000	       11B
  64.98888	  10.65810	   7.50000	       10B
  67.75436	   2.12324	   7.50000	       11B
  67.75436	   6.39067	   7.50000	       10B
  67.75436	  10.65810	   7.50000	       11B
  70.51985	   2.12324	   7.50000	       10B
  70.51985	   6.39067	   7.50000	       10B
  70.51985	  10.65810	   7.50000	       11B
  73.28533	   2.12324	   7.50000	       10B
  73.28533	   6.39067	   7.50000	       11B
  73.28533	  10.65810	   7.50000	       10B
  49.77872	   4.25696	   7.50000	       11B
  49.77872	   8.52438	   7.50000	       11B
  49.77872	  12.79181	   7.50000	       11B
  52.54420	   4.25696	   7.50000	       10B
  52.54420	   8.52438	   7.50000	       10B
  52.54420	  12.79181	   7.50000	       11B
  55.30968	   4.25696	   7.50000	       10B
  55.30968	   8.52438	   7.50000	       10B
  55.30968	  12.79181	   7.50000	       11B
  58.07517	   4.25696	   7.50000	       11B
  58.07517	   8.52438	   7.50000	       11B
  58.07517	  12.79181	   7.50000	       11B
  60.84065	   4.25696	   7.50000	       11B
  60.84065	   8.52438	   7.50000	       11B
  60.84065	  12.79181	   7.50000	       11B
  63.60614	   4.25696	   7.50000	       11B
  63.60614	   8.52438	   7.50000	       11B
  63.60614	  12.79181	   7.50000	       11B
  66.37162	   4.25696	   7.50000	       10B
  66.37162	   8.52438	   7.50000	       10B
  66.37162	  12.79181	   7.50000	       11B
  69.13711	   4.25696	   7.50000	       11B
  69.13711	   8.52438	   7.50000	       11B
  69.13711	  12.79181	   7.50000	       11B
  71.90259	   4.25696	   7.50000	       11B
  71.90259	   8.52438	   7.50000	       11B
  71.90259	  12.79181	   7.50000	       11B
  51.16146	   3.56908	   7.50000	       14N
  51.16146	   7.83651	   7.50000	       14N
  51.16146	  12.10394	   7.50000	       14N
  53.92694	   3.56908	   7.50000	       14N
  53.92694	   7.83651	   7.50000	       14N
  53.92694	  12.10394	   7.50000	       14N
  56.69243	   3.56908	   7.50000	       14N
  56.69243	   7.83651	   7.50000	       14N
  56.69243	  12.10394	   7.50000	       14N
  59.45791	   3.56908	   7.50000	       14N
  59.45791	   7.83651	   7.50000	       14N
  59.45791	  12.10394	   7.50000	       14N
  62.22339	   3.56908	   7.50000	       14N
  62.22339	   7.83651	   7.50000	       14N
  62.22339	  12.10394	   7.50000	       14N
  64.98888	   3.56908	   7.50000	       14N
  64.98888	   7.83651	   7.50000	       14N
  64.98888	  12.10394	   7.50000	       14N
  67.75436	   3.56908	   7.50000	       14N
  67.75436	   7.83651	   7.50000	       14N
  67.75436	  12.10394	   7.50000	       14N
  70.51985	   3.56908	   7.50000	       14N
  70.51985	   7.83651	   7.50000	       14N
  70.51985	  12.10394	   7.50000	       14N
  73.28533	   3.56908	   7.50000	       14N
  73.28533	   7.83651	   7.50000	       14N
  73.28533	  12.10394	   7.50000	       14N
  49.77872	   1.43536	   7.50000	       14N
  49.77872	   5.70279	   7.50000	       14N
  49.77872	   9.97022	   7.50000	       14N
  52.54420	   1.43536	   7.50000	       14N
  52.54420	   5.70279	   7.50000	       14N
  52.54420	   9.97022	   7.50000	       14N
  55.30968	   1.43536	   7.50000	       14N
  55.30968	   5.70279	   7.50000	       14N
  55.30968	   9.97022	   7.50000	       14N
  58.07517	   1.43536	   7.50000	       14N
  58.07517	   5.70279	   7.50000	       14N
  58.07517	   9.97022	   7.50000	       14N
  60.84065	   1.43536	   7.50000	       14N
  60.84065	   5.70279	   7.50000	       14N
  60.84065	   9.97022	   7.50000	       14N
  63.60614	   1.43536	   7.50000	       14N
  63.60614	   5.70279	   7.50000	       14N
  63.60614	   9.97022	   7.50000	       14N
  66.37162	   1.43536	   7.50000	       14N
  66.37162	   5.70279	   7.50000	       14N
  66.37162	   9.97022	   7.50000	       14N
  69.13711	   1.43536	   7.50000	       14N
  69.13711	   5.70279	   7.50000	       14N
  69.13711	   9.97022	   7.50000	       14N
  71.90259	   1.43536	   7.50000	       14N
  71.90259	   5.70279	   7.50000	       14N
  71.90259	   9.97022	   7.50000	       14N
  51.16146	  14.92553	   7.50000	       10B
  51.16146	  19.19296	   7.50000	       10B
  51.16146	  23.46039	   7.50000	       11B
  53.92694	  14.92553	   7.50000	       11B
  53.92694	  19.19296	   7.50000	       11B
  53.92694	  23.46039	   7.50000	       11B
  56.69243	  14.92553	   7.50000	       11B
  56.69243	  19.19296	   7.50000	       11B
  56.69243	  23.46039	   7.50000	       10B
  59.45791	  14.92553	   7.50000	       11B
  59.45791	  19.19296	   7.50000	       11B
  59.45791	  23.46039	   7.50000	       10B
  62.22339	  14.92553	   7.50000	       11B
  62.22339	  19.19296	   7.50000	       10B
  62.22339	  23.46039	   7.50000	       11B
  64.98888	  14.92553	   7.50000	       11B
  64.98888	  19.19296	   7.50000	       11B
  64.98888	  23.46039	   7.50000	       11B
  67.75436	  14.92553	   7.50000	       10B
  67.75436	  19.19296	   7.50000	       10B
  67.75436	  23.46039	   7.50000	       10B
  70.51985	  14.92553	   7.50000	       11B
  70.51985	  19.19296	   7.50000	       11B
  70.51985	  23.46039	   7.50000	       11B
  73.28533	  14.92553	   7.50000	       11B
  73.28533	  19.19296	   7.50000	       11B
  73.28533	  23.46039	   7.50000	       10B
  49.77872	  17.05924	   7.50000	       11B
  49.77872	  21.32667	   7.50000	       11B
  49.77872	  25.59410	   7.50000	       11B
  52.54420	  17.05924	   7.50000	       11B
  52.54420	  21.32667	   7.50000	       10B
  52.54420	  25.59410	   7.50000	       11B
  55.30968	  17.05924	   7.50000	       11B
  55.30968	  21.32667	   7.50000	       11B
  55.30968	  25.59410	   7.50000	       11B
  58.07517	  17.05924	   7.50000	       11B
  58.07517	  21.32667	   7.50000	       11B
  58.07517	  25.59410	   7.50000	       11B
  60.84065	  17.05924	   7.50000	       11B
  60.84065	  21.32667	   7.50000	       11B
  60.84065	  25.59410	   7.50000	       10B
  63.60614	  17.05924	   7.50000	       11B
  63.60614	  21.32667	   7.50000	       11B
  63.60614	  25.59410	   7.50000	       11B
  66.37162	  17.05924	   7.50000	       11B
  66.37162	  21.32667	   7.50000	       10B
  66.37162	  25.59410	   7.50000	       11B
  69.13711	  17.05924	   7.50000	       11B
  69.13711	  21.32667	   7.50000	       10B
  69.13711	  25.59410	   7.50000	       11B
  71.90259	  17.05924	   7.50000	       11B
  71.90259	  21.32667	   7.50000	       11B
  71.90259	  25.59410	   7.50000	       11B
  51.16146	  16.37137	   7.50000	       14N
  51.16146	  20.63880	   7.50000	       14N
  51.16146	  24.90622	   7.50000	       14N
  53.92694	  16.37137	   7.50000	       14N
  53.92694	  20.63880	   7.50000	       14N
  53.92694	  24.90622	   7.50000	       14N
  56.69243	  16.37137	   7.50000	       14N
  56.69243	  20.63880	   7.50000	       14N
  56.69243	  24.90622	   7.50000	       14N
  59.45791	  16.37137	   7.50000	       14N
  59.45791	  20.63880	   7.50000	       14N
  59.45791	  24.90622	   7.50000	       14N
  62.22339	  16.37137	   7.50000	       14N
  62.22339	  20.63880	   7.50000	       14N
  62.22339	  24.90622	   7.50000	       14N
  64.98888	  16.37137	   7.50000	       14N
  64.98888	  20.63880	   7.50000	       14N
  64.98888	  24.90622	   7.50000	       14N
  67.75436	  16.37137	   7.50000	       14N
  67.75436	  20.63880	   7.50000	       14N
  67.75436	  24.90622	   7.50000	       14N
  70.51985	  16.37137	   7.50000	       14N
  70.51985	  20.63880	   7.50000	       14N
  70.51985	  24.90622	   7.50000	       14N
  73.28533	  16.37137	   7.50000	       14N
  73.28533	  20.63880	   7.50000	       14N
  73.28533	  24.90622	   7.50000	       14N
  49.77872	  14.23765	   7.50000	       14N
  49.77872	  18.50508	   7.50000	       14N
  49.77872	  22.77251	   7.50000	       14N
  52.54420	  14.23765	   7.50000	       14N
  52.54420	  18.50508	   7.50000	       14N
  52.54420	  22.77251	   7.50000	       14N
  55.30968	  14.23765	   7.50000	       15N
  55.30968	  18.50508	   7.50000	       14N
  55.30968	  22.77251	   7.50000	       14N
  58.07517	  14.23765	   7.50000	       14N
  58.07517	  18.50508	   7.50000	       14N
  58.07517	  22.77251	   7.50000	       14N
  60.84065	  14.23765	   7.50000	       14N
  60.84065	  18.50508	   7.50000	       14N
  60.84065	  22.77251	   7.50000	       14N
  63.60614	  14.23765	   7.50000	       14N
  63.60614	  18.50508	   7.50000	       14N
  63.60614	  22.77251	   7.50000	       14N
  66.37162	  14.23765	   7.50000	       14N
  66.37162	  18.50508	   7.50000	       14N
  66.37162	  22.77251	   7.50000	       14N
  69.13711	  14.23765	   7.50000	       14N
  69.13711	  18.50508	   7.50000	       14N
  69.13711	  22.77251	   7.50000	       14N
  71.90259	  14.23765	   7.50000	       14N
  71.90259	  18.50508	   7.50000	       14N
  71.90259	  22.77251	   7.50000	       14N
  51.16146	  27.72781	   7.50000	       11B
  51.16146	  31.99524	   7.50000	       10B
  51.16146	  36.26267	   7.50000	       10B
  53.92694	  27.72781	   7.50000	       11B
  53.92694	  31.99524	   7.50000	       11B
  53.92694	  36.26267	   7.50000	       11B
  56.69243	  27.72781	   7.50000	       11B
  56.69243	  31.99524	   7.50000	       11B
  56.69243	  36.26267	   7.50000	       11B
  59.45791	  27.72781	   7.50000	       11B
  59.45791	  31.99524	   7.50000	       10B
  59.45791	  36.26267	   7.50000	       11B
  62.22339	  27.72781	   7.50000	       11B
  62.22339	  31.99524	   7.50000	       11B
  62.22339	  36.26267	   7.50000	       11B
  64.98888	  27.72781	   7.50000	       11B
  64.98888	  31.99524	   7.50000	       11B
  64.98888	  36.26267	   7.50000	       11B
  67.75436	  27.72781	   7.50000	       11B
  67.75436	  31.99524	   7.50000	       11B
  67.75436	  36.26267	   7.50000	       11B
  70.51985	  27.72781	   7.50000	       11B
  70.51985	  31.99524	   7.50000	       11B
  70.51985	  36.26267	   7.50000	       11B
  73.28533	  27.72781	   7.50000	       11B
  73.28533	  31.99524	   7.50000	       11B
  73.28533	  36.26267	   7.50000	       11B
  49.77872	  29.86153	   7.50000	       11B
  49.77872	  34.12895	   7.50000	       11B
  49.77872	  38.39638	   7.50000	       11B
  52.54420	  29.86153	   7.50000	       10B
  52.54420	  34.12895	   7.50000	       11B
  52.54420	  38.39638	   7.50000	       11B
  55.30968	  29.86153	   7.50000	       10B
  55.30968	  34.12895	   7.50000	       11B
  55.30968	  38.39638	   7.50000	       11B
  58.07517	  29.86153	   7.50000	       11B
  58.07517	  34.12895	   7.50000	       11B
  58.07517	  38.39638	   7.50000	       11B
  60.84065	  29.86153	   7.50000	       11B
  60.84065	  34.12895	   7.50000	       11B
  60.84065	  38.39638	   7.50000	       10B
  63.60614	  29.86153	   7.50000	       11B
  63.60614	  34.12895	   7.50000	       11B
  63.60614	  38.39638	   7.50000	       11B
  66.37162	  29.86153	   7.50000	       10B
  66.37162	  34.12895	   7.50000	       11B
  66.37162	  38.39638	   7.50000	       10B
  69.13711	  29.86153	   7.50000	       11B
  69.13711	  34.12895	   7.50000	       11B
  69.13711	  38.39638	   7.50000	       11B
  71.90259	  29.86153	   7.50000	       10B
  71.90259	  34.12895	   7.50000	       11B
  71.90259	  38.39638	   7.50000	       11B
  51.16146	  29.17365	   7.50000	       14N
  51.16146	  33.44108	   7.50000	       14N
  51.16146	  37.70851	   7.50000	       14N
  53.92694	  29.17365	   7.50000	       14N
  53.92694	  33.44108	   7.50000	       14N
  53.92694	  37.70851	   7.50000	       14N
  56.69243	  29.17365	   7.50000	       14N
  56.69243	  33.44108	   7.50000	       14N
  56.69243	  37.70851	   7.50000	       14N
  59.45791	  29.17365	   7.50000	       14N
  59.45791	  33.44108	   7.50000	       14N
  59.45791	  37.70851	   7.50000	       14N
  62.22339	  29.17365	   7.50000	       14N
  62.22339	  33.44108	   7.50000	       14N
  62.22339	  37.70851	   7.50000	       14N
  64.98888	  29.17365	   7.50000	       14N
  64.98888	  33.44108	   7.50000	       14N
  64.98888	  37.70851	   7.50000	       14N
  67.75436	  29.17365	   7.50000	       14N
  67.75436	  33.44108	   7.50000	       14N
  67.75436	  37.70851	   7.50000	       14N
  70.51985	  29.17365	   7.50000	       14N
  70.51985	  33.44108	   7.50000	       14N
  70.51985	  37.70851	   7.50000	       14N
  73.28533	  29.17365	   7.50000	       14N
  73.28533	  33.44108	   7.50000	       14N
  73.28533	  37.70851	   7.50000	       14N
  49.77872	  27.03993	   7.50000	       14N
  49.77872	  31.30736	   7.50000	       14N
  49.77872	  35.57479	   7.50000	       14N
  52.54420	  27.03993	   7.50000	       14N
  52.54420	  31.30736	   7.50000	       14N
  52.54420	  35.57479	   7.50000	       14N
  55.30968	  27.03993	   7.50000	       14N
  55.30968	  31.30736	   7.50000	       14N
  55.30968	  35.57479	   7.50000	       14N
  58.07517	  27.03993	   7.50000	       14N
  58.07517	  31.30736	   7.50000	       14N
  58.07517	  35.57479	   7.50000	       14N
  60.84065	  27.03993	   7.50000	       14N
  60.84065	  31.30736	   7.50000	       14N
  60.84065	  35.57479	   7.50000	       14N
  63.60614	  27.03993	   7.50000	       14N
  63.60614	  31.30736	   7.50000	       14N
  63.60614	  35.57479	   7.50000	       14N
  66.37162	  27.03993	   7.50000	       14N
  66.37162	  31.30736	   7.50000	       14N
  66.37162	  35.57479	   7.50000	       14N
  69.13711	  27.03993	   7.50000	       14N
  69.13711	  31.30736	   7.50000	       14N
  69.13711	  35.57479	   7.50000	       14N
  71.90259	  27.03993	   7.50000	       14N
  71.90259	  31.30736	   7.50000	       14N
  71.90259	  35.57479	   7.50000	       14N
  51.16146	  40.53010	   7.50000	       11B
  51.16146	  44.79753	   7.50000	       11B
  51.16146	  49.06496	   7.50000	       11B
  53.92694	  40.53010	   7.50000	       11B
  53.92694	  44.79753	   7.50000	       11B
  53.92694	  49.06496	   7.50000	       11B
  56.69243	  40.53010	   7.50000	       10B
  56.69243	  44.79753	   7.50000	       11B
  56.69243	  49.06496	   7.50000	       11B
  59.45791	  40.53010	   7.50000	       11B
  59.45791	  44.79753	   7.50000	       11B
  59.45791	  49.06496	   7.50000	       11B
  62.22339	  40.53010	   7.50000	       10B
  62.22339	  44.79753	   7.50000	       11B
  62.22339	  49.06496	   7.50000	       11B
  64.98888	  40.53010	   7.50000	       11B
  64.98888	  44.79753	   7.50000	       11B
  64.98888	  49.06496	   7.50000	       10B
  67.75436	  40.53010	   7.50000	       11B
  67.75436	  44.79753	   7.50000	       11B
  67.75436	  49.06496	   7.50000	       11B
  70.51985	  40.53010	   7.50000	       10B
  70.51985	  44.79753	   7.50000	       11B
  70.51985	  49.06496	   7.50000	       11B
  73.28533	  40.53010	   7.50000	       11B
  73.28533	  44.79753	   7.50000	       11B
  73.28533	  49.06496	   7.50000	       11B
  49.77872	  42.66381	   7.50000	       11B
  49.77872	  46.93124	   7.50000	       10B
  49.77872	  51.19867	   7.50000	       11B
  52.54420	  42.66381	   7.50000	       11B
  52.54420	  46.93124	   7.50000	       11B
  52.54420	  51.19867	   7.50000	       10B
  55.30968	  42.66381	   7.50000	       10B
  55.30968	  46.93124	   7.50000	       11B
  55.30968	  51.19867	   7.50000	       10B
  58.07517	  42.66381	   7.50000	       11B
  58.07517	  46.93124	   7.50000	       10B
  58.07517	  51.19867	   7.50000	       10B
  60.84065	  42.66381	   7.50000	       10B
  60.84065	  46.93124	   7.50000	       10B
  60.84065	  51.19867	   7.50000	       11B
  63.60614	  42.66381	   7.50000	       11B
  63.60614	  46.93124	   7.50000	       11B
  63.60614	  51.19867	   7.50000	       11B
  66.37162	  42.66381	   7.50000	       11B
  66.37162	  46.93124	   7.50000	       11B
  66.37162	  51.19867	   7.50000	       11B
  69.13711	  42.66381	   7.50000	       11B
  69.13711	  46.93124	   7.50000	       11B
  69.13711	  51.19867	   7.50000	       11B
  71.90259	  42.66381	   7.50000	       10B
  71.90259	  46.93124	   7.50000	       11B
  71.90259	  51.19867	   7.50000	       10B
  51.16146	  41.97594	   7.50000	       14N
  51.16146	  46.24337	   7.50000	       14N
  51.16146	  50.51079	   7.50000	       14N
  53.92694	  41.97594	   7.50000	       14N
  53.92694	  46.24337	   7.50000	       14N
  53.92694	  50.51079	   7.50000	       14N
  56.69243	  41.97594	   7.50000	       14N
  56.69243	  46.24337	   7.50000	       14N
  56.69243	  50.51079	   7.50000	       14N
  59.45791	  41.97594	   7.50000	       14N
  59.45791	  46.24337	   7.50000	       14N
  59.45791	  50.51079	   7.50000	       14N
  62.22339	  41.97594	   7.50000	       14N
  62.22339	  46.24337	   7.50000	       14N
  62.22339	  50.51079	   7.50000	       14N
  64.98888	  41.97594	   7.50000	       14N
  64.98888	  46.24337	   7.50000	       14N
  64.98888	  50.51079	   7.50000	       14N
  67.75436	  41.97594	   7.50000	       14N
  67.75436	  46.24337	   7.50000	       14N
  67.75436	  50.51079	   7.50000	       14N
  70.51985	  41.97594	   7.50000	       14N
  70.51985	  46.24337	   7.50000	       14N
  70.51985	  50.51079	   7.50000	       14N
  73.28533	  41.97594	   7.50000	       14N
  73.28533	  46.24337	   7.50000	       14N
  73.28533	  50.51079	   7.50000	       14N
  49.77872	  39.84222	   7.50000	       14N
  49.77872	  44.10965	   7.50000	       14N
  49.77872	  48.37708	   7.50000	       14N
  52.54420	  39.84222	   7.50000	       14N
  52.54420	  44.10965	   7.50000	       14N
  52.54420	  48.37708	   7.50000	       14N
  55.30968	  39.84222	   7.50000	       14N
  55.30968	  44.10965	   7.50000	       14N
  55.30968	  48.37708	   7.50000	       14N
  58.07517	  39.84222	   7.50000	       14N
  58.07517	  44.10965	   7.50000	       14N
  58.07517	  48.37708	   7.50000	       14N
  60.84065	  39.84222	   7.50000	       14N
  60.84065	  44.10965	   7.50000	       14N
  60.84065	  48.37708	   7.50000	       14N
  63.60614	  39.84222	   7.50000	       14N
  63.60614	  44.10965	   7.50000	       14N
  63.60614	  48.37708	   7.50000	       14N
  66.37162	  39.84222	   7.50000	       14N
  66.37162	  44.10965	   7.50000	       14N
  66.37162	  48.37708	   7.50000	       14N
  69.13711	  39.84222	   7.50000	       14N
  69.13711	  44.10965	   7.50000	       14N
  69.13711	  48.37708	   7.50000	       14N
  71.90259	  39.84222	   7.50000	       14N
  71.90259	  44.10965	   7.50000	       14N
  71.90259	  48.37708	   7.50000	       14N
  51.16146	  53.33239	   7.50000	       11B
  51.16146	  57.59981	   7.50000	       10B
  51.16146	  61.86724	   7.50000	       11B
  53.92694	  53.33239	   7.50000	       11B
  53.92694	  57.59981	   7.50000	       11B
  53.92694	  61.86724	   7.50000	       11B
  56.69243	  53.33239	   7.50000	       10B
  56.69243	  57.59981	   7.50000	       10B
  56.69243	  61.86724	   7.50000	       10B
  59.45791	  53.33239	   7.50000	       11B
  59.45791	  57.59981	   7.50000	       11B
  59.45791	  61.86724	   7.50000	       11B
  62.22339	  53.33239	   7.50000	       11B
  62.22339	  57.59981	   7.50000	       11B
  62.22339	  61.86724	   7.50000	       11B
  64.98888	  53.33239	   7.50000	       11B
  64.98888	  57.59981	   7.50000	       11B
  64.98888	  61.86724	   7.50000	       11B
  67.75436	  53.33239	   7.50000	       11B
  67.75436	  57.59981	   7.50000	       11B
  67.75436	  61.86724	   7.50000	       10B
  70.51985	  53.33239	   7.50000	       11B
  70.51985	  57.59981	   7.50000	       11B
  70.51985	  61.86724	   7.50000	       11B
  73.28533	  53.33239	   7.50000	       11B
  73.28533	  57.59981	   7.50000	       11B
  73.28533	  61.86724	   7.50000	       11B
  49.77872	  55.46610	   7.50000	       11B
  49.77872	  59.73352	   7.50000	       11B
  49.77872	  64.00095	   7.50000	       11B
  52.54420	  55.46610	   7.50000	       10B
  52.54420	  59.73352	   7.50000	       11B
  52.54420	  64.00095	   7.50000	       11B
  55.30968	  55.46610	   7.50000	       11B
  55.30968	  59.73352	   7.50000	       11B
  55.30968	  64.00095	   7.50000	       11B
  58.07517	  55.46610	   7.50000	       11B
  58.07517	  59.73352	   7.50000	       11B
  58.07517	  64.00095	   7.50000	       11B
  60.84065	  55.46610	   7.50000	       10B
  60.84065	  59.73352	   7.50000	       10B
  60.84065	  64.00095	   7.50000	       11B
  63.60614	  55.46610	   7.50000	       11B
  63.60614	  59.73352	   7.50000	       11B
  63.60614	  64.00095	   7.50000	       11B
  66.37162	  55.46610	   7.50000	       11B
  66.37162	  59.73352	   7.50000	       11B
  66.37162	  64.00095	   7.50000	       11B
  69.13711	  55.46610	   7.50000	       11B
  69.13711	  59.73352	   7.50000	       11B
  69.13711	  64.00095	   7.50000	       10B
  71.90259	  55.46610	   7.50000	       11B
  71.90259	  59.73352	   7.50000	       11B
  71.90259	  64.00095	   7.50000	       11B
  51.16146	  54.77822	   7.50000	       14N
  51.16146	  59.04565	   7.50000	       14N
  51.16146	  63.31308	   7.50000	       14N
  53.92694	  54.77822	   7.50000	       14N
  53.92694	  59.04565	   7.50000	       14N
  53.92694	  63.31308	   7.50000	       14N
  56.69243	  54.77822	   7.50000	       14N
  56.69243	  59.04565	   7.50000	       14N
  56.69243	  63.31308	   7.50000	       14N
  59.45791	  54.77822	   7.50000	       14N
  59.45791	  59.04565	   7.50000	       14N
  59.45791	  63.31308	   7.50000	       14N
  62.22339	  54.77822	   7.50000	       14N
  62.22339	  59.04565	   7.50000	       14N
  62.22339	  63.31308	   7.50000	       14N
  64.98888	  54.77822	   7.50000	       14N
  64.98888	  59.04565	   7.50000	       14N
  64.98888	  63.31308	   7.50000	       14N
  67.75436	  54.77822	   7.50000	       14N
  67.75436	  59.04565	   7.50000	       14N
  67.75436	  63.31308	   7.50000	       14N
  70.51985	  54.77822	   7.50000	       14N
  70.51985	  59.04565	   7.50000	       14N
  70.51985	  63.31308	   7.50000	       14N
  73.28533	  54.77822	   7.50000	       14N
  73.28533	  59.04565	   7.50000	       14N
  73.28533	  63.31308	   7.50000	       14N
  49.77872	  52.64451	   7.50000	       14N
  49.77872	  56.91193	   7.50000	       14N
  49.77872	  61.17936	   7.50000	       14N
  52.54420	  52.64451	   7.50000	       14N
  52.54420	  56.91193	   7.50000	       14N
  52.54420	  61.17936	   7.50000	       14N
  55.30968	  52.64451	   7.50000	       14N
  55.30968	  56.91193	   7.50000	       14N
  55.30968	  61.17936	   7.50000	       14N
  58.07517	  52.64451	   7.50000	       14N
  58.07517	  56.91193	   7.50000	       14N
  58.07517	  61.17936	   7.50000	       14N
  60.84065	  52.64451	   7.50000	       14N
  60.84065	  56.91193	   7.50000	       14N
  60.84065	  61.17936	   7.50000	       14N
  63.60614	  52.64451	   7.50000	       14N
  63.60614	  56.91193	   7.50000	       14N
  63.60614	  61.17936	   7.50000	       14N
  66.37162	  52.64451	   7.50000	       14N
  66.37162	  56.91193	   7.50000	       14N
  66.37162	  61.17936	   7.50000	       14N
  69.13711	  52.64451	   7.50000	       14N
  69.13711	  56.91193	   7.50000	       14N
  69.13711	  61.17936	   7.50000	       14N
  71.90259	  52.64451	   7.50000	       14N
  71.90259	  56.91193	   7.50000	       14N
  71.90259	  61.17936	   7.50000	       14N
  51.16146	  66.13467	   7.50000	       11B
  51.16146	  70.40210	   7.50000	       11B
  51.16146	  74.66953	   7.50000	       11B
  53.92694	  66.13467	   7.50000	       11B
  53.92694	  70.40210	   7.50000	       11B
  53.92694	  74.66953	   7.50000	       11B
  56.69243	  66.13467	   7.50000	       11B
  56.69243	  70.40210	   7.50000	       11B
  56.69243	  74.66953	   7.50000	       11B
  59.45791	  66.13467	   7.50000	       11B
  59.45791	  70.40210	   7.50000	       11B
  59.45791	  74.66953	   7.50000	       10B
  62.22339	  66.13467	   7.50000	       10B
  62.22339	  70.40210	   7.50000	       11B
  62.22339	  74.66953	   7.50000	       11B
  64.98888	  66.13467	   7.50000	       10B
  64.98888	  70.40210	   7.50000	       11B
  64.98888	  74.66953	   7.50000	       11B
  67.75436	  66.13467	   7.50000	       11B
  67.75436	  70.40210	   7.50000	       11B
  67.75436	  74.66953	   7.50000	       11B
  70.51985	  66.13467	   7.50000	       11B
  70.51985	  70.40210	   7.50000	       10B
  70.51985	  74.66953	   7.50000	       11B
  73.28533	  66.13467	   7.50000	       11B
  73.28533	  70.40210	   7.50000	       11B
  73.28533	  74.66953	   7.50000	       10B
  49.77872	  68.26838	   7.50000	       11B
  49.77872	  72.53581	   7.50000	       11B
  49.77872	  76.80324	   7.50000	       11B
  52.54420	  68.26838	   7.50000	       10B
  52.54420	  72.53581	   7.50000	       11B
  52.54420	  76.80324	   7.50000	       11B
  55.30968	  68.26838	   7.50000	       11B
  55.30968	  72.53581	   7.50000	       10B
  55.30968	  76.80324	   7.50000	       10B
  58.07517	  68.26838	   7.50000	       11B
  58.07517	  72.53581	   7.50000	       11B
  58.07517	  76.80324	   7.50000	       11B
  60.84065	  68.26838	   7.50000	       11B
  60.84065	  72.53581	   7.50000	       11B
  60.84065	  76.80324	   7.50000	       11B
  63.60614	  68.26838	   7.50000	       11B
  63.60614	  72.53581	   7.50000	       11B
  63.60614	  76.80324	   7.50000	       11B
  66.37162	  68.26838	   7.50000	       11B
  66.37162	  72.53581	   7.50000	       11B
  66.37162	  76.80324	   7.50000	       11B
  69.13711	  68.26838	   7.50000	       11B
  69.13711	  72.53581	   7.50000	       10B
  69.13711	  76.80324	   7.50000	       11B
  71.90259	  68.26838	   7.50000	       11B
  71.90259	  72.53581	   7.50000	       11B
  71.90259	  76.80324	   7.50000	       10B
  51.16146	  67.58051	   7.50000	       14N
  51.16146	  71.84794	   7.50000	       14N
  51.16146	  76.11536	   7.50000	       14N
  53.92694	  67.58051	   7.50000	       14N
  53.92694	  71.84794	   7.50000	       14N
  53.92694	  76.11536	   7.50000	       14N
  56.69243	  67.58051	   7.50000	       14N
  56.69243	  71.84794	   7.50000	       14N
  56.69243	  76.11536	   7.50000	       14N
  59.45791	  67.58051	   7.50000	       14N
  59.45791	  71.84794	   7.50000	       14N
  59.45791	  76.11536	   7.50000	       14N
  62.22339	  67.58051	   7.50000	       14N
  62.22339	  71.84794	   7.50000	       14N
  62.22339	  76.11536	   7.50000	       14N
  64.98888	  67.58051	   7.50000	       14N
  64.98888	  71.84794	   7.50000	       14N
  64.98888	  76.11536	   7.50000	       14N
  67.75436	  67.58051	   7.50000	       14N
  67.75436	  71.84794	   7.50000	       14N
  67.75436	  76.11536	   7.50000	       14N
  70.51985	  67.58051	   7.50000	       14N
  70.51985	  71.84794	   7.50000	       14N
  70.51985	  76.11536	   7.50000	       14N
  73.28533	  67.58051	   7.50000	       14N
  73.28533	  71.84794	   7.50000	       14N
  73.28533	  76.11536	   7.50000	       14N
  49.77872	  65.44679	   7.50000	       14N
  49.77872	  69.71422	   7.50000	       14N
  49.77872	  73.98165	   7.50000	       14N
  52.54420	  65.44679	   7.50000	       14N
  52.54420	  69.71422	   7.50000	       14N
  52.54420	  73.98165	   7.50000	       14N
  55.30968	  65.44679	   7.50000	       14N
  55.30968	  69.71422	   7.50000	       14N
  55.30968	  73.98165	   7.50000	       14N
  58.07517	  65.44679	   7.50000	       14N
  58.07517	  69.71422	   7.50000	       14N
  58.07517	  73.98165	   7.50000	       14N
  60.84065	  65.44679	   7.50000	       14N
  60.84065	  69.71422	   7.50000	       14N
  60.84065	  73.98165	   7.50000	       14N
  63.60614	  65.44679	   7.50000	       14N
  63.60614	  69.71422	   7.50000	       14N
  63.60614	  73.98165	   7.50000	       14N
  66.37162	  65.44679	   7.50000	       14N
  66.37162	  69.71422	   7.50000	       14N
  66.37162	  73.98165	   7.50000	       14N
  69.13711	  65.44679	   7.50000	       14N
  69.13711	  69.71422	   7.50000	       14N
  69.13711	  73.98165	   7.50000	       14N
  71.90259	  65.44679	   7.50000	       14N
  71.90259	  69.71422	   7.50000	       14N
  71.90259	  73.98165	   7.50000	       14N
  51.16146	  78.93696	   7.50000	       11B
  53.92694	  78.93696	   7.50000	       11B
  56.69243	  78.93696	   7.50000	       11B
  59.45791	  78.93696	   7.50000	       11B
  62.22339	  78.93696	   7.50000	       10B
  64.98888	  78.93696	   7.50000	       11B
  67.75436	  78.93696	   7.50000	       11B
  70.51985	  78.93696	   7.50000	       11B
  73.28533	  78.93696	   7.50000	       11B
  49.77872	  78.24908	   7.50000	       14N
  52.54420	  78.24908	   7.50000	       14N
  55.30968	  78.24908	   7.50000	       14N
  58.07517	  78.24908	   7.50000	       14N
  60.84065	  78.24908	   7.50000	       14N
  63.60614	  78.24908	   7.50000	       14N
  66.37162	  78.24908	   7.50000	       14N
  69.13711	  78.24908	   7.50000	       14N
  71.90259	  78.24908	   7.50000	       14N
  76.05082	   2.12324	   7.50000	       11B
  76.05082	   6.39067	   7.50000	       11B
  76.05082	  10.65810	   7.50000	       11B
  78.81630	   2.12324	   7.50000	       11B
  78.81630	   6.39067	   7.50000	       11B
  78.81630	  10.65810	   7.50000	       11B
  74.66807	   4.25696	   7.50000	       11B
  74.66807	   8.52438	   7.50000	       11B
  74.66807	  12.79181	   7.50000	       11B
  77.43356	   4.25696	   7.50000	       11B
  77.43356	   8.52438	   7.50000	       11B
  77.43356	  12.79181	   7.50000	       11B
  76.05082	   3.56908	   7.50000	       14N
  76.05082	   7.83651	   7.50000	       14N
  76.05082	  12.10394	   7.50000	       14N
  78.81630	   3.56908	   7.50000	       14N
  78.81630	   7.83651	   7.50000	       14N
  78.81630	  12.10394	   7.50000	       14N
  74.66807	   1.43536	   7.50000	       14N
  74.66807	   5.70279	   7.50000	       14N
  74.66807	   9.97022	   7.50000	       14N
  77.43356	   1.43536	   7.50000	       14N
  77.43356	   5.70279	   7.50000	       14N
  77.43356	   9.97022	   7.50000	       14N
  76.05082	  14.92553	   7.50000	       11B
  76.05082	  19.19296	   7.50000	       10B
  76.05082	  23.46039	   7.50000	       10B
  78.81630	  14.92553	   7.50000	       11B
  78.81630	  19.19296	   7.50000	       11B
  78.81630	  23.46039	   7.50000	       11B
  74.66807	  17.05924	   7.50000	       11B
  74.66807	  21.32667	   7.50000	       10B
  74.66807	  25.59410	   7.50000	       11B
  77.43356	  17.05924	   7.50000	       11B
  77.43356	  21.32667	   7.50000	       11B
  77.43356	  25.59410	   7.50000	       11B
  76.05082	  16.37137	   7.50000	       14N
  76.05082	  20.63880	   7.50000	       14N
  76.05082	  24.90622	   7.50000	       14N
  78.81630	  16.37137	   7.50000	       14N
  78.81630	  20.63880	   7.50000	       14N
  78.81630	  24.90622	   7.50000	       14N
  74.66807	  14.23765	   7.50000	       14N
  74.66807	  18.50508	   7.50000	       14N
  74.66807	  22.77251	   7.50000	       14N
  77.43356	  14.23765	   7.50000	       14N
  77.43356	  18.50508	   7.50000	       14N
  77.43356	  22.77251	   7.50000	       14N
  76.05082	  27.72781	   7.50000	       11B
  76.05082	  31.99524	   7.50000	       11B
  76.05082	  36.26267	   7.50000	       11B
  78.81630	  27.72781	   7.50000	       11B
  78.81630	  31.99524	   7.50000	       10B
  78.81630	  36.26267	   7.50000	       11B
  74.66807	  29.86153	   7.50000	       11B
  74.66807	  34.12895	   7.50000	       10B
  74.66807	  38.39638	   7.50000	       10B
  77.43356	  29.86153	   7.50000	       11B
  77.43356	  34.12895	   7.50000	       10B
  77.43356	  38.39638	   7.50000	       11B
  76.05082	  29.17365	   7.50000	       14N
  76.05082	  33.44108	   7.50000	       14N
  76.05082	  37.70851	   7.50000	       14N
  78.81630	  29.17365	   7.50000	       14N
  78.81630	  33.44108	   7.50000	       14N
  78.81630	  37.70851	   7.50000	       14N
  74.66807	  27.03993	   7.50000	       14N
  74.66807	  31.30736	   7.50000	       14N
  74.66807	  35.57479	   7.50000	       14N
  77.43356	  27.03993	   7.50000	       14N
  77.43356	  31.30736	   7.50000	       14N
  77.43356	  35.57479	   7.50000	       14N
  76.05082	  40.53010	   7.50000	       10B
  76.05082	  44.79753	   7.50000	       11B
  76.05082	  49.06496	   7.50000	       11B
  78.81630	  40.53010	   7.50000	       11B
  78.81630	  44.79753	   7.50000	       11B
  78.81630	  49.06496	   7.50000	       11B
  74.66807	  42.66381	   7.50000	       11B
  74.66807	  46.93124	   7.50000	       11B
  74.66807	  51.19867	   7.50000	       11B
  77.43356	  42.66381	   7.50000	       11B
  77.43356	  46.93124	   7.50000	       11B
  77.43356	  51.19867	   7.50000	       11B
  76.05082	  41.97594	   7.50000	       14N
  76.05082	  46.24337	   7.50000	       14N
  76.05082	  50.51079	   7.50000	       14N
  78.81630	  41.97594	   7.50000	       14N
  78.81630	  46.24337	   7.50000	       14N
  78.81630	  50.51079	   7.50000	       14N
  74.66807	  39.84222	   7.50000	       14N
  74.66807	  44.10965	   7.50000	       14N
  74.66807	  48.37708	   7.50000	       14N
  77.43356	  39.84222	   7.50000	       14N
  77.43356	  44.10965	   7.50000	       14N
  77.43356	  48.37708	   7.50000	       14N
  76.05082	  53.33239	   7.50000	       11B
  76.05082	  57.59981	   7.50000	       10B
  76.05082	  61.86724	   7.50000	       11B
  78.81630	  53.33239	   7.50000	       10B
  78.81630	  57.59981	   7.50000	       11B
  78.81630	  61.86724	   7.50000	       10B
  74.66807	  55.46610	   7.50000	       10B
  74.66807	  59.73352	   7.50000	       11B
  74.66807	  64.00095	   7.50000	       11B
  77.43356	  55.46610	   7.50000	       10B
  77.43356	  59.73352	   7.50000	       11B
  77.43356	  64.00095	   7.50000	       11B
  76.05082	  54.77822	   7.50000	       14N
  76.05082	  59.04565	   7.50000	       14N
  76.05082	  63.31308	   7.50000	       14N
  78.81630	  54.77822	   7.50000	       14N
  78.81630	  59.04565	   7.50000	       14N
  78.81630	  63.31308	   7.50000	       14N
  74.66807	  52.64451	   7.50000	       14N
  74.66807	  56.91193	   7.50000	       14N
  74.66807	  61.17936	   7.50000	       14N
  77.43356	  52.64451	   7.50000	       14N
  77.43356	  56.91193	   7.50000	       14N
  77.43356	  61.17936	   7.50000	       14N
  76.05082	  66.13467	   7.50000	       10B
  76.05082	  70.40210	   7.50000	       11B
  76.05082	  74.66953	   7.50000	       11B
  78.81630	  66.13467	   7.50000	       11B
  78.81630	  70.40210	   7.50000	       11B
  78.81630	  74.66953	   7.50000	       11B
  74.66807	  68.26838	   7.50000	       11B
  74.66807	  72.53581	   7.50000	       11B
  74.66807	  76.80324	   7.50000	       11B
  77.43356	  68.26838	   7.50000	       11B
  77.43356	  72.53581	   7.50000	       11B
  77.43356	  76.80324	   7.50000	       11B
  76.05082	  67.58051	   7.50000	       14N
  76.05082	  71.84794	   7.50000	       14N
  76.05082	  76.11536	   7.50000	       14N
  78.81630	  67.58051	   7.50000	       14N
  78.81630	  71.84794	   7.50000	       14N
  78.81630	  76.11536	   7.50000	       14N
  74.66807	  65.44679	   7.50000	       14N
  74.66807	  69.71422	   7.50000	       14N
  74.66807	  73.98165	   7.50000	       14N
  77.43356	  65.44679	   7.50000	       14N
  77.43356	  69.71422	   7.50000	       14N
  77.43356	  73.98165	   7.50000	       14N
  76.05082	  78.93696	   7.50000	       11B
  78.81630	  78.93696	   7.50000	       11B
  74.66807	  78.24908	   7.50000	       14N
  77.43356	  78.24908	   7.50000	       14N
