--------------------------------------------------------------------------------------------------------------------------------------------------------------------------
  AtomName	    r_1i_X	    r_1i_Y	    r_1i_Z	     EFGxx	     EFGxy	     EFGxz	     EFGyx	     EFGyy	     EFGyz	     EFGzx	     EFGzy	     EFGzz	[Hatree/Bohr_radius^2]
--------------------------------------------------------------------------------------------------------------------------------------------------------------------------
10B  eQ___:	  8.459000	[Q/milibarn]*(10^-1)
11B  eQ___:	  4.059000	[Q/milibarn]*(10^-1)
14N  eQ___:	  2.044000	[Q/milibarn]*(10^-1)
15N  eQ___:	  0.000000	[Q/milibarn]*(10^-1)
10B  etc____:	---       	---       	---       	  -0.13103	  -0.00000	   0.00000	  -0.00000	  -0.19272	  -0.00000	   0.00000	  -0.00000	   0.32376
11B  etc____:	---       	---       	---       	  -0.13103	  -0.00000	   0.00000	  -0.00000	  -0.19272	  -0.00000	   0.00000	  -0.00000	   0.32376
14N  etc____:	---       	---       	---       	   0.23010	   0.00000	  -0.00000	   0.00000	  -0.14218	  -0.00000	  -0.00000	  -0.00000	  -0.08794
15N  etc____:	---       	---       	---       	   0.23010	   0.00000	  -0.00000	   0.00000	  -0.14218	  -0.00000	  -0.00000	  -0.00000	  -0.08794
MinDif[A]:	 -12.44468	  -6.40173	   0.00000
MaxDif[A]:	  11.07392	   6.37431	   0.00000
--------------------------------------------------------------------------------------------------------------------------------------------------------------------------
B         	 -11.06955	  -4.30585	   0.00000	  -0.13046	   0.00344	  -0.00000	   0.00344	  -0.19320	  -0.00000	  -0.00000	  -0.00000	   0.32366
B         	 -11.07366	  -0.03552	   0.00000	  -0.13171	   0.00420	   0.00000	   0.00420	  -0.19323	  -0.00000	   0.00000	  -0.00000	   0.32495
B         	 -11.06845	   4.23113	   0.00000	  -0.13155	   0.00449	  -0.00000	   0.00449	  -0.19242	  -0.00000	  -0.00000	  -0.00000	   0.32397
B         	  -8.32041	  -4.30534	   0.00000	  -0.12948	   0.00842	   0.00000	   0.00842	  -0.19327	  -0.00000	   0.00000	  -0.00000	   0.32275
B         	  -8.33623	  -0.03025	   0.00000	  -0.13226	   0.01260	   0.00000	   0.01260	  -0.19354	  -0.00000	   0.00000	  -0.00000	   0.32580
B         	  -8.31327	   4.23553	   0.00000	  -0.13115	   0.01364	   0.00000	   0.01364	  -0.19205	  -0.00000	   0.00000	  -0.00000	   0.32319
B         	  -5.56646	  -4.30220	   0.00000	  -0.12320	   0.01180	   0.00000	   0.01180	  -0.19614	   0.00000	   0.00000	   0.00000	   0.31935
B         	  -5.61578	  -0.02187	   0.00000	  -0.13591	   0.02366	  -0.00000	   0.02366	  -0.19296	   0.00000	  -0.00000	   0.00000	   0.32887
B         	  -5.54983	   4.24415	   0.00000	  -0.13042	   0.02137	  -0.00000	   0.02137	  -0.19035	   0.00000	  -0.00000	   0.00000	   0.32077
B         	  -2.79883	  -4.28637	   0.00000	  -0.10894	   0.01376	   0.00000	   0.01376	  -0.20319	  -0.00000	   0.00000	  -0.00000	   0.31213
B         	  -2.92972	  -0.01271	   0.00000	  -0.12318	   0.05054	   0.00000	   0.05054	  -0.20254	  -0.00000	   0.00000	  -0.00000	   0.32572
B         	  -2.76948	   4.24591	   0.00000	  -0.12984	   0.02232	   0.00000	   0.02232	  -0.18488	   0.00000	   0.00000	   0.00000	   0.31471
B         	   0.00000	  -4.23013	   0.00000	  -0.09733	  -0.00000	   0.00000	  -0.00000	  -0.20619	   0.00000	   0.00000	   0.00000	   0.30352
B         	   0.00000	   4.24445	   0.00000	  -0.13337	  -0.00000	   0.00000	  -0.00000	  -0.17817	   0.00000	   0.00000	   0.00000	   0.31153
B         	   2.79883	  -4.28637	   0.00000	  -0.10894	  -0.01376	  -0.00000	  -0.01376	  -0.20319	   0.00000	  -0.00000	   0.00000	   0.31213
B         	   2.92972	  -0.01271	   0.00000	  -0.12318	  -0.05054	   0.00000	  -0.05054	  -0.20254	  -0.00000	   0.00000	  -0.00000	   0.32572
B         	   2.76948	   4.24591	   0.00000	  -0.12984	  -0.02232	  -0.00000	  -0.02232	  -0.18488	  -0.00000	  -0.00000	  -0.00000	   0.31471
B         	   5.56646	  -4.30220	   0.00000	  -0.12320	  -0.01180	   0.00000	  -0.01180	  -0.19614	   0.00000	   0.00000	   0.00000	   0.31935
B         	   5.61578	  -0.02187	   0.00000	  -0.13591	  -0.02366	   0.00000	  -0.02366	  -0.19296	   0.00000	   0.00000	   0.00000	   0.32887
B         	   5.54983	   4.24415	   0.00000	  -0.13042	  -0.02137	   0.00000	  -0.02137	  -0.19035	  -0.00000	   0.00000	  -0.00000	   0.32077
B         	   8.32041	  -4.30534	   0.00000	  -0.12948	  -0.00842	   0.00000	  -0.00842	  -0.19327	   0.00000	   0.00000	   0.00000	   0.32275
B         	   8.33623	  -0.03025	   0.00000	  -0.13226	  -0.01260	   0.00000	  -0.01260	  -0.19354	   0.00000	   0.00000	   0.00000	   0.32580
B         	   8.31327	   4.23553	   0.00000	  -0.13115	  -0.01364	  -0.00000	  -0.01364	  -0.19205	   0.00000	  -0.00000	   0.00000	   0.32319
B         	  11.06955	  -4.30585	   0.00000	  -0.13046	  -0.00344	  -0.00000	  -0.00344	  -0.19320	   0.00000	  -0.00000	   0.00000	   0.32366
B         	  11.07366	  -0.03552	   0.00000	  -0.13171	  -0.00420	  -0.00000	  -0.00420	  -0.19323	   0.00000	  -0.00000	   0.00000	   0.32495
B         	  11.06845	   4.23113	   0.00000	  -0.13155	  -0.00449	  -0.00000	  -0.00449	  -0.19242	  -0.00000	  -0.00000	  -0.00000	   0.32397
B         	 -12.44468	  -2.17175	   0.00000	  -0.13096	  -0.00000	   0.00000	  -0.00000	  -0.19315	  -0.00000	   0.00000	  -0.00000	   0.32412
B         	 -12.44468	   2.09760	   0.00000	  -0.13195	  -0.00000	  -0.00000	  -0.00000	  -0.19254	  -0.00000	  -0.00000	  -0.00000	   0.32449
B         	 -12.44468	   6.36288	   0.00000	  -0.13103	  -0.00000	   0.00000	  -0.00000	  -0.19272	  -0.00000	   0.00000	  -0.00000	   0.32376
B         	  -9.70066	  -2.17039	   0.00000	  -0.13085	   0.00635	  -0.00000	   0.00635	  -0.19308	   0.00000	  -0.00000	   0.00000	   0.32394
B         	  -9.69608	   2.10139	   0.00000	  -0.13159	   0.01011	  -0.00000	   0.01011	  -0.19272	   0.00000	  -0.00000	   0.00000	   0.32430
B         	  -9.69182	   6.36370	   0.00000	  -0.13079	   0.00701	   0.00000	   0.00701	  -0.19253	  -0.00000	   0.00000	  -0.00000	   0.32332
B         	  -6.95907	  -2.16736	   0.00000	  -0.12951	   0.01257	  -0.00000	   0.01257	  -0.19309	  -0.00000	  -0.00000	  -0.00000	   0.32259
B         	  -6.94350	   2.10979	   0.00000	  -0.13247	   0.02396	  -0.00000	   0.02396	  -0.19075	   0.00000	  -0.00000	   0.00000	   0.32323
B         	  -6.93377	   6.36764	   0.00000	  -0.12829	   0.01289	   0.00000	   0.01289	  -0.19347	   0.00000	   0.00000	   0.00000	   0.32175
B         	  -4.21938	  -2.16173	   0.00000	  -0.12197	   0.01935	  -0.00000	   0.01935	  -0.19293	  -0.00000	  -0.00000	  -0.00000	   0.31490
B         	  -4.18075	   2.12105	   0.00000	  -0.13318	   0.04173	  -0.00000	   0.04173	  -0.18361	  -0.00000	  -0.00000	  -0.00000	   0.31680
B         	  -4.16431	   6.37431	   0.00000	  -0.12368	   0.01403	   0.00000	   0.01403	  -0.19519	  -0.00000	   0.00000	  -0.00000	   0.31886
B         	  -1.43082	  -2.11456	   0.00000	  -0.07561	   0.06996	  -0.00000	   0.06996	  -0.20443	  -0.00000	  -0.00000	  -0.00000	   0.28003
B         	  -1.36984	   2.07514	   0.00000	  -0.15671	   0.04378	   0.00000	   0.04378	  -0.13370	  -0.00000	   0.00000	  -0.00000	   0.29041
B         	  -1.38234	  -6.40173	   0.00000	  -0.11826	   0.00928	   0.00000	   0.00928	  -0.19492	   0.00000	   0.00000	   0.00000	   0.31318
B         	   1.43082	  -2.11456	   0.00000	  -0.07561	  -0.06996	  -0.00000	  -0.06996	  -0.20443	   0.00000	  -0.00000	   0.00000	   0.28003
B         	   1.36984	   2.07514	   0.00000	  -0.15671	  -0.04378	   0.00000	  -0.04378	  -0.13370	   0.00000	   0.00000	   0.00000	   0.29041
B         	   1.38234	  -6.40173	   0.00000	  -0.11826	  -0.00928	   0.00000	  -0.00928	  -0.19492	   0.00000	   0.00000	   0.00000	   0.31318
B         	   4.21938	  -2.16173	   0.00000	  -0.12197	  -0.01935	  -0.00000	  -0.01935	  -0.19293	  -0.00000	  -0.00000	  -0.00000	   0.31490
B         	   4.18075	   2.12105	   0.00000	  -0.13318	  -0.04173	   0.00000	  -0.04173	  -0.18361	   0.00000	   0.00000	   0.00000	   0.31680
B         	   4.16431	   6.37431	   0.00000	  -0.12368	  -0.01403	   0.00000	  -0.01403	  -0.19519	  -0.00000	   0.00000	  -0.00000	   0.31886
B         	   6.95907	  -2.16736	   0.00000	  -0.12951	  -0.01257	  -0.00000	  -0.01257	  -0.19309	  -0.00000	  -0.00000	  -0.00000	   0.32259
B         	   6.94350	   2.10979	   0.00000	  -0.13247	  -0.02396	  -0.00000	  -0.02396	  -0.19075	   0.00000	  -0.00000	   0.00000	   0.32323
B         	   6.93377	   6.36764	   0.00000	  -0.12829	  -0.01289	   0.00000	  -0.01289	  -0.19347	  -0.00000	   0.00000	  -0.00000	   0.32175
B         	   9.70066	  -2.17039	   0.00000	  -0.13085	  -0.00635	  -0.00000	  -0.00635	  -0.19308	  -0.00000	  -0.00000	  -0.00000	   0.32394
B         	   9.69608	   2.10139	   0.00000	  -0.13159	  -0.01011	  -0.00000	  -0.01011	  -0.19272	  -0.00000	  -0.00000	  -0.00000	   0.32430
B         	   9.69182	   6.36370	   0.00000	  -0.13079	  -0.00702	   0.00000	  -0.00702	  -0.19253	  -0.00000	   0.00000	  -0.00000	   0.32332
N         	 -11.07392	  -2.86052	   0.00000	   0.22295	  -0.00331	   0.00000	  -0.00331	  -0.13839	   0.00000	   0.00000	   0.00000	  -0.08455
N         	 -11.07366	   1.41038	   0.00000	   0.22661	   0.00205	  -0.00000	   0.00205	  -0.13614	   0.00000	  -0.00000	   0.00000	  -0.09047
N         	 -11.07082	   5.67662	   0.00000	   0.23406	  -0.00058	   0.00000	  -0.00058	  -0.14363	   0.00000	   0.00000	   0.00000	  -0.09043
N         	  -8.33361	  -2.86022	   0.00000	   0.21938	  -0.01213	  -0.00000	  -0.01213	  -0.13850	  -0.00000	  -0.00000	  -0.00000	  -0.08088
N         	  -8.33237	   1.41617	   0.00000	   0.22765	   0.00833	  -0.00000	   0.00833	  -0.13422	  -0.00000	  -0.00000	  -0.00000	  -0.09343
N         	  -8.32014	   5.68044	   0.00000	   0.24071	  -0.00125	  -0.00000	  -0.00125	  -0.14884	   0.00000	  -0.00000	   0.00000	  -0.09188
N         	  -5.59430	  -2.86060	   0.00000	   0.21807	  -0.02841	   0.00000	  -0.02841	  -0.14361	   0.00000	   0.00000	   0.00000	  -0.07446
N         	  -5.59180	   1.42711	   0.00000	   0.23471	   0.02692	   0.00000	   0.02692	  -0.13069	  -0.00000	   0.00000	  -0.00000	  -0.10403
N         	  -5.55948	   5.68914	   0.00000	   0.25401	  -0.00025	  -0.00000	  -0.00025	  -0.15704	  -0.00000	  -0.00000	  -0.00000	  -0.09696
N         	  -2.84660	  -2.85665	   0.00000	   0.27449	   0.01176	  -0.00000	   0.01176	  -0.14423	  -0.00000	  -0.00000	  -0.00000	  -0.13025
N         	  -2.84504	   1.43743	   0.00000	   0.26942	   0.06401	  -0.00000	   0.06401	  -0.12628	  -0.00000	  -0.00000	  -0.00000	  -0.14315
N         	  -2.77755	   5.69992	   0.00000	   0.26330	   0.00399	   0.00000	   0.00399	  -0.14463	   0.00000	   0.00000	   0.00000	  -0.11867
N         	   0.00000	  -2.78111	   0.00000	   0.34017	   0.00000	   0.00000	   0.00000	  -0.14251	  -0.00000	   0.00000	  -0.00000	  -0.19767
N         	   0.00000	   5.70464	   0.00000	   0.25207	  -0.00000	  -0.00000	  -0.00000	  -0.13369	   0.00000	  -0.00000	   0.00000	  -0.11839
N         	   2.84660	  -2.85665	   0.00000	   0.27449	  -0.01176	  -0.00000	  -0.01176	  -0.14423	  -0.00000	  -0.00000	  -0.00000	  -0.13025
N         	   2.84504	   1.43743	   0.00000	   0.26942	  -0.06401	   0.00000	  -0.06401	  -0.12628	  -0.00000	   0.00000	  -0.00000	  -0.14315
N         	   2.77755	   5.69992	   0.00000	   0.26330	  -0.00399	   0.00000	  -0.00399	  -0.14463	  -0.00000	   0.00000	  -0.00000	  -0.11867
N         	   5.59430	  -2.86060	   0.00000	   0.21807	   0.02841	  -0.00000	   0.02841	  -0.14361	   0.00000	  -0.00000	   0.00000	  -0.07446
N         	   5.59180	   1.42711	   0.00000	   0.23471	  -0.02692	  -0.00000	  -0.02692	  -0.13069	   0.00000	  -0.00000	   0.00000	  -0.10403
N         	   5.55948	   5.68914	   0.00000	   0.25401	   0.00025	  -0.00000	   0.00025	  -0.15704	  -0.00000	  -0.00000	  -0.00000	  -0.09696
N         	   8.33361	  -2.86022	   0.00000	   0.21938	   0.01213	  -0.00000	   0.01213	  -0.13850	   0.00000	  -0.00000	   0.00000	  -0.08088
N         	   8.33237	   1.41617	   0.00000	   0.22765	  -0.00833	  -0.00000	  -0.00833	  -0.13422	   0.00000	  -0.00000	   0.00000	  -0.09343
N         	   8.32014	   5.68044	   0.00000	   0.24071	   0.00125	  -0.00000	   0.00125	  -0.14884	   0.00000	  -0.00000	   0.00000	  -0.09188
N         	  11.07392	  -2.86052	   0.00000	   0.22295	   0.00331	   0.00000	   0.00331	  -0.13839	  -0.00000	   0.00000	  -0.00000	  -0.08455
N         	  11.07366	   1.41038	   0.00000	   0.22661	  -0.00205	  -0.00000	  -0.00205	  -0.13614	   0.00000	  -0.00000	   0.00000	  -0.09047
N         	  11.07082	   5.67662	   0.00000	   0.23406	   0.00058	   0.00000	   0.00058	  -0.14363	  -0.00000	   0.00000	  -0.00000	  -0.09043
N         	 -12.44468	  -4.99397	   0.00000	   0.23010	   0.00000	  -0.00000	   0.00000	  -0.14218	  -0.00000	  -0.00000	  -0.00000	  -0.08794
N         	 -12.44468	  -0.72583	   0.00000	   0.21887	   0.00000	   0.00000	   0.00000	  -0.13341	  -0.00000	   0.00000	  -0.00000	  -0.08546
N         	 -12.44468	   3.54343	   0.00000	   0.23253	   0.00000	  -0.00000	   0.00000	  -0.14058	  -0.00000	  -0.00000	  -0.00000	  -0.09195
N         	  -9.69835	  -4.99345	   0.00000	   0.23026	  -0.00559	  -0.00000	  -0.00559	  -0.14367	  -0.00000	  -0.00000	  -0.00000	  -0.08660
N         	  -9.70865	  -0.72409	   0.00000	   0.21286	  -0.00271	   0.00000	  -0.00271	  -0.12987	  -0.00000	   0.00000	  -0.00000	  -0.08300
N         	  -9.69769	   3.54691	   0.00000	   0.23546	   0.00310	  -0.00000	   0.00310	  -0.14240	  -0.00000	  -0.00000	  -0.00000	  -0.09306
N         	  -6.94884	  -4.99123	   0.00000	   0.23550	  -0.01296	   0.00000	  -0.01296	  -0.15060	   0.00000	   0.00000	   0.00000	  -0.08490
N         	  -6.98290	  -0.72051	   0.00000	   0.19055	  -0.00861	   0.00000	  -0.00861	  -0.11685	  -0.00000	   0.00000	  -0.00000	  -0.07370
N         	  -6.94601	   3.55618	   0.00000	   0.24576	   0.00953	   0.00000	   0.00953	  -0.14614	   0.00000	   0.00000	   0.00000	  -0.09962
N         	  -4.18681	  -4.98567	   0.00000	   0.25134	  -0.01382	  -0.00000	  -0.01382	  -0.15218	  -0.00000	  -0.00000	  -0.00000	  -0.09916
N         	  -4.29019	  -0.71745	   0.00000	   0.15298	  -0.00509	  -0.00000	  -0.00509	  -0.09375	  -0.00000	  -0.00000	  -0.00000	  -0.05923
N         	  -4.18282	   3.57081	   0.00000	   0.26505	   0.01692	  -0.00000	   0.01692	  -0.15292	  -0.00000	  -0.00000	  -0.00000	  -0.11212
N         	  -1.39334	  -4.95190	   0.00000	   0.27098	   0.01558	   0.00000	   0.01558	  -0.13697	  -0.00000	   0.00000	  -0.00000	  -0.13402
N         	  -1.39713	   3.56029	   0.00000	   0.25276	  -0.00798	  -0.00000	  -0.00798	  -0.10611	   0.00000	  -0.00000	   0.00000	  -0.14665
N         	   1.39334	  -4.95190	   0.00000	   0.27098	  -0.01558	   0.00000	  -0.01558	  -0.13697	   0.00000	   0.00000	   0.00000	  -0.13402
N         	   1.39713	   3.56029	   0.00000	   0.25276	   0.00798	  -0.00000	   0.00798	  -0.10611	   0.00000	  -0.00000	   0.00000	  -0.14665
N         	   4.18681	  -4.98567	   0.00000	   0.25134	   0.01382	  -0.00000	   0.01382	  -0.15218	   0.00000	  -0.00000	   0.00000	  -0.09916
N         	   4.29019	  -0.71745	   0.00000	   0.15298	   0.00509	   0.00000	   0.00509	  -0.09375	  -0.00000	   0.00000	  -0.00000	  -0.05923
N         	   4.18282	   3.57081	   0.00000	   0.26505	  -0.01692	  -0.00000	  -0.01692	  -0.15292	  -0.00000	  -0.00000	  -0.00000	  -0.11212
N         	   6.94884	  -4.99123	   0.00000	   0.23550	   0.01296	   0.00000	   0.01296	  -0.15060	  -0.00000	   0.00000	  -0.00000	  -0.08490
N         	   6.98290	  -0.72051	   0.00000	   0.19056	   0.00861	   0.00000	   0.00861	  -0.11685	  -0.00000	   0.00000	  -0.00000	  -0.07370
N         	   6.94601	   3.55618	   0.00000	   0.24576	  -0.00953	   0.00000	  -0.00953	  -0.14614	  -0.00000	   0.00000	  -0.00000	  -0.09962
N         	   9.69835	  -4.99345	   0.00000	   0.23026	   0.00559	  -0.00000	   0.00559	  -0.14367	  -0.00000	  -0.00000	  -0.00000	  -0.08660
N         	   9.70865	  -0.72409	   0.00000	   0.21286	   0.00271	   0.00000	   0.00271	  -0.12987	  -0.00000	   0.00000	  -0.00000	  -0.08300
N         	   9.69769	   3.54691	   0.00000	   0.23546	  -0.00310	  -0.00000	  -0.00310	  -0.14240	  -0.00000	  -0.00000	  -0.00000	  -0.09306
N         	   1.72063	  -0.76028	   0.00000	   0.19653	  -0.25510	   0.00000	  -0.25510	  -0.05208	  -0.00000	   0.00000	  -0.00000	  -0.14445
N         	  -1.72063	  -0.76028	   0.00000	   0.19653	   0.25510	   0.00000	   0.25510	  -0.05208	   0.00000	   0.00000	   0.00000	  -0.14445
N         	   0.00000	   1.52057	   0.00000	   0.08215	   0.00000	  -0.00000	   0.00000	   0.20651	   0.00000	  -0.00000	   0.00000	  -0.28866
