--------------------------------------------------------------------------------------------------------------------------------------------------------------------------
  AtomName	    r_1i_X	    r_1i_Y	    r_1i_Z	  iso[MHz]	       Axx	       Axy	       Axz	       Ayx	       Ayy	       Ayz	       Azx	       Azy	       Azz
--------------------------------------------------------------------------------------------------------------------------------------------------------------------------
10B  g-factor___:   0.600215 [No-unit]
11B  g-factor___:   1.792433 [No-unit]
14N  g-factor___:   0.403761 [No-unit]
15N  g-factor___:  -0.566378 [No-unit]
10B  etc____:	---       	---       	---       	   0.00000
11B  etc____:	---       	---       	---       	   0.00000
14N  etc____:	---       	---       	---       	   0.00000
15N  etc____:	---       	---       	---       	   0.00000
MinDif[A]:	 -12.44468	  -6.40173	   0.00000
MaxDif[A]:	  11.07392	   6.37431	   0.00000
--------------------------------------------------------------------------------------------------------------------------------------------------------------------------
B         	 -11.06955	  -4.30585	   0.00000	  -0.00000	   0.06098	   0.00000	  -0.00000	   0.00000	  -0.01525	   0.00000	  -0.00000	   0.00000	  -0.04574
B         	 -11.07366	  -0.03552	   0.00000	   0.01525	   0.07623	  -0.00000	  -0.00000	  -0.00000	  -0.03049	  -0.00000	  -0.00000	  -0.00000	  -0.04574
B         	 -11.06845	   4.23113	   0.00000	  -0.00000	   0.06098	  -0.00000	   0.00000	  -0.00000	  -0.01525	   0.00000	   0.00000	   0.00000	  -0.03049
B         	  -8.32041	  -4.30534	   0.00000	  -0.01525	   0.07623	   0.03049	   0.00000	   0.03049	  -0.01525	  -0.00000	   0.00000	  -0.00000	  -0.06098
B         	  -8.33623	  -0.03025	   0.00000	   0.24392	   0.13721	  -0.03049	   0.00000	  -0.03049	  -0.04574	   0.00000	   0.00000	   0.00000	  -0.09147
B         	  -8.31327	   4.23553	   0.00000	  -0.00000	   0.06098	  -0.01525	  -0.00000	  -0.01525	  -0.00000	  -0.00000	  -0.00000	  -0.00000	  -0.06098
B         	  -5.56646	  -4.30220	   0.00000	  -0.19819	   0.13721	   0.09147	  -0.00000	   0.09147	   0.09147	   0.00000	  -0.00000	   0.00000	  -0.21343
B         	  -5.61578	  -0.02187	   0.00000	   2.72889	   0.54883	  -0.38113	   0.00000	  -0.38113	  -0.09147	  -0.00000	   0.00000	  -0.00000	  -0.45736
B         	  -5.54983	   4.24415	   0.00000	   0.04574	   0.07623	  -0.12196	   0.00000	  -0.12196	   0.09147	   0.00000	   0.00000	   0.00000	  -0.16770
B         	  -2.79883	  -4.28637	   0.00000	   5.93038	  -0.71652	  -0.07623	   0.00000	  -0.07623	   1.75320	  -0.00000	   0.00000	  -0.00000	  -1.02143
B         	  -2.92972	  -0.01271	   0.00000	   3.44541	   2.46972	  -2.86610	  -0.00000	  -2.86610	   1.06716	   0.00000	  -0.00000	   0.00000	  -3.53688
B         	  -2.76948	   4.24591	   0.00000	   4.19243	   0.54883	  -0.70128	   0.00000	  -0.70128	   0.13721	  -0.00000	   0.00000	  -0.00000	  -0.68603
B         	   0.00000	  -4.23013	   0.00000	  -0.62505	  -0.12196	   0.00000	  -0.00000	   0.00000	   0.68603	   0.00000	  -0.00000	   0.00000	  -0.56407
B         	   0.00000	   4.24445	   0.00000	  -0.65554	  -0.35064	   0.00000	   0.00000	   0.00000	   1.25011	   0.00000	   0.00000	   0.00000	  -0.89947
B         	   2.79883	  -4.28637	   0.00000	   5.93038	  -0.71652	   0.07623	  -0.00000	   0.07623	   1.75320	  -0.00000	  -0.00000	  -0.00000	  -1.02143
B         	   2.92972	  -0.01271	   0.00000	   3.44541	   2.46972	   2.86610	  -0.00000	   2.86610	   1.06716	   0.00000	  -0.00000	   0.00000	  -3.53688
B         	   2.76948	   4.24591	   0.00000	   4.19243	   0.54883	   0.70128	  -0.00000	   0.70128	   0.13721	  -0.00000	  -0.00000	  -0.00000	  -0.68603
B         	   5.56646	  -4.30220	   0.00000	  -0.19819	   0.13721	  -0.09147	   0.00000	  -0.09147	   0.09147	  -0.00000	   0.00000	  -0.00000	  -0.21343
B         	   5.61578	  -0.02187	   0.00000	   2.72889	   0.54883	   0.38113	   0.00000	   0.38113	  -0.09147	   0.00000	   0.00000	   0.00000	  -0.45736
B         	   5.54983	   4.24415	   0.00000	   0.04574	   0.07623	   0.12196	  -0.00000	   0.12196	   0.09147	   0.00000	  -0.00000	   0.00000	  -0.16770
B         	   8.32041	  -4.30534	   0.00000	  -0.01525	   0.07623	  -0.03049	   0.00000	  -0.03049	  -0.01525	  -0.00000	   0.00000	  -0.00000	  -0.06098
B         	   8.33623	  -0.03025	   0.00000	   0.24392	   0.13721	   0.03049	   0.00000	   0.03049	  -0.04574	  -0.00000	   0.00000	  -0.00000	  -0.09147
B         	   8.31327	   4.23553	   0.00000	  -0.00000	   0.06098	   0.01525	   0.00000	   0.01525	  -0.00000	   0.00000	   0.00000	   0.00000	  -0.06098
B         	  11.06955	  -4.30585	   0.00000	  -0.00000	   0.06098	  -0.00000	  -0.00000	  -0.00000	  -0.01525	  -0.00000	  -0.00000	  -0.00000	  -0.04574
B         	  11.07366	  -0.03552	   0.00000	   0.01525	   0.07623	   0.00000	  -0.00000	   0.00000	  -0.03049	   0.00000	  -0.00000	   0.00000	  -0.04574
B         	  11.06845	   4.23113	   0.00000	  -0.00000	   0.06098	   0.00000	   0.00000	   0.00000	  -0.01525	  -0.00000	   0.00000	  -0.00000	  -0.03049
B         	 -12.44468	  -2.17175	   0.00000	  -0.00000	   0.06098	   0.00000	   0.00000	   0.00000	  -0.03049	   0.00000	   0.00000	   0.00000	  -0.03049
B         	 -12.44468	   2.09760	   0.00000	   0.00000	   0.06098	  -0.00000	  -0.00000	  -0.00000	  -0.03049	   0.00000	  -0.00000	   0.00000	  -0.03049
B         	 -12.44468	   6.36288	   0.00000	  -0.00000	   0.06098	  -0.00000	  -0.00000	  -0.00000	  -0.01525	  -0.00000	  -0.00000	  -0.00000	  -0.03049
B         	  -9.70066	  -2.17039	   0.00000	  -0.00000	   0.07623	   0.01525	   0.00000	   0.01525	  -0.03049	   0.00000	   0.00000	   0.00000	  -0.04574
B         	  -9.69608	   2.10139	   0.00000	  -0.00000	   0.07623	  -0.01525	   0.00000	  -0.01525	  -0.03049	   0.00000	   0.00000	   0.00000	  -0.04574
B         	  -9.69182	   6.36370	   0.00000	  -0.00000	   0.06098	   0.00000	   0.00000	   0.00000	  -0.01525	  -0.00000	   0.00000	  -0.00000	  -0.04574
B         	  -6.95907	  -2.16736	   0.00000	  -0.10672	   0.18294	   0.06098	  -0.00000	   0.06098	  -0.04574	  -0.00000	  -0.00000	  -0.00000	  -0.13721
B         	  -6.94350	   2.10979	   0.00000	  -0.01525	   0.12196	  -0.06098	  -0.00000	  -0.06098	  -0.01525	   0.00000	  -0.00000	   0.00000	  -0.10672
B         	  -6.93377	   6.36764	   0.00000	  -0.01525	   0.06098	  -0.00000	  -0.00000	  -0.00000	   0.03049	   0.00000	  -0.00000	   0.00000	  -0.09147
B         	  -4.21938	  -2.16173	   0.00000	  -1.93614	   0.80799	   0.41162	   0.00000	   0.41162	   0.07623	   0.00000	   0.00000	   0.00000	  -0.89947
B         	  -4.18075	   2.12105	   0.00000	  -0.54883	   0.38113	  -0.32015	  -0.00000	  -0.32015	   0.09147	   0.00000	  -0.00000	   0.00000	  -0.48785
B         	  -4.16431	   6.37431	   0.00000	   0.67079	  -0.06098	  -0.10672	  -0.00000	  -0.10672	   0.32015	  -0.00000	  -0.00000	  -0.00000	  -0.25917
B         	  -1.43082	  -2.11456	   0.00000	  -4.22292	  -0.88422	  -1.98187	   0.00000	  -1.98187	   5.48827	   0.00000	   0.00000	   0.00000	  -4.58880
B         	  -1.36984	   2.07514	   0.00000	  -6.38773	   4.42110	  -1.96663	  -0.00000	  -1.96663	  -0.36588	  -0.00000	  -0.00000	  -0.00000	  -4.07046
B         	  -1.38234	  -6.40173	   0.00000	  -0.10672	  -0.16770	  -0.03049	  -0.00000	  -0.03049	   0.44211	   0.00000	  -0.00000	   0.00000	  -0.27441
B         	   1.43082	  -2.11456	   0.00000	  -4.22292	  -0.88422	   1.98187	  -0.00000	   1.98187	   5.48827	   0.00000	  -0.00000	   0.00000	  -4.58880
B         	   1.36984	   2.07514	   0.00000	  -6.38773	   4.42110	   1.96663	   0.00000	   1.96663	  -0.36588	  -0.00000	   0.00000	  -0.00000	  -4.07046
B         	   1.38234	  -6.40173	   0.00000	  -0.10672	  -0.16770	   0.03049	   0.00000	   0.03049	   0.44211	   0.00000	   0.00000	   0.00000	  -0.27441
B         	   4.21938	  -2.16173	   0.00000	  -1.93614	   0.80799	  -0.41162	  -0.00000	  -0.41162	   0.07623	   0.00000	  -0.00000	   0.00000	  -0.89947
B         	   4.18075	   2.12105	   0.00000	  -0.54883	   0.38113	   0.32015	  -0.00000	   0.32015	   0.09147	   0.00000	  -0.00000	   0.00000	  -0.48785
B         	   4.16431	   6.37431	   0.00000	   0.67079	  -0.06098	   0.10672	   0.00000	   0.10672	   0.32015	  -0.00000	   0.00000	  -0.00000	  -0.25917
B         	   6.95907	  -2.16736	   0.00000	  -0.10672	   0.18294	  -0.06098	  -0.00000	  -0.06098	  -0.04574	   0.00000	  -0.00000	   0.00000	  -0.13721
B         	   6.94350	   2.10979	   0.00000	  -0.01525	   0.12196	   0.06098	  -0.00000	   0.06098	  -0.01525	  -0.00000	  -0.00000	  -0.00000	  -0.10672
B         	   6.93377	   6.36764	   0.00000	  -0.01525	   0.06098	   0.00000	  -0.00000	   0.00000	   0.03049	   0.00000	  -0.00000	   0.00000	  -0.09147
B         	   9.70066	  -2.17039	   0.00000	  -0.00000	   0.07623	  -0.01525	   0.00000	  -0.01525	  -0.03049	  -0.00000	   0.00000	  -0.00000	  -0.04574
B         	   9.69608	   2.10139	   0.00000	  -0.00000	   0.07623	   0.01525	   0.00000	   0.01525	  -0.03049	  -0.00000	   0.00000	  -0.00000	  -0.04574
B         	   9.69182	   6.36370	   0.00000	  -0.00000	   0.06098	  -0.00000	   0.00000	  -0.00000	  -0.01525	   0.00000	   0.00000	   0.00000	  -0.04574
N         	 -11.07392	  -2.86052	   0.00000	   0.00000	   0.06098	   0.00000	  -0.00000	   0.00000	  -0.03049	  -0.00000	  -0.00000	  -0.00000	  -0.04574
N         	 -11.07366	   1.41038	   0.00000	  -0.00000	   0.07623	  -0.00000	   0.00000	  -0.00000	  -0.03049	  -0.00000	   0.00000	  -0.00000	  -0.04574
N         	 -11.07082	   5.67662	   0.00000	   0.00000	   0.06098	  -0.00000	  -0.00000	  -0.00000	  -0.01525	  -0.00000	  -0.00000	  -0.00000	  -0.03049
N         	  -8.33361	  -2.86022	   0.00000	   0.09147	   0.10672	   0.04574	   0.00000	   0.04574	  -0.03049	   0.00000	   0.00000	   0.00000	  -0.07623
N         	  -8.33237	   1.41617	   0.00000	  -0.01525	   0.10672	  -0.03049	  -0.00000	  -0.03049	  -0.03049	   0.00000	  -0.00000	   0.00000	  -0.07623
N         	  -8.32014	   5.68044	   0.00000	   0.01525	   0.06098	   0.00000	   0.00000	   0.00000	   0.00000	   0.00000	   0.00000	   0.00000	  -0.06098
N         	  -5.59430	  -2.86060	   0.00000	   1.50927	   0.32015	   0.56407	  -0.00000	   0.56407	   0.13721	   0.00000	  -0.00000	   0.00000	  -0.45736
N         	  -5.59180	   1.42711	   0.00000	  -0.12196	   0.27441	  -0.10672	   0.00000	  -0.10672	  -0.01525	   0.00000	   0.00000	   0.00000	  -0.24392
N         	  -5.55948	   5.68914	   0.00000	   0.16770	  -0.01525	   0.06098	   0.00000	   0.06098	   0.22868	   0.00000	   0.00000	   0.00000	  -0.21343
N         	  -2.84660	  -2.85665	   0.00000	  46.49782	   1.73795	  11.12899	   0.00000	  11.12899	   5.65596	  -0.00000	   0.00000	  -0.00000	  -7.40916
N         	  -2.84504	   1.43743	   0.00000	   5.74744	  -1.00618	   0.54883	  -0.00000	   0.54883	   4.32963	   0.00000	  -0.00000	   0.00000	  -3.32345
N         	  -2.77755	   5.69992	   0.00000	   2.68315	  -0.12196	  -0.39637	   0.00000	  -0.39637	   0.59456	  -0.00000	   0.00000	  -0.00000	  -0.47260
N         	   0.00000	  -2.78111	   0.00000	   9.71118	   4.05522	   0.00000	   0.00000	   0.00000	  -0.65554	   0.00000	   0.00000	   0.00000	  -3.39968
N         	   0.00000	   5.70464	   0.00000	   0.06098	  -0.21343	  -0.00000	   0.00000	  -0.00000	   0.54883	   0.00000	   0.00000	   0.00000	  -0.33539
N         	   2.84660	  -2.85665	   0.00000	  46.49782	   1.73795	 -11.12899	  -0.00000	 -11.12899	   5.65596	   0.00000	  -0.00000	   0.00000	  -7.40916
N         	   2.84504	   1.43743	   0.00000	   5.74744	  -1.00618	  -0.54883	  -0.00000	  -0.54883	   4.32963	   0.00000	  -0.00000	   0.00000	  -3.32345
N         	   2.77755	   5.69992	   0.00000	   2.68315	  -0.12196	   0.39637	   0.00000	   0.39637	   0.59456	  -0.00000	   0.00000	  -0.00000	  -0.47260
N         	   5.59430	  -2.86060	   0.00000	   1.50927	   0.32015	  -0.56407	  -0.00000	  -0.56407	   0.13721	   0.00000	  -0.00000	   0.00000	  -0.45736
N         	   5.59180	   1.42711	   0.00000	  -0.12196	   0.27441	   0.10672	   0.00000	   0.10672	  -0.01525	   0.00000	   0.00000	   0.00000	  -0.24392
N         	   5.55948	   5.68914	   0.00000	   0.16770	  -0.01525	  -0.06098	   0.00000	  -0.06098	   0.22868	  -0.00000	   0.00000	  -0.00000	  -0.21343
N         	   8.33361	  -2.86022	   0.00000	   0.09147	   0.10672	  -0.04574	   0.00000	  -0.04574	  -0.03049	  -0.00000	   0.00000	  -0.00000	  -0.07623
N         	   8.33237	   1.41617	   0.00000	  -0.01525	   0.10672	   0.03049	  -0.00000	   0.03049	  -0.03049	  -0.00000	  -0.00000	  -0.00000	  -0.07623
N         	   8.32014	   5.68044	   0.00000	   0.01525	   0.06098	  -0.00000	   0.00000	  -0.00000	   0.00000	  -0.00000	   0.00000	  -0.00000	  -0.06098
N         	  11.07392	  -2.86052	   0.00000	   0.00000	   0.06098	  -0.00000	  -0.00000	  -0.00000	  -0.03049	   0.00000	  -0.00000	   0.00000	  -0.04574
N         	  11.07366	   1.41038	   0.00000	  -0.00000	   0.07623	   0.00000	   0.00000	   0.00000	  -0.03049	   0.00000	   0.00000	   0.00000	  -0.04574
N         	  11.07082	   5.67662	   0.00000	   0.00000	   0.06098	   0.00000	  -0.00000	   0.00000	  -0.01525	   0.00000	  -0.00000	   0.00000	  -0.03049
N         	 -12.44468	  -4.99397	   0.00000	   0.00000	   0.06098	  -0.00000	  -0.00000	  -0.00000	  -0.01525	   0.00000	  -0.00000	   0.00000	  -0.03049
N         	 -12.44468	  -0.72583	   0.00000	   0.01525	   0.07623	   0.00000	  -0.00000	   0.00000	  -0.03049	   0.00000	  -0.00000	   0.00000	  -0.04574
N         	 -12.44468	   3.54343	   0.00000	  -0.00000	   0.06098	  -0.00000	   0.00000	  -0.00000	  -0.01525	   0.00000	   0.00000	   0.00000	  -0.03049
N         	  -9.69835	  -4.99345	   0.00000	   0.01525	   0.06098	   0.01525	   0.00000	   0.01525	  -0.01525	   0.00000	   0.00000	   0.00000	  -0.04574
N         	  -9.70865	  -0.72409	   0.00000	   0.10672	   0.10672	   0.01525	   0.00000	   0.01525	  -0.04574	  -0.00000	   0.00000	  -0.00000	  -0.06098
N         	  -9.69769	   3.54691	   0.00000	   0.00000	   0.06098	  -0.01525	  -0.00000	  -0.01525	  -0.01525	  -0.00000	  -0.00000	  -0.00000	  -0.04574
N         	  -6.94884	  -4.99123	   0.00000	   0.18294	   0.06098	   0.10672	  -0.00000	   0.10672	   0.06098	   0.00000	  -0.00000	   0.00000	  -0.12196
N         	  -6.98290	  -0.72051	   0.00000	   1.47878	   0.51834	   0.19819	  -0.00000	   0.19819	  -0.21343	   0.00000	  -0.00000	   0.00000	  -0.30490
N         	  -6.94601	   3.55618	   0.00000	  -0.01525	   0.07623	  -0.04574	   0.00000	  -0.04574	   0.01525	  -0.00000	   0.00000	  -0.00000	  -0.09147
N         	  -4.18681	  -4.98567	   0.00000	   3.91801	   0.01525	   1.08241	  -0.00000	   1.08241	   0.86898	  -0.00000	  -0.00000	  -0.00000	  -0.88422
N         	  -4.29019	  -0.71745	   0.00000	  22.70008	   5.71694	   4.02473	  -0.00000	   4.02473	  -1.99712	  -0.00000	  -0.00000	  -0.00000	  -3.71983
N         	  -4.18282	   3.57081	   0.00000	   1.02143	   0.09147	  -0.35064	   0.00000	  -0.35064	   0.32015	   0.00000	   0.00000	   0.00000	  -0.41162
N         	  -1.39334	  -4.95190	   0.00000	   0.13721	  -0.06098	   0.13721	  -0.00000	   0.13721	   0.51834	   0.00000	  -0.00000	   0.00000	  -0.44211
N         	  -1.39713	   3.56029	   0.00000	  31.00871	  -2.45447	  -4.20767	  -0.00000	  -4.20767	   6.61641	  -0.00000	  -0.00000	  -0.00000	  -4.16194
N         	   1.39334	  -4.95190	   0.00000	   0.13721	  -0.06098	  -0.13721	   0.00000	  -0.13721	   0.51834	   0.00000	   0.00000	   0.00000	  -0.44211
N         	   1.39713	   3.56029	   0.00000	  31.00871	  -2.45447	   4.20767	   0.00000	   4.20767	   6.61641	  -0.00000	   0.00000	  -0.00000	  -4.16194
N         	   4.18681	  -4.98567	   0.00000	   3.91801	   0.01525	  -1.08241	   0.00000	  -1.08241	   0.86898	  -0.00000	   0.00000	  -0.00000	  -0.88422
N         	   4.29019	  -0.71745	   0.00000	  22.70008	   5.71694	  -4.02473	  -0.00000	  -4.02473	  -1.99712	   0.00000	  -0.00000	   0.00000	  -3.71983
N         	   4.18282	   3.57081	   0.00000	   1.02143	   0.09147	   0.35064	   0.00000	   0.35064	   0.32015	   0.00000	   0.00000	   0.00000	  -0.41162
N         	   6.94884	  -4.99123	   0.00000	   0.18294	   0.06098	  -0.10672	  -0.00000	  -0.10672	   0.06098	   0.00000	  -0.00000	   0.00000	  -0.12196
N         	   6.98290	  -0.72051	   0.00000	   1.47878	   0.51834	  -0.19819	  -0.00000	  -0.19819	  -0.21343	   0.00000	  -0.00000	   0.00000	  -0.30490
N         	   6.94601	   3.55618	   0.00000	  -0.01525	   0.07623	   0.04574	   0.00000	   0.04574	   0.01525	   0.00000	   0.00000	   0.00000	  -0.09147
N         	   9.69835	  -4.99345	   0.00000	   0.01525	   0.06098	  -0.01525	   0.00000	  -0.01525	  -0.01525	   0.00000	   0.00000	   0.00000	  -0.04574
N         	   9.70865	  -0.72409	   0.00000	   0.10672	   0.10672	  -0.01525	   0.00000	  -0.01525	  -0.04574	   0.00000	   0.00000	   0.00000	  -0.06098
N         	   9.69769	   3.54691	   0.00000	   0.00000	   0.06098	   0.01525	   0.00000	   0.01525	  -0.01525	   0.00000	   0.00000	   0.00000	  -0.04574
N         	   1.72063	  -0.76028	   0.00000	 219.37823	  55.62968	-103.63678	   0.00000	-103.63678	  10.29050	   0.00000	   0.00000	   0.00000	 -65.92019
N         	  -1.72063	  -0.76028	   0.00000	 219.37823	  55.62968	 103.63678	   0.00000	 103.63678	  10.29050	   0.00000	   0.00000	   0.00000	 -65.92019
N         	   0.00000	   1.52057	   0.00000	 238.32800	 -71.14928	   0.00000	  -0.00000	   0.00000	 137.98418	   0.00000	  -0.00000	   0.00000	 -66.83490
