--------------------------------------------------------------------------------------------------------------------------------------------------------------------------
  AtomName	    r_1i_X	    r_1i_Y	    r_1i_Z	  iso[MHz]	       Axx	       Axy	       Axz	       Ayx	       Ayy	       Ayz	       Azx	       Azy	       Azz
--------------------------------------------------------------------------------------------------------------------------------------------------------------------------
10B  g-factor___:   0.600215 [No-unit]
11B  g-factor___:   1.792433 [No-unit]
14N  g-factor___:   0.403761 [No-unit]
15N  g-factor___:  -0.566378 [No-unit]
10B  etc____:	---       	---       	---       	   0.00000
11B  etc____:	---       	---       	---       	   0.00000
14N  etc____:	---       	---       	---       	   0.00000
15N  etc____:	---       	---       	---       	   0.00000
MinDif[A]:	 -12.44468	  -6.40173	   0.00000
MaxDif[A]:	  11.07392	   6.37431	   0.00000
--------------------------------------------------------------------------------------------------------------------------------------------------------------------------
B         	 -11.06955	  -4.30585	   0.00000	   0.00000	   0.06098	   0.00000	  -0.00000	   0.00000	  -0.01525	  -0.00000	  -0.00000	  -0.00000	  -0.04574
B         	 -11.07366	  -0.03552	   0.00000	   0.00000	   0.07623	  -0.00000	  -0.00000	  -0.00000	  -0.03049	  -0.00000	  -0.00000	  -0.00000	  -0.04574
B         	 -11.06845	   4.23113	   0.00000	   0.00000	   0.06098	  -0.00000	   0.00000	  -0.00000	  -0.01525	  -0.00000	   0.00000	  -0.00000	  -0.03049
B         	  -8.32041	  -4.30534	   0.00000	  -0.01525	   0.07623	   0.03049	   0.00000	   0.03049	  -0.01525	  -0.00000	   0.00000	  -0.00000	  -0.06098
B         	  -8.33623	  -0.03025	   0.00000	   0.16770	   0.13721	  -0.03049	  -0.00000	  -0.03049	  -0.06098	   0.00000	  -0.00000	   0.00000	  -0.09147
B         	  -8.31327	   4.23553	   0.00000	  -0.00000	   0.06098	  -0.01525	   0.00000	  -0.01525	  -0.00000	   0.00000	   0.00000	   0.00000	  -0.06098
B         	  -5.56646	  -4.30220	   0.00000	  -0.18294	   0.12196	   0.10672	  -0.00000	   0.10672	   0.07623	  -0.00000	  -0.00000	  -0.00000	  -0.19819
B         	  -5.61578	  -0.02187	   0.00000	   2.24104	   0.56407	  -0.38113	   0.00000	  -0.38113	  -0.10672	  -0.00000	   0.00000	  -0.00000	  -0.45736
B         	  -5.54983	   4.24415	   0.00000	   0.00000	   0.06098	  -0.10672	  -0.00000	  -0.10672	   0.07623	  -0.00000	  -0.00000	  -0.00000	  -0.13721
B         	  -2.79883	  -4.28637	   0.00000	   5.10714	  -0.65554	  -0.06098	   0.00000	  -0.06098	   1.63123	  -0.00000	   0.00000	  -0.00000	  -0.96045
B         	  -2.92972	  -0.01271	   0.00000	   0.92996	   2.63742	  -3.44541	  -0.00000	  -3.44541	   1.15863	   0.00000	  -0.00000	   0.00000	  -3.79605
B         	  -2.76948	   4.24591	   0.00000	   2.45447	   0.36588	  -0.51834	   0.00000	  -0.51834	   0.18294	  -0.00000	   0.00000	  -0.00000	  -0.54883
B         	   0.00000	  -4.23013	   0.00000	  -0.80799	  -0.13721	   0.00000	  -0.00000	   0.00000	   0.68603	   0.00000	  -0.00000	   0.00000	  -0.54883
B         	   0.00000	   4.24445	   0.00000	  -0.25917	  -0.39637	   0.00000	  -0.00000	   0.00000	   1.18912	   0.00000	  -0.00000	   0.00000	  -0.79275
B         	   2.79883	  -4.28637	   0.00000	   5.10714	  -0.65554	   0.06098	  -0.00000	   0.06098	   1.63123	  -0.00000	  -0.00000	  -0.00000	  -0.96045
B         	   2.92972	  -0.01271	   0.00000	   0.92996	   2.63742	   3.44541	  -0.00000	   3.44541	   1.15863	   0.00000	  -0.00000	   0.00000	  -3.79605
B         	   2.76948	   4.24591	   0.00000	   2.45447	   0.36588	   0.51834	  -0.00000	   0.51834	   0.18294	  -0.00000	  -0.00000	  -0.00000	  -0.54883
B         	   5.56646	  -4.30220	   0.00000	  -0.18294	   0.12196	  -0.10672	   0.00000	  -0.10672	   0.07623	  -0.00000	   0.00000	  -0.00000	  -0.19819
B         	   5.61578	  -0.02187	   0.00000	   2.24104	   0.56407	   0.38113	   0.00000	   0.38113	  -0.10672	   0.00000	   0.00000	   0.00000	  -0.45736
B         	   5.54983	   4.24415	   0.00000	   0.00000	   0.06098	   0.10672	  -0.00000	   0.10672	   0.07623	   0.00000	  -0.00000	   0.00000	  -0.13721
B         	   8.32041	  -4.30534	   0.00000	  -0.01525	   0.07623	  -0.03049	   0.00000	  -0.03049	  -0.01525	  -0.00000	   0.00000	  -0.00000	  -0.06098
B         	   8.33623	  -0.03025	   0.00000	   0.16770	   0.13721	   0.03049	   0.00000	   0.03049	  -0.06098	  -0.00000	   0.00000	  -0.00000	  -0.09147
B         	   8.31327	   4.23553	   0.00000	  -0.00000	   0.06098	   0.01525	   0.00000	   0.01525	  -0.00000	   0.00000	   0.00000	   0.00000	  -0.06098
B         	  11.06955	  -4.30585	   0.00000	   0.00000	   0.06098	  -0.00000	   0.00000	  -0.00000	  -0.01525	   0.00000	   0.00000	   0.00000	  -0.04574
B         	  11.07366	  -0.03552	   0.00000	   0.00000	   0.07623	   0.00000	   0.00000	   0.00000	  -0.03049	   0.00000	   0.00000	   0.00000	  -0.04574
B         	  11.06845	   4.23113	   0.00000	   0.00000	   0.06098	   0.00000	  -0.00000	   0.00000	  -0.01525	   0.00000	  -0.00000	   0.00000	  -0.03049
B         	 -12.44468	  -2.17175	   0.00000	   0.00000	   0.06098	  -0.00000	  -0.00000	  -0.00000	  -0.01525	  -0.00000	  -0.00000	  -0.00000	  -0.03049
B         	 -12.44468	   2.09760	   0.00000	   0.00000	   0.06098	   0.00000	  -0.00000	   0.00000	  -0.03049	  -0.00000	  -0.00000	  -0.00000	  -0.03049
B         	 -12.44468	   6.36288	   0.00000	   0.00000	   0.06098	  -0.00000	   0.00000	  -0.00000	  -0.03049	  -0.00000	   0.00000	  -0.00000	  -0.03049
B         	  -9.70066	  -2.17039	   0.00000	   0.00000	   0.06098	   0.00000	   0.00000	   0.00000	  -0.01525	   0.00000	   0.00000	   0.00000	  -0.04574
B         	  -9.69608	   2.10139	   0.00000	   0.00000	   0.09147	   0.01525	  -0.00000	   0.01525	  -0.03049	   0.00000	  -0.00000	   0.00000	  -0.04574
B         	  -9.69182	   6.36370	   0.00000	   0.00000	   0.07623	  -0.01525	  -0.00000	  -0.01525	  -0.03049	   0.00000	  -0.00000	   0.00000	  -0.04574
B         	  -6.95907	  -2.16736	   0.00000	  -0.01525	   0.04574	   0.00000	   0.00000	   0.00000	   0.03049	   0.00000	   0.00000	   0.00000	  -0.07623
B         	  -6.94350	   2.10979	   0.00000	  -0.09147	   0.18294	   0.07623	   0.00000	   0.07623	  -0.04574	  -0.00000	   0.00000	  -0.00000	  -0.13721
B         	  -6.93377	   6.36764	   0.00000	  -0.04574	   0.12196	  -0.06098	   0.00000	  -0.06098	  -0.03049	  -0.00000	   0.00000	  -0.00000	  -0.10672
B         	  -4.21938	  -2.16173	   0.00000	   0.28966	  -0.06098	  -0.06098	  -0.00000	  -0.06098	   0.27441	  -0.00000	  -0.00000	  -0.00000	  -0.21343
B         	  -4.18075	   2.12105	   0.00000	  -1.92089	   0.89947	   0.53358	   0.00000	   0.53358	   0.03049	   0.00000	   0.00000	   0.00000	  -0.92996
B         	  -4.16431	   6.37431	   0.00000	  -1.09765	   0.33539	  -0.30490	   0.00000	  -0.30490	   0.09147	   0.00000	   0.00000	   0.00000	  -0.42687
B         	  -1.43082	  -2.11456	   0.00000	  -0.09147	  -0.18294	  -0.01525	  -0.00000	  -0.01525	   0.42687	   0.00000	  -0.00000	   0.00000	  -0.24392
B         	  -1.36984	   2.07514	   0.00000	  -7.94274	  -1.09765	  -2.57644	   0.00000	  -2.57644	   6.09807	   0.00000	   0.00000	   0.00000	  -5.00042
B         	  -1.38234	  -6.40173	   0.00000	  -5.73219	   4.08571	  -1.92089	  -0.00000	  -1.92089	  -0.28966	   0.00000	  -0.00000	   0.00000	  -3.79605
B         	   1.43082	  -2.11456	   0.00000	  -0.09147	  -0.18294	   0.01525	   0.00000	   0.01525	   0.42687	   0.00000	   0.00000	   0.00000	  -0.24392
B         	   1.36984	   2.07514	   0.00000	  -7.94274	  -1.09765	   2.57644	  -0.00000	   2.57644	   6.09807	   0.00000	  -0.00000	   0.00000	  -5.00042
B         	   1.38234	  -6.40173	   0.00000	  -5.73219	   4.08571	   1.92089	   0.00000	   1.92089	  -0.28966	   0.00000	   0.00000	   0.00000	  -3.79605
B         	   4.21938	  -2.16173	   0.00000	   0.28966	  -0.06098	   0.06098	   0.00000	   0.06098	   0.27441	  -0.00000	   0.00000	  -0.00000	  -0.21343
B         	   4.18075	   2.12105	   0.00000	  -1.92089	   0.89947	  -0.53358	  -0.00000	  -0.53358	   0.03049	  -0.00000	  -0.00000	  -0.00000	  -0.92996
B         	   4.16431	   6.37431	   0.00000	  -1.09765	   0.33539	   0.30490	   0.00000	   0.30490	   0.09147	  -0.00000	   0.00000	  -0.00000	  -0.42687
B         	   6.95907	  -2.16736	   0.00000	  -0.01525	   0.04574	  -0.00000	  -0.00000	  -0.00000	   0.03049	   0.00000	  -0.00000	   0.00000	  -0.07623
B         	   6.94350	   2.10979	   0.00000	  -0.09147	   0.18294	  -0.07623	   0.00000	  -0.07623	  -0.04574	   0.00000	   0.00000	   0.00000	  -0.13721
B         	   6.93377	   6.36764	   0.00000	  -0.04574	   0.12196	   0.06098	   0.00000	   0.06098	  -0.03049	   0.00000	   0.00000	   0.00000	  -0.10672
B         	   9.70066	  -2.17039	   0.00000	   0.00000	   0.06098	  -0.00000	  -0.00000	  -0.00000	  -0.01525	  -0.00000	  -0.00000	  -0.00000	  -0.04574
B         	   9.69608	   2.10139	   0.00000	   0.00000	   0.09147	  -0.01525	   0.00000	  -0.01525	  -0.03049	  -0.00000	   0.00000	  -0.00000	  -0.04574
B         	   9.69182	   6.36370	   0.00000	   0.00000	   0.07623	   0.01525	  -0.00000	   0.01525	  -0.03049	  -0.00000	  -0.00000	  -0.00000	  -0.04574
N         	 -11.07392	  -2.86052	   0.00000	   0.00000	   0.06098	   0.00000	   0.00000	   0.00000	  -0.03049	   0.00000	   0.00000	   0.00000	  -0.04574
N         	 -11.07366	   1.41038	   0.00000	   0.00000	   0.07623	  -0.00000	   0.00000	  -0.00000	  -0.03049	  -0.00000	   0.00000	  -0.00000	  -0.04574
N         	 -11.07082	   5.67662	   0.00000	   0.00000	   0.06098	  -0.00000	   0.00000	  -0.00000	  -0.01525	  -0.00000	   0.00000	  -0.00000	  -0.04574
N         	  -8.33361	  -2.86022	   0.00000	   0.04574	   0.10672	   0.04574	   0.00000	   0.04574	  -0.03049	   0.00000	   0.00000	   0.00000	  -0.07623
N         	  -8.33237	   1.41617	   0.00000	  -0.01525	   0.10672	  -0.03049	  -0.00000	  -0.03049	  -0.04574	   0.00000	  -0.00000	   0.00000	  -0.06098
N         	  -8.32014	   5.68044	   0.00000	   0.00000	   0.06098	  -0.00000	   0.00000	  -0.00000	   0.00000	   0.00000	   0.00000	   0.00000	  -0.06098
N         	  -5.59430	  -2.86060	   0.00000	   0.85373	   0.28966	   0.39637	  -0.00000	   0.39637	   0.06098	  -0.00000	  -0.00000	  -0.00000	  -0.35064
N         	  -5.59180	   1.42711	   0.00000	  -0.33539	   0.25917	  -0.13721	   0.00000	  -0.13721	  -0.03049	  -0.00000	   0.00000	  -0.00000	  -0.22868
N         	  -5.55948	   5.68914	   0.00000	   0.04574	   0.00000	   0.03049	   0.00000	   0.03049	   0.15245	  -0.00000	   0.00000	  -0.00000	  -0.15245
N         	  -2.84660	  -2.85665	   0.00000	  45.01903	   1.49403	  10.19903	   0.00000	  10.19903	   5.19861	  -0.00000	   0.00000	  -0.00000	  -6.69264
N         	  -2.84504	   1.43743	   0.00000	  -1.52452	  -1.06716	   0.06098	  -0.00000	   0.06098	   3.97899	   0.00000	  -0.00000	   0.00000	  -2.89659
N         	  -2.77755	   5.69992	   0.00000	   1.64648	  -0.10672	  -0.24392	  -0.00000	  -0.24392	   0.44211	  -0.00000	  -0.00000	  -0.00000	  -0.35064
N         	   0.00000	  -2.78111	   0.00000	   6.72313	   3.43017	   0.00000	   0.00000	   0.00000	  -0.15245	   0.00000	   0.00000	   0.00000	  -3.27772
N         	   0.00000	   5.70464	   0.00000	  -0.16770	  -0.19819	   0.00000	   0.00000	   0.00000	   0.50309	   0.00000	   0.00000	   0.00000	  -0.30490
N         	   2.84660	  -2.85665	   0.00000	  45.01903	   1.49403	 -10.19903	   0.00000	 -10.19903	   5.19861	  -0.00000	   0.00000	  -0.00000	  -6.69264
N         	   2.84504	   1.43743	   0.00000	  -1.52452	  -1.06716	  -0.06098	  -0.00000	  -0.06098	   3.97899	   0.00000	  -0.00000	   0.00000	  -2.89659
N         	   2.77755	   5.69992	   0.00000	   1.64648	  -0.10672	   0.24392	  -0.00000	   0.24392	   0.44211	  -0.00000	  -0.00000	  -0.00000	  -0.35064
N         	   5.59430	  -2.86060	   0.00000	   0.85373	   0.28966	  -0.39637	  -0.00000	  -0.39637	   0.06098	  -0.00000	  -0.00000	  -0.00000	  -0.35064
N         	   5.59180	   1.42711	   0.00000	  -0.33539	   0.25917	   0.13721	   0.00000	   0.13721	  -0.03049	   0.00000	   0.00000	   0.00000	  -0.22868
N         	   5.55948	   5.68914	   0.00000	   0.04574	   0.00000	  -0.03049	  -0.00000	  -0.03049	   0.15245	   0.00000	  -0.00000	   0.00000	  -0.15245
N         	   8.33361	  -2.86022	   0.00000	   0.04574	   0.10672	  -0.04574	   0.00000	  -0.04574	  -0.03049	   0.00000	   0.00000	   0.00000	  -0.07623
N         	   8.33237	   1.41617	   0.00000	  -0.01525	   0.10672	   0.03049	  -0.00000	   0.03049	  -0.04574	  -0.00000	  -0.00000	  -0.00000	  -0.06098
N         	   8.32014	   5.68044	   0.00000	   0.00000	   0.06098	   0.00000	  -0.00000	   0.00000	   0.00000	   0.00000	  -0.00000	   0.00000	  -0.06098
N         	  11.07392	  -2.86052	   0.00000	   0.00000	   0.06098	  -0.00000	  -0.00000	  -0.00000	  -0.03049	  -0.00000	  -0.00000	  -0.00000	  -0.04574
N         	  11.07366	   1.41038	   0.00000	  -0.00000	   0.07623	   0.00000	   0.00000	   0.00000	  -0.03049	   0.00000	   0.00000	   0.00000	  -0.04574
N         	  11.07082	   5.67662	   0.00000	   0.00000	   0.06098	   0.00000	  -0.00000	   0.00000	  -0.01525	   0.00000	  -0.00000	   0.00000	  -0.03049
N         	 -12.44468	  -4.99397	   0.00000	   0.00000	   0.06098	  -0.00000	  -0.00000	  -0.00000	  -0.01525	   0.00000	  -0.00000	   0.00000	  -0.03049
N         	 -12.44468	  -0.72583	   0.00000	   0.00000	   0.07623	   0.00000	  -0.00000	   0.00000	  -0.03049	   0.00000	  -0.00000	   0.00000	  -0.04574
N         	 -12.44468	   3.54343	   0.00000	   0.00000	   0.06098	   0.00000	  -0.00000	   0.00000	  -0.01525	   0.00000	  -0.00000	   0.00000	  -0.03049
N         	  -9.69835	  -4.99345	   0.00000	   0.01525	   0.06098	   0.01525	   0.00000	   0.01525	  -0.01525	   0.00000	   0.00000	   0.00000	  -0.04574
N         	  -9.70865	  -0.72409	   0.00000	   0.06098	   0.10672	   0.01525	   0.00000	   0.01525	  -0.04574	   0.00000	   0.00000	   0.00000	  -0.06098
N         	  -9.69769	   3.54691	   0.00000	   0.00000	   0.06098	  -0.01525	   0.00000	  -0.01525	  -0.01525	  -0.00000	   0.00000	  -0.00000	  -0.04574
N         	  -6.94884	  -4.99123	   0.00000	   0.09147	   0.06098	   0.07623	  -0.00000	   0.07623	   0.03049	   0.00000	  -0.00000	   0.00000	  -0.10672
N         	  -6.98290	  -0.72051	   0.00000	   1.09765	   0.45736	   0.13721	  -0.00000	   0.13721	  -0.19819	   0.00000	  -0.00000	   0.00000	  -0.25917
N         	  -6.94601	   3.55618	   0.00000	  -0.01525	   0.07623	  -0.04574	   0.00000	  -0.04574	   0.01525	  -0.00000	   0.00000	  -0.00000	  -0.09147
N         	  -4.18681	  -4.98567	   0.00000	   2.78987	   0.03049	   0.82324	   0.00000	   0.82324	   0.64030	   0.00000	   0.00000	   0.00000	  -0.67079
N         	  -4.29019	  -0.71745	   0.00000	  21.29753	   5.65596	   3.47590	  -0.00000	   3.47590	  -2.24104	  -0.00000	  -0.00000	  -0.00000	  -3.41492
N         	  -4.18282	   3.57081	   0.00000	   0.67079	   0.09147	  -0.30490	  -0.00000	  -0.30490	   0.25917	   0.00000	  -0.00000	   0.00000	  -0.35064
N         	  -1.39334	  -4.95190	   0.00000	  -0.13721	  -0.10672	   0.10672	  -0.00000	   0.10672	   0.54883	   0.00000	  -0.00000	   0.00000	  -0.44211
N         	  -1.39713	   3.56029	   0.00000	  21.99880	  -1.79893	  -3.17100	  -0.00000	  -3.17100	   4.89370	  -0.00000	  -0.00000	  -0.00000	  -3.09477
N         	   1.39334	  -4.95190	   0.00000	  -0.13721	  -0.10672	  -0.10672	   0.00000	  -0.10672	   0.54883	   0.00000	   0.00000	   0.00000	  -0.44211
N         	   1.39713	   3.56029	   0.00000	  21.99880	  -1.79893	   3.17100	   0.00000	   3.17100	   4.89370	  -0.00000	   0.00000	  -0.00000	  -3.09477
N         	   4.18681	  -4.98567	   0.00000	   2.78987	   0.03049	  -0.82324	   0.00000	  -0.82324	   0.64030	  -0.00000	   0.00000	  -0.00000	  -0.67079
N         	   4.29019	  -0.71745	   0.00000	  21.29753	   5.65596	  -3.47590	  -0.00000	  -3.47590	  -2.24104	   0.00000	  -0.00000	   0.00000	  -3.41492
N         	   4.18282	   3.57081	   0.00000	   0.67079	   0.09147	   0.30490	  -0.00000	   0.30490	   0.25917	   0.00000	  -0.00000	   0.00000	  -0.35064
N         	   6.94884	  -4.99123	   0.00000	   0.09147	   0.06098	  -0.07623	  -0.00000	  -0.07623	   0.03049	  -0.00000	  -0.00000	  -0.00000	  -0.10672
N         	   6.98290	  -0.72051	   0.00000	   1.09765	   0.45736	  -0.13721	  -0.00000	  -0.13721	  -0.19819	  -0.00000	  -0.00000	  -0.00000	  -0.25917
N         	   6.94601	   3.55618	   0.00000	  -0.01525	   0.07623	   0.04574	  -0.00000	   0.04574	   0.01525	  -0.00000	  -0.00000	  -0.00000	  -0.09147
N         	   9.69835	  -4.99345	   0.00000	   0.01525	   0.06098	  -0.01525	   0.00000	  -0.01525	  -0.01525	  -0.00000	   0.00000	  -0.00000	  -0.04574
N         	   9.70865	  -0.72409	   0.00000	   0.06098	   0.10672	  -0.01525	   0.00000	  -0.01525	  -0.04574	   0.00000	   0.00000	   0.00000	  -0.06098
N         	   9.69769	   3.54691	   0.00000	   0.00000	   0.06098	   0.01525	  -0.00000	   0.01525	  -0.01525	  -0.00000	  -0.00000	  -0.00000	  -0.04574
N         	   1.72063	  -0.76028	   0.00000	 217.44209	  64.85302	-119.62898	   0.00000	-119.62898	   9.84839	   0.00000	   0.00000	   0.00000	 -74.70141
N         	  -1.72063	  -0.76028	   0.00000	 217.44209	  64.85302	 119.62898	   0.00000	 119.62898	   9.84839	   0.00000	   0.00000	   0.00000	 -74.70141
N         	   0.00000	   1.52057	   0.00000	 230.78163	 -65.18842	   0.00000	  -0.00000	   0.00000	 124.32449	   0.00000	  -0.00000	   0.00000	 -59.15132
