--------------------------------------------------------------------------------------------------------------------------------------------------------------------------
  AtomName	    r_1i_X	    r_1i_Y	    r_1i_Z	     EFGxx	     EFGxy	     EFGxz	     EFGyx	     EFGyy	     EFGyz	     EFGzx	     EFGzy	     EFGzz	[Hatree/Bohr_radius^2]
--------------------------------------------------------------------------------------------------------------------------------------------------------------------------
10B  eQ___:	  8.459000	[Q/milibarn]*(10^-1)
11B  eQ___:	  4.059000	[Q/milibarn]*(10^-1)
14N  eQ___:	  2.044000	[Q/milibarn]*(10^-1)
15N  eQ___:	  0.000000	[Q/milibarn]*(10^-1)
10B  etc____:	---       	---       	---       	  -0.15113	   0.00000	  -0.00000	   0.00000	  -0.21063	   0.00000	  -0.00000	   0.00000	   0.36176
11B  etc____:	---       	---       	---       	  -0.15113	   0.00000	  -0.00000	   0.00000	  -0.21063	   0.00000	  -0.00000	   0.00000	   0.36176
14N  etc____:	---       	---       	---       	   0.23669	   0.00000	   0.00000	   0.00000	  -0.14040	  -0.00000	   0.00000	  -0.00000	  -0.09629
15N  etc____:	---       	---       	---       	   0.23669	   0.00000	   0.00000	   0.00000	  -0.14040	  -0.00000	   0.00000	  -0.00000	  -0.09629
MinDif[A]:	 -12.44468	  -6.40173	   0.00000
MaxDif[A]:	  11.07392	   6.37431	   0.00000
--------------------------------------------------------------------------------------------------------------------------------------------------------------------------
B         	 -11.06955	  -4.30585	   0.00000	  -0.15046	   0.00325	  -0.00000	   0.00325	  -0.21068	   0.00000	  -0.00000	   0.00000	   0.36115
B         	 -11.07366	  -0.03552	   0.00000	  -0.15097	   0.00413	   0.00000	   0.00413	  -0.21121	  -0.00000	   0.00000	  -0.00000	   0.36218
B         	 -11.06845	   4.23113	   0.00000	  -0.15168	   0.00514	  -0.00000	   0.00514	  -0.20969	   0.00000	  -0.00000	   0.00000	   0.36136
B         	  -8.32041	  -4.30534	   0.00000	  -0.14934	   0.00915	  -0.00000	   0.00915	  -0.21098	  -0.00000	  -0.00000	  -0.00000	   0.36031
B         	  -8.33623	  -0.03025	   0.00000	  -0.15202	   0.01299	   0.00000	   0.01299	  -0.21099	   0.00000	   0.00000	   0.00000	   0.36300
B         	  -8.31327	   4.23553	   0.00000	  -0.15111	   0.01411	  -0.00000	   0.01411	  -0.20951	  -0.00000	  -0.00000	  -0.00000	   0.36062
B         	  -5.56646	  -4.30220	   0.00000	  -0.14416	   0.01312	   0.00000	   0.01312	  -0.21349	   0.00000	   0.00000	   0.00000	   0.35766
B         	  -5.61578	  -0.02187	   0.00000	  -0.15470	   0.02325	   0.00000	   0.02325	  -0.21099	  -0.00000	   0.00000	  -0.00000	   0.36570
B         	  -5.54983	   4.24415	   0.00000	  -0.15167	   0.02405	   0.00000	   0.02405	  -0.20698	   0.00000	   0.00000	   0.00000	   0.35865
B         	  -2.79883	  -4.28637	   0.00000	  -0.12998	   0.01269	  -0.00000	   0.01269	  -0.22134	   0.00000	  -0.00000	   0.00000	   0.35133
B         	  -2.92972	  -0.01271	   0.00000	  -0.13684	   0.04052	  -0.00000	   0.04052	  -0.22421	   0.00000	  -0.00000	   0.00000	   0.36104
B         	  -2.76948	   4.24591	   0.00000	  -0.15347	   0.02781	   0.00000	   0.02781	  -0.20055	  -0.00000	   0.00000	  -0.00000	   0.35401
B         	   0.00000	  -4.23013	   0.00000	  -0.12257	  -0.00000	   0.00000	  -0.00000	  -0.22203	  -0.00000	   0.00000	  -0.00000	   0.34461
B         	   0.00000	   4.24445	   0.00000	  -0.16003	  -0.00000	   0.00000	  -0.00000	  -0.19218	   0.00000	   0.00000	   0.00000	   0.35221
B         	   2.79883	  -4.28637	   0.00000	  -0.12998	  -0.01269	   0.00000	  -0.01269	  -0.22134	   0.00000	   0.00000	   0.00000	   0.35133
B         	   2.92972	  -0.01271	   0.00000	  -0.13684	  -0.04052	   0.00000	  -0.04052	  -0.22421	   0.00000	   0.00000	   0.00000	   0.36104
B         	   2.76948	   4.24591	   0.00000	  -0.15347	  -0.02781	   0.00000	  -0.02781	  -0.20055	  -0.00000	   0.00000	  -0.00000	   0.35401
B         	   5.56646	  -4.30220	   0.00000	  -0.14416	  -0.01312	  -0.00000	  -0.01312	  -0.21349	   0.00000	  -0.00000	   0.00000	   0.35766
B         	   5.61578	  -0.02187	   0.00000	  -0.15470	  -0.02325	  -0.00000	  -0.02325	  -0.21099	   0.00000	  -0.00000	   0.00000	   0.36570
B         	   5.54983	   4.24415	   0.00000	  -0.15167	  -0.02405	   0.00000	  -0.02405	  -0.20698	  -0.00000	   0.00000	  -0.00000	   0.35865
B         	   8.32041	  -4.30534	   0.00000	  -0.14934	  -0.00915	   0.00000	  -0.00915	  -0.21098	   0.00000	   0.00000	   0.00000	   0.36031
B         	   8.33623	  -0.03025	   0.00000	  -0.15202	  -0.01299	  -0.00000	  -0.01299	  -0.21099	   0.00000	  -0.00000	   0.00000	   0.36300
B         	   8.31327	   4.23553	   0.00000	  -0.15111	  -0.01411	  -0.00000	  -0.01411	  -0.20951	   0.00000	  -0.00000	   0.00000	   0.36062
B         	  11.06955	  -4.30585	   0.00000	  -0.15046	  -0.00325	  -0.00000	  -0.00325	  -0.21068	  -0.00000	  -0.00000	  -0.00000	   0.36115
B         	  11.07366	  -0.03552	   0.00000	  -0.15097	  -0.00413	  -0.00000	  -0.00413	  -0.21121	   0.00000	  -0.00000	   0.00000	   0.36218
B         	  11.06845	   4.23113	   0.00000	  -0.15168	  -0.00514	   0.00000	  -0.00514	  -0.20969	  -0.00000	   0.00000	  -0.00000	   0.36136
B         	 -12.44468	  -2.17175	   0.00000	  -0.15080	  -0.00000	  -0.00000	  -0.00000	  -0.21043	   0.00000	  -0.00000	   0.00000	   0.36124
B         	 -12.44468	   2.09760	   0.00000	  -0.15057	   0.00000	   0.00000	   0.00000	  -0.21086	   0.00000	   0.00000	   0.00000	   0.36142
B         	 -12.44468	   6.36288	   0.00000	  -0.15113	   0.00000	  -0.00000	   0.00000	  -0.21063	   0.00000	  -0.00000	   0.00000	   0.36176
B         	  -9.70066	  -2.17039	   0.00000	  -0.15073	   0.00691	  -0.00000	   0.00691	  -0.21017	  -0.00000	  -0.00000	  -0.00000	   0.36091
B         	  -9.69608	   2.10139	   0.00000	  -0.15082	   0.00680	   0.00000	   0.00680	  -0.21045	  -0.00000	   0.00000	  -0.00000	   0.36126
B         	  -9.69182	   6.36370	   0.00000	  -0.15180	   0.01051	  -0.00000	   0.01051	  -0.20987	  -0.00000	  -0.00000	  -0.00000	   0.36167
B         	  -6.95907	  -2.16736	   0.00000	  -0.14823	   0.01325	  -0.00000	   0.01325	  -0.21122	  -0.00000	  -0.00000	  -0.00000	   0.35945
B         	  -6.94350	   2.10979	   0.00000	  -0.14939	   0.01376	  -0.00000	   0.01376	  -0.21075	  -0.00000	  -0.00000	  -0.00000	   0.36014
B         	  -6.93377	   6.36764	   0.00000	  -0.15217	   0.02432	  -0.00000	   0.02432	  -0.20847	  -0.00000	  -0.00000	  -0.00000	   0.36064
B         	  -4.21938	  -2.16173	   0.00000	  -0.14495	   0.01542	  -0.00000	   0.01542	  -0.21217	   0.00000	  -0.00000	   0.00000	   0.35711
B         	  -4.18075	   2.12105	   0.00000	  -0.14264	   0.01975	   0.00000	   0.01975	  -0.21082	  -0.00000	   0.00000	  -0.00000	   0.35346
B         	  -4.16431	   6.37431	   0.00000	  -0.15402	   0.04453	   0.00000	   0.04453	  -0.20103	   0.00000	   0.00000	   0.00000	   0.35505
B         	  -1.43082	  -2.11456	   0.00000	  -0.14219	   0.00993	   0.00000	   0.00993	  -0.21069	  -0.00000	   0.00000	  -0.00000	   0.35288
B         	  -1.36984	   2.07514	   0.00000	  -0.10475	   0.06290	  -0.00000	   0.06290	  -0.21505	  -0.00000	  -0.00000	  -0.00000	   0.31980
B         	  -1.38234	  -6.40173	   0.00000	  -0.17786	   0.06114	   0.00000	   0.06114	  -0.15136	  -0.00000	   0.00000	  -0.00000	   0.32921
B         	   1.43082	  -2.11456	   0.00000	  -0.14219	  -0.00993	  -0.00000	  -0.00993	  -0.21069	  -0.00000	  -0.00000	  -0.00000	   0.35288
B         	   1.36984	   2.07514	   0.00000	  -0.10475	  -0.06290	   0.00000	  -0.06290	  -0.21505	  -0.00000	   0.00000	  -0.00000	   0.31980
B         	   1.38234	  -6.40173	   0.00000	  -0.17786	  -0.06114	  -0.00000	  -0.06114	  -0.15136	  -0.00000	  -0.00000	  -0.00000	   0.32921
B         	   4.21938	  -2.16173	   0.00000	  -0.14495	  -0.01542	  -0.00000	  -0.01542	  -0.21217	   0.00000	  -0.00000	   0.00000	   0.35711
B         	   4.18075	   2.12105	   0.00000	  -0.14264	  -0.01975	  -0.00000	  -0.01975	  -0.21082	  -0.00000	  -0.00000	  -0.00000	   0.35346
B         	   4.16431	   6.37431	   0.00000	  -0.15402	  -0.04453	  -0.00000	  -0.04453	  -0.20103	   0.00000	  -0.00000	   0.00000	   0.35505
B         	   6.95907	  -2.16736	   0.00000	  -0.14823	  -0.01325	   0.00000	  -0.01325	  -0.21122	  -0.00000	   0.00000	  -0.00000	   0.35945
B         	   6.94350	   2.10979	   0.00000	  -0.14939	  -0.01376	  -0.00000	  -0.01376	  -0.21075	  -0.00000	  -0.00000	  -0.00000	   0.36014
B         	   6.93377	   6.36764	   0.00000	  -0.15217	  -0.02432	   0.00000	  -0.02432	  -0.20847	   0.00000	   0.00000	   0.00000	   0.36064
B         	   9.70066	  -2.17039	   0.00000	  -0.15073	  -0.00691	   0.00000	  -0.00691	  -0.21017	   0.00000	   0.00000	   0.00000	   0.36091
B         	   9.69608	   2.10139	   0.00000	  -0.15082	  -0.00680	  -0.00000	  -0.00680	  -0.21045	  -0.00000	  -0.00000	  -0.00000	   0.36126
B         	   9.69182	   6.36370	   0.00000	  -0.15180	  -0.01051	   0.00000	  -0.01051	  -0.20987	  -0.00000	   0.00000	  -0.00000	   0.36167
N         	 -11.07392	  -2.86052	   0.00000	   0.23092	  -0.00398	  -0.00000	  -0.00398	  -0.13707	   0.00000	  -0.00000	   0.00000	  -0.09384
N         	 -11.07366	   1.41038	   0.00000	   0.23421	   0.00082	  -0.00000	   0.00082	  -0.13519	   0.00000	  -0.00000	   0.00000	  -0.09901
N         	 -11.07082	   5.67662	   0.00000	   0.24085	  -0.00170	  -0.00000	  -0.00170	  -0.14197	   0.00000	  -0.00000	   0.00000	  -0.09886
N         	  -8.33361	  -2.86022	   0.00000	   0.22835	  -0.01331	  -0.00000	  -0.01331	  -0.13820	  -0.00000	  -0.00000	  -0.00000	  -0.09016
N         	  -8.33237	   1.41617	   0.00000	   0.23395	   0.00613	  -0.00000	   0.00613	  -0.13223	  -0.00000	  -0.00000	  -0.00000	  -0.10173
N         	  -8.32014	   5.68044	   0.00000	   0.24780	  -0.00260	  -0.00000	  -0.00260	  -0.14723	  -0.00000	  -0.00000	  -0.00000	  -0.10057
N         	  -5.59430	  -2.86060	   0.00000	   0.22700	  -0.03126	  -0.00000	  -0.03126	  -0.14304	   0.00000	  -0.00000	   0.00000	  -0.08395
N         	  -5.59180	   1.42711	   0.00000	   0.24000	   0.02277	  -0.00000	   0.02277	  -0.12964	  -0.00000	  -0.00000	  -0.00000	  -0.11036
N         	  -5.55948	   5.68914	   0.00000	   0.26186	  -0.00332	   0.00000	  -0.00332	  -0.15547	  -0.00000	   0.00000	  -0.00000	  -0.10639
N         	  -2.84660	  -2.85665	   0.00000	   0.28166	   0.00112	  -0.00000	   0.00112	  -0.14625	   0.00000	  -0.00000	   0.00000	  -0.13541
N         	  -2.84504	   1.43743	   0.00000	   0.26870	   0.05331	   0.00000	   0.05331	  -0.13359	  -0.00000	   0.00000	  -0.00000	  -0.13512
N         	  -2.77755	   5.69992	   0.00000	   0.26944	   0.00153	   0.00000	   0.00153	  -0.14244	  -0.00000	   0.00000	  -0.00000	  -0.12699
N         	   0.00000	  -2.78111	   0.00000	   0.33403	  -0.00000	   0.00000	  -0.00000	  -0.13063	   0.00000	   0.00000	   0.00000	  -0.20339
N         	   0.00000	   5.70464	   0.00000	   0.25817	   0.00000	  -0.00000	   0.00000	  -0.13132	   0.00000	  -0.00000	   0.00000	  -0.12685
N         	   2.84660	  -2.85665	   0.00000	   0.28166	  -0.00112	   0.00000	  -0.00112	  -0.14625	   0.00000	   0.00000	   0.00000	  -0.13541
N         	   2.84504	   1.43743	   0.00000	   0.26870	  -0.05331	   0.00000	  -0.05331	  -0.13359	   0.00000	   0.00000	   0.00000	  -0.13512
N         	   2.77755	   5.69992	   0.00000	   0.26944	  -0.00153	   0.00000	  -0.00153	  -0.14244	  -0.00000	   0.00000	  -0.00000	  -0.12699
N         	   5.59430	  -2.86060	   0.00000	   0.22700	   0.03126	  -0.00000	   0.03126	  -0.14304	   0.00000	  -0.00000	   0.00000	  -0.08395
N         	   5.59180	   1.42711	   0.00000	   0.24000	  -0.02277	   0.00000	  -0.02277	  -0.12964	   0.00000	   0.00000	   0.00000	  -0.11036
N         	   5.55948	   5.68914	   0.00000	   0.26186	   0.00332	   0.00000	   0.00332	  -0.15547	  -0.00000	   0.00000	  -0.00000	  -0.10639
N         	   8.33361	  -2.86022	   0.00000	   0.22835	   0.01331	   0.00000	   0.01331	  -0.13820	  -0.00000	   0.00000	  -0.00000	  -0.09016
N         	   8.33237	   1.41617	   0.00000	   0.23395	  -0.00613	   0.00000	  -0.00613	  -0.13223	  -0.00000	   0.00000	  -0.00000	  -0.10173
N         	   8.32014	   5.68044	   0.00000	   0.24780	   0.00260	   0.00000	   0.00260	  -0.14723	  -0.00000	   0.00000	  -0.00000	  -0.10057
N         	  11.07392	  -2.86052	   0.00000	   0.23092	   0.00398	   0.00000	   0.00398	  -0.13707	   0.00000	   0.00000	   0.00000	  -0.09384
N         	  11.07366	   1.41038	   0.00000	   0.23421	  -0.00082	  -0.00000	  -0.00082	  -0.13519	   0.00000	  -0.00000	   0.00000	  -0.09902
N         	  11.07082	   5.67662	   0.00000	   0.24085	   0.00170	   0.00000	   0.00170	  -0.14197	  -0.00000	   0.00000	  -0.00000	  -0.09886
N         	 -12.44468	  -4.99397	   0.00000	   0.23669	   0.00000	   0.00000	   0.00000	  -0.14040	  -0.00000	   0.00000	  -0.00000	  -0.09629
N         	 -12.44468	  -0.72583	   0.00000	   0.22594	  -0.00000	   0.00000	  -0.00000	  -0.13160	   0.00000	   0.00000	   0.00000	  -0.09434
N         	 -12.44468	   3.54343	   0.00000	   0.24064	   0.00000	   0.00000	   0.00000	  -0.14079	  -0.00000	   0.00000	  -0.00000	  -0.09985
N         	  -9.69835	  -4.99345	   0.00000	   0.23871	  -0.00583	  -0.00000	  -0.00583	  -0.14282	  -0.00000	  -0.00000	  -0.00000	  -0.09589
N         	  -9.70865	  -0.72409	   0.00000	   0.22058	  -0.00471	   0.00000	  -0.00471	  -0.12818	  -0.00000	   0.00000	  -0.00000	  -0.09240
N         	  -9.69769	   3.54691	   0.00000	   0.24236	   0.00182	  -0.00000	   0.00182	  -0.14084	  -0.00000	  -0.00000	  -0.00000	  -0.10151
N         	  -6.94884	  -4.99123	   0.00000	   0.24419	  -0.01403	   0.00000	  -0.01403	  -0.15014	   0.00000	   0.00000	   0.00000	  -0.09406
N         	  -6.98290	  -0.72051	   0.00000	   0.19692	  -0.01191	  -0.00000	  -0.01191	  -0.11529	   0.00000	  -0.00000	   0.00000	  -0.08163
N         	  -6.94601	   3.55618	   0.00000	   0.25285	   0.00684	   0.00000	   0.00684	  -0.14532	   0.00000	   0.00000	   0.00000	  -0.10753
N         	  -4.18681	  -4.98567	   0.00000	   0.25819	  -0.01657	  -0.00000	  -0.01657	  -0.15136	  -0.00000	  -0.00000	  -0.00000	  -0.10682
N         	  -4.29019	  -0.71745	   0.00000	   0.15715	  -0.01189	  -0.00000	  -0.01189	  -0.09118	  -0.00000	  -0.00000	  -0.00000	  -0.06596
N         	  -4.18282	   3.57081	   0.00000	   0.27099	   0.01446	   0.00000	   0.01446	  -0.15388	   0.00000	   0.00000	   0.00000	  -0.11711
N         	  -1.39334	  -4.95190	   0.00000	   0.27479	   0.01452	   0.00000	   0.01452	  -0.13294	  -0.00000	   0.00000	  -0.00000	  -0.14185
N         	  -1.39713	   3.56029	   0.00000	   0.26410	  -0.00752	   0.00000	  -0.00752	  -0.12022	   0.00000	   0.00000	   0.00000	  -0.14388
N         	   1.39334	  -4.95190	   0.00000	   0.27479	  -0.01452	  -0.00000	  -0.01452	  -0.13294	  -0.00000	  -0.00000	  -0.00000	  -0.14185
N         	   1.39713	   3.56029	   0.00000	   0.26410	   0.00752	   0.00000	   0.00752	  -0.12022	   0.00000	   0.00000	   0.00000	  -0.14388
N         	   4.18681	  -4.98567	   0.00000	   0.25819	   0.01657	  -0.00000	   0.01657	  -0.15136	   0.00000	  -0.00000	   0.00000	  -0.10682
N         	   4.29019	  -0.71745	   0.00000	   0.15715	   0.01189	  -0.00000	   0.01189	  -0.09118	  -0.00000	  -0.00000	  -0.00000	  -0.06596
N         	   4.18282	   3.57081	   0.00000	   0.27099	  -0.01446	   0.00000	  -0.01446	  -0.15388	  -0.00000	   0.00000	  -0.00000	  -0.11711
N         	   6.94884	  -4.99123	   0.00000	   0.24419	   0.01403	  -0.00000	   0.01403	  -0.15014	   0.00000	  -0.00000	   0.00000	  -0.09406
N         	   6.98290	  -0.72051	   0.00000	   0.19692	   0.01191	  -0.00000	   0.01191	  -0.11529	  -0.00000	  -0.00000	  -0.00000	  -0.08163
N         	   6.94601	   3.55618	   0.00000	   0.25285	  -0.00684	   0.00000	  -0.00684	  -0.14532	   0.00000	   0.00000	   0.00000	  -0.10753
N         	   9.69835	  -4.99345	   0.00000	   0.23871	   0.00583	   0.00000	   0.00583	  -0.14282	   0.00000	   0.00000	   0.00000	  -0.09589
N         	   9.70865	  -0.72409	   0.00000	   0.22058	   0.00471	  -0.00000	   0.00471	  -0.12818	  -0.00000	  -0.00000	  -0.00000	  -0.09240
N         	   9.69769	   3.54691	   0.00000	   0.24236	  -0.00182	   0.00000	  -0.00182	  -0.14084	  -0.00000	   0.00000	  -0.00000	  -0.10151
N         	   1.72063	  -0.76028	   0.00000	   0.29068	  -0.36393	  -0.00000	  -0.36393	  -0.02178	  -0.00000	  -0.00000	  -0.00000	  -0.26890
N         	  -1.72063	  -0.76028	   0.00000	   0.29068	   0.36393	  -0.00000	   0.36393	  -0.02178	  -0.00000	  -0.00000	  -0.00000	  -0.26890
N         	   0.00000	   1.52057	   0.00000	   0.10878	  -0.00000	  -0.00000	  -0.00000	   0.11579	  -0.00000	  -0.00000	  -0.00000	  -0.22458
