--------------------------------------------------------------------------------------------------------------------------------------------------------------------------
  AtomName	    r_1i_X	    r_1i_Y	    r_1i_Z	  iso[MHz]	       Axx	       Axy	       Axz	       Ayx	       Ayy	       Ayz	       Azx	       Azy	       Azz
--------------------------------------------------------------------------------------------------------------------------------------------------------------------------
10B  g-factor___:   0.600215 [No-unit]
11B  g-factor___:   1.792433 [No-unit]
14N  g-factor___:   0.403761 [No-unit]
15N  g-factor___:  -0.566378 [No-unit]
10B  etc____:	---       	---       	---       	   0.00000
11B  etc____:	---       	---       	---       	   0.00000
14N  etc____:	---       	---       	---       	   0.00000
15N  etc____:	---       	---       	---       	   0.00000
MinDif[A]:	 -11.42648	  -6.51600	   0.00000
MaxDif[A]:	  10.15915	   6.50237	   0.00000
--------------------------------------------------------------------------------------------------------------------------------------------------------------------------
B         	 -10.15740	  -4.35117	   0.00000	   0.00000	   0.06098	   0.00000	  -0.00000	   0.00000	  -0.01525	   0.00000	  -0.00000	   0.00000	  -0.04574
B         	 -10.15759	  -0.01027	   0.00000	   0.01525	   0.09147	  -0.00000	   0.00000	  -0.00000	  -0.04574	  -0.00000	   0.00000	  -0.00000	  -0.04574
B         	 -10.15714	   4.32970	   0.00000	   0.00000	   0.06098	  -0.00000	  -0.00000	  -0.00000	  -0.01525	   0.00000	  -0.00000	   0.00000	  -0.04574
B         	  -7.61893	  -4.34913	   0.00000	  -0.01525	   0.07623	   0.03049	  -0.00000	   0.03049	  -0.00000	  -0.00000	  -0.00000	  -0.00000	  -0.07623
B         	  -7.62135	  -0.00948	   0.00000	   0.19819	   0.16770	  -0.04574	  -0.00000	  -0.04574	  -0.06098	   0.00000	  -0.00000	   0.00000	  -0.10672
B         	  -7.61739	   4.33090	   0.00000	   0.00000	   0.07623	  -0.03049	   0.00000	  -0.03049	  -0.00000	  -0.00000	   0.00000	  -0.00000	  -0.06098
B         	  -5.08103	  -4.34717	   0.00000	  -0.07623	   0.10672	   0.12196	   0.00000	   0.12196	   0.07623	   0.00000	   0.00000	   0.00000	  -0.18294
B         	  -5.08490	  -0.00738	   0.00000	   2.48497	   0.73177	  -0.47260	  -0.00000	  -0.47260	  -0.13721	  -0.00000	  -0.00000	  -0.00000	  -0.59456
B         	  -5.07788	   4.33411	   0.00000	  -0.03049	   0.07623	  -0.10672	   0.00000	  -0.10672	   0.06098	   0.00000	   0.00000	   0.00000	  -0.13721
B         	  -2.54098	  -4.34170	   0.00000	   2.77462	  -0.42687	   0.09147	  -0.00000	   0.09147	   1.08241	  -0.00000	  -0.00000	  -0.00000	  -0.65554
B         	  -2.53893	   0.00227	   0.00000	  -0.39637	   3.26247	  -3.87228	  -0.00000	  -3.87228	   1.29584	   0.00000	  -0.00000	   0.00000	  -4.55831
B         	  -2.53616	   4.33559	   0.00000	   2.50021	   0.44211	  -0.60981	   0.00000	  -0.60981	   0.18294	  -0.00000	   0.00000	  -0.00000	  -0.62505
B         	   0.00000	  -4.33289	   0.00000	  -0.86898	  -0.19819	   0.00000	   0.00000	   0.00000	   0.71652	   0.00000	   0.00000	   0.00000	  -0.51834
B         	   0.00000	   4.33495	   0.00000	  -0.88422	  -0.38113	   0.00000	   0.00000	   0.00000	   1.28060	   0.00000	   0.00000	   0.00000	  -0.89947
B         	   2.54098	  -4.34170	   0.00000	   2.77462	  -0.42687	  -0.09147	   0.00000	  -0.09147	   1.08241	  -0.00000	   0.00000	  -0.00000	  -0.65554
B         	   2.53893	   0.00227	   0.00000	  -0.39637	   3.26247	   3.87228	  -0.00000	   3.87228	   1.29584	   0.00000	  -0.00000	   0.00000	  -4.55831
B         	   2.53616	   4.33559	   0.00000	   2.50021	   0.44211	   0.60981	  -0.00000	   0.60981	   0.18294	  -0.00000	  -0.00000	  -0.00000	  -0.62505
B         	   5.08103	  -4.34717	   0.00000	  -0.07623	   0.10672	  -0.12196	  -0.00000	  -0.12196	   0.07623	  -0.00000	  -0.00000	  -0.00000	  -0.18294
B         	   5.08490	  -0.00738	   0.00000	   2.48497	   0.73177	   0.47260	  -0.00000	   0.47260	  -0.13721	   0.00000	  -0.00000	   0.00000	  -0.59456
B         	   5.07788	   4.33411	   0.00000	  -0.03049	   0.07623	   0.10672	   0.00000	   0.10672	   0.06098	   0.00000	   0.00000	   0.00000	  -0.13721
B         	   7.61893	  -4.34913	   0.00000	  -0.01525	   0.07623	  -0.03049	   0.00000	  -0.03049	  -0.00000	   0.00000	   0.00000	   0.00000	  -0.07623
B         	   7.62135	  -0.00948	   0.00000	   0.19819	   0.16770	   0.04574	  -0.00000	   0.04574	  -0.06098	  -0.00000	  -0.00000	  -0.00000	  -0.10672
B         	   7.61739	   4.33090	   0.00000	   0.00000	   0.07623	   0.03049	  -0.00000	   0.03049	  -0.00000	  -0.00000	  -0.00000	  -0.00000	  -0.06098
B         	  10.15740	  -4.35117	   0.00000	   0.00000	   0.06098	  -0.00000	  -0.00000	  -0.00000	  -0.01525	  -0.00000	  -0.00000	  -0.00000	  -0.04574
B         	  10.15759	  -0.01027	   0.00000	   0.01525	   0.09147	   0.00000	   0.00000	   0.00000	  -0.04574	   0.00000	   0.00000	   0.00000	  -0.04574
B         	  10.15714	   4.32970	   0.00000	   0.00000	   0.06098	   0.00000	  -0.00000	   0.00000	  -0.01525	  -0.00000	  -0.00000	  -0.00000	  -0.04574
B         	 -11.42648	  -2.18073	   0.00000	   0.00000	   0.06098	  -0.00000	   0.00000	  -0.00000	  -0.01525	  -0.00000	   0.00000	  -0.00000	  -0.04574
B         	 -11.42648	   2.15896	   0.00000	   0.00000	   0.07623	   0.00000	  -0.00000	   0.00000	  -0.03049	   0.00000	  -0.00000	   0.00000	  -0.04574
B         	 -11.42648	   6.49993	   0.00000	   0.00000	   0.07623	   0.00000	   0.00000	   0.00000	  -0.03049	  -0.00000	   0.00000	  -0.00000	  -0.04574
B         	  -8.88851	  -2.18017	   0.00000	   0.00000	   0.06098	   0.00000	  -0.00000	   0.00000	  -0.01525	  -0.00000	  -0.00000	  -0.00000	  -0.04574
B         	  -8.88766	   2.16073	   0.00000	   0.00000	   0.09147	   0.01525	   0.00000	   0.01525	  -0.03049	   0.00000	   0.00000	   0.00000	  -0.06098
B         	  -8.88810	   6.50051	   0.00000	   0.00000	   0.09147	  -0.01525	  -0.00000	  -0.01525	  -0.03049	   0.00000	  -0.00000	   0.00000	  -0.06098
B         	  -6.35009	  -2.17867	   0.00000	  -0.00000	   0.04574	   0.00000	  -0.00000	   0.00000	   0.03049	   0.00000	  -0.00000	   0.00000	  -0.07623
B         	  -6.34813	   2.16180	   0.00000	  -0.07623	   0.21343	   0.09147	  -0.00000	   0.09147	  -0.04574	  -0.00000	  -0.00000	  -0.00000	  -0.16770
B         	  -6.34919	   6.50237	   0.00000	   0.00000	   0.15245	  -0.07623	   0.00000	  -0.07623	  -0.03049	  -0.00000	   0.00000	  -0.00000	  -0.12196
B         	  -3.81151	  -2.17465	   0.00000	   0.12196	  -0.04574	  -0.06098	  -0.00000	  -0.06098	   0.24392	   0.00000	  -0.00000	   0.00000	  -0.19819
B         	  -3.80836	   2.16532	   0.00000	  -1.11290	   0.82324	   0.64030	   0.00000	   0.64030	   0.09147	   0.00000	   0.00000	   0.00000	  -0.91471
B         	  -3.80832	  -6.51600	   0.00000	  -0.96045	   0.39637	  -0.32015	  -0.00000	  -0.32015	   0.09147	   0.00000	  -0.00000	   0.00000	  -0.48785
B         	  -1.26157	  -2.15612	   0.00000	  -0.07623	  -0.18294	  -0.01525	   0.00000	  -0.01525	   0.44211	  -0.00000	   0.00000	  -0.00000	  -0.24392
B         	  -1.26259	   2.14473	   0.00000	  -0.97569	  -1.60074	  -1.20437	  -0.00000	  -1.20437	   6.26577	  -0.00000	  -0.00000	  -0.00000	  -4.64978
B         	  -1.26870	  -6.51030	   0.00000	  -1.43305	   5.01567	  -2.77462	   0.00000	  -2.77462	  -0.47260	  -0.00000	   0.00000	  -0.00000	  -4.54307
B         	   1.26157	  -2.15612	   0.00000	  -0.07623	  -0.18294	   0.01525	  -0.00000	   0.01525	   0.44211	  -0.00000	  -0.00000	  -0.00000	  -0.24392
B         	   1.26259	   2.14473	   0.00000	  -0.97569	  -1.60074	   1.20437	   0.00000	   1.20437	   6.26577	  -0.00000	   0.00000	  -0.00000	  -4.64978
B         	   1.26870	  -6.51030	   0.00000	  -1.43305	   5.01567	   2.77462	  -0.00000	   2.77462	  -0.47260	  -0.00000	  -0.00000	  -0.00000	  -4.54307
B         	   3.81151	  -2.17465	   0.00000	   0.12196	  -0.04574	   0.06098	   0.00000	   0.06098	   0.24392	   0.00000	   0.00000	   0.00000	  -0.19819
B         	   3.80836	   2.16532	   0.00000	  -1.11290	   0.82324	  -0.64030	   0.00000	  -0.64030	   0.09147	  -0.00000	   0.00000	  -0.00000	  -0.91471
B         	   3.80832	  -6.51600	   0.00000	  -0.96045	   0.39637	   0.32015	  -0.00000	   0.32015	   0.09147	  -0.00000	  -0.00000	  -0.00000	  -0.48785
B         	   6.35009	  -2.17867	   0.00000	  -0.00000	   0.04574	  -0.00000	  -0.00000	  -0.00000	   0.03049	   0.00000	  -0.00000	   0.00000	  -0.07623
B         	   6.34813	   2.16180	   0.00000	  -0.07623	   0.21343	  -0.09147	  -0.00000	  -0.09147	  -0.04574	   0.00000	  -0.00000	   0.00000	  -0.16770
B         	   6.34919	   6.50237	   0.00000	   0.00000	   0.15245	   0.07623	   0.00000	   0.07623	  -0.03049	   0.00000	   0.00000	   0.00000	  -0.12196
B         	   8.88851	  -2.18017	   0.00000	   0.00000	   0.06098	  -0.00000	  -0.00000	  -0.00000	  -0.01525	   0.00000	  -0.00000	   0.00000	  -0.04574
B         	   8.88766	   2.16073	   0.00000	   0.00000	   0.09147	  -0.01525	   0.00000	  -0.01525	  -0.03049	  -0.00000	   0.00000	  -0.00000	  -0.06098
B         	   8.88810	   6.50051	   0.00000	   0.00000	   0.09147	   0.01525	  -0.00000	   0.01525	  -0.03049	  -0.00000	  -0.00000	  -0.00000	  -0.06098
N         	 -10.15915	  -2.90026	   0.00000	   0.00000	   0.07623	   0.01525	  -0.00000	   0.01525	  -0.03049	   0.00000	  -0.00000	   0.00000	  -0.04574
N         	 -10.15886	   1.44091	   0.00000	   0.00000	   0.07623	  -0.00000	  -0.00000	  -0.00000	  -0.03049	   0.00000	  -0.00000	   0.00000	  -0.04574
N         	 -10.15879	   5.78109	   0.00000	   0.00000	   0.06098	  -0.00000	   0.00000	  -0.00000	  -0.01525	  -0.00000	   0.00000	  -0.00000	  -0.04574
N         	  -7.62461	  -2.89930	   0.00000	   0.04574	   0.12196	   0.04574	   0.00000	   0.04574	  -0.03049	   0.00000	   0.00000	   0.00000	  -0.07623
N         	  -7.62435	   1.44240	   0.00000	   0.00000	   0.13721	  -0.03049	   0.00000	  -0.03049	  -0.04574	  -0.00000	   0.00000	  -0.00000	  -0.09147
N         	  -7.62270	   5.78259	   0.00000	   0.00000	   0.06098	  -0.00000	  -0.00000	  -0.00000	   0.00000	  -0.00000	  -0.00000	  -0.00000	  -0.06098
N         	  -5.09016	  -2.89944	   0.00000	   0.64030	   0.32015	   0.33539	   0.00000	   0.33539	  -0.00000	  -0.00000	   0.00000	  -0.00000	  -0.32015
N         	  -5.09038	   1.44628	   0.00000	  -0.03049	   0.39637	  -0.10672	  -0.00000	  -0.10672	  -0.06098	   0.00000	  -0.00000	   0.00000	  -0.33539
N         	  -5.08450	   5.78639	   0.00000	   0.03049	   0.01525	  -0.01525	  -0.00000	  -0.01525	   0.12196	   0.00000	  -0.00000	   0.00000	  -0.13721
N         	  -2.55327	  -2.90080	   0.00000	  27.59379	   1.78369	   6.57068	  -0.00000	   6.57068	   2.59168	   0.00000	  -0.00000	   0.00000	  -4.37537
N         	  -2.55850	   1.45606	   0.00000	   0.62505	   0.42687	   1.28060	   0.00000	   1.28060	   2.65266	   0.00000	   0.00000	   0.00000	  -3.07953
N         	  -2.54275	   5.79092	   0.00000	   1.69222	  -0.21343	  -0.28966	   0.00000	  -0.28966	   0.60981	  -0.00000	   0.00000	  -0.00000	  -0.39637
N         	   0.00000	  -2.89770	   0.00000	   2.14957	   3.12526	  -0.00000	   0.00000	  -0.00000	   0.01525	  -0.00000	   0.00000	  -0.00000	  -3.14051
N         	   0.00000	   5.79268	   0.00000	   0.47260	  -0.28966	   0.00000	  -0.00000	   0.00000	   0.68603	   0.00000	  -0.00000	   0.00000	  -0.38113
N         	   2.55327	  -2.90080	   0.00000	  27.59379	   1.78369	  -6.57068	   0.00000	  -6.57068	   2.59168	   0.00000	   0.00000	   0.00000	  -4.37537
N         	   2.55850	   1.45606	   0.00000	   0.62505	   0.42687	  -1.28060	   0.00000	  -1.28060	   2.65266	   0.00000	   0.00000	   0.00000	  -3.07953
N         	   2.54275	   5.79092	   0.00000	   1.69222	  -0.21343	   0.28966	  -0.00000	   0.28966	   0.60981	  -0.00000	  -0.00000	  -0.00000	  -0.39637
N         	   5.09016	  -2.89944	   0.00000	   0.64030	   0.32015	  -0.33539	  -0.00000	  -0.33539	  -0.00000	  -0.00000	  -0.00000	  -0.00000	  -0.32015
N         	   5.09038	   1.44628	   0.00000	  -0.03049	   0.39637	   0.10672	  -0.00000	   0.10672	  -0.06098	  -0.00000	  -0.00000	  -0.00000	  -0.33539
N         	   5.08450	   5.78639	   0.00000	   0.03049	   0.01525	   0.01525	  -0.00000	   0.01525	   0.12196	   0.00000	  -0.00000	   0.00000	  -0.13721
N         	   7.62461	  -2.89930	   0.00000	   0.04574	   0.12196	  -0.04574	   0.00000	  -0.04574	  -0.03049	  -0.00000	   0.00000	  -0.00000	  -0.07623
N         	   7.62435	   1.44240	   0.00000	   0.00000	   0.13721	   0.03049	   0.00000	   0.03049	  -0.04574	   0.00000	   0.00000	   0.00000	  -0.09147
N         	   7.62270	   5.78259	   0.00000	   0.00000	   0.06098	   0.00000	  -0.00000	   0.00000	   0.00000	  -0.00000	  -0.00000	  -0.00000	  -0.06098
N         	  10.15915	  -2.90026	   0.00000	   0.00000	   0.07623	  -0.01525	  -0.00000	  -0.01525	  -0.03049	   0.00000	  -0.00000	   0.00000	  -0.04574
N         	  10.15886	   1.44091	   0.00000	   0.00000	   0.07623	   0.00000	  -0.00000	   0.00000	  -0.03049	  -0.00000	  -0.00000	  -0.00000	  -0.04574
N         	  10.15879	   5.78109	   0.00000	   0.00000	   0.06098	   0.00000	   0.00000	   0.00000	  -0.01525	   0.00000	   0.00000	   0.00000	  -0.04574
N         	 -11.42648	  -5.07074	   0.00000	   0.00000	   0.06098	  -0.00000	   0.00000	  -0.00000	  -0.01525	   0.00000	   0.00000	   0.00000	  -0.04574
N         	 -11.42648	  -0.72967	   0.00000	   0.00000	   0.09147	   0.00000	  -0.00000	   0.00000	  -0.04574	  -0.00000	  -0.00000	  -0.00000	  -0.04574
N         	 -11.42648	   3.61061	   0.00000	   0.00000	   0.06098	  -0.00000	  -0.00000	  -0.00000	  -0.03049	  -0.00000	  -0.00000	  -0.00000	  -0.04574
N         	  -8.89113	  -5.07006	   0.00000	   0.00000	   0.06098	   0.01525	  -0.00000	   0.01525	  -0.01525	   0.00000	  -0.00000	   0.00000	  -0.04574
N         	  -8.89303	  -0.72951	   0.00000	   0.07623	   0.13721	   0.01525	   0.00000	   0.01525	  -0.06098	  -0.00000	   0.00000	  -0.00000	  -0.07623
N         	  -8.89068	   3.61211	   0.00000	   0.00000	   0.07623	  -0.01525	  -0.00000	  -0.01525	  -0.01525	  -0.00000	  -0.00000	  -0.00000	  -0.06098
N         	  -6.35558	  -5.06899	   0.00000	   0.03049	   0.06098	   0.06098	  -0.00000	   0.06098	   0.03049	  -0.00000	  -0.00000	  -0.00000	  -0.09147
N         	  -6.36131	  -0.72846	   0.00000	   1.50927	   0.60981	   0.13721	  -0.00000	   0.13721	  -0.27441	  -0.00000	  -0.00000	  -0.00000	  -0.33539
N         	  -6.35432	   3.61487	   0.00000	  -0.01525	   0.10672	  -0.06098	   0.00000	  -0.06098	   0.01525	   0.00000	   0.00000	   0.00000	  -0.10672
N         	  -3.81666	  -5.06674	   0.00000	   1.31109	  -0.04574	   0.47260	   0.00000	   0.47260	   0.48785	   0.00000	   0.00000	   0.00000	  -0.44211
N         	  -3.83473	  -0.72711	   0.00000	  25.79486	   7.19573	   3.06428	   0.00000	   3.06428	  -3.20149	  -0.00000	   0.00000	  -0.00000	  -3.99424
N         	  -3.81666	   3.62172	   0.00000	   0.01525	   0.10672	  -0.25917	  -0.00000	  -0.25917	   0.25917	   0.00000	  -0.00000	   0.00000	  -0.36588
N         	  -1.27249	  -5.06266	   0.00000	   0.12196	  -0.12196	   0.13721	  -0.00000	   0.13721	   0.51834	  -0.00000	  -0.00000	  -0.00000	  -0.41162
N         	  -1.27400	   3.62583	   0.00000	  25.48995	  -3.11002	  -3.20149	   0.00000	  -3.20149	   7.13475	   0.00000	   0.00000	   0.00000	  -4.00948
N         	   1.27249	  -5.06266	   0.00000	   0.12196	  -0.12196	  -0.13721	   0.00000	  -0.13721	   0.51834	  -0.00000	   0.00000	  -0.00000	  -0.41162
N         	   1.27400	   3.62583	   0.00000	  25.48995	  -3.11002	   3.20149	  -0.00000	   3.20149	   7.13475	   0.00000	  -0.00000	   0.00000	  -4.00948
N         	   3.81666	  -5.06674	   0.00000	   1.31109	  -0.04574	  -0.47260	  -0.00000	  -0.47260	   0.48785	   0.00000	  -0.00000	   0.00000	  -0.44211
N         	   3.83473	  -0.72711	   0.00000	  25.79486	   7.19573	  -3.06428	   0.00000	  -3.06428	  -3.20149	  -0.00000	   0.00000	  -0.00000	  -3.99424
N         	   3.81666	   3.62172	   0.00000	   0.01525	   0.10672	   0.25917	   0.00000	   0.25917	   0.25917	  -0.00000	   0.00000	  -0.00000	  -0.36588
N         	   6.35558	  -5.06899	   0.00000	   0.03049	   0.06098	  -0.06098	  -0.00000	  -0.06098	   0.03049	   0.00000	  -0.00000	   0.00000	  -0.09147
N         	   6.36131	  -0.72846	   0.00000	   1.50927	   0.60981	  -0.13721	  -0.00000	  -0.13721	  -0.27441	   0.00000	  -0.00000	   0.00000	  -0.33539
N         	   6.35432	   3.61487	   0.00000	  -0.01525	   0.10672	   0.06098	   0.00000	   0.06098	   0.01525	  -0.00000	   0.00000	  -0.00000	  -0.10672
N         	   8.89113	  -5.07006	   0.00000	   0.00000	   0.06098	  -0.01525	   0.00000	  -0.01525	  -0.01525	  -0.00000	   0.00000	  -0.00000	  -0.04574
N         	   8.89303	  -0.72951	   0.00000	   0.07623	   0.13721	  -0.01525	   0.00000	  -0.01525	  -0.06098	  -0.00000	   0.00000	  -0.00000	  -0.07623
N         	   8.89068	   3.61211	   0.00000	   0.00000	   0.07623	   0.01525	   0.00000	   0.01525	  -0.01525	  -0.00000	   0.00000	  -0.00000	  -0.06098
N         	   1.36532	  -0.76156	   0.00000	 297.90618	  88.22389	-100.84691	   0.00000	-100.84691	 -18.35520	   0.00000	   0.00000	   0.00000	 -69.88393
N         	  -1.36532	  -0.76156	   0.00000	 297.90618	  88.22389	 100.84691	   0.00000	 100.84691	 -18.35520	   0.00000	   0.00000	   0.00000	 -69.88393
N         	   0.00000	   1.52311	   0.00000	 301.90042	 -76.36314	   0.00000	  -0.00000	   0.00000	 144.11275	   0.00000	  -0.00000	   0.00000	 -67.74961
