--------------------------------------------------------------------------------------------------------------------------------------------------------------------------
  AtomName	    r_1i_X	    r_1i_Y	    r_1i_Z	     EFGxx	     EFGxy	     EFGxz	     EFGyx	     EFGyy	     EFGyz	     EFGzx	     EFGzy	     EFGzz	[Hatree/Bohr_radius^2]
--------------------------------------------------------------------------------------------------------------------------------------------------------------------------
10B  eQ___:	  8.459000	[Q/milibarn]*(10^-1)
11B  eQ___:	  4.059000	[Q/milibarn]*(10^-1)
14N  eQ___:	  2.044000	[Q/milibarn]*(10^-1)
15N  eQ___:	  0.000000	[Q/milibarn]*(10^-1)
10B  etc____:	---       	---       	---       	  -0.19269	   0.00000	   0.00000	   0.00000	  -0.19337	   0.00000	   0.00000	   0.00000	   0.38604
11B  etc____:	---       	---       	---       	  -0.19269	   0.00000	   0.00000	   0.00000	  -0.19337	   0.00000	   0.00000	   0.00000	   0.38604
14N  etc____:	---       	---       	---       	   0.02025	   0.00000	   0.00000	   0.00000	  -0.02340	  -0.00000	   0.00000	  -0.00000	   0.00315
15N  etc____:	---       	---       	---       	   0.02025	   0.00000	   0.00000	   0.00000	  -0.02340	  -0.00000	   0.00000	  -0.00000	   0.00315
MinDif[A]:	 -11.42648	  -6.51600	   0.00000
MaxDif[A]:	  10.15915	   6.50237	   0.00000
--------------------------------------------------------------------------------------------------------------------------------------------------------------------------
B         	 -10.15740	  -4.35117	   0.00000	  -0.19149	   0.00296	   0.00000	   0.00296	  -0.19433	  -0.00000	   0.00000	  -0.00000	   0.38581
B         	 -10.15759	  -0.01027	   0.00000	  -0.19246	   0.00390	  -0.00000	   0.00390	  -0.19360	  -0.00000	  -0.00000	  -0.00000	   0.38607
B         	 -10.15714	   4.32970	   0.00000	  -0.19272	   0.00310	  -0.00000	   0.00310	  -0.19318	  -0.00000	  -0.00000	  -0.00000	   0.38591
B         	  -7.61893	  -4.34913	   0.00000	  -0.19012	   0.00924	  -0.00000	   0.00924	  -0.19527	   0.00000	  -0.00000	   0.00000	   0.38539
B         	  -7.62135	  -0.00948	   0.00000	  -0.19223	   0.01169	  -0.00000	   0.01169	  -0.19357	  -0.00000	  -0.00000	  -0.00000	   0.38580
B         	  -7.61739	   4.33090	   0.00000	  -0.19340	   0.01022	  -0.00000	   0.01022	  -0.19217	  -0.00000	  -0.00000	  -0.00000	   0.38558
B         	  -5.08103	  -4.34717	   0.00000	  -0.18542	   0.01281	   0.00000	   0.01281	  -0.19896	  -0.00000	   0.00000	  -0.00000	   0.38438
B         	  -5.08490	  -0.00738	   0.00000	  -0.19331	   0.02377	   0.00000	   0.02377	  -0.19076	  -0.00000	   0.00000	  -0.00000	   0.38408
B         	  -5.07788	   4.33411	   0.00000	  -0.19535	   0.01602	  -0.00000	   0.01602	  -0.18966	   0.00000	  -0.00000	   0.00000	   0.38502
B         	  -2.54098	  -4.34170	   0.00000	  -0.17562	   0.01137	   0.00000	   0.01137	  -0.20795	   0.00000	   0.00000	   0.00000	   0.38358
B         	  -2.53893	   0.00227	   0.00000	  -0.17109	   0.05596	  -0.00000	   0.05596	  -0.19567	   0.00000	  -0.00000	   0.00000	   0.36676
B         	  -2.53616	   4.33559	   0.00000	  -0.20013	   0.01752	   0.00000	   0.01752	  -0.18325	   0.00000	   0.00000	   0.00000	   0.38338
B         	   0.00000	  -4.33289	   0.00000	  -0.16768	  -0.00000	  -0.00000	  -0.00000	  -0.21473	  -0.00000	  -0.00000	  -0.00000	   0.38241
B         	   0.00000	   4.33495	   0.00000	  -0.20296	  -0.00000	   0.00000	  -0.00000	  -0.17776	   0.00000	   0.00000	   0.00000	   0.38072
B         	   2.54098	  -4.34170	   0.00000	  -0.17562	  -0.01137	  -0.00000	  -0.01137	  -0.20795	   0.00000	  -0.00000	   0.00000	   0.38358
B         	   2.53893	   0.00227	   0.00000	  -0.17109	  -0.05596	   0.00000	  -0.05596	  -0.19567	   0.00000	   0.00000	   0.00000	   0.36676
B         	   2.53616	   4.33559	   0.00000	  -0.20013	  -0.01752	  -0.00000	  -0.01752	  -0.18325	   0.00000	  -0.00000	   0.00000	   0.38338
B         	   5.08103	  -4.34717	   0.00000	  -0.18542	  -0.01281	  -0.00000	  -0.01281	  -0.19896	  -0.00000	  -0.00000	  -0.00000	   0.38438
B         	   5.08490	  -0.00738	   0.00000	  -0.19331	  -0.02377	  -0.00000	  -0.02377	  -0.19076	  -0.00000	  -0.00000	  -0.00000	   0.38408
B         	   5.07788	   4.33411	   0.00000	  -0.19535	  -0.01602	  -0.00000	  -0.01602	  -0.18966	   0.00000	  -0.00000	   0.00000	   0.38502
B         	   7.61893	  -4.34913	   0.00000	  -0.19012	  -0.00924	   0.00000	  -0.00924	  -0.19527	   0.00000	   0.00000	   0.00000	   0.38539
B         	   7.62135	  -0.00948	   0.00000	  -0.19223	  -0.01169	   0.00000	  -0.01169	  -0.19357	  -0.00000	   0.00000	  -0.00000	   0.38580
B         	   7.61739	   4.33090	   0.00000	  -0.19340	  -0.01022	   0.00000	  -0.01022	  -0.19217	  -0.00000	   0.00000	  -0.00000	   0.38558
B         	  10.15740	  -4.35117	   0.00000	  -0.19149	  -0.00296	   0.00000	  -0.00296	  -0.19433	   0.00000	   0.00000	   0.00000	   0.38581
B         	  10.15759	  -0.01027	   0.00000	  -0.19246	  -0.00390	   0.00000	  -0.00390	  -0.19360	  -0.00000	   0.00000	  -0.00000	   0.38607
B         	  10.15714	   4.32970	   0.00000	  -0.19272	  -0.00310	  -0.00000	  -0.00310	  -0.19318	  -0.00000	  -0.00000	  -0.00000	   0.38591
B         	 -11.42648	  -2.18073	   0.00000	  -0.19197	   0.00000	  -0.00000	   0.00000	  -0.19395	  -0.00000	  -0.00000	  -0.00000	   0.38593
B         	 -11.42648	   2.15896	   0.00000	  -0.19169	  -0.00000	  -0.00000	  -0.00000	  -0.19428	   0.00000	  -0.00000	   0.00000	   0.38597
B         	 -11.42648	   6.49993	   0.00000	  -0.19269	   0.00000	   0.00000	   0.00000	  -0.19337	   0.00000	   0.00000	   0.00000	   0.38604
B         	  -8.88851	  -2.18017	   0.00000	  -0.19148	   0.00574	  -0.00000	   0.00574	  -0.19419	   0.00000	  -0.00000	   0.00000	   0.38567
B         	  -8.88766	   2.16073	   0.00000	  -0.19141	   0.00685	   0.00000	   0.00685	  -0.19430	   0.00000	   0.00000	   0.00000	   0.38571
B         	  -8.88810	   6.50051	   0.00000	  -0.19281	   0.00737	  -0.00000	   0.00737	  -0.19309	  -0.00000	  -0.00000	  -0.00000	   0.38589
B         	  -6.35009	  -2.17867	   0.00000	  -0.19115	   0.01072	  -0.00000	   0.01072	  -0.19429	   0.00000	  -0.00000	   0.00000	   0.38544
B         	  -6.34813	   2.16180	   0.00000	  -0.18958	   0.01392	   0.00000	   0.01392	  -0.19499	  -0.00000	   0.00000	  -0.00000	   0.38457
B         	  -6.34919	   6.50237	   0.00000	  -0.19526	   0.01703	  -0.00000	   0.01703	  -0.18990	   0.00000	  -0.00000	   0.00000	   0.38516
B         	  -3.81151	  -2.17465	   0.00000	  -0.18974	   0.01228	  -0.00000	   0.01228	  -0.19541	   0.00000	  -0.00000	   0.00000	   0.38516
B         	  -3.80836	   2.16532	   0.00000	  -0.17978	   0.02199	   0.00000	   0.02199	  -0.20002	  -0.00000	   0.00000	  -0.00000	   0.37980
B         	  -3.80832	  -6.51600	   0.00000	  -0.20062	   0.02816	   0.00000	   0.02816	  -0.18209	   0.00000	   0.00000	   0.00000	   0.38271
B         	  -1.26157	  -2.15612	   0.00000	  -0.18691	   0.00628	   0.00000	   0.00628	  -0.19749	  -0.00000	   0.00000	  -0.00000	   0.38440
B         	  -1.26259	   2.14473	   0.00000	  -0.14011	   0.03909	   0.00000	   0.03909	  -0.22406	  -0.00000	   0.00000	  -0.00000	   0.36418
B         	  -1.26870	  -6.51030	   0.00000	  -0.23013	   0.02545	  -0.00000	   0.02545	  -0.13415	  -0.00000	  -0.00000	  -0.00000	   0.36429
B         	   1.26157	  -2.15612	   0.00000	  -0.18691	  -0.00628	   0.00000	  -0.00628	  -0.19749	  -0.00000	   0.00000	  -0.00000	   0.38440
B         	   1.26259	   2.14473	   0.00000	  -0.14011	  -0.03909	  -0.00000	  -0.03909	  -0.22406	  -0.00000	  -0.00000	  -0.00000	   0.36418
B         	   1.26870	  -6.51030	   0.00000	  -0.23013	  -0.02545	   0.00000	  -0.02545	  -0.13415	  -0.00000	   0.00000	  -0.00000	   0.36429
B         	   3.81151	  -2.17465	   0.00000	  -0.18974	  -0.01228	   0.00000	  -0.01228	  -0.19541	   0.00000	   0.00000	   0.00000	   0.38516
B         	   3.80836	   2.16532	   0.00000	  -0.17978	  -0.02199	   0.00000	  -0.02199	  -0.20002	   0.00000	   0.00000	   0.00000	   0.37980
B         	   3.80832	  -6.51600	   0.00000	  -0.20062	  -0.02816	  -0.00000	  -0.02816	  -0.18209	   0.00000	  -0.00000	   0.00000	   0.38271
B         	   6.35009	  -2.17867	   0.00000	  -0.19115	  -0.01072	   0.00000	  -0.01072	  -0.19429	   0.00000	   0.00000	   0.00000	   0.38544
B         	   6.34813	   2.16180	   0.00000	  -0.18958	  -0.01392	  -0.00000	  -0.01392	  -0.19499	  -0.00000	  -0.00000	  -0.00000	   0.38457
B         	   6.34919	   6.50237	   0.00000	  -0.19526	  -0.01703	  -0.00000	  -0.01703	  -0.18990	   0.00000	  -0.00000	   0.00000	   0.38516
B         	   8.88851	  -2.18017	   0.00000	  -0.19148	  -0.00574	   0.00000	  -0.00574	  -0.19419	   0.00000	   0.00000	   0.00000	   0.38567
B         	   8.88766	   2.16073	   0.00000	  -0.19141	  -0.00685	  -0.00000	  -0.00685	  -0.19430	  -0.00000	  -0.00000	  -0.00000	   0.38571
B         	   8.88810	   6.50051	   0.00000	  -0.19281	  -0.00737	   0.00000	  -0.00737	  -0.19309	   0.00000	   0.00000	   0.00000	   0.38589
N         	 -10.15915	  -2.90026	   0.00000	   0.01910	  -0.00178	  -0.00000	  -0.00178	  -0.02293	   0.00000	  -0.00000	   0.00000	   0.00384
N         	 -10.15886	   1.44091	   0.00000	   0.02000	  -0.00109	  -0.00000	  -0.00109	  -0.02217	  -0.00000	  -0.00000	  -0.00000	   0.00217
N         	 -10.15879	   5.78109	   0.00000	   0.02103	  -0.00078	   0.00000	  -0.00078	  -0.02325	   0.00000	   0.00000	   0.00000	   0.00222
N         	  -7.62461	  -2.89930	   0.00000	   0.01772	  -0.00677	  -0.00000	  -0.00677	  -0.02371	   0.00000	  -0.00000	   0.00000	   0.00599
N         	  -7.62435	   1.44240	   0.00000	   0.01991	  -0.00315	  -0.00000	  -0.00315	  -0.02197	  -0.00000	  -0.00000	  -0.00000	   0.00206
N         	  -7.62270	   5.78259	   0.00000	   0.02278	  -0.00354	  -0.00000	  -0.00354	  -0.02473	  -0.00000	  -0.00000	  -0.00000	   0.00194
N         	  -5.09016	  -2.89944	   0.00000	   0.01627	  -0.01166	   0.00000	  -0.01166	  -0.02460	  -0.00000	   0.00000	  -0.00000	   0.00834
N         	  -5.09038	   1.44628	   0.00000	   0.01960	  -0.00244	   0.00000	  -0.00244	  -0.01975	   0.00000	   0.00000	   0.00000	   0.00014
N         	  -5.08450	   5.78639	   0.00000	   0.02536	  -0.00356	   0.00000	  -0.00356	  -0.02830	  -0.00000	   0.00000	  -0.00000	   0.00294
N         	  -2.55327	  -2.90080	   0.00000	   0.02841	   0.00678	   0.00000	   0.00678	  -0.01766	   0.00000	   0.00000	   0.00000	  -0.01074
N         	  -2.55850	   1.45606	   0.00000	   0.02817	   0.00757	  -0.00000	   0.00757	  -0.01566	   0.00000	  -0.00000	   0.00000	  -0.01249
N         	  -2.54275	   5.79092	   0.00000	   0.02730	  -0.00465	   0.00000	  -0.00465	  -0.02933	   0.00000	   0.00000	   0.00000	   0.00203
N         	   0.00000	  -2.89770	   0.00000	   0.04154	  -0.00000	  -0.00000	  -0.00000	  -0.02233	  -0.00000	  -0.00000	  -0.00000	  -0.01921
N         	   0.00000	   5.79268	   0.00000	   0.02791	  -0.00000	   0.00000	  -0.00000	  -0.02994	  -0.00000	   0.00000	  -0.00000	   0.00203
N         	   2.55327	  -2.90080	   0.00000	   0.02841	  -0.00678	   0.00000	  -0.00678	  -0.01766	   0.00000	   0.00000	   0.00000	  -0.01074
N         	   2.55850	   1.45606	   0.00000	   0.02817	  -0.00757	   0.00000	  -0.00757	  -0.01566	  -0.00000	   0.00000	  -0.00000	  -0.01249
N         	   2.54275	   5.79092	   0.00000	   0.02730	   0.00465	  -0.00000	   0.00465	  -0.02933	   0.00000	  -0.00000	   0.00000	   0.00203
N         	   5.09016	  -2.89944	   0.00000	   0.01627	   0.01166	  -0.00000	   0.01166	  -0.02460	  -0.00000	  -0.00000	  -0.00000	   0.00834
N         	   5.09038	   1.44628	   0.00000	   0.01960	   0.00244	  -0.00000	   0.00244	  -0.01975	  -0.00000	  -0.00000	  -0.00000	   0.00014
N         	   5.08450	   5.78639	   0.00000	   0.02536	   0.00356	   0.00000	   0.00356	  -0.02830	  -0.00000	   0.00000	  -0.00000	   0.00294
N         	   7.62461	  -2.89930	   0.00000	   0.01772	   0.00677	   0.00000	   0.00677	  -0.02371	  -0.00000	   0.00000	  -0.00000	   0.00599
N         	   7.62435	   1.44240	   0.00000	   0.01991	   0.00315	   0.00000	   0.00315	  -0.02197	   0.00000	   0.00000	   0.00000	   0.00206
N         	   7.62270	   5.78259	   0.00000	   0.02278	   0.00354	   0.00000	   0.00354	  -0.02473	  -0.00000	   0.00000	  -0.00000	   0.00194
N         	  10.15915	  -2.90026	   0.00000	   0.01910	   0.00178	   0.00000	   0.00178	  -0.02293	   0.00000	   0.00000	   0.00000	   0.00384
N         	  10.15886	   1.44091	   0.00000	   0.02000	   0.00109	   0.00000	   0.00109	  -0.02217	   0.00000	   0.00000	   0.00000	   0.00217
N         	  10.15879	   5.78109	   0.00000	   0.02103	   0.00078	  -0.00000	   0.00078	  -0.02325	  -0.00000	  -0.00000	  -0.00000	   0.00222
N         	 -11.42648	  -5.07074	   0.00000	   0.02025	   0.00000	   0.00000	   0.00000	  -0.02340	  -0.00000	   0.00000	  -0.00000	   0.00315
N         	 -11.42648	  -0.72967	   0.00000	   0.01861	  -0.00000	  -0.00000	  -0.00000	  -0.02219	  -0.00000	  -0.00000	  -0.00000	   0.00358
N         	 -11.42648	   3.61061	   0.00000	   0.02102	  -0.00000	   0.00000	  -0.00000	  -0.02306	   0.00000	   0.00000	   0.00000	   0.00204
N         	  -8.89113	  -5.07006	   0.00000	   0.02094	  -0.00300	  -0.00000	  -0.00300	  -0.02417	  -0.00000	  -0.00000	  -0.00000	   0.00323
N         	  -8.89303	  -0.72951	   0.00000	   0.01665	  -0.00343	  -0.00000	  -0.00343	  -0.02132	  -0.00000	  -0.00000	  -0.00000	   0.00467
N         	  -8.89068	   3.61211	   0.00000	   0.02242	  -0.00193	  -0.00000	  -0.00193	  -0.02406	  -0.00000	  -0.00000	  -0.00000	   0.00164
N         	  -6.35558	  -5.06899	   0.00000	   0.02035	  -0.00600	   0.00000	  -0.00600	  -0.02540	   0.00000	   0.00000	   0.00000	   0.00506
N         	  -6.36131	  -0.72846	   0.00000	   0.01289	  -0.00848	  -0.00000	  -0.00848	  -0.02029	  -0.00000	  -0.00000	  -0.00000	   0.00739
N         	  -6.35432	   3.61487	   0.00000	   0.02389	  -0.00254	   0.00000	  -0.00254	  -0.02411	   0.00000	   0.00000	   0.00000	   0.00023
N         	  -3.81666	  -5.06674	   0.00000	   0.02068	  -0.00757	   0.00000	  -0.00757	  -0.02486	   0.00000	   0.00000	   0.00000	   0.00418
N         	  -3.83473	  -0.72711	   0.00000	   0.02406	  -0.00178	   0.00000	  -0.00178	  -0.02305	  -0.00000	   0.00000	  -0.00000	  -0.00101
N         	  -3.81666	   3.62172	   0.00000	   0.02992	  -0.00079	  -0.00000	  -0.00079	  -0.02984	   0.00000	  -0.00000	   0.00000	  -0.00007
N         	  -1.27249	  -5.06266	   0.00000	   0.02650	  -0.00335	  -0.00000	  -0.00335	  -0.02514	   0.00000	  -0.00000	   0.00000	  -0.00136
N         	  -1.27400	   3.62583	   0.00000	   0.02297	  -0.00968	  -0.00000	  -0.00968	  -0.01218	   0.00000	  -0.00000	   0.00000	  -0.01077
N         	   1.27249	  -5.06266	   0.00000	   0.02650	   0.00335	  -0.00000	   0.00335	  -0.02514	  -0.00000	  -0.00000	  -0.00000	  -0.00136
N         	   1.27400	   3.62583	   0.00000	   0.02297	   0.00968	  -0.00000	   0.00968	  -0.01218	   0.00000	  -0.00000	   0.00000	  -0.01077
N         	   3.81666	  -5.06674	   0.00000	   0.02068	   0.00757	  -0.00000	   0.00757	  -0.02486	   0.00000	  -0.00000	   0.00000	   0.00418
N         	   3.83473	  -0.72711	   0.00000	   0.02406	   0.00178	  -0.00000	   0.00178	  -0.02305	   0.00000	  -0.00000	   0.00000	  -0.00101
N         	   3.81666	   3.62172	   0.00000	   0.02992	   0.00079	   0.00000	   0.00079	  -0.02984	   0.00000	   0.00000	   0.00000	  -0.00007
N         	   6.35558	  -5.06899	   0.00000	   0.02035	   0.00600	  -0.00000	   0.00600	  -0.02540	  -0.00000	  -0.00000	  -0.00000	   0.00506
N         	   6.36131	  -0.72846	   0.00000	   0.01289	   0.00848	   0.00000	   0.00848	  -0.02029	  -0.00000	   0.00000	  -0.00000	   0.00739
N         	   6.35432	   3.61487	   0.00000	   0.02389	   0.00254	  -0.00000	   0.00254	  -0.02411	   0.00000	  -0.00000	   0.00000	   0.00023
N         	   8.89113	  -5.07006	   0.00000	   0.02094	   0.00300	   0.00000	   0.00300	  -0.02417	   0.00000	   0.00000	   0.00000	   0.00323
N         	   8.89303	  -0.72951	   0.00000	   0.01665	   0.00343	   0.00000	   0.00343	  -0.02132	  -0.00000	   0.00000	  -0.00000	   0.00467
N         	   8.89068	   3.61211	   0.00000	   0.02242	   0.00193	   0.00000	   0.00193	  -0.02406	  -0.00000	   0.00000	  -0.00000	   0.00164
N         	   1.36532	  -0.76156	   0.00000	   0.28048	  -0.31296	   0.00000	  -0.31296	  -0.07057	   0.00000	   0.00000	   0.00000	  -0.20990
N         	  -1.36532	  -0.76156	   0.00000	   0.28048	   0.31296	  -0.00000	   0.31296	  -0.07057	   0.00000	  -0.00000	   0.00000	  -0.20990
N         	   0.00000	   1.52311	   0.00000	  -0.20452	   0.00000	  -0.00000	   0.00000	   0.39797	   0.00000	  -0.00000	   0.00000	  -0.19346
