--------------------------------------------------------------------------------------------------------------------------------------------------------------------------
  AtomName	    r_1i_X	    r_1i_Y	    r_1i_Z	     EFGxx	     EFGxy	     EFGxz	     EFGyx	     EFGyy	     EFGyz	     EFGzx	     EFGzy	     EFGzz	[Hatree/Bohr_radius^2]
--------------------------------------------------------------------------------------------------------------------------------------------------------------------------
10B  eQ___:	  8.459000	[Q/milibarn]*(10^-1)
11B  eQ___:	  4.059000	[Q/milibarn]*(10^-1)
14N  eQ___:	  2.044000	[Q/milibarn]*(10^-1)
15N  eQ___:	  0.000000	[Q/milibarn]*(10^-1)
10B  etc____:	---       	---       	---       	  -0.17447	  -0.00000	  -0.00000	  -0.00000	  -0.17618	   0.00000	  -0.00000	   0.00000	   0.35065
11B  etc____:	---       	---       	---       	  -0.17447	  -0.00000	  -0.00000	  -0.00000	  -0.17618	   0.00000	  -0.00000	   0.00000	   0.35065
14N  etc____:	---       	---       	---       	   0.01649	  -0.00000	   0.00000	  -0.00000	  -0.02481	   0.00000	   0.00000	   0.00000	   0.00833
15N  etc____:	---       	---       	---       	   0.01649	  -0.00000	   0.00000	  -0.00000	  -0.02481	   0.00000	   0.00000	   0.00000	   0.00833
MinDif[A]:	 -11.42648	  -6.51600	   0.00000
MaxDif[A]:	  10.15915	   6.50237	   0.00000
--------------------------------------------------------------------------------------------------------------------------------------------------------------------------
B         	 -10.15740	  -4.35117	   0.00000	  -0.17401	   0.00292	  -0.00000	   0.00292	  -0.17656	  -0.00000	  -0.00000	  -0.00000	   0.35058
B         	 -10.15759	  -0.01027	   0.00000	  -0.17471	   0.00357	  -0.00000	   0.00357	  -0.17624	   0.00000	  -0.00000	   0.00000	   0.35095
B         	 -10.15714	   4.32970	   0.00000	  -0.17508	   0.00306	  -0.00000	   0.00306	  -0.17564	   0.00000	  -0.00000	   0.00000	   0.35072
B         	  -7.61893	  -4.34913	   0.00000	  -0.17210	   0.00851	   0.00000	   0.00851	  -0.17789	  -0.00000	   0.00000	  -0.00000	   0.34998
B         	  -7.62135	  -0.00948	   0.00000	  -0.17498	   0.01068	   0.00000	   0.01068	  -0.17569	  -0.00000	   0.00000	  -0.00000	   0.35066
B         	  -7.61739	   4.33090	   0.00000	  -0.17571	   0.00976	   0.00000	   0.00976	  -0.17468	   0.00000	   0.00000	   0.00000	   0.35039
B         	  -5.08103	  -4.34717	   0.00000	  -0.16809	   0.01143	  -0.00000	   0.01143	  -0.18064	   0.00000	  -0.00000	   0.00000	   0.34873
B         	  -5.08490	  -0.00738	   0.00000	  -0.17480	   0.02235	  -0.00000	   0.02235	  -0.17382	   0.00000	  -0.00000	   0.00000	   0.34862
B         	  -5.07788	   4.33411	   0.00000	  -0.17729	   0.01486	   0.00000	   0.01486	  -0.17227	  -0.00000	   0.00000	  -0.00000	   0.34956
B         	  -2.54098	  -4.34170	   0.00000	  -0.15905	   0.01145	   0.00000	   0.01145	  -0.18879	   0.00000	   0.00000	   0.00000	   0.34783
B         	  -2.53893	   0.00227	   0.00000	  -0.15121	   0.05902	   0.00000	   0.05902	  -0.18000	  -0.00000	   0.00000	  -0.00000	   0.33121
B         	  -2.53616	   4.33559	   0.00000	  -0.18147	   0.01524	   0.00000	   0.01524	  -0.16617	  -0.00000	   0.00000	  -0.00000	   0.34764
B         	   0.00000	  -4.33289	   0.00000	  -0.14872	   0.00000	   0.00000	   0.00000	  -0.19715	  -0.00000	   0.00000	  -0.00000	   0.34588
B         	   0.00000	   4.33495	   0.00000	  -0.18276	   0.00000	  -0.00000	   0.00000	  -0.16154	   0.00000	  -0.00000	   0.00000	   0.34429
B         	   2.54098	  -4.34170	   0.00000	  -0.15905	  -0.01145	  -0.00000	  -0.01145	  -0.18879	   0.00000	  -0.00000	   0.00000	   0.34783
B         	   2.53893	   0.00227	   0.00000	  -0.15121	  -0.05902	  -0.00000	  -0.05902	  -0.18000	  -0.00000	  -0.00000	  -0.00000	   0.33121
B         	   2.53616	   4.33559	   0.00000	  -0.18147	  -0.01524	  -0.00000	  -0.01524	  -0.16617	   0.00000	  -0.00000	   0.00000	   0.34764
B         	   5.08103	  -4.34717	   0.00000	  -0.16809	  -0.01143	   0.00000	  -0.01143	  -0.18064	   0.00000	   0.00000	   0.00000	   0.34873
B         	   5.08490	  -0.00738	   0.00000	  -0.17480	  -0.02235	   0.00000	  -0.02235	  -0.17382	   0.00000	   0.00000	   0.00000	   0.34862
B         	   5.07788	   4.33411	   0.00000	  -0.17729	  -0.01486	  -0.00000	  -0.01486	  -0.17227	   0.00000	  -0.00000	   0.00000	   0.34956
B         	   7.61893	  -4.34913	   0.00000	  -0.17210	  -0.00851	   0.00000	  -0.00851	  -0.17789	   0.00000	   0.00000	   0.00000	   0.34998
B         	   7.62135	  -0.00948	   0.00000	  -0.17498	  -0.01068	  -0.00000	  -0.01068	  -0.17569	  -0.00000	  -0.00000	  -0.00000	   0.35066
B         	   7.61739	   4.33090	   0.00000	  -0.17571	  -0.00976	  -0.00000	  -0.00976	  -0.17468	   0.00000	  -0.00000	   0.00000	   0.35039
B         	  10.15740	  -4.35117	   0.00000	  -0.17401	  -0.00292	  -0.00000	  -0.00292	  -0.17656	   0.00000	  -0.00000	   0.00000	   0.35058
B         	  10.15759	  -0.01027	   0.00000	  -0.17471	  -0.00357	   0.00000	  -0.00357	  -0.17624	   0.00000	   0.00000	   0.00000	   0.35095
B         	  10.15714	   4.32970	   0.00000	  -0.17508	  -0.00306	  -0.00000	  -0.00306	  -0.17564	  -0.00000	  -0.00000	  -0.00000	   0.35072
B         	 -11.42648	  -2.18073	   0.00000	  -0.17419	   0.00000	  -0.00000	   0.00000	  -0.17652	   0.00000	  -0.00000	   0.00000	   0.35071
B         	 -11.42648	   2.15896	   0.00000	  -0.17549	  -0.00000	   0.00000	  -0.00000	  -0.17540	   0.00000	   0.00000	   0.00000	   0.35088
B         	 -11.42648	   6.49993	   0.00000	  -0.17447	  -0.00000	  -0.00000	  -0.00000	  -0.17618	   0.00000	  -0.00000	   0.00000	   0.35065
B         	  -8.88851	  -2.18017	   0.00000	  -0.17380	   0.00652	   0.00000	   0.00652	  -0.17670	  -0.00000	   0.00000	  -0.00000	   0.35050
B         	  -8.88766	   2.16073	   0.00000	  -0.17509	   0.00731	   0.00000	   0.00731	  -0.17562	  -0.00000	   0.00000	  -0.00000	   0.35071
B         	  -8.88810	   6.50051	   0.00000	  -0.17428	   0.00538	   0.00000	   0.00538	  -0.17614	   0.00000	   0.00000	   0.00000	   0.35041
B         	  -6.35009	  -2.17867	   0.00000	  -0.17163	   0.01383	   0.00000	   0.01383	  -0.17740	  -0.00000	   0.00000	  -0.00000	   0.34903
B         	  -6.34813	   2.16180	   0.00000	  -0.17720	   0.01618	  -0.00000	   0.01618	  -0.17258	  -0.00000	  -0.00000	  -0.00000	   0.34978
B         	  -6.34919	   6.50237	   0.00000	  -0.17375	   0.00978	   0.00000	   0.00978	  -0.17639	  -0.00000	   0.00000	  -0.00000	   0.35014
B         	  -3.81151	  -2.17465	   0.00000	  -0.16202	   0.02052	   0.00000	   0.02052	  -0.18146	   0.00000	   0.00000	   0.00000	   0.34347
B         	  -3.80836	   2.16532	   0.00000	  -0.18203	   0.02689	  -0.00000	   0.02689	  -0.16452	  -0.00000	  -0.00000	  -0.00000	   0.34656
B         	  -3.80832	  -6.51600	   0.00000	  -0.17230	   0.01130	   0.00000	   0.01130	  -0.17743	   0.00000	   0.00000	   0.00000	   0.34974
B         	  -1.26157	  -2.15612	   0.00000	  -0.12064	   0.04242	  -0.00000	   0.04242	  -0.20786	  -0.00000	  -0.00000	  -0.00000	   0.32850
B         	  -1.26259	   2.14473	   0.00000	  -0.21502	   0.02208	   0.00000	   0.02208	  -0.11348	  -0.00000	   0.00000	  -0.00000	   0.32848
B         	  -1.26870	  -6.51030	   0.00000	  -0.16863	   0.00579	  -0.00000	   0.00579	  -0.17987	   0.00000	  -0.00000	   0.00000	   0.34850
B         	   1.26157	  -2.15612	   0.00000	  -0.12064	  -0.04242	   0.00000	  -0.04242	  -0.20786	  -0.00000	   0.00000	  -0.00000	   0.32850
B         	   1.26259	   2.14473	   0.00000	  -0.21502	  -0.02208	  -0.00000	  -0.02208	  -0.11348	  -0.00000	  -0.00000	  -0.00000	   0.32848
B         	   1.26870	  -6.51030	   0.00000	  -0.16863	  -0.00579	   0.00000	  -0.00579	  -0.17987	   0.00000	   0.00000	   0.00000	   0.34850
B         	   3.81151	  -2.17465	   0.00000	  -0.16202	  -0.02052	  -0.00000	  -0.02052	  -0.18146	  -0.00000	  -0.00000	  -0.00000	   0.34347
B         	   3.80836	   2.16532	   0.00000	  -0.18203	  -0.02689	   0.00000	  -0.02689	  -0.16452	   0.00000	   0.00000	   0.00000	   0.34656
B         	   3.80832	  -6.51600	   0.00000	  -0.17230	  -0.01130	  -0.00000	  -0.01130	  -0.17743	   0.00000	  -0.00000	   0.00000	   0.34974
B         	   6.35009	  -2.17867	   0.00000	  -0.17163	  -0.01383	  -0.00000	  -0.01383	  -0.17740	  -0.00000	  -0.00000	  -0.00000	   0.34903
B         	   6.34813	   2.16180	   0.00000	  -0.17720	  -0.01618	  -0.00000	  -0.01618	  -0.17258	   0.00000	  -0.00000	   0.00000	   0.34978
B         	   6.34919	   6.50237	   0.00000	  -0.17375	  -0.00978	  -0.00000	  -0.00978	  -0.17639	  -0.00000	  -0.00000	  -0.00000	   0.35014
B         	   8.88851	  -2.18017	   0.00000	  -0.17380	  -0.00652	  -0.00000	  -0.00652	  -0.17670	  -0.00000	  -0.00000	  -0.00000	   0.35050
B         	   8.88766	   2.16073	   0.00000	  -0.17509	  -0.00731	  -0.00000	  -0.00731	  -0.17562	   0.00000	  -0.00000	   0.00000	   0.35071
B         	   8.88810	   6.50051	   0.00000	  -0.17428	  -0.00538	  -0.00000	  -0.00538	  -0.17614	   0.00000	  -0.00000	   0.00000	   0.35041
N         	 -10.15915	  -2.90026	   0.00000	   0.01552	  -0.00161	   0.00000	  -0.00161	  -0.02449	  -0.00000	   0.00000	  -0.00000	   0.00897
N         	 -10.15886	   1.44091	   0.00000	   0.01685	  -0.00037	   0.00000	  -0.00037	  -0.02444	  -0.00000	   0.00000	  -0.00000	   0.00759
N         	 -10.15879	   5.78109	   0.00000	   0.01756	  -0.00075	   0.00000	  -0.00075	  -0.02532	  -0.00000	   0.00000	  -0.00000	   0.00776
N         	  -7.62461	  -2.89930	   0.00000	   0.01428	  -0.00558	   0.00000	  -0.00558	  -0.02549	  -0.00000	   0.00000	  -0.00000	   0.01121
N         	  -7.62435	   1.44240	   0.00000	   0.01657	  -0.00172	  -0.00000	  -0.00172	  -0.02335	   0.00000	  -0.00000	   0.00000	   0.00678
N         	  -7.62270	   5.78259	   0.00000	   0.01927	  -0.00292	  -0.00000	  -0.00292	  -0.02701	  -0.00000	  -0.00000	  -0.00000	   0.00774
N         	  -5.09016	  -2.89944	   0.00000	   0.01245	  -0.00981	  -0.00000	  -0.00981	  -0.02600	  -0.00000	  -0.00000	  -0.00000	   0.01354
N         	  -5.09038	   1.44628	   0.00000	   0.01818	   0.00048	  -0.00000	   0.00048	  -0.02113	  -0.00000	  -0.00000	  -0.00000	   0.00295
N         	  -5.08450	   5.78639	   0.00000	   0.02338	  -0.00236	  -0.00000	  -0.00236	  -0.03080	   0.00000	  -0.00000	   0.00000	   0.00742
N         	  -2.55327	  -2.90080	   0.00000	   0.03143	   0.01396	  -0.00000	   0.01396	  -0.02008	  -0.00000	  -0.00000	  -0.00000	  -0.01135
N         	  -2.55850	   1.45606	   0.00000	   0.02739	   0.01565	   0.00000	   0.01565	  -0.00936	  -0.00000	   0.00000	  -0.00000	  -0.01803
N         	  -2.54275	   5.79092	   0.00000	   0.02614	  -0.00252	  -0.00000	  -0.00252	  -0.03188	  -0.00000	  -0.00000	  -0.00000	   0.00574
N         	   0.00000	  -2.89770	   0.00000	   0.05341	  -0.00000	   0.00000	  -0.00000	  -0.03072	   0.00000	   0.00000	   0.00000	  -0.02269
N         	   0.00000	   5.79268	   0.00000	   0.02694	  -0.00000	   0.00000	  -0.00000	  -0.03340	  -0.00000	   0.00000	  -0.00000	   0.00646
N         	   2.55327	  -2.90080	   0.00000	   0.03143	  -0.01396	   0.00000	  -0.01396	  -0.02008	  -0.00000	   0.00000	  -0.00000	  -0.01135
N         	   2.55850	   1.45606	   0.00000	   0.02739	  -0.01565	  -0.00000	  -0.01565	  -0.00936	  -0.00000	  -0.00000	  -0.00000	  -0.01803
N         	   2.54275	   5.79092	   0.00000	   0.02614	   0.00252	   0.00000	   0.00252	  -0.03188	  -0.00000	   0.00000	  -0.00000	   0.00574
N         	   5.09016	  -2.89944	   0.00000	   0.01245	   0.00981	   0.00000	   0.00981	  -0.02600	   0.00000	   0.00000	   0.00000	   0.01354
N         	   5.09038	   1.44628	   0.00000	   0.01818	  -0.00048	   0.00000	  -0.00048	  -0.02113	  -0.00000	   0.00000	  -0.00000	   0.00295
N         	   5.08450	   5.78639	   0.00000	   0.02338	   0.00236	  -0.00000	   0.00236	  -0.03080	   0.00000	  -0.00000	   0.00000	   0.00742
N         	   7.62461	  -2.89930	   0.00000	   0.01428	   0.00558	  -0.00000	   0.00558	  -0.02549	  -0.00000	  -0.00000	  -0.00000	   0.01121
N         	   7.62435	   1.44240	   0.00000	   0.01657	   0.00172	  -0.00000	   0.00172	  -0.02335	   0.00000	  -0.00000	   0.00000	   0.00678
N         	   7.62270	   5.78259	   0.00000	   0.01927	   0.00292	   0.00000	   0.00292	  -0.02701	  -0.00000	   0.00000	  -0.00000	   0.00774
N         	  10.15915	  -2.90026	   0.00000	   0.01552	   0.00161	  -0.00000	   0.00161	  -0.02449	  -0.00000	  -0.00000	  -0.00000	   0.00897
N         	  10.15886	   1.44091	   0.00000	   0.01685	   0.00037	   0.00000	   0.00037	  -0.02444	  -0.00000	   0.00000	  -0.00000	   0.00759
N         	  10.15879	   5.78109	   0.00000	   0.01756	   0.00075	  -0.00000	   0.00075	  -0.02532	  -0.00000	  -0.00000	  -0.00000	   0.00776
N         	 -11.42648	  -5.07074	   0.00000	   0.01649	  -0.00000	   0.00000	  -0.00000	  -0.02481	   0.00000	   0.00000	   0.00000	   0.00833
N         	 -11.42648	  -0.72967	   0.00000	   0.01474	   0.00000	   0.00000	   0.00000	  -0.02351	  -0.00000	   0.00000	  -0.00000	   0.00878
N         	 -11.42648	   3.61061	   0.00000	   0.01782	   0.00000	   0.00000	   0.00000	  -0.02484	   0.00000	   0.00000	   0.00000	   0.00702
N         	  -8.89113	  -5.07006	   0.00000	   0.01641	  -0.00217	  -0.00000	  -0.00217	  -0.02507	   0.00000	  -0.00000	   0.00000	   0.00865
N         	  -8.89303	  -0.72951	   0.00000	   0.01294	  -0.00316	   0.00000	  -0.00316	  -0.02331	   0.00000	   0.00000	   0.00000	   0.01036
N         	  -8.89068	   3.61211	   0.00000	   0.01887	  -0.00146	  -0.00000	  -0.00146	  -0.02587	   0.00000	  -0.00000	   0.00000	   0.00700
N         	  -6.35558	  -5.06899	   0.00000	   0.01662	  -0.00543	   0.00000	  -0.00543	  -0.02703	  -0.00000	   0.00000	  -0.00000	   0.01041
N         	  -6.36131	  -0.72846	   0.00000	   0.01002	  -0.00712	  -0.00000	  -0.00712	  -0.02226	   0.00000	  -0.00000	   0.00000	   0.01224
N         	  -6.35432	   3.61487	   0.00000	   0.02095	  -0.00121	   0.00000	  -0.00121	  -0.02586	   0.00000	   0.00000	   0.00000	   0.00490
N         	  -3.81666	  -5.06674	   0.00000	   0.01977	  -0.00582	   0.00000	  -0.00582	  -0.02771	   0.00000	   0.00000	   0.00000	   0.00794
N         	  -3.83473	  -0.72711	   0.00000	   0.02644	   0.00530	  -0.00000	   0.00530	  -0.02521	  -0.00000	  -0.00000	  -0.00000	  -0.00122
N         	  -3.81666	   3.62172	   0.00000	   0.02768	   0.00115	   0.00000	   0.00115	  -0.02989	  -0.00000	   0.00000	  -0.00000	   0.00222
N         	  -1.27249	  -5.06266	   0.00000	   0.02711	  -0.00111	   0.00000	  -0.00111	  -0.02861	  -0.00000	   0.00000	  -0.00000	   0.00150
N         	  -1.27400	   3.62583	   0.00000	   0.01746	  -0.00876	  -0.00000	  -0.00876	  -0.00490	   0.00000	  -0.00000	   0.00000	  -0.01257
N         	   1.27249	  -5.06266	   0.00000	   0.02711	   0.00111	  -0.00000	   0.00111	  -0.02861	  -0.00000	  -0.00000	  -0.00000	   0.00150
N         	   1.27400	   3.62583	   0.00000	   0.01746	   0.00876	   0.00000	   0.00876	  -0.00490	   0.00000	   0.00000	   0.00000	  -0.01257
N         	   3.81666	  -5.06674	   0.00000	   0.01977	   0.00582	  -0.00000	   0.00582	  -0.02771	   0.00000	  -0.00000	   0.00000	   0.00795
N         	   3.83473	  -0.72711	   0.00000	   0.02644	  -0.00530	   0.00000	  -0.00530	  -0.02521	  -0.00000	   0.00000	  -0.00000	  -0.00122
N         	   3.81666	   3.62172	   0.00000	   0.02768	  -0.00115	  -0.00000	  -0.00115	  -0.02989	  -0.00000	  -0.00000	  -0.00000	   0.00222
N         	   6.35558	  -5.06899	   0.00000	   0.01662	   0.00543	  -0.00000	   0.00543	  -0.02703	  -0.00000	  -0.00000	  -0.00000	   0.01041
N         	   6.36131	  -0.72846	   0.00000	   0.01002	   0.00712	   0.00000	   0.00712	  -0.02226	   0.00000	   0.00000	   0.00000	   0.01224
N         	   6.35432	   3.61487	   0.00000	   0.02095	   0.00121	  -0.00000	   0.00121	  -0.02586	   0.00000	  -0.00000	   0.00000	   0.00490
N         	   8.89113	  -5.07006	   0.00000	   0.01641	   0.00217	   0.00000	   0.00217	  -0.02507	  -0.00000	   0.00000	  -0.00000	   0.00865
N         	   8.89303	  -0.72951	   0.00000	   0.01294	   0.00316	  -0.00000	   0.00316	  -0.02331	  -0.00000	  -0.00000	  -0.00000	   0.01036
N         	   8.89068	   3.61211	   0.00000	   0.01887	   0.00146	   0.00000	   0.00146	  -0.02587	   0.00000	   0.00000	   0.00000	   0.00700
N         	   1.36532	  -0.76156	   0.00000	   0.22530	  -0.26497	   0.00000	  -0.26497	  -0.07253	  -0.00000	   0.00000	  -0.00000	  -0.15277
N         	  -1.36532	  -0.76156	   0.00000	   0.22530	   0.26497	  -0.00000	   0.26497	  -0.07253	  -0.00000	  -0.00000	  -0.00000	  -0.15277
N         	   0.00000	   1.52311	   0.00000	  -0.18620	   0.00000	  -0.00000	   0.00000	   0.34406	   0.00000	  -0.00000	   0.00000	  -0.15786
