--------------------------------------------------------------------------------------------------------------------------------------------------------------------------
  AtomName	    r_1i_X	    r_1i_Y	    r_1i_Z	  iso[MHz]	       Axx	       Axy	       Axz	       Ayx	       Ayy	       Ayz	       Azx	       Azy	       Azz
--------------------------------------------------------------------------------------------------------------------------------------------------------------------------
10B  g-factor___:   0.600215 [No-unit]
11B  g-factor___:   1.792433 [No-unit]
14N  g-factor___:   0.403761 [No-unit]
15N  g-factor___:  -0.566378 [No-unit]
10B  etc____:	---       	---       	---       	   0.00000
11B  etc____:	---       	---       	---       	   0.00000
14N  etc____:	---       	---       	---       	   0.00000
15N  etc____:	---       	---       	---       	   0.00000
MinDif[A]:	 -11.42648	  -6.51600	   0.00000
MaxDif[A]:	  10.15915	   6.50237	   0.00000
--------------------------------------------------------------------------------------------------------------------------------------------------------------------------
B         	 -10.15740	  -4.35117	   0.00000	  -0.00000	   0.06098	   0.00000	   0.00000	   0.00000	  -0.01525	   0.00000	   0.00000	   0.00000	  -0.04574
B         	 -10.15759	  -0.01027	   0.00000	   0.01525	   0.09147	  -0.00000	   0.00000	  -0.00000	  -0.04574	   0.00000	   0.00000	   0.00000	  -0.04574
B         	 -10.15714	   4.32970	   0.00000	   0.00000	   0.06098	  -0.00000	   0.00000	  -0.00000	  -0.01525	   0.00000	   0.00000	   0.00000	  -0.04574
B         	  -7.61893	  -4.34913	   0.00000	  -0.01525	   0.07623	   0.03049	  -0.00000	   0.03049	  -0.00000	  -0.00000	  -0.00000	  -0.00000	  -0.07623
B         	  -7.62135	  -0.00948	   0.00000	   0.30490	   0.18294	  -0.04574	  -0.00000	  -0.04574	  -0.06098	  -0.00000	  -0.00000	  -0.00000	  -0.12196
B         	  -7.61739	   4.33090	   0.00000	  -0.00000	   0.06098	  -0.03049	   0.00000	  -0.03049	  -0.00000	  -0.00000	   0.00000	  -0.00000	  -0.06098
B         	  -5.08103	  -4.34717	   0.00000	  -0.09147	   0.12196	   0.10672	   0.00000	   0.10672	   0.09147	   0.00000	   0.00000	   0.00000	  -0.19819
B         	  -5.08490	  -0.00738	   0.00000	   3.18624	   0.76226	  -0.53358	  -0.00000	  -0.53358	  -0.12196	   0.00000	  -0.00000	   0.00000	  -0.64030
B         	  -5.07788	   4.33411	   0.00000	  -0.04574	   0.07623	  -0.10672	  -0.00000	  -0.10672	   0.07623	   0.00000	  -0.00000	   0.00000	  -0.15245
B         	  -2.54098	  -4.34170	   0.00000	   3.49115	  -0.47260	   0.07623	  -0.00000	   0.07623	   1.18912	  -0.00000	  -0.00000	  -0.00000	  -0.71652
B         	  -2.53893	   0.00227	   0.00000	   1.75320	   3.18624	  -3.53688	   0.00000	  -3.53688	   1.23486	   0.00000	   0.00000	   0.00000	  -4.40586
B         	  -2.53616	   4.33559	   0.00000	   3.29296	   0.53358	  -0.67079	   0.00000	  -0.67079	   0.15245	  -0.00000	   0.00000	  -0.00000	  -0.68603
B         	   0.00000	  -4.33289	   0.00000	  -0.68603	  -0.18294	   0.00000	   0.00000	   0.00000	   0.73177	   0.00000	   0.00000	   0.00000	  -0.54883
B         	   0.00000	   4.33495	   0.00000	  -1.03667	  -0.27441	   0.00000	   0.00000	   0.00000	   1.20437	   0.00000	   0.00000	   0.00000	  -0.92996
B         	   2.54098	  -4.34170	   0.00000	   3.49115	  -0.47260	  -0.07623	   0.00000	  -0.07623	   1.18912	  -0.00000	   0.00000	  -0.00000	  -0.71652
B         	   2.53893	   0.00227	   0.00000	   1.75320	   3.18624	   3.53688	   0.00000	   3.53688	   1.23486	   0.00000	   0.00000	   0.00000	  -4.40586
B         	   2.53616	   4.33559	   0.00000	   3.29296	   0.53358	   0.67079	  -0.00000	   0.67079	   0.15245	  -0.00000	  -0.00000	  -0.00000	  -0.68603
B         	   5.08103	  -4.34717	   0.00000	  -0.09147	   0.12196	  -0.10672	  -0.00000	  -0.10672	   0.09147	   0.00000	  -0.00000	   0.00000	  -0.19819
B         	   5.08490	  -0.00738	   0.00000	   3.18624	   0.76226	   0.53358	   0.00000	   0.53358	  -0.12196	  -0.00000	   0.00000	  -0.00000	  -0.64030
B         	   5.07788	   4.33411	   0.00000	  -0.04574	   0.07623	   0.10672	   0.00000	   0.10672	   0.07623	   0.00000	   0.00000	   0.00000	  -0.15245
B         	   7.61893	  -4.34913	   0.00000	  -0.01525	   0.07623	  -0.03049	  -0.00000	  -0.03049	  -0.00000	   0.00000	  -0.00000	   0.00000	  -0.07623
B         	   7.62135	  -0.00948	   0.00000	   0.30490	   0.18294	   0.04574	  -0.00000	   0.04574	  -0.06098	   0.00000	  -0.00000	   0.00000	  -0.12196
B         	   7.61739	   4.33090	   0.00000	  -0.00000	   0.06098	   0.03049	  -0.00000	   0.03049	  -0.00000	   0.00000	  -0.00000	   0.00000	  -0.06098
B         	  10.15740	  -4.35117	   0.00000	  -0.00000	   0.06098	  -0.00000	  -0.00000	  -0.00000	  -0.01525	  -0.00000	  -0.00000	  -0.00000	  -0.04574
B         	  10.15759	  -0.01027	   0.00000	   0.01525	   0.09147	   0.00000	   0.00000	   0.00000	  -0.04574	  -0.00000	   0.00000	  -0.00000	  -0.04574
B         	  10.15714	   4.32970	   0.00000	   0.00000	   0.06098	   0.00000	   0.00000	   0.00000	  -0.01525	  -0.00000	   0.00000	  -0.00000	  -0.04574
B         	 -11.42648	  -2.18073	   0.00000	  -0.00000	   0.07623	   0.00000	  -0.00000	   0.00000	  -0.03049	   0.00000	  -0.00000	   0.00000	  -0.04574
B         	 -11.42648	   2.15896	   0.00000	   0.00000	   0.07623	   0.00000	   0.00000	   0.00000	  -0.03049	  -0.00000	   0.00000	  -0.00000	  -0.04574
B         	 -11.42648	   6.49993	   0.00000	  -0.00000	   0.06098	  -0.00000	  -0.00000	  -0.00000	  -0.01525	  -0.00000	  -0.00000	  -0.00000	  -0.04574
B         	  -8.88851	  -2.18017	   0.00000	  -0.01525	   0.09147	   0.01525	   0.00000	   0.01525	  -0.03049	   0.00000	   0.00000	   0.00000	  -0.06098
B         	  -8.88766	   2.16073	   0.00000	   0.00000	   0.09147	  -0.01525	  -0.00000	  -0.01525	  -0.03049	   0.00000	  -0.00000	   0.00000	  -0.06098
B         	  -8.88810	   6.50051	   0.00000	  -0.00000	   0.06098	   0.00000	   0.00000	   0.00000	  -0.00000	  -0.00000	   0.00000	  -0.00000	  -0.04574
B         	  -6.35009	  -2.17867	   0.00000	  -0.10672	   0.21343	   0.09147	  -0.00000	   0.09147	  -0.03049	  -0.00000	  -0.00000	  -0.00000	  -0.18294
B         	  -6.34813	   2.16180	   0.00000	   0.01525	   0.15245	  -0.07623	   0.00000	  -0.07623	  -0.03049	  -0.00000	   0.00000	  -0.00000	  -0.13721
B         	  -6.34919	   6.50237	   0.00000	  -0.00000	   0.04574	   0.00000	  -0.00000	   0.00000	   0.03049	   0.00000	  -0.00000	   0.00000	  -0.09147
B         	  -3.81151	  -2.17465	   0.00000	  -1.25011	   0.77750	   0.54883	   0.00000	   0.54883	   0.15245	   0.00000	   0.00000	   0.00000	  -0.92996
B         	  -3.80836	   2.16532	   0.00000	  -0.79275	   0.41162	  -0.32015	  -0.00000	  -0.32015	   0.10672	   0.00000	  -0.00000	   0.00000	  -0.51834
B         	  -3.80832	  -6.51600	   0.00000	   0.28966	  -0.04574	  -0.09147	   0.00000	  -0.09147	   0.25917	   0.00000	   0.00000	   0.00000	  -0.22868
B         	  -1.26157	  -2.15612	   0.00000	   1.02143	  -1.38731	  -1.00618	  -0.00000	  -1.00618	   5.88464	   0.00000	  -0.00000	   0.00000	  -4.49733
B         	  -1.26259	   2.14473	   0.00000	   0.25917	   4.77174	  -2.63742	   0.00000	  -2.63742	  -0.30490	  -0.00000	   0.00000	  -0.00000	  -4.46684
B         	  -1.26870	  -6.51030	   0.00000	  -0.07623	  -0.16770	  -0.01525	   0.00000	  -0.01525	   0.44211	  -0.00000	   0.00000	  -0.00000	  -0.27441
B         	   1.26157	  -2.15612	   0.00000	   1.02143	  -1.38731	   1.00618	   0.00000	   1.00618	   5.88464	  -0.00000	   0.00000	  -0.00000	  -4.49733
B         	   1.26259	   2.14473	   0.00000	   0.25917	   4.77174	   2.63742	  -0.00000	   2.63742	  -0.30490	   0.00000	  -0.00000	   0.00000	  -4.46684
B         	   1.26870	  -6.51030	   0.00000	  -0.07623	  -0.16770	   0.01525	  -0.00000	   0.01525	   0.44211	  -0.00000	  -0.00000	  -0.00000	  -0.27441
B         	   3.81151	  -2.17465	   0.00000	  -1.25011	   0.77750	  -0.54883	   0.00000	  -0.54883	   0.15245	  -0.00000	   0.00000	  -0.00000	  -0.92996
B         	   3.80836	   2.16532	   0.00000	  -0.79275	   0.41162	   0.32015	  -0.00000	   0.32015	   0.10672	  -0.00000	  -0.00000	  -0.00000	  -0.51834
B         	   3.80832	  -6.51600	   0.00000	   0.28966	  -0.04574	   0.09147	  -0.00000	   0.09147	   0.25917	   0.00000	  -0.00000	   0.00000	  -0.22868
B         	   6.35009	  -2.17867	   0.00000	  -0.10672	   0.21343	  -0.09147	  -0.00000	  -0.09147	  -0.03049	   0.00000	  -0.00000	   0.00000	  -0.18294
B         	   6.34813	   2.16180	   0.00000	   0.01525	   0.15245	   0.07623	   0.00000	   0.07623	  -0.03049	   0.00000	   0.00000	   0.00000	  -0.13721
B         	   6.34919	   6.50237	   0.00000	  -0.00000	   0.04574	  -0.00000	  -0.00000	  -0.00000	   0.03049	   0.00000	  -0.00000	   0.00000	  -0.09147
B         	   8.88851	  -2.18017	   0.00000	  -0.01525	   0.09147	  -0.01525	   0.00000	  -0.01525	  -0.03049	  -0.00000	   0.00000	  -0.00000	  -0.06098
B         	   8.88766	   2.16073	   0.00000	   0.00000	   0.09147	   0.01525	  -0.00000	   0.01525	  -0.03049	  -0.00000	  -0.00000	  -0.00000	  -0.06098
B         	   8.88810	   6.50051	   0.00000	  -0.00000	   0.06098	  -0.00000	  -0.00000	  -0.00000	  -0.00000	   0.00000	  -0.00000	   0.00000	  -0.04574
N         	 -10.15915	  -2.90026	   0.00000	   0.00000	   0.07623	   0.01525	   0.00000	   0.01525	  -0.03049	  -0.00000	   0.00000	  -0.00000	  -0.04574
N         	 -10.15886	   1.44091	   0.00000	   0.00000	   0.07623	  -0.00000	  -0.00000	  -0.00000	  -0.03049	   0.00000	  -0.00000	   0.00000	  -0.04574
N         	 -10.15879	   5.78109	   0.00000	   0.00000	   0.06098	  -0.00000	  -0.00000	  -0.00000	  -0.01525	  -0.00000	  -0.00000	  -0.00000	  -0.04574
N         	  -7.62461	  -2.89930	   0.00000	   0.09147	   0.12196	   0.06098	   0.00000	   0.06098	  -0.03049	   0.00000	   0.00000	   0.00000	  -0.09147
N         	  -7.62435	   1.44240	   0.00000	   0.01525	   0.13721	  -0.03049	   0.00000	  -0.03049	  -0.04574	  -0.00000	   0.00000	  -0.00000	  -0.09147
N         	  -7.62270	   5.78259	   0.00000	   0.00000	   0.06098	  -0.00000	  -0.00000	  -0.00000	   0.01525	  -0.00000	  -0.00000	  -0.00000	  -0.06098
N         	  -5.09016	  -2.89944	   0.00000	   1.18912	   0.39637	   0.44211	   0.00000	   0.44211	   0.00000	  -0.00000	   0.00000	  -0.00000	  -0.41162
N         	  -5.09038	   1.44628	   0.00000	   0.10672	   0.41162	  -0.06098	  -0.00000	  -0.06098	  -0.06098	   0.00000	  -0.00000	   0.00000	  -0.36588
N         	  -5.08450	   5.78639	   0.00000	   0.06098	  -0.00000	   0.01525	  -0.00000	   0.01525	   0.16770	   0.00000	  -0.00000	   0.00000	  -0.16770
N         	  -2.55327	  -2.90080	   0.00000	  30.87150	   2.24104	   7.45490	  -0.00000	   7.45490	   2.77462	   0.00000	  -0.00000	   0.00000	  -5.03091
N         	  -2.55850	   1.45606	   0.00000	   5.18336	   0.28966	   1.79893	   0.00000	   1.79893	   3.12526	   0.00000	   0.00000	   0.00000	  -3.41492
N         	  -2.54275	   5.79092	   0.00000	   2.40874	  -0.25917	  -0.36588	   0.00000	  -0.36588	   0.77750	  -0.00000	   0.00000	  -0.00000	  -0.50309
N         	   0.00000	  -2.89770	   0.00000	   6.37249	   3.90277	  -0.00000	   0.00000	  -0.00000	  -0.48785	  -0.00000	   0.00000	  -0.00000	  -3.41492
N         	   0.00000	   5.79268	   0.00000	   0.99094	  -0.36588	   0.00000	  -0.00000	   0.00000	   0.82324	   0.00000	  -0.00000	   0.00000	  -0.45736
N         	   2.55327	  -2.90080	   0.00000	  30.87150	   2.24104	  -7.45490	   0.00000	  -7.45490	   2.77462	   0.00000	   0.00000	   0.00000	  -5.03091
N         	   2.55850	   1.45606	   0.00000	   5.18336	   0.28966	  -1.79893	   0.00000	  -1.79893	   3.12526	   0.00000	   0.00000	   0.00000	  -3.41492
N         	   2.54275	   5.79092	   0.00000	   2.40874	  -0.25917	   0.36588	  -0.00000	   0.36588	   0.77750	  -0.00000	  -0.00000	  -0.00000	  -0.50309
N         	   5.09016	  -2.89944	   0.00000	   1.18912	   0.39637	  -0.44211	   0.00000	  -0.44211	   0.00000	   0.00000	   0.00000	   0.00000	  -0.41162
N         	   5.09038	   1.44628	   0.00000	   0.10672	   0.41162	   0.06098	  -0.00000	   0.06098	  -0.06098	  -0.00000	  -0.00000	  -0.00000	  -0.36588
N         	   5.08450	   5.78639	   0.00000	   0.06098	  -0.00000	  -0.01525	   0.00000	  -0.01525	   0.16770	   0.00000	   0.00000	   0.00000	  -0.16770
N         	   7.62461	  -2.89930	   0.00000	   0.09147	   0.12196	  -0.06098	  -0.00000	  -0.06098	  -0.03049	  -0.00000	  -0.00000	  -0.00000	  -0.09147
N         	   7.62435	   1.44240	   0.00000	   0.01525	   0.13721	   0.03049	   0.00000	   0.03049	  -0.04574	   0.00000	   0.00000	   0.00000	  -0.09147
N         	   7.62270	   5.78259	   0.00000	   0.00000	   0.06098	   0.00000	   0.00000	   0.00000	   0.01525	  -0.00000	   0.00000	  -0.00000	  -0.06098
N         	  10.15915	  -2.90026	   0.00000	   0.00000	   0.07623	  -0.01525	   0.00000	  -0.01525	  -0.03049	   0.00000	   0.00000	   0.00000	  -0.04574
N         	  10.15886	   1.44091	   0.00000	   0.00000	   0.07623	   0.00000	  -0.00000	   0.00000	  -0.03049	  -0.00000	  -0.00000	  -0.00000	  -0.04574
N         	  10.15879	   5.78109	   0.00000	   0.00000	   0.06098	   0.00000	  -0.00000	   0.00000	  -0.01525	  -0.00000	  -0.00000	  -0.00000	  -0.04574
N         	 -11.42648	  -5.07074	   0.00000	   0.00000	   0.06098	  -0.00000	  -0.00000	  -0.00000	  -0.01525	   0.00000	  -0.00000	   0.00000	  -0.04574
N         	 -11.42648	  -0.72967	   0.00000	   0.01525	   0.09147	   0.00000	  -0.00000	   0.00000	  -0.04574	  -0.00000	  -0.00000	  -0.00000	  -0.04574
N         	 -11.42648	   3.61061	   0.00000	  -0.00000	   0.06098	  -0.00000	  -0.00000	  -0.00000	  -0.03049	   0.00000	  -0.00000	   0.00000	  -0.04574
N         	  -8.89113	  -5.07006	   0.00000	   0.01525	   0.06098	   0.01525	   0.00000	   0.01525	  -0.01525	  -0.00000	   0.00000	  -0.00000	  -0.04574
N         	  -8.89303	  -0.72951	   0.00000	   0.15245	   0.15245	   0.01525	   0.00000	   0.01525	  -0.06098	   0.00000	   0.00000	   0.00000	  -0.07623
N         	  -8.89068	   3.61211	   0.00000	  -0.00000	   0.07623	  -0.01525	   0.00000	  -0.01525	  -0.01525	   0.00000	   0.00000	   0.00000	  -0.06098
N         	  -6.35558	  -5.06899	   0.00000	   0.07623	   0.06098	   0.07623	  -0.00000	   0.07623	   0.04574	   0.00000	  -0.00000	   0.00000	  -0.10672
N         	  -6.36131	  -0.72846	   0.00000	   2.10384	   0.76226	   0.19819	  -0.00000	   0.19819	  -0.33539	  -0.00000	  -0.00000	  -0.00000	  -0.42687
N         	  -6.35432	   3.61487	   0.00000	  -0.00000	   0.10672	  -0.06098	   0.00000	  -0.06098	   0.01525	   0.00000	   0.00000	   0.00000	  -0.10672
N         	  -3.81666	  -5.06674	   0.00000	   1.95138	  -0.04574	   0.60981	   0.00000	   0.60981	   0.62505	   0.00000	   0.00000	   0.00000	  -0.57932
N         	  -3.83473	  -0.72711	   0.00000	  28.99634	   8.01897	   3.71983	   0.00000	   3.71983	  -3.43017	  -0.00000	   0.00000	  -0.00000	  -4.58880
N         	  -3.81666	   3.62172	   0.00000	   0.16770	   0.06098	  -0.25917	   0.00000	  -0.25917	   0.33539	  -0.00000	   0.00000	  -0.00000	  -0.39637
N         	  -1.27249	  -5.06266	   0.00000	   0.38113	  -0.07623	   0.16770	  -0.00000	   0.16770	   0.50309	  -0.00000	  -0.00000	  -0.00000	  -0.44211
N         	  -1.27400	   3.62583	   0.00000	  29.56042	  -3.71983	  -3.55213	   0.00000	  -3.55213	   8.44583	   0.00000	   0.00000	   0.00000	  -4.72601
N         	   1.27249	  -5.06266	   0.00000	   0.38113	  -0.07623	  -0.16770	   0.00000	  -0.16770	   0.50309	  -0.00000	   0.00000	  -0.00000	  -0.44211
N         	   1.27400	   3.62583	   0.00000	  29.56042	  -3.71983	   3.55213	  -0.00000	   3.55213	   8.44583	   0.00000	  -0.00000	   0.00000	  -4.72601
N         	   3.81666	  -5.06674	   0.00000	   1.95138	  -0.04574	  -0.60981	  -0.00000	  -0.60981	   0.62505	   0.00000	  -0.00000	   0.00000	  -0.57932
N         	   3.83473	  -0.72711	   0.00000	  28.99634	   8.01897	  -3.71983	   0.00000	  -3.71983	  -3.43017	  -0.00000	   0.00000	  -0.00000	  -4.58880
N         	   3.81666	   3.62172	   0.00000	   0.16770	   0.06098	   0.25917	   0.00000	   0.25917	   0.33539	  -0.00000	   0.00000	  -0.00000	  -0.39637
N         	   6.35558	  -5.06899	   0.00000	   0.07623	   0.06098	  -0.07623	  -0.00000	  -0.07623	   0.04574	   0.00000	  -0.00000	   0.00000	  -0.10672
N         	   6.36131	  -0.72846	   0.00000	   2.10384	   0.76226	  -0.19819	  -0.00000	  -0.19819	  -0.33539	   0.00000	  -0.00000	   0.00000	  -0.42687
N         	   6.35432	   3.61487	   0.00000	  -0.00000	   0.10672	   0.06098	  -0.00000	   0.06098	   0.01525	   0.00000	  -0.00000	   0.00000	  -0.10672
N         	   8.89113	  -5.07006	   0.00000	   0.01525	   0.06098	  -0.01525	   0.00000	  -0.01525	  -0.01525	   0.00000	   0.00000	   0.00000	  -0.04574
N         	   8.89303	  -0.72951	   0.00000	   0.15245	   0.15245	  -0.01525	   0.00000	  -0.01525	  -0.06098	  -0.00000	   0.00000	  -0.00000	  -0.07623
N         	   8.89068	   3.61211	   0.00000	  -0.00000	   0.07623	   0.01525	   0.00000	   0.01525	  -0.01525	   0.00000	   0.00000	   0.00000	  -0.06098
N         	   1.36532	  -0.76156	   0.00000	 297.00672	  83.29970	 -94.39819	   0.00000	 -94.39819	 -16.31235	   0.00000	   0.00000	   0.00000	 -66.98735
N         	  -1.36532	  -0.76156	   0.00000	 297.00672	  83.29970	  94.39819	   0.00000	  94.39819	 -16.31235	   0.00000	   0.00000	   0.00000	 -66.98735
N         	   0.00000	   1.52311	   0.00000	 299.50693	 -72.61282	  -0.00000	  -0.00000	  -0.00000	 139.41723	   0.00000	  -0.00000	   0.00000	 -66.80441
