--------------------------------------------------------------------------------------------------------------------------------------------------------------------------
  AtomName	    r_1i_X	    r_1i_Y	    r_1i_Z	  iso[MHz]	       Axx	       Axy	       Axz	       Ayx	       Ayy	       Ayz	       Azx	       Azy	       Azz
--------------------------------------------------------------------------------------------------------------------------------------------------------------------------
10B  g-factor___:   0.600215 [No-unit]
11B  g-factor___:   1.792433 [No-unit]
14N  g-factor___:   0.403761 [No-unit]
15N  g-factor___:  -0.566378 [No-unit]
10B  etc____:	---       	---       	---       	   0.00000
11B  etc____:	---       	---       	---       	   0.00000
14N  etc____:	---       	---       	---       	   0.00000
15N  etc____:	---       	---       	---       	   0.00000
MinDif[A]:	 -10.52141	  -6.55111	  -2.58852
MaxDif[A]:	   9.27788	   6.50888	   0.32121
--------------------------------------------------------------------------------------------------------------------------------------------------------------------------
B         	  -9.27634	  -4.37656	  -2.58852	  -0.00000	   0.06098	   0.01525	   0.01525	   0.01525	  -0.01525	   0.00000	   0.01525	   0.00000	  -0.04574
B         	  -9.27481	  -0.02283	  -2.58852	   0.01525	   0.09147	  -0.00000	   0.01525	  -0.00000	  -0.04574	  -0.00000	   0.01525	  -0.00000	  -0.04574
B         	  -9.27525	   4.33022	  -2.58852	  -0.00000	   0.06098	  -0.00000	   0.01525	  -0.00000	  -0.01525	  -0.00000	   0.01525	  -0.00000	  -0.04574
B         	  -6.78782	  -4.37508	  -2.58849	  -0.01525	   0.06098	   0.03049	   0.03049	   0.03049	  -0.00000	   0.01525	   0.03049	   0.01525	  -0.06098
B         	  -6.77864	  -0.02290	  -2.58849	   0.25917	   0.16770	  -0.04574	   0.06098	  -0.04574	  -0.07623	   0.00000	   0.06098	   0.00000	  -0.09147
B         	  -6.78496	   4.33034	  -2.58849	  -0.00000	   0.06098	  -0.03049	   0.03049	  -0.03049	  -0.00000	  -0.01525	   0.03049	  -0.01525	  -0.04574
B         	  -4.36890	  -4.36690	  -2.16220	  -0.06098	   0.03049	   0.09147	   0.12196	   0.09147	   0.09147	   0.06098	   0.12196	   0.06098	  -0.12196
B         	  -4.33835	  -0.01805	  -2.18706	   2.82036	   0.60981	  -0.50309	   0.32015	  -0.50309	  -0.18294	  -0.03049	   0.32015	  -0.03049	  -0.44211
B         	  -4.36467	   4.33785	  -2.16292	  -0.04574	   0.01525	  -0.10672	   0.10672	  -0.10672	   0.06098	  -0.07623	   0.10672	  -0.07623	  -0.09147
B         	  -2.29895	  -4.36362	  -0.79156	   2.40874	  -0.44211	   0.13721	   0.07623	   0.13721	   0.99094	  -0.03049	   0.07623	  -0.03049	  -0.54883
B         	  -2.20104	  -0.01835	  -0.85392	   1.70746	  -0.38113	  -1.93614	   3.24722	  -1.93614	   0.79275	  -2.92708	   3.24722	  -2.92708	  -0.42687
B         	  -2.29415	   4.34103	  -0.79666	   3.75032	   0.33539	  -0.68603	   0.53358	  -0.68603	   0.13721	  -0.32015	   0.53358	  -0.32015	  -0.47260
B         	   0.00000	  -4.36496	   0.04096	  -0.89947	  -0.19819	  -0.00000	  -0.00000	  -0.00000	   0.70128	  -0.03049	  -0.00000	  -0.03049	  -0.50309
B         	   0.00000	   4.35294	   0.03028	  -1.00618	  -0.36588	  -0.00000	  -0.00000	  -0.00000	   1.25011	  -0.18294	  -0.00000	  -0.18294	  -0.88422
B         	   2.29895	  -4.36362	  -0.79156	   2.40874	  -0.44211	  -0.13721	  -0.07623	  -0.13721	   0.99094	  -0.03049	  -0.07623	  -0.03049	  -0.54883
B         	   2.20104	  -0.01835	  -0.85392	   1.70746	  -0.38113	   1.93614	  -3.24722	   1.93614	   0.79275	  -2.92708	  -3.24722	  -2.92708	  -0.42687
B         	   2.29415	   4.34103	  -0.79666	   3.75032	   0.33539	   0.68603	  -0.53358	   0.68603	   0.13721	  -0.32015	  -0.53358	  -0.32015	  -0.47260
B         	   4.36890	  -4.36690	  -2.16220	  -0.06098	   0.03049	  -0.09147	  -0.12196	  -0.09147	   0.09147	   0.06098	  -0.12196	   0.06098	  -0.12196
B         	   4.33835	  -0.01805	  -2.18706	   2.82036	   0.60981	   0.50309	  -0.32015	   0.50309	  -0.18294	  -0.03049	  -0.32015	  -0.03049	  -0.44211
B         	   4.36467	   4.33785	  -2.16292	  -0.04574	   0.01525	   0.10672	  -0.10672	   0.10672	   0.06098	  -0.07623	  -0.10672	  -0.07623	  -0.09147
B         	   6.78782	  -4.37508	  -2.58849	  -0.01525	   0.06098	  -0.03049	  -0.03049	  -0.03049	  -0.00000	   0.01525	  -0.03049	   0.01525	  -0.06098
B         	   6.77864	  -0.02290	  -2.58849	   0.25917	   0.16770	   0.04574	  -0.06098	   0.04574	  -0.07623	   0.00000	  -0.06098	   0.00000	  -0.09147
B         	   6.78496	   4.33034	  -2.58849	  -0.00000	   0.06098	   0.03049	  -0.03049	   0.03049	  -0.00000	  -0.01525	  -0.03049	  -0.01525	  -0.04574
B         	   9.27634	  -4.37656	  -2.58852	  -0.00000	   0.06098	  -0.01525	  -0.01525	  -0.01525	  -0.01525	   0.00000	  -0.01525	   0.00000	  -0.04574
B         	   9.27481	  -0.02283	  -2.58852	   0.01525	   0.09147	   0.00000	  -0.01525	   0.00000	  -0.04574	  -0.00000	  -0.01525	  -0.00000	  -0.04574
B         	   9.27525	   4.33022	  -2.58852	  -0.00000	   0.06098	   0.00000	  -0.01525	   0.00000	  -0.01525	  -0.00000	  -0.01525	  -0.00000	  -0.04574
B         	 -10.52141	   6.50738	  -2.58852	  -0.00000	   0.06098	  -0.00000	   0.00000	  -0.00000	  -0.01525	   0.00000	   0.00000	   0.00000	  -0.04574
B         	 -10.52141	  -2.19973	  -2.58852	  -0.00000	   0.07623	   0.00000	  -0.00000	   0.00000	  -0.03049	   0.00000	  -0.00000	   0.00000	  -0.04574
B         	 -10.52141	   2.15355	  -2.58852	   0.00000	   0.07623	   0.00000	   0.00000	   0.00000	  -0.03049	  -0.00000	   0.00000	  -0.00000	  -0.04574
B         	  -8.03233	   6.50888	  -2.58852	  -0.00000	   0.04574	   0.00000	   0.01525	   0.00000	  -0.00000	   0.00000	   0.01525	   0.00000	  -0.04574
B         	  -8.02945	  -2.19835	  -2.58852	  -0.01525	   0.09147	   0.01525	   0.03049	   0.01525	  -0.04574	   0.00000	   0.03049	   0.00000	  -0.04574
B         	  -8.02657	   2.15253	  -2.58852	   0.00000	   0.09147	  -0.01525	   0.03049	  -0.01525	  -0.03049	  -0.00000	   0.03049	  -0.00000	  -0.04574
B         	  -5.54289	  -6.55111	  -2.58752	  -0.01525	   0.01525	  -0.00000	   0.04574	  -0.00000	   0.04574	   0.00000	   0.04574	   0.00000	  -0.06098
B         	  -5.53532	  -2.19617	  -2.58752	  -0.09147	   0.13721	   0.07623	   0.13721	   0.07623	  -0.03049	   0.03049	   0.13721	   0.03049	  -0.09147
B         	  -5.52912	   2.15434	  -2.58752	   0.06098	   0.10672	  -0.09147	   0.12196	  -0.09147	  -0.04574	  -0.04574	   0.12196	  -0.04574	  -0.06098
B         	  -3.31370	  -6.54589	  -1.52551	   0.28966	  -0.07623	  -0.07623	   0.09147	  -0.07623	   0.24392	  -0.06098	   0.09147	  -0.06098	  -0.16770
B         	  -3.28019	  -2.18934	  -1.55686	  -0.94520	   0.15245	   0.42687	   0.65554	   0.42687	   0.12196	   0.33539	   0.65554	   0.33539	  -0.25917
B         	  -3.26487	   2.15555	  -1.56370	  -0.59456	   0.15245	  -0.28966	   0.45736	  -0.28966	   0.06098	  -0.19819	   0.45736	  -0.19819	  -0.21343
B         	  -1.21292	  -6.53913	  -0.20830	  -0.07623	  -0.19819	  -0.03049	   0.03049	  -0.03049	   0.44211	  -0.01525	   0.03049	  -0.01525	  -0.24392
B         	  -1.19056	  -2.17760	  -0.19072	   0.00000	  -1.55501	  -0.77750	   0.54883	  -0.77750	   5.19861	   0.25917	   0.54883	   0.25917	  -3.64360
B         	  -1.18076	   2.15904	  -0.18282	  -5.18336	   2.74413	  -2.19531	   3.50639	  -2.19531	  -0.28966	  -0.80799	   3.50639	  -0.80799	  -2.45447
B         	   1.21292	  -6.53913	  -0.20830	  -0.07623	  -0.19819	   0.03049	  -0.03049	   0.03049	   0.44211	  -0.01525	  -0.03049	  -0.01525	  -0.24392
B         	   1.19056	  -2.17760	  -0.19072	   0.00000	  -1.55501	   0.77750	  -0.54883	   0.77750	   5.19861	   0.25917	  -0.54883	   0.25917	  -3.64360
B         	   1.18076	   2.15904	  -0.18282	  -5.18336	   2.74413	   2.19531	  -3.50639	   2.19531	  -0.28966	  -0.80799	  -3.50639	  -0.80799	  -2.45447
B         	   3.31370	  -6.54589	  -1.52551	   0.28966	  -0.07623	   0.07623	  -0.09147	   0.07623	   0.24392	  -0.06098	  -0.09147	  -0.06098	  -0.16770
B         	   3.28019	  -2.18934	  -1.55686	  -0.94520	   0.15245	  -0.42687	  -0.65554	  -0.42687	   0.12196	   0.33539	  -0.65554	   0.33539	  -0.25917
B         	   3.26487	   2.15555	  -1.56370	  -0.59456	   0.15245	   0.28966	  -0.45736	   0.28966	   0.06098	  -0.19819	  -0.45736	  -0.19819	  -0.21343
B         	   5.54289	  -6.55111	  -2.58752	  -0.01525	   0.01525	   0.00000	  -0.04574	   0.00000	   0.04574	   0.00000	  -0.04574	   0.00000	  -0.06098
B         	   5.53532	  -2.19617	  -2.58752	  -0.09147	   0.13721	  -0.07623	  -0.13721	  -0.07623	  -0.03049	   0.03049	  -0.13721	   0.03049	  -0.09147
B         	   5.52912	   2.15434	  -2.58752	   0.06098	   0.10672	   0.09147	  -0.12196	   0.09147	  -0.04574	  -0.04574	  -0.12196	  -0.04574	  -0.06098
B         	   8.03233	   6.50888	  -2.58852	  -0.00000	   0.04574	  -0.00000	  -0.01525	  -0.00000	  -0.00000	   0.00000	  -0.01525	   0.00000	  -0.04574
B         	   8.02946	  -2.19835	  -2.58852	  -0.01525	   0.09147	  -0.01525	  -0.03049	  -0.01525	  -0.04574	   0.00000	  -0.03049	   0.00000	  -0.04574
B         	   8.02657	   2.15253	  -2.58852	   0.00000	   0.09147	   0.01525	  -0.03049	   0.01525	  -0.03049	  -0.00000	  -0.03049	  -0.00000	  -0.04574
N         	  -9.27723	  -2.92747	  -2.58852	   0.01525	   0.07623	   0.01525	   0.01525	   0.01525	  -0.03049	   0.00000	   0.01525	   0.00000	  -0.04574
N         	  -9.27599	   1.42616	  -2.58852	   0.00000	   0.07623	  -0.00000	   0.01525	  -0.00000	  -0.04574	  -0.00000	   0.01525	  -0.00000	  -0.04574
N         	  -9.27788	   5.77946	  -2.58852	   0.00000	   0.04574	  -0.00000	   0.01525	  -0.00000	  -0.01525	  -0.00000	   0.01525	  -0.00000	  -0.03049
N         	  -6.78948	  -2.92572	  -2.58849	   0.12196	   0.10672	   0.06098	   0.06098	   0.06098	  -0.04574	   0.01525	   0.06098	   0.01525	  -0.06098
N         	  -6.78399	   1.42722	  -2.58849	   0.03049	   0.12196	  -0.03049	   0.07623	  -0.03049	  -0.06098	  -0.01525	   0.07623	  -0.01525	  -0.06098
N         	  -6.79202	   5.78113	  -2.58849	   0.01525	   0.03049	  -0.01525	   0.03049	  -0.01525	   0.00000	  -0.00000	   0.03049	  -0.00000	  -0.04574
N         	  -4.33448	  -2.92359	  -2.25080	   1.18912	   0.36588	   0.39637	   0.19819	   0.39637	  -0.07623	   0.10672	   0.19819	   0.10672	  -0.28966
N         	  -4.32030	   1.43307	  -2.26278	   0.53358	   0.27441	  -0.00000	   0.19819	  -0.00000	  -0.22868	  -0.10672	   0.19819	  -0.10672	  -0.04574
N         	  -4.34157	   5.78643	  -2.24219	   0.07623	  -0.03049	   0.00000	   0.06098	   0.00000	   0.13721	  -0.03049	   0.06098	  -0.03049	  -0.10672
N         	  -2.31154	  -2.92489	  -0.79171	  25.50520	  -0.57932	   4.63454	   3.14051	   4.63454	   1.89040	   4.03997	   3.14051	   4.03997	  -1.32633
N         	  -2.25035	   1.43951	  -0.84952	   7.86652	   1.60074	   1.90565	   1.17388	   1.90565	   1.34158	   1.38731	   1.17388	   1.38731	  -2.94232
N         	  -2.32509	   5.79236	  -0.77574	   2.05810	  -0.35064	  -0.33539	   0.10672	  -0.33539	   0.77750	  -0.16770	   0.10672	  -0.16770	  -0.44211
N         	   0.00000	  -2.94277	   0.14320	   2.36300	   3.75032	  -0.00000	   0.00000	  -0.00000	  -0.57932	  -0.16770	   0.00000	  -0.16770	  -3.17100
N         	   0.00000	   5.79908	   0.10134	   0.82324	  -0.45736	  -0.00000	  -0.00000	  -0.00000	   0.88422	   0.25917	  -0.00000	   0.25917	  -0.42687
N         	   2.31154	  -2.92489	  -0.79171	  25.50520	  -0.57932	  -4.63454	  -3.14051	  -4.63454	   1.89040	   4.03997	  -3.14051	   4.03997	  -1.32633
N         	   2.25035	   1.43951	  -0.84952	   7.86652	   1.60074	  -1.90565	  -1.17388	  -1.90565	   1.34158	   1.38731	  -1.17388	   1.38731	  -2.94232
N         	   2.32509	   5.79236	  -0.77574	   2.05810	  -0.35064	   0.33539	  -0.10672	   0.33539	   0.77750	  -0.16770	  -0.10672	  -0.16770	  -0.44211
N         	   4.33448	  -2.92359	  -2.25080	   1.18912	   0.36588	  -0.39637	  -0.19819	  -0.39637	  -0.07623	   0.10672	  -0.19819	   0.10672	  -0.28966
N         	   4.32030	   1.43307	  -2.26278	   0.53358	   0.27441	   0.00000	  -0.19819	   0.00000	  -0.22868	  -0.10672	  -0.19819	  -0.10672	  -0.04574
N         	   4.34157	   5.78643	  -2.24219	   0.07623	  -0.03049	  -0.00000	  -0.06098	  -0.00000	   0.13721	  -0.03049	  -0.06098	  -0.03049	  -0.10672
N         	   6.78948	  -2.92572	  -2.58849	   0.12196	   0.10672	  -0.06098	  -0.06098	  -0.06098	  -0.04574	   0.01525	  -0.06098	   0.01525	  -0.06098
N         	   6.78399	   1.42722	  -2.58849	   0.03049	   0.12196	   0.03049	  -0.07623	   0.03049	  -0.06098	  -0.01525	  -0.07623	  -0.01525	  -0.06098
N         	   6.79202	   5.78113	  -2.58849	   0.01525	   0.03049	   0.01525	  -0.03049	   0.01525	   0.00000	  -0.00000	  -0.03049	  -0.00000	  -0.04574
N         	   9.27723	  -2.92747	  -2.58852	   0.01525	   0.07623	  -0.01525	  -0.01525	  -0.01525	  -0.03049	   0.00000	  -0.01525	   0.00000	  -0.04574
N         	   9.27599	   1.42616	  -2.58852	   0.00000	   0.07623	   0.00000	  -0.01525	   0.00000	  -0.04574	  -0.00000	  -0.01525	  -0.00000	  -0.04574
N         	   9.27788	   5.77946	  -2.58852	   0.00000	   0.04574	   0.00000	  -0.01525	   0.00000	  -0.01525	  -0.00000	  -0.01525	  -0.00000	  -0.03049
N         	 -10.52141	  -5.10610	  -2.58852	   0.00000	   0.06098	  -0.00000	  -0.00000	  -0.00000	  -0.01525	   0.00000	  -0.00000	   0.00000	  -0.04574
N         	 -10.52141	  -0.75054	  -2.58852	   0.01525	   0.09147	  -0.00000	  -0.00000	  -0.00000	  -0.04574	   0.00000	  -0.00000	   0.00000	  -0.04574
N         	 -10.52141	   3.60275	  -2.58852	  -0.00000	   0.06098	  -0.00000	  -0.00000	  -0.00000	  -0.03049	  -0.00000	  -0.00000	  -0.00000	  -0.04574
N         	  -8.03472	  -5.10528	  -2.58852	   0.00000	   0.06098	   0.01525	   0.01525	   0.01525	  -0.01525	   0.00000	   0.01525	   0.00000	  -0.04574
N         	  -8.03048	  -0.74933	  -2.58852	   0.15245	   0.13721	   0.01525	   0.03049	   0.01525	  -0.07623	   0.00000	   0.03049	   0.00000	  -0.07623
N         	  -8.03253	   3.60232	  -2.58852	   0.00000	   0.06098	  -0.01525	   0.01525	  -0.01525	  -0.03049	  -0.00000	   0.01525	  -0.00000	  -0.04574
N         	  -5.54710	  -5.10291	  -2.58752	   0.04574	   0.01525	   0.04574	   0.06098	   0.04574	   0.03049	   0.03049	   0.06098	   0.03049	  -0.06098
N         	  -5.53603	  -0.74767	  -2.58752	   1.53976	   0.64030	   0.18294	   0.13721	   0.18294	  -0.32015	   0.01525	   0.13721	   0.01525	  -0.32015
N         	  -5.54236	   3.60535	  -2.58752	   0.01525	   0.04574	  -0.06098	   0.07623	  -0.06098	  -0.01525	  -0.03049	   0.07623	  -0.03049	  -0.01525
N         	  -3.30829	  -5.09874	  -1.52793	   1.55501	  -0.15245	   0.41162	   0.19819	   0.41162	   0.51834	   0.27441	   0.19819	   0.27441	  -0.36588
N         	  -3.25240	  -0.74301	  -1.59963	  24.94112	   1.29584	   2.05810	   5.77793	   2.05810	  -3.30821	   2.18006	   5.77793	   2.18006	   2.02761
N         	  -3.29268	   3.61136	  -1.54473	   0.12196	   0.00000	  -0.30490	   0.12196	  -0.30490	   0.19819	  -0.01525	   0.12196	  -0.01525	  -0.19819
N         	  -1.24158	  -5.09983	  -0.14010	   0.38113	  -0.03049	   0.19819	   0.09147	   0.19819	   0.47260	   0.01525	   0.09147	   0.01525	  -0.44211
N         	  -1.24097	   3.63017	  -0.13364	  34.40839	  -3.96375	  -3.00330	   0.74701	  -3.00330	   7.95799	  -3.38443	   0.74701	  -3.38443	  -3.99424
N         	   1.24158	  -5.09983	  -0.14010	   0.38113	  -0.03049	  -0.19819	  -0.09147	  -0.19819	   0.47260	   0.01525	  -0.09147	   0.01525	  -0.44211
N         	   1.24097	   3.63017	  -0.13364	  34.40839	  -3.96375	   3.00330	  -0.74701	   3.00330	   7.95799	  -3.38443	  -0.74701	  -3.38443	  -3.99424
N         	   3.30829	  -5.09874	  -1.52793	   1.55501	  -0.15245	  -0.41162	  -0.19819	  -0.41162	   0.51834	   0.27441	  -0.19819	   0.27441	  -0.36588
N         	   3.25240	  -0.74301	  -1.59963	  24.94112	   1.29584	  -2.05810	  -5.77793	  -2.05810	  -3.30821	   2.18006	  -5.77793	   2.18006	   2.02761
N         	   3.29268	   3.61136	  -1.54473	   0.12196	   0.00000	   0.30490	  -0.12196	   0.30490	   0.19819	  -0.01525	  -0.12196	  -0.01525	  -0.19819
N         	   5.54710	  -5.10291	  -2.58752	   0.04574	   0.01525	  -0.04574	  -0.06098	  -0.04574	   0.03049	   0.03049	  -0.06098	   0.03049	  -0.06098
N         	   5.53603	  -0.74767	  -2.58752	   1.53976	   0.64030	  -0.18294	  -0.13721	  -0.18294	  -0.32015	   0.01525	  -0.13721	   0.01525	  -0.32015
N         	   5.54236	   3.60535	  -2.58752	   0.01525	   0.04574	   0.06098	  -0.07623	   0.06098	  -0.01525	  -0.03049	  -0.07623	  -0.03049	  -0.01525
N         	   8.03472	  -5.10528	  -2.58852	   0.00000	   0.06098	  -0.01525	  -0.01525	  -0.01525	  -0.01525	   0.00000	  -0.01525	   0.00000	  -0.04574
N         	   8.03048	  -0.74933	  -2.58852	   0.15245	   0.13721	  -0.01525	  -0.03049	  -0.01525	  -0.07623	   0.00000	  -0.03049	   0.00000	  -0.07623
N         	   8.03253	   3.60232	  -2.58852	   0.00000	   0.06098	   0.01525	  -0.01525	   0.01525	  -0.03049	  -0.00000	  -0.01525	  -0.00000	  -0.04574
N         	   1.25797	  -0.78143	  -0.16061	 298.28731	  70.20408	 -74.89960	 -43.90614	 -74.89960	 -24.10264	  27.16692	 -43.90614	  27.16692	 -46.08620
N         	  -1.25797	  -0.78143	  -0.16060	 298.28731	  70.20408	  74.89960	  43.90614	  74.89960	 -24.10264	  27.16692	  43.90614	  27.16692	 -46.08620
N         	   0.00000	   1.56286	   0.32121	 245.50848	 -83.43690	  -0.00000	  -0.00000	  -0.00000	 146.84163	  58.64823	  -0.00000	  58.64823	 -63.40473
