--------------------------------------------------------------------------------------------------------------------------------------------------------------------------
  AtomName	    r_1i_X	    r_1i_Y	    r_1i_Z	     EFGxx	     EFGxy	     EFGxz	     EFGyx	     EFGyy	     EFGyz	     EFGzx	     EFGzy	     EFGzz	[Hatree/Bohr_radius^2]
--------------------------------------------------------------------------------------------------------------------------------------------------------------------------
10B  eQ___:	  8.459000	[Q/milibarn]*(10^-1)
11B  eQ___:	  4.059000	[Q/milibarn]*(10^-1)
14N  eQ___:	  2.044000	[Q/milibarn]*(10^-1)
15N  eQ___:	  0.000000	[Q/milibarn]*(10^-1)
10B  etc____:	---       	---       	---       	  -0.19753	   0.00000	   0.00000	   0.00000	  -0.19369	   0.00032	   0.00000	   0.00032	   0.39123
11B  etc____:	---       	---       	---       	  -0.19753	   0.00000	   0.00000	   0.00000	  -0.19369	   0.00032	   0.00000	   0.00032	   0.39123
14N  etc____:	---       	---       	---       	  -0.03345	  -0.00000	  -0.00000	  -0.00000	   0.00333	  -0.00009	  -0.00000	  -0.00009	   0.03011
15N  etc____:	---       	---       	---       	  -0.03345	  -0.00000	  -0.00000	  -0.00000	   0.00333	  -0.00009	  -0.00000	  -0.00009	   0.03011
MinDif[A]:	 -10.43338	  -6.49827	  -2.54909
MaxDif[A]:	   9.19960	   6.44011	   0.35942
--------------------------------------------------------------------------------------------------------------------------------------------------------------------------
B         	  -9.19786	  -4.34398	  -2.54909	  -0.19710	   0.00299	   0.00042	   0.00299	  -0.19417	  -0.00004	   0.00042	  -0.00004	   0.39127
B         	  -9.19522	  -0.03249	  -2.54909	  -0.19821	   0.00364	   0.00040	   0.00364	  -0.19279	  -0.00004	   0.00040	  -0.00004	   0.39100
B         	  -9.19759	   4.28141	  -2.54909	  -0.19798	   0.00269	   0.00042	   0.00269	  -0.19313	  -0.00004	   0.00042	  -0.00004	   0.39110
B         	  -6.72836	  -4.34244	  -2.54906	  -0.19412	   0.00671	   0.00474	   0.00671	  -0.19597	  -0.00160	   0.00474	  -0.00160	   0.39008
B         	  -6.71830	  -0.03177	  -2.54906	  -0.19738	   0.01023	   0.00410	   0.01023	  -0.19252	  -0.00117	   0.00410	  -0.00117	   0.38990
B         	  -6.72609	   4.28171	  -2.54906	  -0.19727	   0.00686	   0.00439	   0.00686	  -0.19296	  -0.00137	   0.00439	  -0.00137	   0.39022
B         	  -4.32808	  -4.33459	  -2.12711	  -0.07833	  -0.00883	  -0.22702	  -0.00883	  -0.20229	   0.05535	  -0.22702	   0.05535	   0.28063
B         	  -4.29188	  -0.02739	  -2.15870	  -0.10548	   0.00824	  -0.21378	   0.00824	  -0.18995	   0.05300	  -0.21378	   0.05300	   0.29544
B         	  -4.32359	   4.28913	  -2.13007	  -0.09103	  -0.00565	  -0.22726	  -0.00565	  -0.19472	   0.04920	  -0.22726	   0.04920	   0.28577
B         	  -2.27739	  -4.33053	  -0.76249	   0.01043	   0.01345	  -0.26454	   0.01345	  -0.21373	  -0.00366	  -0.26454	  -0.00366	   0.20329
B         	  -2.15434	  -0.03105	  -0.85881	  -0.00921	   0.05823	  -0.26005	   0.05823	  -0.17855	   0.02988	  -0.26005	   0.02988	   0.18777
B         	  -2.27235	   4.29153	  -0.77182	  -0.00090	   0.02090	  -0.27843	   0.02090	  -0.18752	  -0.01234	  -0.27843	  -0.01234	   0.18843
B         	   0.00000	  -4.33369	   0.07242	  -0.16078	  -0.00000	   0.00000	  -0.00000	  -0.23149	  -0.06268	   0.00000	  -0.06268	   0.39228
B         	   0.00000	   4.30304	   0.05962	  -0.19694	  -0.00000	   0.00000	  -0.00000	  -0.19827	  -0.05404	   0.00000	  -0.05404	   0.39520
B         	   2.27739	  -4.33053	  -0.76249	   0.01043	  -0.01345	   0.26454	  -0.01345	  -0.21373	  -0.00366	   0.26454	  -0.00366	   0.20330
B         	   2.15434	  -0.03105	  -0.85881	  -0.00922	  -0.05823	   0.26005	  -0.05823	  -0.17855	   0.02988	   0.26005	   0.02988	   0.18777
B         	   2.27235	   4.29153	  -0.77182	  -0.00090	  -0.02090	   0.27843	  -0.02090	  -0.18752	  -0.01234	   0.27843	  -0.01234	   0.18843
B         	   4.32808	  -4.33459	  -2.12711	  -0.07833	   0.00883	   0.22702	   0.00883	  -0.20229	   0.05535	   0.22702	   0.05535	   0.28063
B         	   4.29188	  -0.02739	  -2.15870	  -0.10548	  -0.00824	   0.21378	  -0.00824	  -0.18995	   0.05300	   0.21378	   0.05300	   0.29544
B         	   4.32359	   4.28913	  -2.13007	  -0.09103	   0.00564	   0.22726	   0.00564	  -0.19472	   0.04920	   0.22726	   0.04920	   0.28577
B         	   6.72836	  -4.34244	  -2.54906	  -0.19412	  -0.00671	  -0.00474	  -0.00671	  -0.19597	  -0.00160	  -0.00474	  -0.00160	   0.39008
B         	   6.71830	  -0.03177	  -2.54906	  -0.19738	  -0.01023	  -0.00410	  -0.01023	  -0.19252	  -0.00117	  -0.00410	  -0.00117	   0.38990
B         	   6.72609	   4.28171	  -2.54906	  -0.19727	  -0.00686	  -0.00439	  -0.00686	  -0.19296	  -0.00137	  -0.00439	  -0.00137	   0.39022
B         	   9.19786	  -4.34398	  -2.54909	  -0.19710	  -0.00299	  -0.00042	  -0.00299	  -0.19417	  -0.00004	  -0.00042	  -0.00004	   0.39127
B         	   9.19522	  -0.03249	  -2.54909	  -0.19821	  -0.00364	  -0.00040	  -0.00364	  -0.19279	  -0.00004	  -0.00040	  -0.00004	   0.39100
B         	   9.19759	   4.28141	  -2.54909	  -0.19798	  -0.00269	  -0.00042	  -0.00269	  -0.19313	  -0.00004	  -0.00042	  -0.00004	   0.39110
B         	 -10.43338	   6.43972	  -2.54909	  -0.19753	   0.00000	   0.00000	   0.00000	  -0.19369	   0.00032	   0.00000	   0.00032	   0.39123
B         	 -10.43338	  -2.18821	  -2.54909	  -0.19791	   0.00000	   0.00000	   0.00000	  -0.19334	   0.00030	   0.00000	   0.00030	   0.39126
B         	 -10.43338	   2.12277	  -2.54909	  -0.19893	   0.00000	   0.00000	   0.00000	  -0.19203	   0.00030	   0.00000	   0.00030	   0.39096
B         	  -7.96297	   6.44011	  -2.54909	  -0.19711	   0.00552	   0.00317	   0.00552	  -0.19340	  -0.00259	   0.00317	  -0.00259	   0.39051
B         	  -7.96006	  -2.18693	  -2.54909	  -0.19708	   0.00693	   0.00298	   0.00693	  -0.19339	  -0.00247	   0.00298	  -0.00247	   0.39047
B         	  -7.95826	   2.12396	  -2.54909	  -0.19843	   0.00644	   0.00287	   0.00644	  -0.19175	  -0.00239	   0.00287	  -0.00239	   0.39018
B         	  -5.49277	  -6.49827	  -2.54809	  -0.18181	   0.00027	  -0.07790	   0.00027	  -0.19860	   0.03915	  -0.07790	   0.03915	   0.38041
B         	  -5.48428	  -2.18406	  -2.54809	  -0.18153	   0.00564	  -0.07494	   0.00564	  -0.19822	   0.03911	  -0.07494	   0.03911	   0.37975
B         	  -5.47921	   2.12530	  -2.54809	  -0.18864	   0.00621	  -0.07244	   0.00621	  -0.19241	   0.03635	  -0.07244	   0.03635	   0.38104
B         	  -3.28135	  -6.49278	  -1.49561	   0.01959	   0.00689	  -0.27787	   0.00689	  -0.19811	   0.00989	  -0.27787	   0.00989	   0.17852
B         	  -3.24353	  -2.17805	  -1.53348	   0.02065	   0.00293	  -0.27039	   0.00293	  -0.20120	   0.03773	  -0.27039	   0.03773	   0.18054
B         	  -3.22594	   2.12671	  -1.55028	  -0.01515	   0.02625	  -0.27400	   0.02625	  -0.18160	   0.00363	  -0.27400	   0.00363	   0.19675
B         	  -1.20306	  -6.48753	  -0.17746	  -0.10777	   0.01857	  -0.19623	   0.01857	  -0.20782	  -0.04515	  -0.19623	  -0.04515	   0.31559
B         	  -1.17199	  -2.16351	  -0.18160	  -0.05175	   0.03211	  -0.18242	   0.03211	  -0.24933	  -0.00523	  -0.18242	  -0.00523	   0.30108
B         	  -1.17321	   2.13267	  -0.17115	  -0.10266	   0.02517	  -0.24993	   0.02517	  -0.15441	  -0.04634	  -0.24993	  -0.04634	   0.25709
B         	   1.20306	  -6.48753	  -0.17746	  -0.10777	  -0.01857	   0.19623	  -0.01857	  -0.20782	  -0.04515	   0.19623	  -0.04515	   0.31559
B         	   1.17199	  -2.16351	  -0.18160	  -0.05175	  -0.03211	   0.18242	  -0.03211	  -0.24933	  -0.00523	   0.18242	  -0.00523	   0.30108
B         	   1.17321	   2.13267	  -0.17115	  -0.10266	  -0.02517	   0.24993	  -0.02517	  -0.15441	  -0.04634	   0.24993	  -0.04634	   0.25709
B         	   3.28135	  -6.49278	  -1.49561	   0.01959	  -0.00689	   0.27787	  -0.00689	  -0.19811	   0.00989	   0.27787	   0.00989	   0.17852
B         	   3.24353	  -2.17805	  -1.53348	   0.02065	  -0.00293	   0.27039	  -0.00293	  -0.20120	   0.03773	   0.27039	   0.03773	   0.18054
B         	   3.22594	   2.12671	  -1.55028	  -0.01515	  -0.02625	   0.27400	  -0.02625	  -0.18160	   0.00363	   0.27400	   0.00363	   0.19675
B         	   5.49277	  -6.49827	  -2.54809	  -0.18180	  -0.00027	   0.07790	  -0.00027	  -0.19860	   0.03915	   0.07790	   0.03915	   0.38041
B         	   5.48428	  -2.18406	  -2.54809	  -0.18153	  -0.00564	   0.07494	  -0.00564	  -0.19822	   0.03911	   0.07494	   0.03911	   0.37975
B         	   5.47921	   2.12530	  -2.54809	  -0.18864	  -0.00621	   0.07244	  -0.00621	  -0.19241	   0.03635	   0.07244	   0.03635	   0.38104
B         	   7.96297	   6.44011	  -2.54909	  -0.19711	  -0.00552	  -0.00317	  -0.00552	  -0.19340	  -0.00259	  -0.00317	  -0.00259	   0.39051
B         	   7.96006	  -2.18693	  -2.54909	  -0.19708	  -0.00693	  -0.00298	  -0.00693	  -0.19339	  -0.00247	  -0.00298	  -0.00247	   0.39047
B         	   7.95827	   2.12396	  -2.54909	  -0.19843	  -0.00644	  -0.00287	  -0.00644	  -0.19175	  -0.00239	  -0.00287	  -0.00239	   0.39019
N         	  -9.19848	  -2.90831	  -2.54909	  -0.03037	  -0.00004	   0.00345	  -0.00004	   0.00181	   0.00049	   0.00345	   0.00049	   0.02857
N         	  -9.19729	   1.40352	  -2.54909	  -0.02680	  -0.00128	   0.00330	  -0.00128	  -0.00212	   0.00050	   0.00330	   0.00050	   0.02892
N         	  -9.19960	   5.71788	  -2.54909	  -0.03341	  -0.00121	   0.00365	  -0.00121	   0.00327	   0.00051	   0.00365	   0.00051	   0.03014
N         	  -6.72938	  -2.90655	  -2.54906	  -0.02738	   0.00233	  -0.06164	   0.00233	   0.00459	  -0.01717	  -0.06164	  -0.01717	   0.02278
N         	  -6.72447	   1.40561	  -2.54906	  -0.02061	  -0.00293	  -0.05976	  -0.00293	  -0.00214	  -0.01689	  -0.05976	  -0.01689	   0.02275
N         	  -6.73241	   5.71913	  -2.54906	  -0.02988	  -0.00123	  -0.06526	  -0.00123	   0.00500	  -0.01749	  -0.06526	  -0.01749	   0.02488
N         	  -4.29098	  -2.90478	  -2.22222	  -0.04885	  -0.02684	   0.02843	  -0.02684	   0.00898	   0.03377	   0.02843	   0.03377	   0.03987
N         	  -4.27490	   1.41168	  -2.24084	  -0.03927	  -0.02480	   0.04182	  -0.02480	   0.00031	   0.02594	   0.04182	   0.02594	   0.03896
N         	  -4.29834	   5.72458	  -2.21199	  -0.05478	  -0.02657	   0.03416	  -0.02657	   0.00845	   0.03072	   0.03416	   0.03072	   0.04633
N         	  -2.28912	  -2.90460	  -0.76469	  -0.05358	   0.01460	   0.00028	   0.01460	   0.00667	  -0.01498	   0.00028	  -0.01498	   0.04692
N         	  -2.21112	   1.41638	  -0.85254	  -0.01836	   0.00596	   0.01874	   0.00596	  -0.01583	   0.00346	   0.01874	   0.00346	   0.03420
N         	  -2.30406	   5.72907	  -0.74698	  -0.04400	   0.01686	   0.00545	   0.01686	   0.00016	  -0.02544	   0.00545	  -0.02544	   0.04385
N         	   0.00000	  -2.92528	   0.17203	   0.00072	   0.00000	   0.00000	   0.00000	   0.00065	  -0.09276	   0.00000	  -0.09276	  -0.00137
N         	   0.00000	   5.73567	   0.13743	   0.00713	   0.00000	   0.00000	   0.00000	   0.00414	  -0.09784	   0.00000	  -0.09784	  -0.01127
N         	   2.28912	  -2.90460	  -0.76469	  -0.05358	  -0.01460	  -0.00028	  -0.01460	   0.00668	  -0.01498	  -0.00028	  -0.01498	   0.04692
N         	   2.21112	   1.41638	  -0.85254	  -0.01836	  -0.00596	  -0.01874	  -0.00596	  -0.01583	   0.00346	  -0.01874	   0.00346	   0.03420
N         	   2.30406	   5.72907	  -0.74698	  -0.04401	  -0.01686	  -0.00545	  -0.01686	   0.00016	  -0.02544	  -0.00545	  -0.02544	   0.04385
N         	   4.29098	  -2.90478	  -2.22222	  -0.04885	   0.02684	  -0.02843	   0.02684	   0.00898	   0.03377	  -0.02843	   0.03377	   0.03987
N         	   4.27490	   1.41168	  -2.24084	  -0.03927	   0.02480	  -0.04182	   0.02480	   0.00031	   0.02594	  -0.04182	   0.02594	   0.03896
N         	   4.29834	   5.72458	  -2.21199	  -0.05478	   0.02657	  -0.03416	   0.02657	   0.00845	   0.03072	  -0.03416	   0.03072	   0.04633
N         	   6.72938	  -2.90655	  -2.54906	  -0.02737	  -0.00233	   0.06164	  -0.00233	   0.00459	  -0.01717	   0.06164	  -0.01717	   0.02278
N         	   6.72447	   1.40561	  -2.54906	  -0.02061	   0.00293	   0.05976	   0.00293	  -0.00214	  -0.01689	   0.05976	  -0.01689	   0.02275
N         	   6.73241	   5.71913	  -2.54906	  -0.02988	   0.00123	   0.06526	   0.00123	   0.00500	  -0.01749	   0.06526	  -0.01749	   0.02488
N         	   9.19848	  -2.90831	  -2.54909	  -0.03038	   0.00004	  -0.00345	   0.00004	   0.00181	   0.00049	  -0.00345	   0.00049	   0.02857
N         	   9.19729	   1.40352	  -2.54909	  -0.02680	   0.00128	  -0.00330	   0.00128	  -0.00212	   0.00050	  -0.00330	   0.00050	   0.02892
N         	   9.19960	   5.71788	  -2.54909	  -0.03341	   0.00121	  -0.00365	   0.00121	   0.00327	   0.00051	  -0.00365	   0.00051	   0.03014
N         	 -10.43338	  -5.06579	  -2.54909	  -0.03345	  -0.00000	  -0.00000	  -0.00000	   0.00333	  -0.00009	  -0.00000	  -0.00009	   0.03011
N         	 -10.43338	  -0.75228	  -2.54909	  -0.02635	  -0.00000	  -0.00000	  -0.00000	  -0.00143	  -0.00009	  -0.00000	  -0.00009	   0.02779
N         	 -10.43338	   3.55979	  -2.54909	  -0.03189	  -0.00000	  -0.00000	  -0.00000	   0.00157	  -0.00007	  -0.00000	  -0.00007	   0.03032
N         	  -7.96580	  -5.06546	  -2.54909	  -0.03374	  -0.00119	  -0.00092	  -0.00119	   0.00351	   0.00023	  -0.00092	   0.00023	   0.03024
N         	  -7.96061	  -0.75128	  -2.54909	  -0.02519	  -0.00062	  -0.00122	  -0.00062	  -0.00248	   0.00022	  -0.00122	   0.00022	   0.02767
N         	  -7.96409	   3.56071	  -2.54909	  -0.03048	  -0.00369	  -0.00098	  -0.00369	   0.00017	   0.00031	  -0.00098	   0.00031	   0.03031
N         	  -5.49748	  -5.06329	  -2.54809	  -0.02128	  -0.01594	  -0.02972	  -0.01594	   0.00771	   0.10265	  -0.02972	   0.10265	   0.01357
N         	  -5.48465	  -0.74837	  -2.54809	  -0.01214	  -0.01283	  -0.02364	  -0.01283	   0.00041	   0.09477	  -0.02364	   0.09477	   0.01172
N         	  -5.49287	   3.56371	  -2.54809	  -0.01733	  -0.01883	  -0.02806	  -0.01883	   0.00401	   0.09543	  -0.02806	   0.09543	   0.01332
N         	  -3.27550	  -5.05945	  -1.49772	  -0.05816	  -0.01852	  -0.00855	  -0.01852	   0.00814	   0.02171	  -0.00855	   0.02171	   0.05002
N         	  -3.20960	  -0.74456	  -1.58358	  -0.03517	  -0.01205	   0.00833	  -0.01205	  -0.00347	   0.01754	   0.00833	   0.01754	   0.03864
N         	  -3.25696	   3.56900	  -1.52159	  -0.06168	  -0.02764	  -0.00056	  -0.02764	   0.00466	   0.02708	  -0.00056	   0.02708	   0.05701
N         	  -1.23332	  -5.06108	  -0.10678	  -0.02360	   0.02283	   0.01675	   0.02283	   0.00873	  -0.06870	   0.01675	  -0.06870	   0.01487
N         	  -1.23243	   3.58617	  -0.10573	  -0.01526	   0.03045	   0.01618	   0.03045	   0.03176	  -0.08300	   0.01618	  -0.08300	  -0.01650
N         	   1.23332	  -5.06108	  -0.10678	  -0.02360	  -0.02283	  -0.01675	  -0.02283	   0.00873	  -0.06870	  -0.01675	  -0.06870	   0.01487
N         	   1.23243	   3.58617	  -0.10573	  -0.01526	  -0.03045	  -0.01618	  -0.03045	   0.03176	  -0.08300	  -0.01618	  -0.08300	  -0.01650
N         	   3.27550	  -5.05945	  -1.49772	  -0.05816	   0.01852	   0.00855	   0.01852	   0.00814	   0.02171	   0.00855	   0.02171	   0.05002
N         	   3.20960	  -0.74456	  -1.58358	  -0.03517	   0.01205	  -0.00833	   0.01205	  -0.00347	   0.01754	  -0.00833	   0.01754	   0.03864
N         	   3.25696	   3.56900	  -1.52159	  -0.06168	   0.02764	   0.00056	   0.02764	   0.00466	   0.02708	   0.00056	   0.02708	   0.05702
N         	   5.49748	  -5.06329	  -2.54809	  -0.02128	   0.01594	   0.02972	   0.01594	   0.00771	   0.10265	   0.02972	   0.10265	   0.01357
N         	   5.48465	  -0.74837	  -2.54809	  -0.01214	   0.01283	   0.02364	   0.01283	   0.00041	   0.09477	   0.02364	   0.09477	   0.01172
N         	   5.49287	   3.56371	  -2.54809	  -0.01733	   0.01883	   0.02806	   0.01883	   0.00401	   0.09543	   0.02806	   0.09543	   0.01332
N         	   7.96580	  -5.06546	  -2.54909	  -0.03374	   0.00119	   0.00092	   0.00119	   0.00351	   0.00023	   0.00092	   0.00023	   0.03024
N         	   7.96061	  -0.75128	  -2.54909	  -0.02519	   0.00062	   0.00122	   0.00062	  -0.00248	   0.00022	   0.00122	   0.00022	   0.02767
N         	   7.96409	   3.56071	  -2.54909	  -0.03048	   0.00369	   0.00098	   0.00369	   0.00017	   0.00031	   0.00098	   0.00031	   0.03031
N         	   1.19923	  -0.77493	  -0.17971	   0.30014	  -0.22091	   0.01969	  -0.22091	  -0.13747	  -0.04213	   0.01969	  -0.04213	  -0.16268
N         	  -1.19923	  -0.77493	  -0.17971	   0.30014	   0.22091	  -0.01969	   0.22091	  -0.13747	  -0.04213	  -0.01969	  -0.04213	  -0.16268
N         	   0.00000	   1.54987	   0.35942	  -0.29766	  -0.00000	   0.00000	  -0.00000	   0.56994	   0.31898	   0.00000	   0.31898	  -0.27229
