--------------------------------------------------------------------------------------------------------------------------------------------------------------------------
  AtomName	    r_1i_X	    r_1i_Y	    r_1i_Z	     EFGxx	     EFGxy	     EFGxz	     EFGyx	     EFGyy	     EFGyz	     EFGzx	     EFGzy	     EFGzz	[Hatree/Bohr_radius^2]
--------------------------------------------------------------------------------------------------------------------------------------------------------------------------
10B  eQ___:	  8.459000	[Q/milibarn]*(10^-1)
11B  eQ___:	  4.059000	[Q/milibarn]*(10^-1)
14N  eQ___:	  2.044000	[Q/milibarn]*(10^-1)
15N  eQ___:	  0.000000	[Q/milibarn]*(10^-1)
10B  etc____:	---       	---       	---       	  -0.18122	   0.00000	   0.00000	   0.00000	  -0.17502	   0.00035	   0.00000	   0.00035	   0.35624
11B  etc____:	---       	---       	---       	  -0.18122	   0.00000	   0.00000	   0.00000	  -0.17502	   0.00035	   0.00000	   0.00035	   0.35624
14N  etc____:	---       	---       	---       	  -0.03785	   0.00000	  -0.00000	   0.00000	   0.00552	  -0.00010	  -0.00000	  -0.00010	   0.03233
15N  etc____:	---       	---       	---       	  -0.03785	   0.00000	  -0.00000	   0.00000	   0.00552	  -0.00010	  -0.00000	  -0.00010	   0.03233
MinDif[A]:	 -10.52141	  -6.55111	  -2.58852
MaxDif[A]:	   9.27788	   6.50888	   0.32121
--------------------------------------------------------------------------------------------------------------------------------------------------------------------------
B         	  -9.27634	  -4.37656	  -2.58852	  -0.18012	   0.00287	   0.00043	   0.00287	  -0.17607	  -0.00003	   0.00043	  -0.00003	   0.35619
B         	  -9.27481	  -0.02283	  -2.58852	  -0.18072	   0.00284	   0.00042	   0.00284	  -0.17535	  -0.00003	   0.00042	  -0.00003	   0.35606
B         	  -9.27525	   4.33022	  -2.58852	  -0.18101	   0.00293	   0.00043	   0.00293	  -0.17519	  -0.00002	   0.00043	  -0.00002	   0.35620
B         	  -6.78782	  -4.37508	  -2.58849	  -0.17739	   0.00634	   0.00451	   0.00634	  -0.17767	  -0.00107	   0.00451	  -0.00107	   0.35507
B         	  -6.77864	  -0.02290	  -2.58849	  -0.17976	   0.00941	   0.00398	   0.00941	  -0.17524	  -0.00076	   0.00398	  -0.00076	   0.35500
B         	  -6.78496	   4.33034	  -2.58849	  -0.18036	   0.00671	   0.00428	   0.00671	  -0.17493	  -0.00090	   0.00428	  -0.00090	   0.35529
B         	  -4.36890	  -4.36690	  -2.16220	  -0.07115	  -0.00667	  -0.20709	  -0.00667	  -0.18405	   0.04884	  -0.20709	   0.04884	   0.25519
B         	  -4.33835	  -0.01805	  -2.18706	  -0.09184	   0.00770	  -0.19677	   0.00770	  -0.17464	   0.04675	  -0.19677	   0.04675	   0.26647
B         	  -4.36467	   4.33785	  -2.16292	  -0.08159	  -0.00387	  -0.20856	  -0.00387	  -0.17674	   0.04479	  -0.20856	   0.04479	   0.25832
B         	  -2.29895	  -4.36362	  -0.79156	   0.00560	   0.01338	  -0.23993	   0.01338	  -0.19315	  -0.00369	  -0.23993	  -0.00369	   0.18755
B         	  -2.20104	  -0.01835	  -0.85392	   0.00462	   0.05353	  -0.23455	   0.05353	  -0.17083	   0.03232	  -0.23455	   0.03232	   0.16621
B         	  -2.29415	   4.34103	  -0.79666	  -0.00580	   0.01933	  -0.25259	   0.01933	  -0.16867	  -0.00985	  -0.25259	  -0.00985	   0.17447
B         	   0.00000	  -4.36496	   0.04096	  -0.14692	  -0.00000	   0.00000	  -0.00000	  -0.20993	  -0.05698	   0.00000	  -0.05698	   0.35686
B         	   0.00000	   4.35294	   0.03028	  -0.18184	  -0.00000	   0.00000	  -0.00000	  -0.17869	  -0.04708	   0.00000	  -0.04708	   0.36053
B         	   2.29895	  -4.36362	  -0.79156	   0.00560	  -0.01338	   0.23993	  -0.01338	  -0.19315	  -0.00369	   0.23993	  -0.00369	   0.18755
B         	   2.20104	  -0.01835	  -0.85392	   0.00462	  -0.05353	   0.23455	  -0.05353	  -0.17083	   0.03232	   0.23455	   0.03232	   0.16621
B         	   2.29415	   4.34103	  -0.79666	  -0.00580	  -0.01933	   0.25259	  -0.01933	  -0.16867	  -0.00985	   0.25259	  -0.00985	   0.17447
B         	   4.36890	  -4.36690	  -2.16220	  -0.07115	   0.00667	   0.20709	   0.00667	  -0.18405	   0.04884	   0.20709	   0.04884	   0.25519
B         	   4.33835	  -0.01805	  -2.18706	  -0.09184	  -0.00770	   0.19677	  -0.00770	  -0.17464	   0.04675	   0.19677	   0.04675	   0.26647
B         	   4.36467	   4.33785	  -2.16292	  -0.08159	   0.00387	   0.20856	   0.00387	  -0.17674	   0.04479	   0.20856	   0.04479	   0.25832
B         	   6.78782	  -4.37508	  -2.58849	  -0.17739	  -0.00634	  -0.00451	  -0.00634	  -0.17767	  -0.00107	  -0.00451	  -0.00107	   0.35507
B         	   6.77864	  -0.02290	  -2.58849	  -0.17976	  -0.00941	  -0.00398	  -0.00941	  -0.17524	  -0.00076	  -0.00398	  -0.00076	   0.35500
B         	   6.78496	   4.33034	  -2.58849	  -0.18036	  -0.00671	  -0.00428	  -0.00671	  -0.17493	  -0.00090	  -0.00428	  -0.00090	   0.35529
B         	   9.27634	  -4.37656	  -2.58852	  -0.18012	  -0.00287	  -0.00043	  -0.00287	  -0.17607	  -0.00003	  -0.00043	  -0.00003	   0.35619
B         	   9.27481	  -0.02283	  -2.58852	  -0.18072	  -0.00284	  -0.00042	  -0.00284	  -0.17535	  -0.00003	  -0.00042	  -0.00003	   0.35606
B         	   9.27525	   4.33022	  -2.58852	  -0.18101	  -0.00293	  -0.00043	  -0.00293	  -0.17519	  -0.00002	  -0.00043	  -0.00002	   0.35620
B         	 -10.52141	   6.50738	  -2.58852	  -0.18122	   0.00000	   0.00000	   0.00000	  -0.17502	   0.00035	   0.00000	   0.00035	   0.35624
B         	 -10.52141	  -2.19973	  -2.58852	  -0.18090	   0.00000	  -0.00000	   0.00000	  -0.17540	   0.00033	  -0.00000	   0.00033	   0.35629
B         	 -10.52141	   2.15355	  -2.58852	  -0.18095	   0.00000	  -0.00000	   0.00000	  -0.17512	   0.00033	  -0.00000	   0.00033	   0.35607
B         	  -8.03233	   6.50888	  -2.58852	  -0.18029	   0.00498	   0.00320	   0.00498	  -0.17513	  -0.00268	   0.00320	  -0.00268	   0.35542
B         	  -8.02945	  -2.19835	  -2.58852	  -0.17975	   0.00651	   0.00304	   0.00651	  -0.17555	  -0.00257	   0.00304	  -0.00257	   0.35530
B         	  -8.02657	   2.15253	  -2.58852	  -0.18142	   0.00652	   0.00300	   0.00652	  -0.17367	  -0.00254	   0.00300	  -0.00254	   0.35509
B         	  -5.54289	  -6.55111	  -2.58752	  -0.16536	   0.00019	  -0.07260	   0.00019	  -0.18016	   0.03638	  -0.07260	   0.03638	   0.34553
B         	  -5.53532	  -2.19617	  -2.58752	  -0.16472	   0.00464	  -0.07027	   0.00464	  -0.18003	   0.03641	  -0.07027	   0.03641	   0.34473
B         	  -5.52912	   2.15434	  -2.58752	  -0.17043	   0.00579	  -0.06942	   0.00579	  -0.17495	   0.03494	  -0.06942	   0.03494	   0.34538
B         	  -3.31370	  -6.54589	  -1.52551	   0.01465	   0.00673	  -0.25268	   0.00673	  -0.17862	   0.00922	  -0.25268	   0.00922	   0.16396
B         	  -3.28019	  -2.18934	  -1.55686	   0.01691	   0.00527	  -0.24429	   0.00527	  -0.18294	   0.03041	  -0.24429	   0.03041	   0.16603
B         	  -3.26487	   2.15555	  -1.56370	  -0.01047	   0.02368	  -0.25000	   0.02368	  -0.16383	   0.00774	  -0.25000	   0.00774	   0.17430
B         	  -1.21292	  -6.53913	  -0.20830	  -0.10080	   0.01683	  -0.17702	   0.01683	  -0.18872	  -0.04023	  -0.17702	  -0.04023	   0.28952
B         	  -1.19056	  -2.17760	  -0.19072	  -0.04930	   0.04174	  -0.16268	   0.04174	  -0.22514	  -0.01666	  -0.16268	  -0.01666	   0.27446
B         	  -1.18076	   2.15904	  -0.18282	  -0.10960	   0.02911	  -0.22281	   0.02911	  -0.13100	  -0.03474	  -0.22281	  -0.03474	   0.24060
B         	   1.21292	  -6.53913	  -0.20830	  -0.10080	  -0.01683	   0.17702	  -0.01683	  -0.18872	  -0.04023	   0.17702	  -0.04023	   0.28952
B         	   1.19056	  -2.17760	  -0.19072	  -0.04930	  -0.04174	   0.16268	  -0.04174	  -0.22514	  -0.01666	   0.16268	  -0.01666	   0.27446
B         	   1.18076	   2.15904	  -0.18282	  -0.10960	  -0.02911	   0.22281	  -0.02911	  -0.13100	  -0.03474	   0.22281	  -0.03474	   0.24060
B         	   3.31370	  -6.54589	  -1.52551	   0.01465	  -0.00673	   0.25268	  -0.00673	  -0.17862	   0.00922	   0.25268	   0.00922	   0.16396
B         	   3.28019	  -2.18934	  -1.55686	   0.01691	  -0.00527	   0.24429	  -0.00527	  -0.18294	   0.03041	   0.24429	   0.03041	   0.16603
B         	   3.26487	   2.15555	  -1.56370	  -0.01047	  -0.02368	   0.25000	  -0.02368	  -0.16383	   0.00774	   0.25000	   0.00774	   0.17430
B         	   5.54289	  -6.55111	  -2.58752	  -0.16536	  -0.00019	   0.07260	  -0.00019	  -0.18016	   0.03638	   0.07260	   0.03638	   0.34553
B         	   5.53532	  -2.19617	  -2.58752	  -0.16472	  -0.00464	   0.07027	  -0.00464	  -0.18003	   0.03641	   0.07027	   0.03641	   0.34473
B         	   5.52912	   2.15434	  -2.58752	  -0.17043	  -0.00579	   0.06942	  -0.00579	  -0.17495	   0.03494	   0.06942	   0.03494	   0.34538
B         	   8.03233	   6.50888	  -2.58852	  -0.18029	  -0.00498	  -0.00320	  -0.00498	  -0.17513	  -0.00268	  -0.00320	  -0.00268	   0.35542
B         	   8.02946	  -2.19835	  -2.58852	  -0.17975	  -0.00651	  -0.00304	  -0.00651	  -0.17555	  -0.00257	  -0.00304	  -0.00257	   0.35530
B         	   8.02657	   2.15253	  -2.58852	  -0.18142	  -0.00652	  -0.00300	  -0.00652	  -0.17367	  -0.00254	  -0.00300	  -0.00254	   0.35509
N         	  -9.27723	  -2.92747	  -2.58852	  -0.03529	   0.00000	   0.00345	   0.00000	   0.00412	   0.00048	   0.00345	   0.00048	   0.03118
N         	  -9.27599	   1.42616	  -2.58852	  -0.03078	  -0.00138	   0.00339	  -0.00138	  -0.00057	   0.00050	   0.00339	   0.00050	   0.03135
N         	  -9.27788	   5.77946	  -2.58852	  -0.03747	  -0.00143	   0.00363	  -0.00143	   0.00381	   0.00050	   0.00363	   0.00050	   0.03366
N         	  -6.78948	  -2.92572	  -2.58849	  -0.03186	   0.00182	  -0.06065	   0.00182	   0.00632	  -0.01557	  -0.06065	  -0.01557	   0.02554
N         	  -6.78399	   1.42722	  -2.58849	  -0.02520	  -0.00209	  -0.05995	  -0.00209	  -0.00046	  -0.01556	  -0.05995	  -0.01556	   0.02567
N         	  -6.79202	   5.78113	  -2.58849	  -0.03398	  -0.00131	  -0.06371	  -0.00131	   0.00649	  -0.01586	  -0.06371	  -0.01586	   0.02749
N         	  -4.33448	  -2.92359	  -2.25080	  -0.05098	  -0.02518	   0.02580	  -0.02518	   0.00916	   0.03531	   0.02580	   0.03531	   0.04182
N         	  -4.32030	   1.43307	  -2.26278	  -0.04429	  -0.02408	   0.03994	  -0.02408	   0.00149	   0.02852	   0.03994	   0.02852	   0.04280
N         	  -4.34157	   5.78643	  -2.24219	  -0.05691	  -0.02659	   0.03016	  -0.02659	   0.00928	   0.03185	   0.03016	   0.03185	   0.04763
N         	  -2.31154	  -2.92489	  -0.79171	  -0.05174	   0.02333	   0.00763	   0.02333	   0.00800	  -0.01159	   0.00763	  -0.01159	   0.04375
N         	  -2.25035	   1.43951	  -0.84952	  -0.01866	   0.01380	   0.01682	   0.01380	  -0.00391	   0.00210	   0.01682	   0.00210	   0.02257
N         	  -2.32509	   5.79236	  -0.77574	  -0.04480	   0.01671	   0.00240	   0.01671	   0.00214	  -0.02665	   0.00240	  -0.02665	   0.04266
N         	   0.00000	  -2.94277	   0.14320	   0.01519	   0.00000	   0.00000	   0.00000	   0.00272	  -0.09635	   0.00000	  -0.09635	  -0.01791
N         	   0.00000	   5.79908	   0.10134	   0.00200	   0.00000	   0.00000	   0.00000	   0.00382	  -0.09619	   0.00000	  -0.09619	  -0.00580
N         	   2.31154	  -2.92489	  -0.79171	  -0.05174	  -0.02333	  -0.00763	  -0.02333	   0.00800	  -0.01159	  -0.00763	  -0.01159	   0.04375
N         	   2.25035	   1.43951	  -0.84952	  -0.01866	  -0.01380	  -0.01682	  -0.01380	  -0.00391	   0.00210	  -0.01682	   0.00210	   0.02257
N         	   2.32509	   5.79236	  -0.77574	  -0.04480	  -0.01671	  -0.00240	  -0.01671	   0.00214	  -0.02665	  -0.00240	  -0.02665	   0.04266
N         	   4.33448	  -2.92359	  -2.25080	  -0.05098	   0.02518	  -0.02580	   0.02518	   0.00916	   0.03531	  -0.02580	   0.03531	   0.04182
N         	   4.32030	   1.43307	  -2.26278	  -0.04429	   0.02408	  -0.03994	   0.02408	   0.00149	   0.02852	  -0.03994	   0.02852	   0.04280
N         	   4.34157	   5.78643	  -2.24219	  -0.05691	   0.02659	  -0.03016	   0.02659	   0.00928	   0.03185	  -0.03016	   0.03185	   0.04763
N         	   6.78948	  -2.92572	  -2.58849	  -0.03186	  -0.00182	   0.06065	  -0.00182	   0.00632	  -0.01557	   0.06065	  -0.01557	   0.02554
N         	   6.78399	   1.42722	  -2.58849	  -0.02520	   0.00209	   0.05995	   0.00209	  -0.00046	  -0.01556	   0.05995	  -0.01556	   0.02567
N         	   6.79202	   5.78113	  -2.58849	  -0.03398	   0.00131	   0.06371	   0.00131	   0.00649	  -0.01586	   0.06371	  -0.01586	   0.02749
N         	   9.27723	  -2.92747	  -2.58852	  -0.03530	  -0.00000	  -0.00345	  -0.00000	   0.00412	   0.00048	  -0.00345	   0.00048	   0.03118
N         	   9.27599	   1.42616	  -2.58852	  -0.03078	   0.00138	  -0.00339	   0.00138	  -0.00057	   0.00050	  -0.00339	   0.00050	   0.03135
N         	   9.27788	   5.77946	  -2.58852	  -0.03748	   0.00143	  -0.00363	   0.00143	   0.00381	   0.00050	  -0.00363	   0.00050	   0.03366
N         	 -10.52141	  -5.10610	  -2.58852	  -0.03785	   0.00000	  -0.00000	   0.00000	   0.00552	  -0.00010	  -0.00000	  -0.00010	   0.03233
N         	 -10.52141	  -0.75054	  -2.58852	  -0.03252	   0.00000	  -0.00000	   0.00000	   0.00145	  -0.00011	  -0.00000	  -0.00011	   0.03106
N         	 -10.52141	   3.60275	  -2.58852	  -0.03447	   0.00000	  -0.00000	   0.00000	   0.00091	  -0.00009	  -0.00000	  -0.00009	   0.03357
N         	  -8.03472	  -5.10528	  -2.58852	  -0.03767	  -0.00081	  -0.00035	  -0.00081	   0.00480	   0.00012	  -0.00035	   0.00012	   0.03288
N         	  -8.03048	  -0.74933	  -2.58852	  -0.02977	  -0.00085	  -0.00069	  -0.00085	  -0.00041	   0.00012	  -0.00069	   0.00012	   0.03018
N         	  -8.03253	   3.60232	  -2.58852	  -0.03413	  -0.00384	  -0.00046	  -0.00384	   0.00107	   0.00022	  -0.00046	   0.00022	   0.03306
N         	  -5.54710	  -5.10291	  -2.58752	  -0.02481	  -0.01501	  -0.03038	  -0.01501	   0.00809	   0.10198	  -0.03038	   0.10198	   0.01672
N         	  -5.53603	  -0.74767	  -2.58752	  -0.01639	  -0.01215	  -0.02438	  -0.01215	   0.00147	   0.09530	  -0.02438	   0.09530	   0.01492
N         	  -5.54236	   3.60535	  -2.58752	  -0.02103	  -0.01873	  -0.02891	  -0.01873	   0.00441	   0.09651	  -0.02891	   0.09651	   0.01662
N         	  -3.30829	  -5.09874	  -1.52793	  -0.05851	  -0.01614	  -0.01050	  -0.01614	   0.00983	   0.02180	  -0.01050	   0.02180	   0.04868
N         	  -3.25240	  -0.74301	  -1.59963	  -0.03777	  -0.00748	   0.01344	  -0.00748	  -0.00429	   0.02579	   0.01344	   0.02579	   0.04206
N         	  -3.29268	   3.61136	  -1.54473	  -0.06106	  -0.02640	  -0.00337	  -0.02640	   0.00667	   0.02508	  -0.00337	   0.02508	   0.05440
N         	  -1.24158	  -5.09983	  -0.14010	  -0.02367	   0.02485	   0.01394	   0.02485	   0.00862	  -0.06915	   0.01394	  -0.06915	   0.01505
N         	  -1.24097	   3.63017	  -0.13364	  -0.02272	   0.02520	   0.01203	   0.02520	   0.03696	  -0.08595	   0.01203	  -0.08595	  -0.01424
N         	   1.24158	  -5.09983	  -0.14010	  -0.02367	  -0.02485	  -0.01394	  -0.02485	   0.00862	  -0.06915	  -0.01394	  -0.06915	   0.01505
N         	   1.24097	   3.63017	  -0.13364	  -0.02272	  -0.02520	  -0.01203	  -0.02520	   0.03696	  -0.08595	  -0.01203	  -0.08595	  -0.01424
N         	   3.30829	  -5.09874	  -1.52793	  -0.05851	   0.01614	   0.01050	   0.01614	   0.00983	   0.02181	   0.01050	   0.02181	   0.04868
N         	   3.25240	  -0.74301	  -1.59963	  -0.03777	   0.00748	  -0.01344	   0.00748	  -0.00429	   0.02579	  -0.01344	   0.02579	   0.04206
N         	   3.29268	   3.61136	  -1.54473	  -0.06106	   0.02640	   0.00337	   0.02640	   0.00667	   0.02508	   0.00337	   0.02508	   0.05440
N         	   5.54710	  -5.10291	  -2.58752	  -0.02481	   0.01501	   0.03039	   0.01501	   0.00809	   0.10198	   0.03039	   0.10198	   0.01672
N         	   5.53603	  -0.74767	  -2.58752	  -0.01639	   0.01215	   0.02438	   0.01215	   0.00147	   0.09530	   0.02438	   0.09530	   0.01492
N         	   5.54236	   3.60535	  -2.58752	  -0.02103	   0.01873	   0.02891	   0.01873	   0.00441	   0.09651	   0.02891	   0.09651	   0.01662
N         	   8.03472	  -5.10528	  -2.58852	  -0.03767	   0.00081	   0.00035	   0.00081	   0.00480	   0.00012	   0.00035	   0.00012	   0.03288
N         	   8.03048	  -0.74933	  -2.58852	  -0.02977	   0.00085	   0.00069	   0.00085	  -0.00041	   0.00012	   0.00069	   0.00012	   0.03018
N         	   8.03253	   3.60232	  -2.58852	  -0.03413	   0.00384	   0.00046	   0.00384	   0.00107	   0.00022	   0.00046	   0.00022	   0.03306
N         	   1.25797	  -0.78143	  -0.16061	   0.26457	  -0.22629	  -0.00660	  -0.22629	  -0.11053	  -0.01986	  -0.00660	  -0.01986	  -0.15403
N         	  -1.25797	  -0.78143	  -0.16060	   0.26458	   0.22629	   0.00660	   0.22629	  -0.11053	  -0.01986	   0.00660	  -0.01986	  -0.15403
N         	   0.00000	   1.56286	   0.32121	  -0.24299	   0.00000	   0.00000	   0.00000	   0.41996	   0.25063	   0.00000	   0.25063	  -0.17697
