--------------------------------------------------------------------------------------------------------------------------------------------------------------------------
  AtomName	    r_1i_X	    r_1i_Y	    r_1i_Z	  iso[MHz]	       Axx	       Axy	       Axz	       Ayx	       Ayy	       Ayz	       Azx	       Azy	       Azz
--------------------------------------------------------------------------------------------------------------------------------------------------------------------------
10B  g-factor___:   0.600215 [No-unit]
11B  g-factor___:   1.792433 [No-unit]
14N  g-factor___:   0.403761 [No-unit]
15N  g-factor___:  -0.566378 [No-unit]
10B  etc____:	---       	---       	---       	   0.00000
11B  etc____:	---       	---       	---       	   0.00000
14N  etc____:	---       	---       	---       	   0.00000
15N  etc____:	---       	---       	---       	   0.00000
MinDif[A]:	 -10.43338	  -6.49827	  -2.54909
MaxDif[A]:	   9.19960	   6.44011	   0.35942
--------------------------------------------------------------------------------------------------------------------------------------------------------------------------
B         	  -9.19786	  -4.34398	  -2.54909	   0.00000	   0.06098	   0.00000	   0.01525	   0.00000	  -0.01525	   0.00000	   0.01525	   0.00000	  -0.04574
B         	  -9.19522	  -0.03249	  -2.54909	   0.00000	   0.09147	  -0.00000	   0.01525	  -0.00000	  -0.04574	  -0.00000	   0.01525	  -0.00000	  -0.04574
B         	  -9.19759	   4.28141	  -2.54909	   0.00000	   0.06098	  -0.00000	   0.01525	  -0.00000	  -0.01525	  -0.00000	   0.01525	  -0.00000	  -0.04574
B         	  -6.72836	  -4.34244	  -2.54906	   0.00000	   0.06098	   0.03049	   0.03049	   0.03049	  -0.00000	   0.01525	   0.03049	   0.01525	  -0.04574
B         	  -6.71830	  -0.03177	  -2.54906	   0.15245	   0.15245	  -0.03049	   0.07623	  -0.03049	  -0.07623	  -0.00000	   0.07623	  -0.00000	  -0.07623
B         	  -6.72609	   4.28171	  -2.54906	   0.00000	   0.06098	  -0.03049	   0.03049	  -0.03049	  -0.01525	  -0.01525	   0.03049	  -0.01525	  -0.04574
B         	  -4.32808	  -4.33459	  -2.12711	  -0.04574	   0.03049	   0.10672	   0.10672	   0.10672	   0.07623	   0.06098	   0.10672	   0.06098	  -0.10672
B         	  -4.29188	  -0.02739	  -2.15870	   2.04285	   0.54883	  -0.41162	   0.32015	  -0.41162	  -0.16770	  -0.01525	   0.32015	  -0.01525	  -0.38113
B         	  -4.32359	   4.28913	  -2.13007	  -0.04574	   0.03049	  -0.10672	   0.10672	  -0.10672	   0.06098	  -0.06098	   0.10672	  -0.06098	  -0.07623
B         	  -2.27739	  -4.33053	  -0.76249	   1.52452	  -0.36588	   0.15245	   0.07623	   0.15245	   0.83849	  -0.03049	   0.07623	  -0.03049	  -0.47260
B         	  -2.15434	  -0.03105	  -0.85881	   0.68603	  -0.47260	  -2.02761	   3.32345	  -2.02761	   0.80799	  -3.14051	   3.32345	  -3.14051	  -0.33539
B         	  -2.27235	   4.29153	  -0.77182	   3.47590	   0.33539	  -0.68603	   0.53358	  -0.68603	   0.13721	  -0.32015	   0.53358	  -0.32015	  -0.47260
B         	   0.00000	  -4.33369	   0.07242	  -1.05192	  -0.22868	  -0.00000	  -0.00000	  -0.00000	   0.68603	  -0.04574	  -0.00000	  -0.04574	  -0.45736
B         	   0.00000	   4.30304	   0.05962	  -0.86898	  -0.50309	   0.00000	  -0.00000	   0.00000	   1.44829	  -0.25917	  -0.00000	  -0.25917	  -0.94520
B         	   2.27739	  -4.33053	  -0.76249	   1.52452	  -0.36588	  -0.15245	  -0.07623	  -0.15245	   0.83849	  -0.03049	  -0.07623	  -0.03049	  -0.47260
B         	   2.15434	  -0.03105	  -0.85881	   0.68603	  -0.47260	   2.02761	  -3.32345	   2.02761	   0.80799	  -3.14051	  -3.32345	  -3.14051	  -0.33539
B         	   2.27235	   4.29153	  -0.77182	   3.47590	   0.33539	   0.68603	  -0.53358	   0.68603	   0.13721	  -0.32015	  -0.53358	  -0.32015	  -0.47260
B         	   4.32808	  -4.33459	  -2.12711	  -0.04574	   0.03049	  -0.10672	  -0.10672	  -0.10672	   0.07623	   0.06098	  -0.10672	   0.06098	  -0.10672
B         	   4.29188	  -0.02739	  -2.15870	   2.04285	   0.54883	   0.41162	  -0.32015	   0.41162	  -0.16770	  -0.01525	  -0.32015	  -0.01525	  -0.38113
B         	   4.32359	   4.28913	  -2.13007	  -0.04574	   0.03049	   0.10672	  -0.10672	   0.10672	   0.06098	  -0.06098	  -0.10672	  -0.06098	  -0.07623
B         	   6.72836	  -4.34244	  -2.54906	   0.00000	   0.06098	  -0.03049	  -0.03049	  -0.03049	  -0.00000	   0.01525	  -0.03049	   0.01525	  -0.04574
B         	   6.71830	  -0.03177	  -2.54906	   0.15245	   0.15245	   0.03049	  -0.07623	   0.03049	  -0.07623	  -0.00000	  -0.07623	  -0.00000	  -0.07623
B         	   6.72609	   4.28171	  -2.54906	   0.00000	   0.06098	   0.03049	  -0.03049	   0.03049	  -0.01525	  -0.01525	  -0.03049	  -0.01525	  -0.04574
B         	   9.19786	  -4.34398	  -2.54909	   0.00000	   0.06098	  -0.00000	  -0.01525	  -0.00000	  -0.01525	   0.00000	  -0.01525	   0.00000	  -0.04574
B         	   9.19522	  -0.03249	  -2.54909	   0.00000	   0.09147	   0.00000	  -0.01525	   0.00000	  -0.04574	  -0.00000	  -0.01525	  -0.00000	  -0.04574
B         	   9.19759	   4.28141	  -2.54909	   0.00000	   0.06098	   0.00000	  -0.01525	   0.00000	  -0.01525	  -0.00000	  -0.01525	  -0.00000	  -0.04574
B         	 -10.43338	   6.43972	  -2.54909	   0.00000	   0.06098	   0.00000	  -0.00000	   0.00000	  -0.01525	  -0.00000	  -0.00000	  -0.00000	  -0.04574
B         	 -10.43338	  -2.18821	  -2.54909	   0.00000	   0.07623	   0.00000	   0.00000	   0.00000	  -0.03049	   0.00000	   0.00000	   0.00000	  -0.04574
B         	 -10.43338	   2.12277	  -2.54909	   0.00000	   0.07623	   0.00000	   0.00000	   0.00000	  -0.03049	  -0.00000	   0.00000	  -0.00000	  -0.04574
B         	  -7.96297	   6.44011	  -2.54909	   0.00000	   0.04574	  -0.00000	   0.01525	  -0.00000	  -0.00000	  -0.00000	   0.01525	  -0.00000	  -0.04574
B         	  -7.96006	  -2.18693	  -2.54909	   0.00000	   0.09147	   0.01525	   0.03049	   0.01525	  -0.04574	   0.00000	   0.03049	   0.00000	  -0.04574
B         	  -7.95826	   2.12396	  -2.54909	   0.00000	   0.09147	  -0.01525	   0.03049	  -0.01525	  -0.04574	  -0.00000	   0.03049	  -0.00000	  -0.04574
B         	  -5.49277	  -6.49827	  -2.54809	   0.00000	   0.01525	  -0.00000	   0.04574	  -0.00000	   0.04574	  -0.00000	   0.04574	  -0.00000	  -0.06098
B         	  -5.48428	  -2.18406	  -2.54809	  -0.07623	   0.13721	   0.09147	   0.12196	   0.09147	  -0.04574	   0.03049	   0.12196	   0.03049	  -0.09147
B         	  -5.47921	   2.12530	  -2.54809	   0.03049	   0.12196	  -0.07623	   0.12196	  -0.07623	  -0.04574	  -0.03049	   0.12196	  -0.03049	  -0.06098
B         	  -3.28135	  -6.49278	  -1.49561	   0.15245	  -0.07623	  -0.06098	   0.07623	  -0.06098	   0.21343	  -0.04574	   0.07623	  -0.04574	  -0.13721
B         	  -3.24353	  -2.17805	  -1.53348	  -0.88422	   0.16770	   0.47260	   0.64030	   0.47260	   0.09147	   0.36588	   0.64030	   0.36588	  -0.25917
B         	  -3.22594	   2.12671	  -1.55028	  -0.60981	   0.18294	  -0.30490	   0.47260	  -0.30490	   0.03049	  -0.19819	   0.47260	  -0.19819	  -0.21343
B         	  -1.20306	  -6.48753	  -0.17746	  -0.06098	  -0.21343	  -0.03049	   0.03049	  -0.03049	   0.44211	  -0.01525	   0.03049	  -0.01525	  -0.22868
B         	  -1.17199	  -2.16351	  -0.18160	  -3.29296	  -1.50927	  -0.59456	   0.44211	  -0.59456	   5.07665	   0.18294	   0.44211	   0.18294	  -3.56737
B         	  -1.17321	   2.13267	  -0.17115	  -9.78741	   2.98806	  -2.34776	   3.91801	  -2.34776	  -0.56407	  -0.86898	   3.91801	  -0.86898	  -2.42398
B         	   1.20306	  -6.48753	  -0.17746	  -0.06098	  -0.21343	   0.03049	  -0.03049	   0.03049	   0.44211	  -0.01525	  -0.03049	  -0.01525	  -0.22868
B         	   1.17199	  -2.16351	  -0.18160	  -3.29296	  -1.50927	   0.59456	  -0.44211	   0.59456	   5.07665	   0.18294	  -0.44211	   0.18294	  -3.56737
B         	   1.17321	   2.13267	  -0.17115	  -9.78741	   2.98806	   2.34776	  -3.91801	   2.34776	  -0.56407	  -0.86898	  -3.91801	  -0.86898	  -2.42398
B         	   3.28135	  -6.49278	  -1.49561	   0.15245	  -0.07623	   0.06098	  -0.07623	   0.06098	   0.21343	  -0.04574	  -0.07623	  -0.04574	  -0.13721
B         	   3.24353	  -2.17805	  -1.53348	  -0.88422	   0.16770	  -0.47260	  -0.64030	  -0.47260	   0.09147	   0.36588	  -0.64030	   0.36588	  -0.25917
B         	   3.22594	   2.12671	  -1.55028	  -0.60981	   0.18294	   0.30490	  -0.47260	   0.30490	   0.03049	  -0.19819	  -0.47260	  -0.19819	  -0.21343
B         	   5.49277	  -6.49827	  -2.54809	   0.00000	   0.01525	   0.00000	  -0.04574	   0.00000	   0.04574	  -0.00000	  -0.04574	  -0.00000	  -0.06098
B         	   5.48428	  -2.18406	  -2.54809	  -0.07623	   0.13721	  -0.09147	  -0.12196	  -0.09147	  -0.04574	   0.03049	  -0.12196	   0.03049	  -0.09147
B         	   5.47921	   2.12530	  -2.54809	   0.03049	   0.12196	   0.07623	  -0.12196	   0.07623	  -0.04574	  -0.03049	  -0.12196	  -0.03049	  -0.06098
B         	   7.96297	   6.44011	  -2.54909	   0.00000	   0.04574	   0.00000	  -0.01525	   0.00000	  -0.00000	  -0.00000	  -0.01525	  -0.00000	  -0.04574
B         	   7.96006	  -2.18693	  -2.54909	   0.00000	   0.09147	  -0.01525	  -0.03049	  -0.01525	  -0.04574	   0.00000	  -0.03049	   0.00000	  -0.04574
B         	   7.95827	   2.12396	  -2.54909	   0.00000	   0.09147	   0.01525	  -0.03049	   0.01525	  -0.04574	  -0.00000	  -0.03049	  -0.00000	  -0.04574
N         	  -9.19848	  -2.90831	  -2.54909	   0.00000	   0.07623	   0.01525	   0.01525	   0.01525	  -0.03049	   0.00000	   0.01525	   0.00000	  -0.04574
N         	  -9.19729	   1.40352	  -2.54909	   0.00000	   0.07623	  -0.00000	   0.01525	  -0.00000	  -0.04574	  -0.00000	   0.01525	  -0.00000	  -0.04574
N         	  -9.19960	   5.71788	  -2.54909	   0.00000	   0.06098	  -0.00000	   0.01525	  -0.00000	  -0.01525	  -0.00000	   0.01525	  -0.00000	  -0.03049
N         	  -6.72938	  -2.90655	  -2.54906	   0.06098	   0.09147	   0.04574	   0.06098	   0.04574	  -0.03049	   0.01525	   0.06098	   0.01525	  -0.06098
N         	  -6.72447	   1.40561	  -2.54906	   0.01525	   0.12196	  -0.03049	   0.07623	  -0.03049	  -0.06098	  -0.01525	   0.07623	  -0.01525	  -0.06098
N         	  -6.73241	   5.71913	  -2.54906	   0.00000	   0.04574	  -0.01525	   0.03049	  -0.01525	   0.00000	  -0.00000	   0.03049	  -0.00000	  -0.04574
N         	  -4.29098	  -2.90478	  -2.22222	   0.60981	   0.22868	   0.28966	   0.16770	   0.28966	  -0.03049	   0.09147	   0.16770	   0.09147	  -0.19819
N         	  -4.27490	   1.41168	  -2.24084	   0.32015	   0.24392	  -0.04574	   0.24392	  -0.04574	  -0.19819	  -0.09147	   0.24392	  -0.09147	  -0.04574
N         	  -4.29834	   5.72458	  -2.21199	   0.01525	  -0.01525	  -0.01525	   0.06098	  -0.01525	   0.10672	  -0.03049	   0.06098	  -0.03049	  -0.09147
N         	  -2.28912	  -2.90460	  -0.76469	  20.53527	  -0.45736	   3.76556	   2.40874	   3.76556	   1.63123	   3.18624	   2.40874	   3.18624	  -1.17388
N         	  -2.21112	   1.41638	  -0.85254	   5.68645	   1.93614	   1.47878	   1.46354	   1.47878	   0.65554	   1.14339	   1.46354	   1.14339	  -2.59168
N         	  -2.30406	   5.72907	  -0.74698	   1.55501	  -0.27441	  -0.30490	   0.09147	  -0.30490	   0.67079	  -0.13721	   0.09147	  -0.13721	  -0.39637
N         	   0.00000	  -2.92528	   0.17203	  -3.56737	   3.06428	  -0.00000	   0.00000	  -0.00000	  -0.22868	  -0.24392	   0.00000	  -0.24392	  -2.83560
N         	   0.00000	   5.73567	   0.13743	   0.28966	  -0.38113	   0.00000	   0.00000	   0.00000	   0.76226	   0.12196	   0.00000	   0.12196	  -0.38113
N         	   2.28912	  -2.90460	  -0.76469	  20.53527	  -0.45736	  -3.76556	  -2.40874	  -3.76556	   1.63123	   3.18624	  -2.40874	   3.18624	  -1.17388
N         	   2.21112	   1.41638	  -0.85254	   5.68645	   1.93614	  -1.47878	  -1.46354	  -1.47878	   0.65554	   1.14339	  -1.46354	   1.14339	  -2.59168
N         	   2.30406	   5.72907	  -0.74698	   1.55501	  -0.27441	   0.30490	  -0.09147	   0.30490	   0.67079	  -0.13721	  -0.09147	  -0.13721	  -0.39637
N         	   4.29098	  -2.90478	  -2.22222	   0.60981	   0.22868	  -0.28966	  -0.16770	  -0.28966	  -0.03049	   0.09147	  -0.16770	   0.09147	  -0.19819
N         	   4.27490	   1.41168	  -2.24084	   0.32015	   0.24392	   0.04574	  -0.24392	   0.04574	  -0.19819	  -0.09147	  -0.24392	  -0.09147	  -0.04574
N         	   4.29834	   5.72458	  -2.21199	   0.01525	  -0.01525	   0.01525	  -0.06098	   0.01525	   0.10672	  -0.03049	  -0.06098	  -0.03049	  -0.09147
N         	   6.72938	  -2.90655	  -2.54906	   0.06098	   0.09147	  -0.04574	  -0.06098	  -0.04574	  -0.03049	   0.01525	  -0.06098	   0.01525	  -0.06098
N         	   6.72447	   1.40561	  -2.54906	   0.01525	   0.12196	   0.03049	  -0.07623	   0.03049	  -0.06098	  -0.01525	  -0.07623	  -0.01525	  -0.06098
N         	   6.73241	   5.71913	  -2.54906	   0.00000	   0.04574	   0.01525	  -0.03049	   0.01525	   0.00000	  -0.00000	  -0.03049	  -0.00000	  -0.04574
N         	   9.19848	  -2.90831	  -2.54909	   0.00000	   0.07623	  -0.01525	  -0.01525	  -0.01525	  -0.03049	   0.00000	  -0.01525	   0.00000	  -0.04574
N         	   9.19729	   1.40352	  -2.54909	   0.00000	   0.07623	   0.00000	  -0.01525	   0.00000	  -0.04574	  -0.00000	  -0.01525	  -0.00000	  -0.04574
N         	   9.19960	   5.71788	  -2.54909	   0.00000	   0.06098	   0.00000	  -0.01525	   0.00000	  -0.01525	  -0.00000	  -0.01525	  -0.00000	  -0.03049
N         	 -10.43338	  -5.06579	  -2.54909	   0.00000	   0.06098	  -0.00000	   0.00000	  -0.00000	  -0.01525	   0.00000	   0.00000	   0.00000	  -0.04574
N         	 -10.43338	  -0.75228	  -2.54909	   0.00000	   0.09147	   0.00000	  -0.00000	   0.00000	  -0.04574	   0.00000	  -0.00000	   0.00000	  -0.04574
N         	 -10.43338	   3.55979	  -2.54909	   0.00000	   0.06098	   0.00000	  -0.00000	   0.00000	  -0.03049	  -0.00000	  -0.00000	  -0.00000	  -0.04574
N         	  -7.96580	  -5.06546	  -2.54909	   0.00000	   0.06098	   0.01525	   0.01525	   0.01525	  -0.01525	   0.00000	   0.01525	   0.00000	  -0.04574
N         	  -7.96061	  -0.75128	  -2.54909	   0.07623	   0.12196	   0.01525	   0.03049	   0.01525	  -0.06098	   0.00000	   0.03049	   0.00000	  -0.06098
N         	  -7.96409	   3.56071	  -2.54909	   0.00000	   0.06098	  -0.01525	   0.01525	  -0.01525	  -0.03049	  -0.00000	   0.01525	  -0.00000	  -0.04574
N         	  -5.49748	  -5.06329	  -2.54809	   0.01525	   0.03049	   0.04574	   0.06098	   0.04574	   0.03049	   0.03049	   0.06098	   0.03049	  -0.06098
N         	  -5.48465	  -0.74837	  -2.54809	   0.97569	   0.47260	   0.12196	   0.12196	   0.12196	  -0.24392	   0.01525	   0.12196	   0.01525	  -0.22868
N         	  -5.49287	   3.56371	  -2.54809	  -0.01525	   0.06098	  -0.06098	   0.07623	  -0.06098	  -0.01525	  -0.03049	   0.07623	  -0.03049	  -0.04574
N         	  -3.27550	  -5.05945	  -1.49772	   0.97569	  -0.12196	   0.28966	   0.15245	   0.28966	   0.39637	   0.18294	   0.15245	   0.18294	  -0.28966
N         	  -3.20960	  -0.74456	  -1.58358	  20.38281	   1.09765	   1.58550	   4.84797	   1.58550	  -2.85085	   1.69222	   4.84797	   1.69222	   1.76844
N         	  -3.25696	   3.56900	  -1.52159	  -0.09147	   0.04574	  -0.30490	   0.18294	  -0.30490	   0.13721	  -0.06098	   0.18294	  -0.06098	  -0.18294
N         	  -1.23332	  -5.06108	  -0.10678	   0.12196	  -0.09147	   0.15245	   0.07623	   0.15245	   0.48785	   0.00000	   0.07623	   0.00000	  -0.39637
N         	  -1.23243	   3.58617	  -0.10573	  34.21020	  -3.65884	  -3.09477	   0.85373	  -3.09477	   7.28720	  -3.52164	   0.85373	  -3.52164	  -3.62835
N         	   1.23332	  -5.06108	  -0.10678	   0.12196	  -0.09147	  -0.15245	  -0.07623	  -0.15245	   0.48785	   0.00000	  -0.07623	   0.00000	  -0.39637
N         	   1.23243	   3.58617	  -0.10573	  34.21020	  -3.65884	   3.09477	  -0.85373	   3.09477	   7.28720	  -3.52164	  -0.85373	  -3.52164	  -3.62835
N         	   3.27550	  -5.05945	  -1.49772	   0.97569	  -0.12196	  -0.28966	  -0.15245	  -0.28966	   0.39637	   0.18294	  -0.15245	   0.18294	  -0.28966
N         	   3.20960	  -0.74456	  -1.58358	  20.38281	   1.09765	  -1.58550	  -4.84797	  -1.58550	  -2.85085	   1.69222	  -4.84797	   1.69222	   1.76844
N         	   3.25696	   3.56900	  -1.52159	  -0.09147	   0.04574	   0.30490	  -0.18294	   0.30490	   0.13721	  -0.06098	  -0.18294	  -0.06098	  -0.18294
N         	   5.49748	  -5.06329	  -2.54809	   0.01525	   0.03049	  -0.04574	  -0.06098	  -0.04574	   0.03049	   0.03049	  -0.06098	   0.03049	  -0.06098
N         	   5.48465	  -0.74837	  -2.54809	   0.97569	   0.47260	  -0.12196	  -0.12196	  -0.12196	  -0.24392	   0.01525	  -0.12196	   0.01525	  -0.22868
N         	   5.49287	   3.56371	  -2.54809	  -0.01525	   0.06098	   0.06098	  -0.07623	   0.06098	  -0.01525	  -0.03049	  -0.07623	  -0.03049	  -0.04574
N         	   7.96580	  -5.06546	  -2.54909	   0.00000	   0.06098	  -0.01525	  -0.01525	  -0.01525	  -0.01525	   0.00000	  -0.01525	   0.00000	  -0.04574
N         	   7.96061	  -0.75128	  -2.54909	   0.07623	   0.12196	  -0.01525	  -0.03049	  -0.01525	  -0.06098	   0.00000	  -0.03049	   0.00000	  -0.06098
N         	   7.96409	   3.56071	  -2.54909	   0.00000	   0.06098	   0.01525	  -0.01525	   0.01525	  -0.03049	  -0.00000	  -0.01525	  -0.00000	  -0.04574
N         	   1.19923	  -0.77493	  -0.17971	 311.38293	  76.27167	 -73.71048	 -39.57650	 -73.71048	 -27.86820	  23.73675	 -39.57650	  23.73675	 -48.40347
N         	  -1.19923	  -0.77493	  -0.17971	 311.38293	  76.27167	  73.71048	  39.57650	  73.71048	 -27.86820	  23.73675	  39.57650	  23.73675	 -48.40347
N         	   0.00000	   1.54987	   0.35942	 200.79435	 -96.48678	  -0.00000	  -0.00000	  -0.00000	 166.43170	  71.39321	  -0.00000	  71.39321	 -69.94491
