--------------------------------------------------------------------------------------------------------------------------------------------------------------------------
  AtomName	    r_1i_X	    r_1i_Y	    r_1i_Z	  iso[MHz]	       Axx	       Axy	       Axz	       Ayx	       Ayy	       Ayz	       Azx	       Azy	       Azz
--------------------------------------------------------------------------------------------------------------------------------------------------------------------------
10B  g-factor___:   0.600215 [No-unit]
11B  g-factor___:   1.792433 [No-unit]
14N  g-factor___:   0.403761 [No-unit]
15N  g-factor___:  -0.566378 [No-unit]
10B  etc____:	---       	---       	---       	   0.00000
11B  etc____:	---       	---       	---       	   0.00000
14N  etc____:	---       	---       	---       	   0.00000
15N  etc____:	---       	---       	---       	   0.00000
MinDif[A]:	 -10.52141	  -6.55111	  -2.58852
MaxDif[A]:	   9.27788	   6.50888	   0.32121
--------------------------------------------------------------------------------------------------------------------------------------------------------------------------
B         	  -9.27634	  -4.37656	  -2.58852	   0.00000	   0.06098	   0.00000	   0.01525	   0.00000	  -0.01525	   0.00000	   0.01525	   0.00000	  -0.04574
B         	  -9.27481	  -0.02283	  -2.58852	   0.00000	   0.09147	  -0.00000	   0.01525	  -0.00000	  -0.04574	  -0.00000	   0.01525	  -0.00000	  -0.04574
B         	  -9.27525	   4.33022	  -2.58852	   0.00000	   0.06098	  -0.00000	   0.01525	  -0.00000	  -0.01525	  -0.00000	   0.01525	  -0.00000	  -0.04574
B         	  -6.78782	  -4.37508	  -2.58849	   0.00000	   0.06098	   0.03049	   0.03049	   0.03049	  -0.00000	   0.01525	   0.03049	   0.01525	  -0.04574
B         	  -6.77864	  -0.02290	  -2.58849	   0.15245	   0.15245	  -0.03049	   0.07623	  -0.03049	  -0.07623	  -0.00000	   0.07623	  -0.00000	  -0.07623
B         	  -6.78496	   4.33034	  -2.58849	   0.00000	   0.06098	  -0.03049	   0.03049	  -0.03049	  -0.01525	  -0.01525	   0.03049	  -0.01525	  -0.04574
B         	  -4.36890	  -4.36690	  -2.16220	  -0.04574	   0.03049	   0.10672	   0.10672	   0.10672	   0.07623	   0.06098	   0.10672	   0.06098	  -0.10672
B         	  -4.33835	  -0.01805	  -2.18706	   2.04285	   0.54883	  -0.41162	   0.32015	  -0.41162	  -0.16770	  -0.01525	   0.32015	  -0.01525	  -0.38113
B         	  -4.36467	   4.33785	  -2.16292	  -0.04574	   0.03049	  -0.10672	   0.10672	  -0.10672	   0.06098	  -0.06098	   0.10672	  -0.06098	  -0.07623
B         	  -2.29895	  -4.36362	  -0.79156	   1.52452	  -0.36588	   0.15245	   0.07623	   0.15245	   0.83849	  -0.03049	   0.07623	  -0.03049	  -0.47260
B         	  -2.20104	  -0.01835	  -0.85392	   0.68603	  -0.47260	  -2.02761	   3.33870	  -2.02761	   0.80799	  -3.14051	   3.33870	  -3.14051	  -0.33539
B         	  -2.29415	   4.34103	  -0.79666	   3.47590	   0.33539	  -0.68603	   0.53358	  -0.68603	   0.13721	  -0.32015	   0.53358	  -0.32015	  -0.47260
B         	   0.00000	  -4.36496	   0.04096	  -1.05192	  -0.22868	  -0.00000	   0.00000	  -0.00000	   0.68603	  -0.04574	   0.00000	  -0.04574	  -0.45736
B         	   0.00000	   4.35294	   0.03028	  -0.86898	  -0.50309	  -0.00000	   0.00000	  -0.00000	   1.44829	  -0.25917	   0.00000	  -0.25917	  -0.94520
B         	   2.29895	  -4.36362	  -0.79156	   1.52452	  -0.36588	  -0.15245	  -0.07623	  -0.15245	   0.83849	  -0.03049	  -0.07623	  -0.03049	  -0.47260
B         	   2.20104	  -0.01835	  -0.85392	   0.68603	  -0.47260	   2.02761	  -3.33870	   2.02761	   0.80799	  -3.14051	  -3.33870	  -3.14051	  -0.33539
B         	   2.29415	   4.34103	  -0.79666	   3.47590	   0.33539	   0.68603	  -0.53358	   0.68603	   0.13721	  -0.32015	  -0.53358	  -0.32015	  -0.47260
B         	   4.36890	  -4.36690	  -2.16220	  -0.04574	   0.03049	  -0.10672	  -0.10672	  -0.10672	   0.07623	   0.06098	  -0.10672	   0.06098	  -0.10672
B         	   4.33835	  -0.01805	  -2.18706	   2.04285	   0.54883	   0.41162	  -0.32015	   0.41162	  -0.16770	  -0.01525	  -0.32015	  -0.01525	  -0.38113
B         	   4.36467	   4.33785	  -2.16292	  -0.04574	   0.03049	   0.10672	  -0.10672	   0.10672	   0.06098	  -0.06098	  -0.10672	  -0.06098	  -0.07623
B         	   6.78782	  -4.37508	  -2.58849	   0.00000	   0.06098	  -0.03049	  -0.03049	  -0.03049	  -0.00000	   0.01525	  -0.03049	   0.01525	  -0.04574
B         	   6.77864	  -0.02290	  -2.58849	   0.15245	   0.15245	   0.03049	  -0.07623	   0.03049	  -0.07623	  -0.00000	  -0.07623	  -0.00000	  -0.07623
B         	   6.78496	   4.33034	  -2.58849	   0.00000	   0.06098	   0.03049	  -0.03049	   0.03049	  -0.01525	  -0.01525	  -0.03049	  -0.01525	  -0.04574
B         	   9.27634	  -4.37656	  -2.58852	   0.00000	   0.06098	  -0.00000	  -0.01525	  -0.00000	  -0.01525	   0.00000	  -0.01525	   0.00000	  -0.04574
B         	   9.27481	  -0.02283	  -2.58852	   0.00000	   0.09147	   0.00000	  -0.01525	   0.00000	  -0.04574	  -0.00000	  -0.01525	  -0.00000	  -0.04574
B         	   9.27525	   4.33022	  -2.58852	   0.00000	   0.06098	   0.00000	  -0.01525	   0.00000	  -0.01525	  -0.00000	  -0.01525	  -0.00000	  -0.04574
B         	 -10.52141	   6.50738	  -2.58852	   0.00000	   0.06098	   0.00000	  -0.00000	   0.00000	  -0.01525	  -0.00000	  -0.00000	  -0.00000	  -0.04574
B         	 -10.52141	  -2.19973	  -2.58852	   0.00000	   0.07623	   0.00000	  -0.00000	   0.00000	  -0.03049	   0.00000	  -0.00000	   0.00000	  -0.04574
B         	 -10.52141	   2.15355	  -2.58852	   0.00000	   0.07623	  -0.00000	  -0.00000	  -0.00000	  -0.03049	  -0.00000	  -0.00000	  -0.00000	  -0.04574
B         	  -8.03233	   6.50888	  -2.58852	   0.00000	   0.04574	  -0.00000	   0.01525	  -0.00000	  -0.00000	  -0.00000	   0.01525	  -0.00000	  -0.04574
B         	  -8.02945	  -2.19835	  -2.58852	   0.00000	   0.09147	   0.01525	   0.03049	   0.01525	  -0.04574	   0.00000	   0.03049	   0.00000	  -0.04574
B         	  -8.02657	   2.15253	  -2.58852	   0.00000	   0.09147	  -0.01525	   0.03049	  -0.01525	  -0.04574	  -0.00000	   0.03049	  -0.00000	  -0.04574
B         	  -5.54289	  -6.55111	  -2.58752	   0.00000	   0.01525	  -0.00000	   0.04574	  -0.00000	   0.04574	  -0.00000	   0.04574	  -0.00000	  -0.06098
B         	  -5.53532	  -2.19617	  -2.58752	  -0.07623	   0.13721	   0.09147	   0.12196	   0.09147	  -0.04574	   0.03049	   0.12196	   0.03049	  -0.09147
B         	  -5.52912	   2.15434	  -2.58752	   0.03049	   0.12196	  -0.07623	   0.12196	  -0.07623	  -0.04574	  -0.03049	   0.12196	  -0.03049	  -0.06098
B         	  -3.31370	  -6.54589	  -1.52551	   0.15245	  -0.07623	  -0.06098	   0.07623	  -0.06098	   0.21343	  -0.04574	   0.07623	  -0.04574	  -0.13721
B         	  -3.28019	  -2.18934	  -1.55686	  -0.88422	   0.16770	   0.47260	   0.64030	   0.47260	   0.09147	   0.36588	   0.64030	   0.36588	  -0.25917
B         	  -3.26487	   2.15555	  -1.56370	  -0.60981	   0.18294	  -0.30490	   0.47260	  -0.30490	   0.03049	  -0.19819	   0.47260	  -0.19819	  -0.21343
B         	  -1.21292	  -6.53913	  -0.20830	  -0.06098	  -0.21343	  -0.03049	   0.03049	  -0.03049	   0.44211	  -0.01525	   0.03049	  -0.01525	  -0.22868
B         	  -1.19056	  -2.17760	  -0.19072	  -3.30821	  -1.50927	  -0.59456	   0.44211	  -0.59456	   5.07665	   0.18294	   0.44211	   0.18294	  -3.56737
B         	  -1.18076	   2.15904	  -0.18282	  -9.78741	   2.98806	  -2.34776	   3.91801	  -2.34776	  -0.56407	  -0.86898	   3.91801	  -0.86898	  -2.42398
B         	   1.21292	  -6.53913	  -0.20830	  -0.06098	  -0.21343	   0.03049	  -0.03049	   0.03049	   0.44211	  -0.01525	  -0.03049	  -0.01525	  -0.22868
B         	   1.19056	  -2.17760	  -0.19072	  -3.30821	  -1.50927	   0.59456	  -0.44211	   0.59456	   5.07665	   0.18294	  -0.44211	   0.18294	  -3.56737
B         	   1.18076	   2.15904	  -0.18282	  -9.78741	   2.98806	   2.34776	  -3.91801	   2.34776	  -0.56407	  -0.86898	  -3.91801	  -0.86898	  -2.42398
B         	   3.31370	  -6.54589	  -1.52551	   0.16770	  -0.07623	   0.06098	  -0.07623	   0.06098	   0.21343	  -0.04574	  -0.07623	  -0.04574	  -0.13721
B         	   3.28019	  -2.18934	  -1.55686	  -0.88422	   0.16770	  -0.47260	  -0.64030	  -0.47260	   0.09147	   0.36588	  -0.64030	   0.36588	  -0.25917
B         	   3.26487	   2.15555	  -1.56370	  -0.60981	   0.18294	   0.30490	  -0.47260	   0.30490	   0.03049	  -0.19819	  -0.47260	  -0.19819	  -0.21343
B         	   5.54289	  -6.55111	  -2.58752	   0.00000	   0.01525	   0.00000	  -0.04574	   0.00000	   0.04574	  -0.00000	  -0.04574	  -0.00000	  -0.06098
B         	   5.53532	  -2.19617	  -2.58752	  -0.07623	   0.13721	  -0.09147	  -0.12196	  -0.09147	  -0.04574	   0.03049	  -0.12196	   0.03049	  -0.09147
B         	   5.52912	   2.15434	  -2.58752	   0.03049	   0.12196	   0.07623	  -0.12196	   0.07623	  -0.04574	  -0.03049	  -0.12196	  -0.03049	  -0.06098
B         	   8.03233	   6.50888	  -2.58852	   0.00000	   0.04574	   0.00000	  -0.01525	   0.00000	  -0.00000	  -0.00000	  -0.01525	  -0.00000	  -0.04574
B         	   8.02946	  -2.19835	  -2.58852	   0.00000	   0.09147	  -0.01525	  -0.03049	  -0.01525	  -0.04574	   0.00000	  -0.03049	   0.00000	  -0.04574
B         	   8.02657	   2.15253	  -2.58852	   0.00000	   0.09147	   0.01525	  -0.03049	   0.01525	  -0.04574	  -0.00000	  -0.03049	  -0.00000	  -0.04574
N         	  -9.27723	  -2.92747	  -2.58852	   0.00000	   0.07623	   0.01525	   0.01525	   0.01525	  -0.03049	   0.00000	   0.01525	   0.00000	  -0.04574
N         	  -9.27599	   1.42616	  -2.58852	   0.00000	   0.09147	  -0.00000	   0.01525	  -0.00000	  -0.04574	  -0.00000	   0.01525	  -0.00000	  -0.04574
N         	  -9.27788	   5.77946	  -2.58852	   0.00000	   0.06098	  -0.00000	   0.01525	  -0.00000	  -0.01525	  -0.00000	   0.01525	  -0.00000	  -0.03049
N         	  -6.78948	  -2.92572	  -2.58849	   0.06098	   0.09147	   0.04574	   0.06098	   0.04574	  -0.03049	   0.01525	   0.06098	   0.01525	  -0.06098
N         	  -6.78399	   1.42722	  -2.58849	   0.01525	   0.12196	  -0.03049	   0.07623	  -0.03049	  -0.06098	  -0.01525	   0.07623	  -0.01525	  -0.06098
N         	  -6.79202	   5.78113	  -2.58849	   0.00000	   0.04574	  -0.01525	   0.03049	  -0.01525	   0.00000	  -0.00000	   0.03049	  -0.00000	  -0.04574
N         	  -4.33448	  -2.92359	  -2.25080	   0.60981	   0.22868	   0.28966	   0.16770	   0.28966	  -0.03049	   0.09147	   0.16770	   0.09147	  -0.19819
N         	  -4.32030	   1.43307	  -2.26278	   0.30490	   0.24392	  -0.04574	   0.24392	  -0.04574	  -0.19819	  -0.09147	   0.24392	  -0.09147	  -0.04574
N         	  -4.34157	   5.78643	  -2.24219	   0.01525	  -0.01525	  -0.01525	   0.06098	  -0.01525	   0.10672	  -0.03049	   0.06098	  -0.03049	  -0.09147
N         	  -2.31154	  -2.92489	  -0.79171	  20.53527	  -0.45736	   3.76556	   2.40874	   3.76556	   1.63123	   3.18624	   2.40874	   3.18624	  -1.17388
N         	  -2.25035	   1.43951	  -0.84952	   5.68645	   1.93614	   1.47878	   1.46354	   1.47878	   0.65554	   1.14339	   1.46354	   1.14339	  -2.59168
N         	  -2.32509	   5.79236	  -0.77574	   1.55501	  -0.27441	  -0.30490	   0.10672	  -0.30490	   0.67079	  -0.13721	   0.10672	  -0.13721	  -0.39637
N         	   0.00000	  -2.94277	   0.14320	  -3.55213	   3.04904	  -0.00000	   0.00000	  -0.00000	  -0.22868	  -0.24392	   0.00000	  -0.24392	  -2.83560
N         	   0.00000	   5.79908	   0.10134	   0.28966	  -0.38113	   0.00000	  -0.00000	   0.00000	   0.76226	   0.12196	  -0.00000	   0.12196	  -0.38113
N         	   2.31154	  -2.92489	  -0.79171	  20.53527	  -0.45736	  -3.76556	  -2.40874	  -3.76556	   1.63123	   3.18624	  -2.40874	   3.18624	  -1.17388
N         	   2.25035	   1.43951	  -0.84952	   5.68645	   1.93614	  -1.47878	  -1.46354	  -1.47878	   0.65554	   1.14339	  -1.46354	   1.14339	  -2.59168
N         	   2.32509	   5.79236	  -0.77574	   1.55501	  -0.27441	   0.30490	  -0.10672	   0.30490	   0.67079	  -0.13721	  -0.10672	  -0.13721	  -0.39637
N         	   4.33448	  -2.92359	  -2.25080	   0.60981	   0.22868	  -0.28966	  -0.16770	  -0.28966	  -0.04574	   0.09147	  -0.16770	   0.09147	  -0.19819
N         	   4.32030	   1.43307	  -2.26278	   0.32015	   0.24392	   0.04574	  -0.24392	   0.04574	  -0.19819	  -0.09147	  -0.24392	  -0.09147	  -0.04574
N         	   4.34157	   5.78643	  -2.24219	   0.01525	  -0.01525	   0.01525	  -0.06098	   0.01525	   0.10672	  -0.03049	  -0.06098	  -0.03049	  -0.09147
N         	   6.78948	  -2.92572	  -2.58849	   0.06098	   0.09147	  -0.04574	  -0.06098	  -0.04574	  -0.03049	   0.01525	  -0.06098	   0.01525	  -0.06098
N         	   6.78399	   1.42722	  -2.58849	   0.01525	   0.12196	   0.03049	  -0.07623	   0.03049	  -0.06098	  -0.01525	  -0.07623	  -0.01525	  -0.06098
N         	   6.79202	   5.78113	  -2.58849	   0.00000	   0.04574	   0.01525	  -0.03049	   0.01525	   0.00000	  -0.00000	  -0.03049	  -0.00000	  -0.04574
N         	   9.27723	  -2.92747	  -2.58852	   0.00000	   0.07623	  -0.01525	  -0.01525	  -0.01525	  -0.03049	   0.00000	  -0.01525	   0.00000	  -0.04574
N         	   9.27599	   1.42616	  -2.58852	   0.00000	   0.09147	   0.00000	  -0.01525	   0.00000	  -0.04574	  -0.00000	  -0.01525	  -0.00000	  -0.04574
N         	   9.27788	   5.77946	  -2.58852	   0.00000	   0.06098	   0.00000	  -0.01525	   0.00000	  -0.01525	  -0.00000	  -0.01525	  -0.00000	  -0.04574
N         	 -10.52141	  -5.10610	  -2.58852	   0.00000	   0.06098	   0.00000	  -0.00000	   0.00000	  -0.01525	   0.00000	  -0.00000	   0.00000	  -0.04574
N         	 -10.52141	  -0.75054	  -2.58852	   0.00000	   0.09147	   0.00000	   0.00000	   0.00000	  -0.04574	   0.00000	   0.00000	   0.00000	  -0.04574
N         	 -10.52141	   3.60275	  -2.58852	   0.00000	   0.06098	   0.00000	   0.00000	   0.00000	  -0.03049	  -0.00000	   0.00000	  -0.00000	  -0.04574
N         	  -8.03472	  -5.10528	  -2.58852	   0.00000	   0.06098	   0.01525	   0.01525	   0.01525	  -0.01525	   0.00000	   0.01525	   0.00000	  -0.04574
N         	  -8.03048	  -0.74933	  -2.58852	   0.07623	   0.12196	   0.01525	   0.03049	   0.01525	  -0.06098	   0.00000	   0.03049	   0.00000	  -0.06098
N         	  -8.03253	   3.60232	  -2.58852	   0.00000	   0.06098	  -0.01525	   0.01525	  -0.01525	  -0.03049	  -0.00000	   0.01525	  -0.00000	  -0.04574
N         	  -5.54710	  -5.10291	  -2.58752	   0.01525	   0.03049	   0.04574	   0.06098	   0.04574	   0.03049	   0.03049	   0.06098	   0.03049	  -0.06098
N         	  -5.53603	  -0.74767	  -2.58752	   0.97569	   0.47260	   0.12196	   0.12196	   0.12196	  -0.24392	   0.01525	   0.12196	   0.01525	  -0.22868
N         	  -5.54236	   3.60535	  -2.58752	  -0.01525	   0.06098	  -0.06098	   0.07623	  -0.06098	  -0.01525	  -0.03049	   0.07623	  -0.03049	  -0.04574
N         	  -3.30829	  -5.09874	  -1.52793	   0.97569	  -0.12196	   0.28966	   0.15245	   0.28966	   0.39637	   0.18294	   0.15245	   0.18294	  -0.27441
N         	  -3.25240	  -0.74301	  -1.59963	  20.38281	   1.09765	   1.58550	   4.84797	   1.58550	  -2.85085	   1.69222	   4.84797	   1.69222	   1.76844
N         	  -3.29268	   3.61136	  -1.54473	  -0.09147	   0.04574	  -0.30490	   0.18294	  -0.30490	   0.13721	  -0.06098	   0.18294	  -0.06098	  -0.18294
N         	  -1.24158	  -5.09983	  -0.14010	   0.12196	  -0.09147	   0.15245	   0.07623	   0.15245	   0.48785	   0.00000	   0.07623	   0.00000	  -0.39637
N         	  -1.24097	   3.63017	  -0.13364	  34.22544	  -3.65884	  -3.09477	   0.85373	  -3.09477	   7.28720	  -3.52164	   0.85373	  -3.52164	  -3.62835
N         	   1.24158	  -5.09983	  -0.14010	   0.12196	  -0.09147	  -0.15245	  -0.07623	  -0.15245	   0.48785	   0.00000	  -0.07623	   0.00000	  -0.39637
N         	   1.24097	   3.63017	  -0.13364	  34.22544	  -3.65884	   3.09477	  -0.85373	   3.09477	   7.28720	  -3.52164	  -0.85373	  -3.52164	  -3.62835
N         	   3.30829	  -5.09874	  -1.52793	   0.97569	  -0.12196	  -0.28966	  -0.15245	  -0.28966	   0.39637	   0.18294	  -0.15245	   0.18294	  -0.28966
N         	   3.25240	  -0.74301	  -1.59963	  20.38281	   1.09765	  -1.58550	  -4.84797	  -1.58550	  -2.85085	   1.69222	  -4.84797	   1.69222	   1.76844
N         	   3.29268	   3.61136	  -1.54473	  -0.09147	   0.04574	   0.30490	  -0.18294	   0.30490	   0.13721	  -0.06098	  -0.18294	  -0.06098	  -0.18294
N         	   5.54710	  -5.10291	  -2.58752	   0.01525	   0.01525	  -0.04574	  -0.06098	  -0.04574	   0.03049	   0.03049	  -0.06098	   0.03049	  -0.06098
N         	   5.53603	  -0.74767	  -2.58752	   0.97569	   0.47260	  -0.12196	  -0.12196	  -0.12196	  -0.24392	   0.01525	  -0.12196	   0.01525	  -0.22868
N         	   5.54236	   3.60535	  -2.58752	  -0.01525	   0.06098	   0.06098	  -0.07623	   0.06098	  -0.01525	  -0.03049	  -0.07623	  -0.03049	  -0.04574
N         	   8.03472	  -5.10528	  -2.58852	   0.00000	   0.06098	  -0.01525	  -0.01525	  -0.01525	  -0.01525	   0.00000	  -0.01525	   0.00000	  -0.04574
N         	   8.03048	  -0.74933	  -2.58852	   0.07623	   0.12196	  -0.01525	  -0.03049	  -0.01525	  -0.06098	   0.00000	  -0.03049	   0.00000	  -0.06098
N         	   8.03253	   3.60232	  -2.58852	   0.00000	   0.06098	   0.01525	  -0.01525	   0.01525	  -0.03049	  -0.00000	  -0.01525	  -0.00000	  -0.04574
N         	   1.25797	  -0.78143	  -0.16061	 311.38293	  76.27167	 -73.71048	 -39.56126	 -73.71048	 -27.86820	  23.73675	 -39.56126	  23.73675	 -48.40347
N         	  -1.25797	  -0.78143	  -0.16060	 311.38293	  76.27167	  73.69523	  39.56126	  73.69523	 -27.86820	  23.73675	  39.56126	  23.73675	 -48.40347
N         	   0.00000	   1.56286	   0.32121	 200.77910	 -96.48678	  -0.00000	  -0.00000	  -0.00000	 166.43170	  71.40845	  -0.00000	  71.40845	 -69.94491
