--------------------------------------------------------------------------------------------------------------------------------------------------------------------------
  AtomName	    r_1i_X	    r_1i_Y	    r_1i_Z	     EFGxx	     EFGxy	     EFGxz	     EFGyx	     EFGyy	     EFGyz	     EFGzx	     EFGzy	     EFGzz	[Hatree/Bohr_radius^2]
--------------------------------------------------------------------------------------------------------------------------------------------------------------------------
10B  eQ___:	  8.459000	[Q/milibarn]*(10^-1)
11B  eQ___:	  4.059000	[Q/milibarn]*(10^-1)
14N  eQ___:	  2.044000	[Q/milibarn]*(10^-1)
15N  eQ___:	  0.000000	[Q/milibarn]*(10^-1)
10B  etc____:	---       	---       	---       	  -0.19753	   0.00000	  -0.00000	   0.00000	  -0.19369	   0.00032	  -0.00000	   0.00032	   0.39123
11B  etc____:	---       	---       	---       	  -0.19753	   0.00000	  -0.00000	   0.00000	  -0.19369	   0.00032	  -0.00000	   0.00032	   0.39123
14N  etc____:	---       	---       	---       	  -0.03345	   0.00000	  -0.00000	   0.00000	   0.00333	  -0.00009	  -0.00000	  -0.00009	   0.03012
15N  etc____:	---       	---       	---       	  -0.03345	   0.00000	  -0.00000	   0.00000	   0.00333	  -0.00009	  -0.00000	  -0.00009	   0.03012
MinDif[A]:	 -10.52141	  -6.55111	  -2.58852
MaxDif[A]:	   9.27788	   6.50888	   0.32121
--------------------------------------------------------------------------------------------------------------------------------------------------------------------------
B         	  -9.27634	  -4.37656	  -2.58852	  -0.19710	   0.00300	   0.00042	   0.00300	  -0.19417	  -0.00004	   0.00042	  -0.00004	   0.39127
B         	  -9.27481	  -0.02283	  -2.58852	  -0.19820	   0.00364	   0.00040	   0.00364	  -0.19280	  -0.00004	   0.00040	  -0.00004	   0.39100
B         	  -9.27525	   4.33022	  -2.58852	  -0.19798	   0.00269	   0.00042	   0.00269	  -0.19313	  -0.00004	   0.00042	  -0.00004	   0.39110
B         	  -6.78782	  -4.37508	  -2.58849	  -0.19412	   0.00671	   0.00474	   0.00671	  -0.19596	  -0.00160	   0.00474	  -0.00160	   0.39007
B         	  -6.77864	  -0.02290	  -2.58849	  -0.19737	   0.01022	   0.00409	   0.01022	  -0.19252	  -0.00117	   0.00409	  -0.00117	   0.38990
B         	  -6.78496	   4.33034	  -2.58849	  -0.19727	   0.00686	   0.00438	   0.00686	  -0.19295	  -0.00137	   0.00438	  -0.00137	   0.39022
B         	  -4.36890	  -4.36690	  -2.16220	  -0.07833	  -0.00884	  -0.22702	  -0.00884	  -0.20230	   0.05535	  -0.22702	   0.05535	   0.28063
B         	  -4.33835	  -0.01805	  -2.18706	  -0.10548	   0.00824	  -0.21378	   0.00824	  -0.18996	   0.05300	  -0.21378	   0.05300	   0.29544
B         	  -4.36467	   4.33785	  -2.16292	  -0.09103	  -0.00564	  -0.22726	  -0.00564	  -0.19473	   0.04920	  -0.22726	   0.04920	   0.28578
B         	  -2.29895	  -4.36362	  -0.79156	   0.01043	   0.01345	  -0.26454	   0.01345	  -0.21373	  -0.00367	  -0.26454	  -0.00367	   0.20330
B         	  -2.20104	  -0.01835	  -0.85392	  -0.00922	   0.05823	  -0.26004	   0.05823	  -0.17855	   0.02988	  -0.26004	   0.02988	   0.18777
B         	  -2.29415	   4.34103	  -0.79666	  -0.00090	   0.02090	  -0.27843	   0.02090	  -0.18753	  -0.01234	  -0.27843	  -0.01234	   0.18842
B         	   0.00000	  -4.36496	   0.04096	  -0.16078	  -0.00000	   0.00000	  -0.00000	  -0.23149	  -0.06268	   0.00000	  -0.06268	   0.39228
B         	   0.00000	   4.35294	   0.03028	  -0.19693	  -0.00000	   0.00000	  -0.00000	  -0.19827	  -0.05404	   0.00000	  -0.05404	   0.39520
B         	   2.29895	  -4.36362	  -0.79156	   0.01043	  -0.01345	   0.26454	  -0.01345	  -0.21373	  -0.00367	   0.26454	  -0.00367	   0.20330
B         	   2.20104	  -0.01835	  -0.85392	  -0.00922	  -0.05823	   0.26004	  -0.05823	  -0.17855	   0.02988	   0.26004	   0.02988	   0.18777
B         	   2.29415	   4.34103	  -0.79666	  -0.00090	  -0.02091	   0.27843	  -0.02091	  -0.18753	  -0.01234	   0.27843	  -0.01234	   0.18842
B         	   4.36890	  -4.36690	  -2.16220	  -0.07833	   0.00884	   0.22702	   0.00884	  -0.20230	   0.05535	   0.22702	   0.05535	   0.28063
B         	   4.33835	  -0.01805	  -2.18706	  -0.10548	  -0.00824	   0.21378	  -0.00824	  -0.18996	   0.05300	   0.21378	   0.05300	   0.29544
B         	   4.36467	   4.33785	  -2.16292	  -0.09103	   0.00564	   0.22726	   0.00564	  -0.19473	   0.04920	   0.22726	   0.04920	   0.28577
B         	   6.78782	  -4.37508	  -2.58849	  -0.19412	  -0.00671	  -0.00474	  -0.00671	  -0.19596	  -0.00160	  -0.00474	  -0.00160	   0.39007
B         	   6.77864	  -0.02290	  -2.58849	  -0.19737	  -0.01022	  -0.00409	  -0.01022	  -0.19253	  -0.00117	  -0.00409	  -0.00117	   0.38990
B         	   6.78496	   4.33034	  -2.58849	  -0.19727	  -0.00686	  -0.00438	  -0.00686	  -0.19295	  -0.00137	  -0.00438	  -0.00137	   0.39022
B         	   9.27634	  -4.37656	  -2.58852	  -0.19710	  -0.00300	  -0.00042	  -0.00300	  -0.19417	  -0.00004	  -0.00042	  -0.00004	   0.39127
B         	   9.27481	  -0.02283	  -2.58852	  -0.19820	  -0.00364	  -0.00040	  -0.00364	  -0.19280	  -0.00004	  -0.00040	  -0.00004	   0.39100
B         	   9.27525	   4.33022	  -2.58852	  -0.19798	  -0.00269	  -0.00042	  -0.00269	  -0.19313	  -0.00004	  -0.00042	  -0.00004	   0.39110
B         	 -10.52141	   6.50738	  -2.58852	  -0.19753	   0.00000	  -0.00000	   0.00000	  -0.19369	   0.00032	  -0.00000	   0.00032	   0.39123
B         	 -10.52141	  -2.19973	  -2.58852	  -0.19791	  -0.00000	  -0.00000	  -0.00000	  -0.19334	   0.00030	  -0.00000	   0.00030	   0.39127
B         	 -10.52141	   2.15355	  -2.58852	  -0.19892	   0.00000	  -0.00000	   0.00000	  -0.19204	   0.00030	  -0.00000	   0.00030	   0.39095
B         	  -8.03233	   6.50888	  -2.58852	  -0.19712	   0.00553	   0.00317	   0.00553	  -0.19339	  -0.00259	   0.00317	  -0.00259	   0.39051
B         	  -8.02945	  -2.19835	  -2.58852	  -0.19708	   0.00693	   0.00298	   0.00693	  -0.19339	  -0.00247	   0.00298	  -0.00247	   0.39047
B         	  -8.02657	   2.15253	  -2.58852	  -0.19843	   0.00643	   0.00287	   0.00643	  -0.19175	  -0.00239	   0.00287	  -0.00239	   0.39018
B         	  -5.54289	  -6.55111	  -2.58752	  -0.18180	   0.00027	  -0.07790	   0.00027	  -0.19860	   0.03915	  -0.07790	   0.03915	   0.38041
B         	  -5.53532	  -2.19617	  -2.58752	  -0.18153	   0.00564	  -0.07494	   0.00564	  -0.19822	   0.03911	  -0.07494	   0.03911	   0.37975
B         	  -5.52912	   2.15434	  -2.58752	  -0.18864	   0.00621	  -0.07244	   0.00621	  -0.19241	   0.03635	  -0.07244	   0.03635	   0.38105
B         	  -3.31370	  -6.54589	  -1.52551	   0.01959	   0.00689	  -0.27787	   0.00689	  -0.19811	   0.00989	  -0.27787	   0.00989	   0.17852
B         	  -3.28019	  -2.18934	  -1.55686	   0.02066	   0.00293	  -0.27039	   0.00293	  -0.20121	   0.03773	  -0.27039	   0.03773	   0.18054
B         	  -3.26487	   2.15555	  -1.56370	  -0.01515	   0.02625	  -0.27400	   0.02625	  -0.18160	   0.00363	  -0.27400	   0.00363	   0.19675
B         	  -1.21292	  -6.53913	  -0.20830	  -0.10777	   0.01856	  -0.19623	   0.01856	  -0.20782	  -0.04515	  -0.19623	  -0.04515	   0.31558
B         	  -1.19056	  -2.17760	  -0.19072	  -0.05175	   0.03212	  -0.18242	   0.03212	  -0.24932	  -0.00522	  -0.18242	  -0.00522	   0.30107
B         	  -1.18076	   2.15904	  -0.18282	  -0.10266	   0.02517	  -0.24993	   0.02517	  -0.15442	  -0.04635	  -0.24993	  -0.04635	   0.25709
B         	   1.21292	  -6.53913	  -0.20830	  -0.10777	  -0.01856	   0.19623	  -0.01856	  -0.20782	  -0.04515	   0.19623	  -0.04515	   0.31558
B         	   1.19056	  -2.17760	  -0.19072	  -0.05175	  -0.03212	   0.18242	  -0.03212	  -0.24932	  -0.00523	   0.18242	  -0.00523	   0.30107
B         	   1.18076	   2.15904	  -0.18282	  -0.10266	  -0.02517	   0.24993	  -0.02517	  -0.15442	  -0.04635	   0.24993	  -0.04635	   0.25709
B         	   3.31370	  -6.54589	  -1.52551	   0.01959	  -0.00689	   0.27787	  -0.00689	  -0.19811	   0.00989	   0.27787	   0.00989	   0.17852
B         	   3.28019	  -2.18934	  -1.55686	   0.02066	  -0.00293	   0.27039	  -0.00293	  -0.20121	   0.03773	   0.27039	   0.03773	   0.18054
B         	   3.26487	   2.15555	  -1.56370	  -0.01515	  -0.02626	   0.27400	  -0.02626	  -0.18160	   0.00363	   0.27400	   0.00363	   0.19675
B         	   5.54289	  -6.55111	  -2.58752	  -0.18180	  -0.00027	   0.07790	  -0.00027	  -0.19860	   0.03915	   0.07790	   0.03915	   0.38041
B         	   5.53532	  -2.19617	  -2.58752	  -0.18153	  -0.00564	   0.07494	  -0.00564	  -0.19822	   0.03911	   0.07494	   0.03911	   0.37975
B         	   5.52912	   2.15434	  -2.58752	  -0.18864	  -0.00621	   0.07244	  -0.00621	  -0.19241	   0.03635	   0.07244	   0.03635	   0.38105
B         	   8.03233	   6.50888	  -2.58852	  -0.19712	  -0.00553	  -0.00317	  -0.00553	  -0.19339	  -0.00259	  -0.00317	  -0.00259	   0.39051
B         	   8.02946	  -2.19835	  -2.58852	  -0.19708	  -0.00693	  -0.00298	  -0.00693	  -0.19339	  -0.00247	  -0.00298	  -0.00247	   0.39047
B         	   8.02657	   2.15253	  -2.58852	  -0.19843	  -0.00643	  -0.00287	  -0.00643	  -0.19175	  -0.00239	  -0.00287	  -0.00239	   0.39018
N         	  -9.27723	  -2.92747	  -2.58852	  -0.03038	  -0.00005	   0.00345	  -0.00005	   0.00180	   0.00049	   0.00345	   0.00049	   0.02857
N         	  -9.27599	   1.42616	  -2.58852	  -0.02680	  -0.00129	   0.00330	  -0.00129	  -0.00212	   0.00050	   0.00330	   0.00050	   0.02892
N         	  -9.27788	   5.77946	  -2.58852	  -0.03341	  -0.00121	   0.00365	  -0.00121	   0.00327	   0.00051	   0.00365	   0.00051	   0.03014
N         	  -6.78948	  -2.92572	  -2.58849	  -0.02737	   0.00233	  -0.06164	   0.00233	   0.00459	  -0.01717	  -0.06164	  -0.01717	   0.02278
N         	  -6.78399	   1.42722	  -2.58849	  -0.02061	  -0.00292	  -0.05976	  -0.00292	  -0.00214	  -0.01689	  -0.05976	  -0.01689	   0.02275
N         	  -6.79202	   5.78113	  -2.58849	  -0.02988	  -0.00123	  -0.06526	  -0.00123	   0.00500	  -0.01749	  -0.06526	  -0.01749	   0.02488
N         	  -4.33448	  -2.92359	  -2.25080	  -0.04885	  -0.02684	   0.02843	  -0.02684	   0.00898	   0.03377	   0.02843	   0.03377	   0.03987
N         	  -4.32030	   1.43307	  -2.26278	  -0.03927	  -0.02480	   0.04183	  -0.02480	   0.00031	   0.02593	   0.04183	   0.02593	   0.03896
N         	  -4.34157	   5.78643	  -2.24219	  -0.05479	  -0.02657	   0.03416	  -0.02657	   0.00845	   0.03072	   0.03416	   0.03072	   0.04634
N         	  -2.31154	  -2.92489	  -0.79171	  -0.05358	   0.01459	   0.00028	   0.01459	   0.00667	  -0.01498	   0.00028	  -0.01498	   0.04693
N         	  -2.25035	   1.43951	  -0.84952	  -0.01836	   0.00596	   0.01874	   0.00596	  -0.01584	   0.00346	   0.01874	   0.00346	   0.03420
N         	  -2.32509	   5.79236	  -0.77574	  -0.04400	   0.01686	   0.00545	   0.01686	   0.00016	  -0.02544	   0.00545	  -0.02544	   0.04385
N         	   0.00000	  -2.94277	   0.14320	   0.00072	   0.00000	   0.00000	   0.00000	   0.00065	  -0.09276	   0.00000	  -0.09276	  -0.00137
N         	   0.00000	   5.79908	   0.10134	   0.00712	   0.00000	   0.00000	   0.00000	   0.00415	  -0.09782	   0.00000	  -0.09782	  -0.01127
N         	   2.31154	  -2.92489	  -0.79171	  -0.05358	  -0.01460	  -0.00028	  -0.01460	   0.00667	  -0.01498	  -0.00028	  -0.01498	   0.04693
N         	   2.25035	   1.43951	  -0.84952	  -0.01836	  -0.00596	  -0.01874	  -0.00596	  -0.01584	   0.00346	  -0.01874	   0.00346	   0.03420
N         	   2.32509	   5.79236	  -0.77574	  -0.04400	  -0.01686	  -0.00545	  -0.01686	   0.00016	  -0.02544	  -0.00545	  -0.02544	   0.04385
N         	   4.33448	  -2.92359	  -2.25080	  -0.04885	   0.02684	  -0.02843	   0.02684	   0.00898	   0.03377	  -0.02843	   0.03377	   0.03987
N         	   4.32030	   1.43307	  -2.26278	  -0.03927	   0.02480	  -0.04182	   0.02480	   0.00031	   0.02593	  -0.04182	   0.02593	   0.03896
N         	   4.34157	   5.78643	  -2.24219	  -0.05479	   0.02657	  -0.03416	   0.02657	   0.00845	   0.03072	  -0.03416	   0.03072	   0.04634
N         	   6.78948	  -2.92572	  -2.58849	  -0.02737	  -0.00233	   0.06164	  -0.00233	   0.00459	  -0.01717	   0.06164	  -0.01717	   0.02278
N         	   6.78399	   1.42722	  -2.58849	  -0.02061	   0.00293	   0.05976	   0.00293	  -0.00214	  -0.01689	   0.05976	  -0.01689	   0.02275
N         	   6.79202	   5.78113	  -2.58849	  -0.02988	   0.00123	   0.06526	   0.00123	   0.00500	  -0.01749	   0.06526	  -0.01749	   0.02488
N         	   9.27723	  -2.92747	  -2.58852	  -0.03038	   0.00005	  -0.00345	   0.00005	   0.00181	   0.00049	  -0.00345	   0.00049	   0.02857
N         	   9.27599	   1.42616	  -2.58852	  -0.02680	   0.00129	  -0.00330	   0.00129	  -0.00212	   0.00050	  -0.00330	   0.00050	   0.02892
N         	   9.27788	   5.77946	  -2.58852	  -0.03341	   0.00121	  -0.00365	   0.00121	   0.00327	   0.00051	  -0.00365	   0.00051	   0.03014
N         	 -10.52141	  -5.10610	  -2.58852	  -0.03345	   0.00000	  -0.00000	   0.00000	   0.00333	  -0.00009	  -0.00000	  -0.00009	   0.03012
N         	 -10.52141	  -0.75054	  -2.58852	  -0.02635	  -0.00000	   0.00000	  -0.00000	  -0.00144	  -0.00009	   0.00000	  -0.00009	   0.02779
N         	 -10.52141	   3.60275	  -2.58852	  -0.03189	   0.00000	   0.00000	   0.00000	   0.00157	  -0.00007	   0.00000	  -0.00007	   0.03032
N         	  -8.03472	  -5.10528	  -2.58852	  -0.03375	  -0.00119	  -0.00092	  -0.00119	   0.00351	   0.00023	  -0.00092	   0.00023	   0.03024
N         	  -8.03048	  -0.74933	  -2.58852	  -0.02519	  -0.00062	  -0.00122	  -0.00062	  -0.00248	   0.00022	  -0.00122	   0.00022	   0.02767
N         	  -8.03253	   3.60232	  -2.58852	  -0.03047	  -0.00370	  -0.00098	  -0.00370	   0.00017	   0.00031	  -0.00098	   0.00031	   0.03031
N         	  -5.54710	  -5.10291	  -2.58752	  -0.02128	  -0.01594	  -0.02972	  -0.01594	   0.00771	   0.10265	  -0.02972	   0.10265	   0.01357
N         	  -5.53603	  -0.74767	  -2.58752	  -0.01214	  -0.01283	  -0.02364	  -0.01283	   0.00041	   0.09478	  -0.02364	   0.09478	   0.01173
N         	  -5.54236	   3.60535	  -2.58752	  -0.01733	  -0.01883	  -0.02805	  -0.01883	   0.00400	   0.09543	  -0.02805	   0.09543	   0.01333
N         	  -3.30829	  -5.09874	  -1.52793	  -0.05816	  -0.01852	  -0.00855	  -0.01852	   0.00813	   0.02170	  -0.00855	   0.02170	   0.05003
N         	  -3.25240	  -0.74301	  -1.59963	  -0.03518	  -0.01205	   0.00834	  -0.01205	  -0.00346	   0.01754	   0.00834	   0.01754	   0.03864
N         	  -3.29268	   3.61136	  -1.54473	  -0.06168	  -0.02764	  -0.00055	  -0.02764	   0.00466	   0.02708	  -0.00055	   0.02708	   0.05702
N         	  -1.24158	  -5.09983	  -0.14010	  -0.02360	   0.02281	   0.01675	   0.02281	   0.00873	  -0.06869	   0.01675	  -0.06869	   0.01487
N         	  -1.24097	   3.63017	  -0.13364	  -0.01526	   0.03045	   0.01618	   0.03045	   0.03176	  -0.08300	   0.01618	  -0.08300	  -0.01650
N         	   1.24158	  -5.09983	  -0.14010	  -0.02360	  -0.02281	  -0.01674	  -0.02281	   0.00873	  -0.06869	  -0.01674	  -0.06869	   0.01487
N         	   1.24097	   3.63017	  -0.13364	  -0.01526	  -0.03045	  -0.01618	  -0.03045	   0.03176	  -0.08300	  -0.01618	  -0.08300	  -0.01650
N         	   3.30829	  -5.09874	  -1.52793	  -0.05816	   0.01852	   0.00855	   0.01852	   0.00813	   0.02171	   0.00855	   0.02171	   0.05003
N         	   3.25240	  -0.74301	  -1.59963	  -0.03518	   0.01205	  -0.00834	   0.01205	  -0.00347	   0.01755	  -0.00834	   0.01755	   0.03865
N         	   3.29268	   3.61136	  -1.54473	  -0.06168	   0.02764	   0.00055	   0.02764	   0.00466	   0.02709	   0.00055	   0.02709	   0.05702
N         	   5.54710	  -5.10291	  -2.58752	  -0.02128	   0.01594	   0.02972	   0.01594	   0.00771	   0.10265	   0.02972	   0.10265	   0.01357
N         	   5.53603	  -0.74767	  -2.58752	  -0.01214	   0.01283	   0.02364	   0.01283	   0.00041	   0.09478	   0.02364	   0.09478	   0.01173
N         	   5.54236	   3.60535	  -2.58752	  -0.01733	   0.01883	   0.02805	   0.01883	   0.00400	   0.09543	   0.02805	   0.09543	   0.01332
N         	   8.03472	  -5.10528	  -2.58852	  -0.03374	   0.00119	   0.00092	   0.00119	   0.00351	   0.00023	   0.00092	   0.00023	   0.03024
N         	   8.03048	  -0.74933	  -2.58852	  -0.02519	   0.00062	   0.00122	   0.00062	  -0.00248	   0.00022	   0.00122	   0.00022	   0.02767
N         	   8.03253	   3.60232	  -2.58852	  -0.03047	   0.00369	   0.00098	   0.00369	   0.00017	   0.00032	   0.00098	   0.00032	   0.03031
N         	   1.25797	  -0.78143	  -0.16061	   0.30016	  -0.22090	   0.01978	  -0.22090	  -0.13751	  -0.04214	   0.01978	  -0.04214	  -0.16266
N         	  -1.25797	  -0.78143	  -0.16060	   0.30015	   0.22089	  -0.01982	   0.22089	  -0.13752	  -0.04215	  -0.01982	  -0.04215	  -0.16264
N         	   0.00000	   1.56286	   0.32121	  -0.29767	   0.00000	  -0.00000	   0.00000	   0.56992	   0.31904	  -0.00000	   0.31904	  -0.27224
