--------------------------------------------------------------------------------------------------------------------------------------------------------------------------
  AtomName	    r_1i_X	    r_1i_Y	    r_1i_Z	     EFGxx	     EFGxy	     EFGxz	     EFGyx	     EFGyy	     EFGyz	     EFGzx	     EFGzy	     EFGzz	[Hatree/Bohr_radius^2]
--------------------------------------------------------------------------------------------------------------------------------------------------------------------------
10B  eQ___:	  8.459000	[Q/milibarn]*(10^-1)
11B  eQ___:	  4.059000	[Q/milibarn]*(10^-1)
14N  eQ___:	  2.044000	[Q/milibarn]*(10^-1)
15N  eQ___:	  0.000000	[Q/milibarn]*(10^-1)
10B  etc____:	---       	---       	---       	  -0.18124	   0.00000	   0.00000	   0.00000	  -0.17506	   0.00043	   0.00000	   0.00043	   0.35630
11B  etc____:	---       	---       	---       	  -0.18124	   0.00000	   0.00000	   0.00000	  -0.17506	   0.00043	   0.00000	   0.00043	   0.35630
14N  etc____:	---       	---       	---       	  -0.04096	  -0.00000	   0.00000	  -0.00000	   0.00755	  -0.00012	   0.00000	  -0.00012	   0.03340
15N  etc____:	---       	---       	---       	  -0.04096	  -0.00000	   0.00000	  -0.00000	   0.00755	  -0.00012	   0.00000	  -0.00012	   0.03340
MinDif[A]:	 -10.18201	  -6.55524	  -3.10709
MaxDif[A]:	   8.93931	   6.50470	   0.36016
--------------------------------------------------------------------------------------------------------------------------------------------------------------------------
B         	  -8.93881	  -4.37952	  -3.10709	  -0.17976	   0.00194	   0.00054	   0.00194	  -0.17655	  -0.00003	   0.00054	  -0.00003	   0.35632
B         	  -8.93395	  -0.02699	  -3.10709	  -0.18051	   0.00354	   0.00052	   0.00354	  -0.17558	  -0.00003	   0.00052	  -0.00003	   0.35610
B         	  -8.93717	   4.32506	  -3.10709	  -0.18113	   0.00212	   0.00055	   0.00212	  -0.17500	  -0.00003	   0.00055	  -0.00003	   0.35613
B         	  -6.45049	  -4.37983	  -3.10706	  -0.17674	   0.00503	   0.00556	   0.00503	  -0.17796	  -0.00136	   0.00556	  -0.00136	   0.35469
B         	  -6.43913	  -0.02864	  -3.10706	  -0.17950	   0.00836	   0.00483	   0.00836	  -0.17521	  -0.00093	   0.00483	  -0.00093	   0.35472
B         	  -6.44660	   4.32566	  -3.10706	  -0.17927	   0.00546	   0.00528	   0.00546	  -0.17559	  -0.00114	   0.00528	  -0.00114	   0.35485
B         	  -4.06725	  -4.36899	  -2.58713	  -0.02181	  -0.01653	  -0.23584	  -0.01653	  -0.18681	   0.05734	  -0.23584	   0.05734	   0.20862
B         	  -4.02756	  -0.02162	  -2.61534	  -0.04906	   0.00064	  -0.22712	   0.00064	  -0.17650	   0.05506	  -0.22712	   0.05506	   0.22555
B         	  -4.06229	   4.33435	  -2.58626	  -0.03283	  -0.01251	  -0.23925	  -0.01251	  -0.17914	   0.05234	  -0.23925	   0.05234	   0.21197
B         	  -2.20383	  -4.36953	  -0.94631	   0.07770	   0.01385	  -0.25455	   0.01385	  -0.19382	  -0.00346	  -0.25455	  -0.00346	   0.11612
B         	  -2.08372	  -0.02665	  -1.01377	   0.07692	   0.04682	  -0.24979	   0.04682	  -0.16953	   0.04134	  -0.24979	   0.04134	   0.09262
B         	  -2.20045	   4.33742	  -0.94976	   0.07006	   0.02308	  -0.26615	   0.02308	  -0.16942	  -0.01172	  -0.26615	  -0.01172	   0.09936
B         	   0.00000	  -4.36680	   0.06710	  -0.14168	  -0.00000	   0.00000	  -0.00000	  -0.21599	  -0.06830	   0.00000	  -0.06830	   0.35767
B         	   0.00000	   4.35254	   0.05346	  -0.17780	  -0.00000	   0.00000	  -0.00000	  -0.18505	  -0.06036	   0.00000	  -0.06036	   0.36285
B         	   2.20383	  -4.36953	  -0.94631	   0.07770	  -0.01385	   0.25455	  -0.01385	  -0.19382	  -0.00346	   0.25455	  -0.00346	   0.11612
B         	   2.08372	  -0.02665	  -1.01377	   0.07692	  -0.04682	   0.24979	  -0.04682	  -0.16953	   0.04134	   0.24979	   0.04134	   0.09262
B         	   2.20045	   4.33742	  -0.94976	   0.07006	  -0.02308	   0.26615	  -0.02308	  -0.16942	  -0.01172	   0.26615	  -0.01172	   0.09936
B         	   4.06725	  -4.36899	  -2.58713	  -0.02181	   0.01653	   0.23584	   0.01653	  -0.18682	   0.05734	   0.23584	   0.05734	   0.20862
B         	   4.02756	  -0.02162	  -2.61534	  -0.04906	  -0.00064	   0.22712	  -0.00064	  -0.17650	   0.05506	   0.22712	   0.05506	   0.22555
B         	   4.06229	   4.33435	  -2.58626	  -0.03283	   0.01251	   0.23925	   0.01251	  -0.17914	   0.05234	   0.23925	   0.05234	   0.21197
B         	   6.45049	  -4.37983	  -3.10706	  -0.17675	  -0.00503	  -0.00556	  -0.00503	  -0.17796	  -0.00136	  -0.00556	  -0.00136	   0.35469
B         	   6.43913	  -0.02864	  -3.10706	  -0.17950	  -0.00836	  -0.00483	  -0.00836	  -0.17521	  -0.00093	  -0.00483	  -0.00093	   0.35472
B         	   6.44660	   4.32566	  -3.10706	  -0.17927	  -0.00546	  -0.00528	  -0.00546	  -0.17559	  -0.00114	  -0.00528	  -0.00114	   0.35485
B         	   8.93881	  -4.37952	  -3.10709	  -0.17976	  -0.00194	  -0.00054	  -0.00194	  -0.17655	  -0.00003	  -0.00054	  -0.00003	   0.35632
B         	   8.93395	  -0.02699	  -3.10709	  -0.18051	  -0.00354	  -0.00052	  -0.00354	  -0.17558	  -0.00003	  -0.00052	  -0.00003	   0.35610
B         	   8.93717	   4.32506	  -3.10709	  -0.18113	  -0.00212	  -0.00055	  -0.00212	  -0.17500	  -0.00003	  -0.00055	  -0.00003	   0.35613
B         	 -10.18201	   6.50363	  -3.10709	  -0.18124	   0.00000	   0.00000	   0.00000	  -0.17506	   0.00043	   0.00000	   0.00043	   0.35630
B         	 -10.18201	  -2.20173	  -3.10709	  -0.18009	   0.00000	   0.00000	   0.00000	  -0.17641	   0.00041	   0.00000	   0.00041	   0.35649
B         	 -10.18201	   2.14704	  -3.10709	  -0.18189	   0.00000	  -0.00000	   0.00000	  -0.17415	   0.00041	  -0.00000	   0.00041	   0.35604
B         	  -7.69423	   6.50470	  -3.10709	  -0.18000	   0.00490	   0.00401	   0.00490	  -0.17497	  -0.00334	   0.00401	  -0.00334	   0.35496
B         	  -7.69122	  -2.20320	  -3.10709	  -0.18008	   0.00607	   0.00380	   0.00607	  -0.17502	  -0.00321	   0.00380	  -0.00321	   0.35509
B         	  -7.68685	   2.14824	  -3.10709	  -0.18090	   0.00650	   0.00376	   0.00650	  -0.17381	  -0.00318	   0.00376	  -0.00318	   0.35472
B         	  -5.20453	  -6.55524	  -3.10609	  -0.15753	  -0.00480	  -0.08878	  -0.00480	  -0.18221	   0.04423	  -0.08878	   0.04423	   0.33975
B         	  -5.19626	  -2.20026	  -3.10609	  -0.15745	  -0.00044	  -0.08571	  -0.00044	  -0.18203	   0.04429	  -0.08571	   0.04429	   0.33950
B         	  -5.18892	   2.14895	  -3.10609	  -0.16369	   0.00092	  -0.08550	   0.00092	  -0.17632	   0.04271	  -0.08550	   0.04271	   0.34001
B         	  -3.10541	  -6.54998	  -1.82117	   0.09283	   0.00387	  -0.26131	   0.00387	  -0.17929	   0.01164	  -0.26131	   0.01164	   0.08645
B         	  -3.06044	  -2.19517	  -1.85881	   0.09070	  -0.00278	  -0.25393	  -0.00278	  -0.18288	   0.03490	  -0.25393	   0.03490	   0.09218
B         	  -3.04128	   2.15115	  -1.86489	   0.06148	   0.02396	  -0.26363	   0.02396	  -0.16457	   0.00947	  -0.26363	   0.00947	   0.10309
B         	  -1.19749	  -6.54163	  -0.23718	  -0.06368	   0.02310	  -0.20766	   0.02310	  -0.19241	  -0.04853	  -0.20766	  -0.04853	   0.25608
B         	  -1.17466	  -2.18280	  -0.22238	  -0.01317	   0.04594	  -0.18934	   0.04594	  -0.23042	  -0.02264	  -0.18934	  -0.02264	   0.24361
B         	  -1.15599	   2.15985	  -0.22568	  -0.06512	   0.03805	  -0.25056	   0.03805	  -0.13502	  -0.04672	  -0.25056	  -0.04672	   0.20014
B         	   1.19749	  -6.54163	  -0.23718	  -0.06368	  -0.02309	   0.20766	  -0.02309	  -0.19241	  -0.04853	   0.20766	  -0.04853	   0.25608
B         	   1.17466	  -2.18280	  -0.22238	  -0.01317	  -0.04594	   0.18934	  -0.04594	  -0.23042	  -0.02264	   0.18934	  -0.02264	   0.24361
B         	   1.15599	   2.15985	  -0.22568	  -0.06512	  -0.03805	   0.25056	  -0.03805	  -0.13502	  -0.04672	   0.25056	  -0.04672	   0.20014
B         	   3.10541	  -6.54998	  -1.82117	   0.09283	  -0.00387	   0.26131	  -0.00387	  -0.17929	   0.01164	   0.26131	   0.01164	   0.08645
B         	   3.06044	  -2.19517	  -1.85881	   0.09070	   0.00278	   0.25393	   0.00278	  -0.18288	   0.03490	   0.25393	   0.03490	   0.09218
B         	   3.04128	   2.15115	  -1.86489	   0.06148	  -0.02396	   0.26363	  -0.02396	  -0.16457	   0.00947	   0.26363	   0.00947	   0.10309
B         	   5.20453	  -6.55524	  -3.10609	  -0.15753	   0.00480	   0.08878	   0.00480	  -0.18221	   0.04423	   0.08878	   0.04423	   0.33975
B         	   5.19626	  -2.20026	  -3.10609	  -0.15745	   0.00045	   0.08571	   0.00045	  -0.18203	   0.04429	   0.08571	   0.04429	   0.33950
B         	   5.18893	   2.14895	  -3.10609	  -0.16370	  -0.00092	   0.08550	  -0.00092	  -0.17632	   0.04271	   0.08550	   0.04271	   0.34001
B         	   7.69423	   6.50470	  -3.10709	  -0.18000	  -0.00490	  -0.00401	  -0.00490	  -0.17497	  -0.00334	  -0.00401	  -0.00334	   0.35496
B         	   7.69122	  -2.20320	  -3.10709	  -0.18008	  -0.00607	  -0.00380	  -0.00607	  -0.17502	  -0.00321	  -0.00380	  -0.00321	   0.35509
B         	   7.68685	   2.14824	  -3.10709	  -0.18090	  -0.00650	  -0.00376	  -0.00650	  -0.17381	  -0.00318	  -0.00376	  -0.00318	   0.35472
N         	  -8.93887	  -2.93082	  -3.10709	  -0.03608	  -0.00039	   0.00433	  -0.00039	   0.00495	   0.00061	   0.00433	   0.00061	   0.03113
N         	  -8.93597	   1.42144	  -3.10709	  -0.02976	  -0.00153	   0.00425	  -0.00153	  -0.00193	   0.00064	   0.00425	   0.00064	   0.03170
N         	  -8.93931	   5.77468	  -3.10709	  -0.03906	  -0.00117	   0.00458	  -0.00117	   0.00555	   0.00064	   0.00458	   0.00064	   0.03353
N         	  -6.45149	  -2.93000	  -3.10706	  -0.02941	   0.00404	  -0.07541	   0.00404	   0.00788	  -0.01946	  -0.07541	  -0.01946	   0.02153
N         	  -6.44475	   1.42210	  -3.10706	  -0.02303	  -0.00161	  -0.07496	  -0.00161	   0.00048	  -0.01939	  -0.07496	  -0.01939	   0.02255
N         	  -6.45442	   5.77675	  -3.10706	  -0.03262	  -0.00090	  -0.07947	  -0.00090	   0.00850	  -0.01982	  -0.07947	  -0.01982	   0.02412
N         	  -4.01465	  -2.92791	  -2.69028	  -0.05835	  -0.03771	   0.03357	  -0.03771	   0.01058	   0.04081	   0.03357	   0.04081	   0.04777
N         	  -3.99687	   1.42950	  -2.70126	  -0.05625	  -0.03354	   0.04966	  -0.03354	   0.00328	   0.03347	   0.04966	   0.03347	   0.05297
N         	  -4.02382	   5.78229	  -2.67779	  -0.06839	  -0.03878	   0.03739	  -0.03878	   0.01272	   0.03694	   0.03739	   0.03694	   0.05568
N         	  -2.21922	  -2.93037	  -0.95232	  -0.06306	   0.02573	   0.00358	   0.02573	   0.00712	  -0.01322	   0.00358	  -0.01322	   0.05594
N         	  -2.13322	   1.43356	  -1.01738	  -0.02851	   0.01731	   0.01814	   0.01731	  -0.00590	   0.00204	   0.01814	   0.00204	   0.03439
N         	  -2.24104	   5.78932	  -0.92764	  -0.05407	   0.02672	   0.00303	   0.02672	   0.00393	  -0.02804	   0.00303	  -0.02804	   0.05015
N         	   0.00000	  -2.94687	   0.18788	   0.03227	   0.00000	  -0.00000	   0.00000	   0.00634	  -0.12797	  -0.00000	  -0.12797	  -0.03861
N         	   0.00000	   5.79677	   0.14729	   0.02015	   0.00000	  -0.00000	   0.00000	   0.01042	  -0.12416	  -0.00000	  -0.12416	  -0.03057
N         	   2.21922	  -2.93037	  -0.95232	  -0.06306	  -0.02573	  -0.00358	  -0.02573	   0.00712	  -0.01322	  -0.00358	  -0.01322	   0.05594
N         	   2.13322	   1.43356	  -1.01738	  -0.02851	  -0.01731	  -0.01814	  -0.01731	  -0.00590	   0.00204	  -0.01814	   0.00204	   0.03439
N         	   2.24104	   5.78932	  -0.92764	  -0.05408	  -0.02672	  -0.00303	  -0.02672	   0.00393	  -0.02804	  -0.00303	  -0.02804	   0.05015
N         	   4.01465	  -2.92791	  -2.69028	  -0.05834	   0.03771	  -0.03357	   0.03771	   0.01058	   0.04081	  -0.03357	   0.04081	   0.04777
N         	   3.99687	   1.42950	  -2.70126	  -0.05625	   0.03354	  -0.04966	   0.03354	   0.00328	   0.03347	  -0.04966	   0.03347	   0.05297
N         	   4.02382	   5.78229	  -2.67779	  -0.06839	   0.03878	  -0.03739	   0.03878	   0.01272	   0.03694	  -0.03739	   0.03694	   0.05567
N         	   6.45149	  -2.93000	  -3.10706	  -0.02941	  -0.00404	   0.07541	  -0.00404	   0.00788	  -0.01946	   0.07541	  -0.01946	   0.02153
N         	   6.44475	   1.42210	  -3.10706	  -0.02303	   0.00161	   0.07496	   0.00161	   0.00048	  -0.01939	   0.07496	  -0.01939	   0.02255
N         	   6.45442	   5.77675	  -3.10706	  -0.03262	   0.00090	   0.07947	   0.00090	   0.00850	  -0.01982	   0.07947	  -0.01982	   0.02412
N         	   8.93887	  -2.93082	  -3.10709	  -0.03608	   0.00039	  -0.00433	   0.00039	   0.00495	   0.00061	  -0.00433	   0.00061	   0.03113
N         	   8.93597	   1.42144	  -3.10709	  -0.02976	   0.00153	  -0.00425	   0.00153	  -0.00193	   0.00064	  -0.00425	   0.00064	   0.03170
N         	   8.93931	   5.77468	  -3.10709	  -0.03906	   0.00118	  -0.00458	   0.00118	   0.00555	   0.00064	  -0.00458	   0.00064	   0.03353
N         	 -10.18201	  -5.11000	  -3.10709	  -0.04096	  -0.00000	   0.00000	  -0.00000	   0.00755	  -0.00012	   0.00000	  -0.00012	   0.03340
N         	 -10.18201	  -0.75330	  -3.10709	  -0.03016	  -0.00000	   0.00000	  -0.00000	  -0.00027	  -0.00013	   0.00000	  -0.00013	   0.03043
N         	 -10.18201	   3.59674	  -3.10709	  -0.03613	  -0.00000	   0.00000	  -0.00000	   0.00197	  -0.00010	   0.00000	  -0.00010	   0.03417
N         	  -7.69714	  -5.10919	  -3.10709	  -0.03770	  -0.00158	  -0.00067	  -0.00158	   0.00553	   0.00011	  -0.00067	   0.00011	   0.03217
N         	  -7.69075	  -0.75435	  -3.10709	  -0.02891	  -0.00040	  -0.00106	  -0.00040	  -0.00115	   0.00012	  -0.00106	   0.00012	   0.03007
N         	  -7.69364	   3.59789	  -3.10709	  -0.03363	  -0.00429	  -0.00080	  -0.00429	   0.00045	   0.00024	  -0.00080	   0.00024	   0.03319
N         	  -5.20858	  -5.10736	  -3.10609	  -0.01784	  -0.02234	  -0.03424	  -0.02234	   0.00977	   0.12673	  -0.03424	   0.12673	   0.00808
N         	  -5.19449	  -0.75187	  -3.10609	  -0.00918	  -0.01666	  -0.02683	  -0.01666	   0.00189	   0.11799	  -0.02683	   0.11799	   0.00729
N         	  -5.20252	   3.60027	  -3.10609	  -0.01408	  -0.02635	  -0.03262	  -0.02635	   0.00578	   0.12041	  -0.03262	   0.12041	   0.00828
N         	  -3.09443	  -5.10275	  -1.82424	  -0.06455	  -0.02377	  -0.01743	  -0.02377	   0.01119	   0.02280	  -0.01743	   0.02280	   0.05336
N         	  -3.01638	  -0.74805	  -1.90626	  -0.05085	  -0.01664	   0.00594	  -0.01664	  -0.00104	   0.02743	   0.00594	   0.02743	   0.05190
N         	  -3.07345	   3.60724	  -1.84099	  -0.07265	  -0.03471	  -0.01312	  -0.03471	   0.00932	   0.02710	  -0.01312	   0.02710	   0.06333
N         	  -1.23969	  -5.10326	  -0.15657	  -0.02149	   0.04117	   0.02597	   0.04117	   0.01331	  -0.08337	   0.02597	  -0.08337	   0.00819
N         	  -1.24025	   3.62887	  -0.15252	  -0.01819	   0.04381	   0.02728	   0.04381	   0.04356	  -0.09724	   0.02728	  -0.09724	  -0.02537
N         	   1.23969	  -5.10326	  -0.15657	  -0.02149	  -0.04118	  -0.02597	  -0.04118	   0.01331	  -0.08337	  -0.02597	  -0.08337	   0.00819
N         	   1.24025	   3.62887	  -0.15252	  -0.01819	  -0.04381	  -0.02728	  -0.04381	   0.04356	  -0.09724	  -0.02728	  -0.09724	  -0.02537
N         	   3.09443	  -5.10275	  -1.82424	  -0.06455	   0.02377	   0.01743	   0.02377	   0.01119	   0.02280	   0.01743	   0.02280	   0.05336
N         	   3.01638	  -0.74805	  -1.90626	  -0.05085	   0.01664	  -0.00594	   0.01664	  -0.00104	   0.02743	  -0.00594	   0.02743	   0.05190
N         	   3.07345	   3.60724	  -1.84099	  -0.07265	   0.03471	   0.01312	   0.03471	   0.00932	   0.02710	   0.01312	   0.02710	   0.06333
N         	   5.20858	  -5.10736	  -3.10609	  -0.01784	   0.02234	   0.03424	   0.02234	   0.00977	   0.12673	   0.03424	   0.12673	   0.00808
N         	   5.19449	  -0.75187	  -3.10609	  -0.00918	   0.01666	   0.02683	   0.01666	   0.00189	   0.11799	   0.02683	   0.11799	   0.00729
N         	   5.20252	   3.60027	  -3.10609	  -0.01408	   0.02635	   0.03262	   0.02635	   0.00578	   0.12041	   0.03262	   0.12041	   0.00828
N         	   7.69714	  -5.10919	  -3.10709	  -0.03770	   0.00158	   0.00067	   0.00158	   0.00553	   0.00011	   0.00067	   0.00011	   0.03217
N         	   7.69075	  -0.75435	  -3.10709	  -0.02891	   0.00040	   0.00106	   0.00040	  -0.00115	   0.00012	   0.00106	   0.00012	   0.03007
N         	   7.69364	   3.59789	  -3.10709	  -0.03363	   0.00428	   0.00080	   0.00428	   0.00045	   0.00024	   0.00080	   0.00024	   0.03319
N         	   1.25704	  -0.78786	  -0.18008	   0.30153	  -0.22431	  -0.01418	  -0.22431	  -0.12320	  -0.03660	  -0.01418	  -0.03660	  -0.17834
N         	  -1.25704	  -0.78786	  -0.18008	   0.30153	   0.22431	   0.01418	   0.22431	  -0.12319	  -0.03660	   0.01418	  -0.03660	  -0.17834
N         	   0.00000	   1.57572	   0.36016	  -0.24142	   0.00000	  -0.00000	   0.00000	   0.42885	   0.26649	  -0.00000	   0.26649	  -0.18742
