--------------------------------------------------------------------------------------------------------------------------------------------------------------------------
  AtomName	    r_1i_X	    r_1i_Y	    r_1i_Z	  iso[MHz]	       Axx	       Axy	       Axz	       Ayx	       Ayy	       Ayz	       Azx	       Azy	       Azz
--------------------------------------------------------------------------------------------------------------------------------------------------------------------------
10B  g-factor___:   0.600215 [No-unit]
11B  g-factor___:   1.792433 [No-unit]
14N  g-factor___:   0.403761 [No-unit]
15N  g-factor___:  -0.566378 [No-unit]
10B  etc____:	---       	---       	---       	   0.00000
11B  etc____:	---       	---       	---       	   0.00000
14N  etc____:	---       	---       	---       	   0.00000
15N  etc____:	---       	---       	---       	   0.00000
MinDif[A]:	 -10.18201	  -6.55524	  -3.10709
MaxDif[A]:	   8.93931	   6.50470	   0.36016
--------------------------------------------------------------------------------------------------------------------------------------------------------------------------
B         	  -8.93881	  -4.37952	  -3.10709	   0.00000	   0.06098	   0.01525	   0.01525	   0.01525	  -0.01525	   0.00000	   0.01525	   0.00000	  -0.04574
B         	  -8.93395	  -0.02699	  -3.10709	   0.00000	   0.09147	  -0.00000	   0.01525	  -0.00000	  -0.04574	  -0.00000	   0.01525	  -0.00000	  -0.04574
B         	  -8.93717	   4.32506	  -3.10709	   0.00000	   0.06098	  -0.01525	   0.01525	  -0.01525	  -0.01525	  -0.00000	   0.01525	  -0.00000	  -0.03049
B         	  -6.45049	  -4.37983	  -3.10706	   0.00000	   0.04574	   0.03049	   0.04574	   0.03049	  -0.00000	   0.01525	   0.04574	   0.01525	  -0.04574
B         	  -6.43913	  -0.02864	  -3.10706	   0.12196	   0.13721	  -0.03049	   0.09147	  -0.03049	  -0.07623	  -0.00000	   0.09147	  -0.00000	  -0.06098
B         	  -6.44660	   4.32566	  -3.10706	   0.00000	   0.04574	  -0.03049	   0.04574	  -0.03049	  -0.01525	  -0.01525	   0.04574	  -0.01525	  -0.04574
B         	  -4.06725	  -4.36899	  -2.58713	  -0.04574	  -0.00000	   0.09147	   0.10672	   0.09147	   0.07623	   0.07623	   0.10672	   0.07623	  -0.07623
B         	  -4.02756	  -0.02162	  -2.61534	   1.75320	   0.45736	  -0.36588	   0.36588	  -0.36588	  -0.18294	  -0.03049	   0.36588	  -0.03049	  -0.27441
B         	  -4.06229	   4.33435	  -2.58626	  -0.03049	   0.00000	  -0.09147	   0.12196	  -0.09147	   0.06098	  -0.07623	   0.12196	  -0.07623	  -0.06098
B         	  -2.20383	  -4.36953	  -0.94631	   1.31109	  -0.36588	   0.16770	   0.07623	   0.16770	   0.80799	  -0.03049	   0.07623	  -0.03049	  -0.44211
B         	  -2.08372	  -0.02665	  -1.01377	  -0.38113	  -1.41780	  -1.14339	   2.65266	  -1.14339	   0.42687	  -3.41492	   2.65266	  -3.41492	   0.99094
B         	  -2.20045	   4.33742	  -0.94976	   3.71983	   0.18294	  -0.67079	   0.64030	  -0.67079	   0.13721	  -0.42687	   0.64030	  -0.42687	  -0.32015
B         	   0.00000	  -4.36680	   0.06710	  -1.06716	  -0.21343	  -0.00000	   0.00000	  -0.00000	   0.67079	  -0.06098	   0.00000	  -0.06098	  -0.45736
B         	   0.00000	   4.35254	   0.05346	  -0.74701	  -0.53358	   0.00000	  -0.00000	   0.00000	   1.50927	  -0.28966	  -0.00000	  -0.28966	  -0.97569
B         	   2.20383	  -4.36953	  -0.94631	   1.31109	  -0.36588	  -0.16770	  -0.07623	  -0.16770	   0.80799	  -0.03049	  -0.07623	  -0.03049	  -0.44211
B         	   2.08372	  -0.02665	  -1.01377	  -0.38113	  -1.41780	   1.14339	  -2.65266	   1.14339	   0.42687	  -3.41492	  -2.65266	  -3.41492	   0.99094
B         	   2.20045	   4.33742	  -0.94976	   3.71983	   0.18294	   0.67079	  -0.64030	   0.67079	   0.13721	  -0.42687	  -0.64030	  -0.42687	  -0.32015
B         	   4.06725	  -4.36899	  -2.58713	  -0.04574	  -0.00000	  -0.09147	  -0.10672	  -0.09147	   0.07623	   0.07623	  -0.10672	   0.07623	  -0.07623
B         	   4.02756	  -0.02162	  -2.61534	   1.75320	   0.45736	   0.36588	  -0.36588	   0.36588	  -0.18294	  -0.03049	  -0.36588	  -0.03049	  -0.27441
B         	   4.06229	   4.33435	  -2.58626	  -0.03049	   0.00000	   0.09147	  -0.12196	   0.09147	   0.06098	  -0.07623	  -0.12196	  -0.07623	  -0.06098
B         	   6.45049	  -4.37983	  -3.10706	   0.00000	   0.04574	  -0.03049	  -0.04574	  -0.03049	  -0.00000	   0.01525	  -0.04574	   0.01525	  -0.04574
B         	   6.43913	  -0.02864	  -3.10706	   0.12196	   0.13721	   0.03049	  -0.09147	   0.03049	  -0.07623	  -0.00000	  -0.09147	  -0.00000	  -0.06098
B         	   6.44660	   4.32566	  -3.10706	   0.00000	   0.04574	   0.03049	  -0.04574	   0.03049	  -0.01525	  -0.01525	  -0.04574	  -0.01525	  -0.04574
B         	   8.93881	  -4.37952	  -3.10709	   0.00000	   0.06098	  -0.01525	  -0.01525	  -0.01525	  -0.01525	   0.00000	  -0.01525	   0.00000	  -0.04574
B         	   8.93395	  -0.02699	  -3.10709	   0.00000	   0.09147	   0.00000	  -0.01525	   0.00000	  -0.04574	  -0.00000	  -0.01525	  -0.00000	  -0.04574
B         	   8.93717	   4.32506	  -3.10709	   0.00000	   0.06098	   0.01525	  -0.01525	   0.01525	  -0.01525	  -0.00000	  -0.01525	  -0.00000	  -0.03049
B         	 -10.18201	   6.50363	  -3.10709	   0.00000	   0.06098	  -0.00000	   0.00000	  -0.00000	  -0.01525	  -0.00000	   0.00000	  -0.00000	  -0.03049
B         	 -10.18201	  -2.20173	  -3.10709	   0.00000	   0.07623	   0.00000	   0.00000	   0.00000	  -0.03049	   0.00000	   0.00000	   0.00000	  -0.04574
B         	 -10.18201	   2.14704	  -3.10709	   0.00000	   0.07623	  -0.00000	  -0.00000	  -0.00000	  -0.03049	  -0.00000	  -0.00000	  -0.00000	  -0.03049
B         	  -7.69423	   6.50470	  -3.10709	   0.00000	   0.04574	  -0.00000	   0.01525	  -0.00000	  -0.00000	  -0.00000	   0.01525	  -0.00000	  -0.04574
B         	  -7.69122	  -2.20320	  -3.10709	   0.00000	   0.09147	   0.01525	   0.03049	   0.01525	  -0.04574	   0.01525	   0.03049	   0.01525	  -0.04574
B         	  -7.68685	   2.14824	  -3.10709	   0.00000	   0.07623	  -0.01525	   0.03049	  -0.01525	  -0.04574	  -0.01525	   0.03049	  -0.01525	  -0.04574
B         	  -5.20453	  -6.55524	  -3.10609	  -0.01525	   0.00000	  -0.00000	   0.04574	  -0.00000	   0.04574	  -0.00000	   0.04574	  -0.00000	  -0.04574
B         	  -5.19626	  -2.20026	  -3.10609	  -0.07623	   0.09147	   0.07623	   0.15245	   0.07623	  -0.04574	   0.04574	   0.15245	   0.04574	  -0.04574
B         	  -5.18892	   2.14895	  -3.10609	   0.04574	   0.09147	  -0.07623	   0.13721	  -0.07623	  -0.06098	  -0.04574	   0.13721	  -0.04574	  -0.03049
B         	  -3.10541	  -6.54998	  -1.82117	   0.18294	  -0.09147	  -0.06098	   0.09147	  -0.06098	   0.21343	  -0.06098	   0.09147	  -0.06098	  -0.12196
B         	  -3.06044	  -2.19517	  -1.85881	  -0.88422	  -0.01525	   0.39637	   0.59456	   0.39637	   0.06098	   0.42687	   0.59456	   0.42687	  -0.06098
B         	  -3.04128	   2.15115	  -1.86489	  -0.47260	   0.07623	  -0.27441	   0.51834	  -0.27441	   0.01525	  -0.24392	   0.51834	  -0.24392	  -0.09147
B         	  -1.19749	  -6.54163	  -0.23718	  -0.04574	  -0.21343	  -0.03049	   0.03049	  -0.03049	   0.45736	  -0.01525	   0.03049	  -0.01525	  -0.22868
B         	  -1.17466	  -2.18280	  -0.22238	  -4.32963	  -1.38731	  -0.64030	   0.36588	  -0.64030	   4.68027	   0.38113	   0.36588	   0.38113	  -3.27772
B         	  -1.15599	   2.15985	  -0.22568	 -11.78453	   2.48497	  -2.25629	   4.10096	  -2.25629	  -0.50309	  -0.82324	   4.10096	  -0.82324	  -1.98187
B         	   1.19749	  -6.54163	  -0.23718	  -0.04574	  -0.21343	   0.03049	  -0.03049	   0.03049	   0.45736	  -0.01525	  -0.03049	  -0.01525	  -0.22868
B         	   1.17466	  -2.18280	  -0.22238	  -4.32963	  -1.38731	   0.64030	  -0.36588	   0.64030	   4.68027	   0.38113	  -0.36588	   0.38113	  -3.27772
B         	   1.15599	   2.15985	  -0.22568	 -11.78453	   2.48497	   2.25629	  -4.10096	   2.25629	  -0.50309	  -0.82324	  -4.10096	  -0.82324	  -1.98187
B         	   3.10541	  -6.54998	  -1.82117	   0.18294	  -0.09147	   0.06098	  -0.09147	   0.06098	   0.21343	  -0.06098	  -0.09147	  -0.06098	  -0.12196
B         	   3.06044	  -2.19517	  -1.85881	  -0.88422	  -0.01525	  -0.39637	  -0.59456	  -0.39637	   0.06098	   0.42687	  -0.59456	   0.42687	  -0.06098
B         	   3.04128	   2.15115	  -1.86489	  -0.47260	   0.07623	   0.27441	  -0.51834	   0.27441	   0.01525	  -0.24392	  -0.51834	  -0.24392	  -0.09147
B         	   5.20453	  -6.55524	  -3.10609	  -0.01525	   0.00000	   0.00000	  -0.04574	   0.00000	   0.04574	  -0.00000	  -0.04574	  -0.00000	  -0.04574
B         	   5.19626	  -2.20026	  -3.10609	  -0.07623	   0.09147	  -0.07623	  -0.15245	  -0.07623	  -0.04574	   0.04574	  -0.15245	   0.04574	  -0.04574
B         	   5.18893	   2.14895	  -3.10609	   0.04574	   0.09147	   0.07623	  -0.13721	   0.07623	  -0.06098	  -0.04574	  -0.13721	  -0.04574	  -0.03049
B         	   7.69423	   6.50470	  -3.10709	   0.00000	   0.04574	   0.00000	  -0.01525	   0.00000	  -0.00000	  -0.00000	  -0.01525	  -0.00000	  -0.04574
B         	   7.69122	  -2.20320	  -3.10709	   0.00000	   0.09147	  -0.01525	  -0.03049	  -0.01525	  -0.04574	   0.01525	  -0.03049	   0.01525	  -0.04574
B         	   7.68685	   2.14824	  -3.10709	   0.00000	   0.07623	   0.01525	  -0.03049	   0.01525	  -0.04574	  -0.01525	  -0.03049	  -0.01525	  -0.04574
N         	  -8.93887	  -2.93082	  -3.10709	   0.00000	   0.07623	   0.01525	   0.01525	   0.01525	  -0.03049	   0.00000	   0.01525	   0.00000	  -0.04574
N         	  -8.93597	   1.42144	  -3.10709	   0.00000	   0.07623	  -0.00000	   0.01525	  -0.00000	  -0.04574	  -0.00000	   0.01525	  -0.00000	  -0.04574
N         	  -8.93931	   5.77468	  -3.10709	   0.00000	   0.04574	  -0.00000	   0.01525	  -0.00000	  -0.01525	  -0.00000	   0.01525	  -0.00000	  -0.03049
N         	  -6.45149	  -2.93000	  -3.10706	   0.06098	   0.09147	   0.04574	   0.07623	   0.04574	  -0.04574	   0.03049	   0.07623	   0.03049	  -0.04574
N         	  -6.44475	   1.42210	  -3.10706	   0.00000	   0.10672	  -0.03049	   0.09147	  -0.03049	  -0.06098	  -0.01525	   0.09147	  -0.01525	  -0.03049
N         	  -6.45442	   5.77675	  -3.10706	   0.00000	   0.03049	  -0.01525	   0.03049	  -0.01525	   0.00000	  -0.00000	   0.03049	  -0.00000	  -0.03049
N         	  -4.01465	  -2.92791	  -2.69028	   0.67079	   0.22868	   0.27441	   0.18294	   0.27441	  -0.06098	   0.12196	   0.18294	   0.12196	  -0.16770
N         	  -3.99687	   1.42950	  -2.70126	   0.45736	   0.19819	  -0.03049	   0.19819	  -0.03049	  -0.25917	  -0.10672	   0.19819	  -0.10672	   0.07623
N         	  -4.02382	   5.78229	  -2.67779	   0.03049	  -0.03049	  -0.01525	   0.07623	  -0.01525	   0.10672	  -0.03049	   0.07623	  -0.03049	  -0.07623
N         	  -2.21922	  -2.93037	  -0.95232	  19.55957	  -1.31109	   2.98806	   2.28678	   2.98806	   1.49403	   3.70458	   2.28678	   3.70458	  -0.18294
N         	  -2.13322	   1.43356	  -1.01738	   7.02803	   1.92089	   1.21961	   2.01236	   1.21961	   0.12196	   1.53976	   2.01236	   1.53976	  -2.04285
N         	  -2.24104	   5.78932	  -0.92764	   1.53976	  -0.28966	  -0.28966	   0.10672	  -0.28966	   0.65554	  -0.18294	   0.10672	  -0.18294	  -0.36588
N         	   0.00000	  -2.94687	   0.18788	  -4.42110	   2.85085	  -0.00000	  -0.00000	  -0.00000	  -0.16770	  -0.28966	  -0.00000	  -0.28966	  -2.69840
N         	   0.00000	   5.79677	   0.14729	   0.21343	  -0.36588	  -0.00000	   0.00000	  -0.00000	   0.76226	   0.10672	   0.00000	   0.10672	  -0.39637
N         	   2.21922	  -2.93037	  -0.95232	  19.55957	  -1.31109	  -2.98806	  -2.28678	  -2.98806	   1.49403	   3.70458	  -2.28678	   3.70458	  -0.18294
N         	   2.13322	   1.43356	  -1.01738	   7.02803	   1.92089	  -1.21961	  -2.01236	  -1.21961	   0.12196	   1.53976	  -2.01236	   1.53976	  -2.04285
N         	   2.24104	   5.78932	  -0.92764	   1.53976	  -0.28966	   0.28966	  -0.10672	   0.28966	   0.65554	  -0.18294	  -0.10672	  -0.18294	  -0.36588
N         	   4.01465	  -2.92791	  -2.69028	   0.67079	   0.22868	  -0.27441	  -0.18294	  -0.27441	  -0.06098	   0.12196	  -0.18294	   0.12196	  -0.16770
N         	   3.99687	   1.42950	  -2.70126	   0.45736	   0.19819	   0.03049	  -0.19819	   0.03049	  -0.25917	  -0.10672	  -0.19819	  -0.10672	   0.07623
N         	   4.02382	   5.78229	  -2.67779	   0.03049	  -0.03049	   0.01525	  -0.07623	   0.01525	   0.10672	  -0.03049	  -0.07623	  -0.03049	  -0.07623
N         	   6.45149	  -2.93000	  -3.10706	   0.06098	   0.09147	  -0.04574	  -0.07623	  -0.04574	  -0.04574	   0.03049	  -0.07623	   0.03049	  -0.04574
N         	   6.44475	   1.42210	  -3.10706	   0.00000	   0.10672	   0.03049	  -0.09147	   0.03049	  -0.06098	  -0.01525	  -0.09147	  -0.01525	  -0.03049
N         	   6.45442	   5.77675	  -3.10706	   0.00000	   0.03049	   0.01525	  -0.03049	   0.01525	   0.00000	  -0.00000	  -0.03049	  -0.00000	  -0.03049
N         	   8.93887	  -2.93082	  -3.10709	   0.00000	   0.07623	  -0.01525	  -0.01525	  -0.01525	  -0.03049	   0.00000	  -0.01525	   0.00000	  -0.04574
N         	   8.93597	   1.42144	  -3.10709	   0.00000	   0.07623	   0.00000	  -0.01525	   0.00000	  -0.04574	  -0.00000	  -0.01525	  -0.00000	  -0.04574
N         	   8.93931	   5.77468	  -3.10709	   0.00000	   0.04574	   0.00000	  -0.01525	   0.00000	  -0.01525	  -0.00000	  -0.01525	  -0.00000	  -0.03049
N         	 -10.18201	  -5.11000	  -3.10709	   0.00000	   0.06098	   0.00000	   0.00000	   0.00000	  -0.01525	   0.00000	   0.00000	   0.00000	  -0.03049
N         	 -10.18201	  -0.75330	  -3.10709	   0.00000	   0.09147	   0.00000	  -0.00000	   0.00000	  -0.04574	   0.00000	  -0.00000	   0.00000	  -0.04574
N         	 -10.18201	   3.59674	  -3.10709	   0.00000	   0.06098	  -0.00000	   0.00000	  -0.00000	  -0.03049	  -0.00000	   0.00000	  -0.00000	  -0.03049
N         	  -7.69714	  -5.10919	  -3.10709	  -0.00000	   0.04574	   0.01525	   0.01525	   0.01525	  -0.01525	   0.00000	   0.01525	   0.00000	  -0.04574
N         	  -7.69075	  -0.75435	  -3.10709	   0.06098	   0.12196	   0.01525	   0.04574	   0.01525	  -0.06098	   0.00000	   0.04574	   0.00000	  -0.04574
N         	  -7.69364	   3.59789	  -3.10709	   0.00000	   0.06098	  -0.01525	   0.03049	  -0.01525	  -0.03049	  -0.01525	   0.03049	  -0.01525	  -0.03049
N         	  -5.20858	  -5.10736	  -3.10609	   0.01525	   0.00000	   0.04574	   0.06098	   0.04574	   0.03049	   0.03049	   0.06098	   0.03049	  -0.03049
N         	  -5.19449	  -0.75187	  -3.10609	   0.73177	   0.41162	   0.12196	   0.12196	   0.12196	  -0.22868	   0.01525	   0.12196	   0.01525	  -0.16770
N         	  -5.20252	   3.60027	  -3.10609	   0.00000	   0.03049	  -0.06098	   0.09147	  -0.06098	  -0.01525	  -0.04574	   0.09147	  -0.04574	  -0.01525
N         	  -3.09443	  -5.10275	  -1.82424	   0.91471	  -0.13721	   0.27441	   0.16770	   0.27441	   0.38113	   0.19819	   0.16770	   0.19819	  -0.24392
N         	  -3.01638	  -0.74805	  -1.90626	  17.62344	  -0.79275	   1.11290	   4.02473	   1.11290	  -2.72889	   1.84467	   4.02473	   1.84467	   3.52164
N         	  -3.07345	   3.60724	  -1.84099	  -0.09147	   0.01525	  -0.28966	   0.21343	  -0.28966	   0.13721	  -0.12196	   0.21343	  -0.12196	  -0.13721
N         	  -1.23969	  -5.10326	  -0.15657	   0.10672	  -0.09147	   0.15245	   0.09147	   0.15245	   0.47260	   0.00000	   0.09147	   0.00000	  -0.38113
N         	  -1.24025	   3.62887	  -0.15252	  35.62800	  -3.56737	  -3.12526	   0.92996	  -3.12526	   7.08901	  -3.68934	   0.92996	  -3.68934	  -3.52164
N         	   1.23969	  -5.10326	  -0.15657	   0.10672	  -0.09147	  -0.15245	  -0.09147	  -0.15245	   0.47260	   0.00000	  -0.09147	   0.00000	  -0.38113
N         	   1.24025	   3.62887	  -0.15252	  35.62800	  -3.56737	   3.12526	  -0.92996	   3.12526	   7.08901	  -3.68934	  -0.92996	  -3.68934	  -3.52164
N         	   3.09443	  -5.10275	  -1.82424	   0.91471	  -0.13721	  -0.27441	  -0.16770	  -0.27441	   0.38113	   0.19819	  -0.16770	   0.19819	  -0.24392
N         	   3.01638	  -0.74805	  -1.90626	  17.62344	  -0.79275	  -1.11290	  -4.02473	  -1.11290	  -2.72889	   1.84467	  -4.02473	   1.84467	   3.52164
N         	   3.07345	   3.60724	  -1.84099	  -0.09147	   0.01525	   0.28966	  -0.21343	   0.28966	   0.13721	  -0.12196	  -0.21343	  -0.12196	  -0.13721
N         	   5.20858	  -5.10736	  -3.10609	   0.01525	   0.00000	  -0.04574	  -0.06098	  -0.04574	   0.03049	   0.03049	  -0.06098	   0.03049	  -0.03049
N         	   5.19449	  -0.75187	  -3.10609	   0.73177	   0.41162	  -0.12196	  -0.12196	  -0.12196	  -0.22868	   0.01525	  -0.12196	   0.01525	  -0.16770
N         	   5.20252	   3.60027	  -3.10609	   0.00000	   0.03049	   0.06098	  -0.09147	   0.06098	  -0.01525	  -0.04574	  -0.09147	  -0.04574	  -0.01525
N         	   7.69714	  -5.10919	  -3.10709	  -0.00000	   0.04574	  -0.01525	  -0.01525	  -0.01525	  -0.01525	   0.00000	  -0.01525	   0.00000	  -0.04574
N         	   7.69075	  -0.75435	  -3.10709	   0.06098	   0.12196	  -0.01525	  -0.04574	  -0.01525	  -0.06098	   0.00000	  -0.04574	   0.00000	  -0.04574
N         	   7.69364	   3.59789	  -3.10709	   0.00000	   0.06098	   0.01525	  -0.03049	   0.01525	  -0.03049	  -0.01525	  -0.03049	  -0.01525	  -0.03049
N         	   1.25704	  -0.78786	  -0.18008	 296.15299	  73.32935	 -68.25270	 -43.78417	 -68.25270	 -29.39272	  25.13931	 -43.78417	  25.13931	 -43.93663
N         	  -1.25704	  -0.78786	  -0.18008	 296.15299	  73.32935	  68.25270	  43.78417	  68.25270	 -29.39272	  25.13931	  43.78417	  25.13931	 -43.93663
N         	   0.00000	   1.57572	   0.36016	 175.24342	 -99.45959	   0.00000	  -0.00000	   0.00000	 168.07818	  81.02816	  -0.00000	  81.02816	 -68.60334
