--------------------------------------------------------------------------------------------------------------------------------------------------------------------------
  AtomName	    r_1i_X	    r_1i_Y	    r_1i_Z	  iso[MHz]	       Axx	       Axy	       Axz	       Ayx	       Ayy	       Ayz	       Azx	       Azy	       Azz
--------------------------------------------------------------------------------------------------------------------------------------------------------------------------
10B  g-factor___:   0.600215 [No-unit]
11B  g-factor___:   1.792433 [No-unit]
14N  g-factor___:   0.403761 [No-unit]
15N  g-factor___:  -0.566378 [No-unit]
10B  etc____:	---       	---       	---       	   0.00000
11B  etc____:	---       	---       	---       	   0.00000
14N  etc____:	---       	---       	---       	   0.00000
15N  etc____:	---       	---       	---       	   0.00000
MinDif[A]:	 -10.18201	  -6.55524	  -3.10709
MaxDif[A]:	   8.93931	   6.50470	   0.36016
--------------------------------------------------------------------------------------------------------------------------------------------------------------------------
B         	  -8.93881	  -4.37952	  -3.10709	   0.00000	   0.06098	   0.01525	   0.01525	   0.01525	  -0.01525	   0.00000	   0.01525	   0.00000	  -0.04574
B         	  -8.93395	  -0.02699	  -3.10709	   0.01525	   0.09147	  -0.00000	   0.01525	  -0.00000	  -0.04574	  -0.00000	   0.01525	  -0.00000	  -0.04574
B         	  -8.93717	   4.32506	  -3.10709	   0.00000	   0.06098	  -0.00000	   0.01525	  -0.00000	  -0.01525	  -0.00000	   0.01525	  -0.00000	  -0.03049
B         	  -6.45049	  -4.37983	  -3.10706	  -0.00000	   0.04574	   0.03049	   0.04574	   0.03049	  -0.00000	   0.01525	   0.04574	   0.01525	  -0.04574
B         	  -6.43913	  -0.02864	  -3.10706	   0.21343	   0.15245	  -0.04574	   0.07623	  -0.04574	  -0.07623	  -0.00000	   0.07623	  -0.00000	  -0.07623
B         	  -6.44660	   4.32566	  -3.10706	  -0.01525	   0.04574	  -0.03049	   0.04574	  -0.03049	  -0.00000	  -0.01525	   0.04574	  -0.01525	  -0.04574
B         	  -4.06725	  -4.36899	  -2.58713	  -0.04574	   0.00000	   0.09147	   0.12196	   0.09147	   0.07623	   0.07623	   0.12196	   0.07623	  -0.07623
B         	  -4.02756	  -0.02162	  -2.61534	   2.34776	   0.51834	  -0.47260	   0.36588	  -0.47260	  -0.19819	  -0.03049	   0.36588	  -0.03049	  -0.32015
B         	  -4.06229	   4.33435	  -2.58626	  -0.04574	  -0.00000	  -0.09147	   0.12196	  -0.09147	   0.06098	  -0.07623	   0.12196	  -0.07623	  -0.06098
B         	  -2.20383	  -4.36953	  -0.94631	   2.02761	  -0.44211	   0.16770	   0.09147	   0.16770	   0.96045	  -0.04574	   0.09147	  -0.04574	  -0.51834
B         	  -2.08372	  -0.02665	  -1.01377	   0.59456	  -1.31109	  -1.12814	   2.65266	  -1.12814	   0.50309	  -3.20149	   2.65266	  -3.20149	   0.80799
B         	  -2.20045	   4.33742	  -0.94976	   3.76556	   0.16770	  -0.65554	   0.64030	  -0.65554	   0.13721	  -0.42687	   0.64030	  -0.42687	  -0.30490
B         	   0.00000	  -4.36680	   0.06710	  -0.82324	  -0.19819	   0.00000	  -0.00000	   0.00000	   0.68603	  -0.04574	  -0.00000	  -0.04574	  -0.50309
B         	   0.00000	   4.35254	   0.05346	  -0.83849	  -0.39637	   0.00000	   0.00000	   0.00000	   1.29584	  -0.19819	   0.00000	  -0.19819	  -0.89947
B         	   2.20383	  -4.36953	  -0.94631	   2.02761	  -0.44211	  -0.16770	  -0.09147	  -0.16770	   0.96045	  -0.04574	  -0.09147	  -0.04574	  -0.51834
B         	   2.08372	  -0.02665	  -1.01377	   0.59456	  -1.31109	   1.12814	  -2.65266	   1.12814	   0.50309	  -3.20149	  -2.65266	  -3.20149	   0.80799
B         	   2.20045	   4.33742	  -0.94976	   3.76556	   0.16770	   0.65554	  -0.64030	   0.65554	   0.13721	  -0.42687	  -0.64030	  -0.42687	  -0.30490
B         	   4.06725	  -4.36899	  -2.58713	  -0.04574	   0.00000	  -0.09147	  -0.12196	  -0.09147	   0.07623	   0.07623	  -0.12196	   0.07623	  -0.07623
B         	   4.02756	  -0.02162	  -2.61534	   2.34776	   0.51834	   0.47260	  -0.36588	   0.47260	  -0.19819	  -0.03049	  -0.36588	  -0.03049	  -0.32015
B         	   4.06229	   4.33435	  -2.58626	  -0.04574	  -0.00000	   0.09147	  -0.12196	   0.09147	   0.06098	  -0.07623	  -0.12196	  -0.07623	  -0.06098
B         	   6.45049	  -4.37983	  -3.10706	  -0.00000	   0.04574	  -0.03049	  -0.04574	  -0.03049	  -0.00000	   0.01525	  -0.04574	   0.01525	  -0.04574
B         	   6.43913	  -0.02864	  -3.10706	   0.21343	   0.15245	   0.04574	  -0.07623	   0.04574	  -0.07623	  -0.00000	  -0.07623	  -0.00000	  -0.07623
B         	   6.44660	   4.32566	  -3.10706	  -0.01525	   0.04574	   0.03049	  -0.04574	   0.03049	  -0.00000	  -0.01525	  -0.04574	  -0.01525	  -0.04574
B         	   8.93881	  -4.37952	  -3.10709	   0.00000	   0.06098	  -0.01525	  -0.01525	  -0.01525	  -0.01525	   0.00000	  -0.01525	   0.00000	  -0.04574
B         	   8.93395	  -0.02699	  -3.10709	   0.01525	   0.09147	   0.00000	  -0.01525	   0.00000	  -0.04574	  -0.00000	  -0.01525	  -0.00000	  -0.04574
B         	   8.93717	   4.32506	  -3.10709	   0.00000	   0.06098	   0.00000	  -0.01525	   0.00000	  -0.01525	  -0.00000	  -0.01525	  -0.00000	  -0.03049
B         	 -10.18201	   6.50363	  -3.10709	   0.00000	   0.04574	  -0.00000	   0.00000	  -0.00000	  -0.01525	   0.00000	   0.00000	   0.00000	  -0.03049
B         	 -10.18201	  -2.20173	  -3.10709	   0.00000	   0.07623	  -0.00000	   0.00000	  -0.00000	  -0.03049	   0.00000	   0.00000	   0.00000	  -0.04574
B         	 -10.18201	   2.14704	  -3.10709	   0.00000	   0.07623	  -0.00000	  -0.00000	  -0.00000	  -0.03049	  -0.00000	  -0.00000	  -0.00000	  -0.03049
B         	  -7.69423	   6.50470	  -3.10709	   0.00000	   0.04574	   0.00000	   0.01525	   0.00000	  -0.00000	   0.00000	   0.01525	   0.00000	  -0.04574
B         	  -7.69122	  -2.20320	  -3.10709	  -0.01525	   0.09147	   0.01525	   0.03049	   0.01525	  -0.04574	   0.01525	   0.03049	   0.01525	  -0.04574
B         	  -7.68685	   2.14824	  -3.10709	   0.00000	   0.07623	  -0.01525	   0.03049	  -0.01525	  -0.04574	  -0.00000	   0.03049	  -0.00000	  -0.04574
B         	  -5.20453	  -6.55524	  -3.10609	  -0.01525	   0.00000	  -0.00000	   0.04574	  -0.00000	   0.04574	  -0.00000	   0.04574	  -0.00000	  -0.04574
B         	  -5.19626	  -2.20026	  -3.10609	  -0.09147	   0.10672	   0.07623	   0.15245	   0.07623	  -0.04574	   0.03049	   0.15245	   0.03049	  -0.06098
B         	  -5.18892	   2.14895	  -3.10609	   0.06098	   0.07623	  -0.07623	   0.13721	  -0.07623	  -0.04574	  -0.04574	   0.13721	  -0.04574	  -0.03049
B         	  -3.10541	  -6.54998	  -1.82117	   0.24392	  -0.10672	  -0.07623	   0.09147	  -0.07623	   0.24392	  -0.07623	   0.09147	  -0.07623	  -0.13721
B         	  -3.06044	  -2.19517	  -1.85881	  -0.86898	  -0.03049	   0.35064	   0.62505	   0.35064	   0.09147	   0.38113	   0.62505	   0.38113	  -0.06098
B         	  -3.04128	   2.15115	  -1.86489	  -0.38113	   0.03049	  -0.27441	   0.50309	  -0.27441	   0.04574	  -0.24392	   0.50309	  -0.24392	  -0.07623
B         	  -1.19749	  -6.54163	  -0.23718	  -0.06098	  -0.19819	  -0.03049	   0.04574	  -0.03049	   0.44211	  -0.01525	   0.04574	  -0.01525	  -0.22868
B         	  -1.17466	  -2.18280	  -0.22238	  -0.80799	  -1.49403	  -0.86898	   0.51834	  -0.86898	   4.84797	   0.39637	   0.51834	   0.39637	  -3.35394
B         	  -1.15599	   2.15985	  -0.22568	  -6.44871	   2.27153	  -2.11908	   3.71983	  -2.11908	  -0.24392	  -0.77750	   3.71983	  -0.77750	  -2.02761
B         	   1.19749	  -6.54163	  -0.23718	  -0.06098	  -0.19819	   0.03049	  -0.04574	   0.03049	   0.44211	  -0.01525	  -0.04574	  -0.01525	  -0.22868
B         	   1.17466	  -2.18280	  -0.22238	  -0.80799	  -1.49403	   0.86898	  -0.51834	   0.86898	   4.84797	   0.39637	  -0.51834	   0.39637	  -3.35394
B         	   1.15599	   2.15985	  -0.22568	  -6.44871	   2.27153	   2.11908	  -3.71983	   2.11908	  -0.24392	  -0.77750	  -3.71983	  -0.77750	  -2.02761
B         	   3.10541	  -6.54998	  -1.82117	   0.24392	  -0.10672	   0.07623	  -0.09147	   0.07623	   0.24392	  -0.07623	  -0.09147	  -0.07623	  -0.13721
B         	   3.06044	  -2.19517	  -1.85881	  -0.86898	  -0.03049	  -0.35064	  -0.62505	  -0.35064	   0.09147	   0.38113	  -0.62505	   0.38113	  -0.06098
B         	   3.04128	   2.15115	  -1.86489	  -0.38113	   0.03049	   0.27441	  -0.50309	   0.27441	   0.04574	  -0.24392	  -0.50309	  -0.24392	  -0.07623
B         	   5.20453	  -6.55524	  -3.10609	  -0.01525	   0.00000	   0.00000	  -0.04574	   0.00000	   0.04574	  -0.00000	  -0.04574	  -0.00000	  -0.04574
B         	   5.19626	  -2.20026	  -3.10609	  -0.09147	   0.10672	  -0.07623	  -0.15245	  -0.07623	  -0.04574	   0.03049	  -0.15245	   0.03049	  -0.06098
B         	   5.18893	   2.14895	  -3.10609	   0.06098	   0.07623	   0.07623	  -0.13721	   0.07623	  -0.04574	  -0.04574	  -0.13721	  -0.04574	  -0.03049
B         	   7.69423	   6.50470	  -3.10709	   0.00000	   0.04574	  -0.00000	  -0.01525	  -0.00000	  -0.00000	   0.00000	  -0.01525	   0.00000	  -0.04574
B         	   7.69122	  -2.20320	  -3.10709	  -0.01525	   0.09147	  -0.01525	  -0.03049	  -0.01525	  -0.04574	   0.01525	  -0.03049	   0.01525	  -0.04574
B         	   7.68685	   2.14824	  -3.10709	   0.00000	   0.07623	   0.01525	  -0.03049	   0.01525	  -0.04574	  -0.00000	  -0.03049	  -0.00000	  -0.04574
N         	  -8.93887	  -2.93082	  -3.10709	   0.01525	   0.07623	   0.01525	   0.01525	   0.01525	  -0.03049	   0.00000	   0.01525	   0.00000	  -0.04574
N         	  -8.93597	   1.42144	  -3.10709	   0.00000	   0.07623	  -0.00000	   0.01525	  -0.00000	  -0.04574	  -0.00000	   0.01525	  -0.00000	  -0.04574
N         	  -8.93931	   5.77468	  -3.10709	   0.00000	   0.04574	  -0.00000	   0.01525	  -0.00000	  -0.01525	  -0.00000	   0.01525	  -0.00000	  -0.03049
N         	  -6.45149	  -2.93000	  -3.10706	   0.12196	   0.10672	   0.06098	   0.07623	   0.06098	  -0.04574	   0.03049	   0.07623	   0.03049	  -0.06098
N         	  -6.44475	   1.42210	  -3.10706	   0.01525	   0.10672	  -0.03049	   0.09147	  -0.03049	  -0.07623	  -0.01525	   0.09147	  -0.01525	  -0.04574
N         	  -6.45442	   5.77675	  -3.10706	   0.01525	   0.03049	  -0.01525	   0.03049	  -0.01525	   0.00000	  -0.00000	   0.03049	  -0.00000	  -0.03049
N         	  -4.01465	  -2.92791	  -2.69028	   1.06716	   0.36588	   0.39637	   0.21343	   0.39637	  -0.10672	   0.13721	   0.21343	   0.13721	  -0.25917
N         	  -3.99687	   1.42950	  -2.70126	   0.48785	   0.24392	   0.01525	   0.13721	   0.01525	  -0.30490	  -0.12196	   0.13721	  -0.12196	   0.06098
N         	  -4.02382	   5.78229	  -2.67779	   0.04574	  -0.04574	   0.01525	   0.07623	   0.01525	   0.13721	  -0.03049	   0.07623	  -0.03049	  -0.09147
N         	  -2.21922	  -2.93037	  -0.95232	  21.57194	  -1.70746	   3.71983	   3.00330	   3.71983	   1.78369	   4.74125	   3.00330	   4.74125	  -0.06098
N         	  -2.13322	   1.43356	  -1.01738	   6.08283	   1.69222	   1.61599	   1.70746	   1.61599	   0.79275	   1.85991	   1.70746	   1.85991	  -2.48497
N         	  -2.24104	   5.78932	  -0.92764	   1.81418	  -0.38113	  -0.30490	   0.10672	  -0.30490	   0.77750	  -0.21343	   0.10672	  -0.21343	  -0.39637
N         	   0.00000	  -2.94687	   0.18788	  -0.13721	   3.58262	   0.00000	   0.00000	   0.00000	  -0.53358	  -0.24392	   0.00000	  -0.24392	  -3.04904
N         	   0.00000	   5.79677	   0.14729	   0.51834	  -0.45736	   0.00000	  -0.00000	   0.00000	   0.86898	   0.24392	  -0.00000	   0.24392	  -0.41162
N         	   2.21922	  -2.93037	  -0.95232	  21.57194	  -1.70746	  -3.71983	  -3.00330	  -3.71983	   1.78369	   4.74125	  -3.00330	   4.74125	  -0.06098
N         	   2.13322	   1.43356	  -1.01738	   6.08283	   1.69222	  -1.61599	  -1.70746	  -1.61599	   0.79275	   1.85991	  -1.70746	   1.85991	  -2.48497
N         	   2.24104	   5.78932	  -0.92764	   1.81418	  -0.38113	   0.30490	  -0.10672	   0.30490	   0.77750	  -0.21343	  -0.10672	  -0.21343	  -0.39637
N         	   4.01465	  -2.92791	  -2.69028	   1.06716	   0.36588	  -0.39637	  -0.21343	  -0.39637	  -0.10672	   0.13721	  -0.21343	   0.13721	  -0.25917
N         	   3.99687	   1.42950	  -2.70126	   0.48785	   0.24392	  -0.01525	  -0.13721	  -0.01525	  -0.30490	  -0.12196	  -0.13721	  -0.12196	   0.06098
N         	   4.02382	   5.78229	  -2.67779	   0.04574	  -0.04574	  -0.01525	  -0.07623	  -0.01525	   0.13721	  -0.03049	  -0.07623	  -0.03049	  -0.09147
N         	   6.45149	  -2.93000	  -3.10706	   0.12196	   0.10672	  -0.06098	  -0.07623	  -0.06098	  -0.04574	   0.03049	  -0.07623	   0.03049	  -0.06098
N         	   6.44475	   1.42210	  -3.10706	   0.01525	   0.10672	   0.03049	  -0.09147	   0.03049	  -0.07623	  -0.01525	  -0.09147	  -0.01525	  -0.04574
N         	   6.45442	   5.77675	  -3.10706	   0.01525	   0.03049	   0.01525	  -0.03049	   0.01525	   0.00000	  -0.00000	  -0.03049	  -0.00000	  -0.03049
N         	   8.93887	  -2.93082	  -3.10709	   0.01525	   0.07623	  -0.01525	  -0.01525	  -0.01525	  -0.03049	   0.00000	  -0.01525	   0.00000	  -0.04574
N         	   8.93597	   1.42144	  -3.10709	   0.00000	   0.07623	   0.00000	  -0.01525	   0.00000	  -0.04574	  -0.00000	  -0.01525	  -0.00000	  -0.04574
N         	   8.93931	   5.77468	  -3.10709	   0.00000	   0.04574	   0.00000	  -0.01525	   0.00000	  -0.01525	  -0.00000	  -0.01525	  -0.00000	  -0.03049
N         	 -10.18201	  -5.11000	  -3.10709	   0.00000	   0.06098	   0.00000	  -0.00000	   0.00000	  -0.01525	   0.00000	  -0.00000	   0.00000	  -0.03049
N         	 -10.18201	  -0.75330	  -3.10709	   0.01525	   0.09147	  -0.00000	   0.00000	  -0.00000	  -0.04574	   0.00000	   0.00000	   0.00000	  -0.04574
N         	 -10.18201	   3.59674	  -3.10709	   0.00000	   0.06098	  -0.00000	   0.00000	  -0.00000	  -0.03049	  -0.00000	   0.00000	  -0.00000	  -0.03049
N         	  -7.69714	  -5.10919	  -3.10709	   0.00000	   0.04574	   0.01525	   0.01525	   0.01525	  -0.01525	   0.00000	   0.01525	   0.00000	  -0.03049
N         	  -7.69075	  -0.75435	  -3.10709	   0.12196	   0.13721	   0.01525	   0.03049	   0.01525	  -0.07623	   0.00000	   0.03049	   0.00000	  -0.06098
N         	  -7.69364	   3.59789	  -3.10709	   0.00000	   0.06098	  -0.01525	   0.03049	  -0.01525	  -0.03049	  -0.01525	   0.03049	  -0.01525	  -0.03049
N         	  -5.20858	  -5.10736	  -3.10609	   0.03049	   0.00000	   0.04574	   0.07623	   0.04574	   0.03049	   0.04574	   0.07623	   0.04574	  -0.03049
N         	  -5.19449	  -0.75187	  -3.10609	   1.08241	   0.56407	   0.18294	   0.13721	   0.18294	  -0.30490	   0.01525	   0.13721	   0.01525	  -0.25917
N         	  -5.20252	   3.60027	  -3.10609	  -0.01525	   0.01525	  -0.06098	   0.07623	  -0.06098	  -0.03049	  -0.03049	   0.07623	  -0.03049	   0.01525
N         	  -3.09443	  -5.10275	  -1.82424	   1.23486	  -0.18294	   0.38113	   0.22868	   0.38113	   0.50309	   0.32015	   0.22868	   0.32015	  -0.32015
N         	  -3.01638	  -0.74805	  -1.90626	  19.31565	  -0.91471	   1.49403	   4.87846	   1.49403	  -3.17100	   2.39349	   4.87846	   2.39349	   4.08571
N         	  -3.07345	   3.60724	  -1.84099	   0.01525	  -0.00000	  -0.30490	   0.15245	  -0.30490	   0.18294	  -0.07623	   0.15245	  -0.07623	  -0.16770
N         	  -1.23969	  -5.10326	  -0.15657	   0.30490	  -0.01525	   0.19819	   0.10672	   0.19819	   0.45736	   0.01525	   0.10672	   0.01525	  -0.42687
N         	  -1.24025	   3.62887	  -0.15252	  32.15210	  -3.88752	  -3.01855	   0.80799	  -3.01855	   7.79029	  -3.55213	   0.80799	  -3.55213	  -3.90277
N         	   1.23969	  -5.10326	  -0.15657	   0.30490	  -0.01525	  -0.19819	  -0.10672	  -0.19819	   0.45736	   0.01525	  -0.10672	   0.01525	  -0.42687
N         	   1.24025	   3.62887	  -0.15252	  32.15210	  -3.87228	   3.01855	  -0.80799	   3.01855	   7.79029	  -3.55213	  -0.80799	  -3.55213	  -3.90277
N         	   3.09443	  -5.10275	  -1.82424	   1.23486	  -0.18294	  -0.38113	  -0.22868	  -0.38113	   0.50309	   0.32015	  -0.22868	   0.32015	  -0.32015
N         	   3.01638	  -0.74805	  -1.90626	  19.31565	  -0.91471	  -1.49403	  -4.87846	  -1.49403	  -3.17100	   2.39349	  -4.87846	   2.39349	   4.08571
N         	   3.07345	   3.60724	  -1.84099	   0.01525	  -0.00000	   0.30490	  -0.15245	   0.30490	   0.18294	  -0.07623	  -0.15245	  -0.07623	  -0.16770
N         	   5.20858	  -5.10736	  -3.10609	   0.03049	   0.00000	  -0.04574	  -0.07623	  -0.04574	   0.03049	   0.04574	  -0.07623	   0.04574	  -0.03049
N         	   5.19449	  -0.75187	  -3.10609	   1.08241	   0.56407	  -0.18294	  -0.13721	  -0.18294	  -0.30490	   0.01525	  -0.13721	   0.01525	  -0.25917
N         	   5.20252	   3.60027	  -3.10609	  -0.01525	   0.01525	   0.06098	  -0.07623	   0.06098	  -0.03049	  -0.03049	  -0.07623	  -0.03049	   0.01525
N         	   7.69714	  -5.10919	  -3.10709	   0.00000	   0.04574	  -0.01525	  -0.01525	  -0.01525	  -0.01525	   0.00000	  -0.01525	   0.00000	  -0.03049
N         	   7.69075	  -0.75435	  -3.10709	   0.12196	   0.13721	  -0.01525	  -0.03049	  -0.01525	  -0.07623	   0.00000	  -0.03049	   0.00000	  -0.06098
N         	   7.69364	   3.59789	  -3.10709	   0.00000	   0.06098	   0.01525	  -0.03049	   0.01525	  -0.03049	  -0.01525	  -0.03049	  -0.01525	  -0.03049
N         	   1.25704	  -0.78786	  -0.18008	 224.56159	  64.33469	 -69.86869	 -49.30293	 -69.86869	 -24.86490	  30.18547	 -49.30293	  30.18547	 -39.46979
N         	  -1.25704	  -0.78786	  -0.18008	 224.56159	  64.33469	  69.86869	  49.30293	  69.86869	 -24.86490	  30.18547	  49.30293	  30.18547	 -39.46979
N         	   0.00000	   1.57572	   0.36016	 145.08844	 -86.37922	   0.00000	  -0.00000	   0.00000	 148.00027	  68.64907	  -0.00000	  68.64907	 -61.60580
