--------------------------------------------------------------------------------------------------------------------------------------------------------------------------
  AtomName	    r_1i_X	    r_1i_Y	    r_1i_Z	  iso[MHz]	       Axx	       Axy	       Axz	       Ayx	       Ayy	       Ayz	       Azx	       Azy	       Azz
--------------------------------------------------------------------------------------------------------------------------------------------------------------------------
10B  g-factor___:   0.600215 [No-unit]
11B  g-factor___:   1.792433 [No-unit]
14N  g-factor___:   0.403761 [No-unit]
15N  g-factor___:  -0.566378 [No-unit]
10B  etc____:	---       	---       	---       	   0.00000
11B  etc____:	---       	---       	---       	   0.00000
14N  etc____:	---       	---       	---       	   0.00000
15N  etc____:	---       	---       	---       	   0.00000
MinDif[A]:	 -10.09682	  -6.49918	  -3.06542
MaxDif[A]:	   8.86455	   6.43687	   0.39733
--------------------------------------------------------------------------------------------------------------------------------------------------------------------------
B         	  -8.86295	  -4.34954	  -3.06542	   0.00000	   0.06098	   0.01525	   0.01525	   0.01525	  -0.01525	   0.00000	   0.01525	   0.00000	  -0.04574
B         	  -8.85887	  -0.03799	  -3.06542	   0.00000	   0.09147	  -0.00000	   0.01525	  -0.00000	  -0.04574	  -0.00000	   0.01525	  -0.00000	  -0.04574
B         	  -8.86220	   4.27457	  -3.06542	   0.00000	   0.06098	  -0.01525	   0.01525	  -0.01525	  -0.01525	  -0.00000	   0.01525	  -0.00000	  -0.03049
B         	  -6.39475	  -4.34894	  -3.06539	   0.00000	   0.04574	   0.03049	   0.04574	   0.03049	  -0.00000	   0.01525	   0.04574	   0.01525	  -0.04574
B         	  -6.38270	  -0.03849	  -3.06539	   0.12196	   0.13721	  -0.03049	   0.09147	  -0.03049	  -0.07623	  -0.00000	   0.09147	  -0.00000	  -0.06098
B         	  -6.39170	   4.27460	  -3.06539	   0.00000	   0.04574	  -0.03049	   0.04574	  -0.03049	  -0.01525	  -0.01525	   0.04574	  -0.01525	  -0.04574
B         	  -4.03224	  -4.33876	  -2.54866	  -0.04574	  -0.00000	   0.09147	   0.10672	   0.09147	   0.07623	   0.07623	   0.10672	   0.07623	  -0.07623
B         	  -3.98699	  -0.03208	  -2.58069	   1.75320	   0.45736	  -0.36588	   0.36588	  -0.36588	  -0.18294	  -0.03049	   0.36588	  -0.03049	  -0.27441
B         	  -4.02609	   4.28386	  -2.55028	  -0.03049	   0.00000	  -0.09147	   0.12196	  -0.09147	   0.06098	  -0.07623	   0.12196	  -0.07623	  -0.06098
B         	  -2.18730	  -4.33803	  -0.91857	   1.31109	  -0.36588	   0.16770	   0.07623	   0.16770	   0.80799	  -0.03049	   0.07623	  -0.03049	  -0.44211
B         	  -2.03615	  -0.04024	  -1.01499	  -0.38113	  -1.41780	  -1.14339	   2.65266	  -1.14339	   0.42687	  -3.41492	   2.65266	  -3.41492	   0.99094
B         	  -2.18086	   4.28708	  -0.92607	   3.71983	   0.18294	  -0.67079	   0.64030	  -0.67079	   0.13721	  -0.42687	   0.64030	  -0.42687	  -0.32015
B         	   0.00000	  -4.33926	   0.08402	  -1.06716	  -0.21343	  -0.00000	   0.00000	  -0.00000	   0.67079	  -0.06098	   0.00000	  -0.06098	  -0.45736
B         	   0.00000	   4.30187	   0.07261	  -0.74701	  -0.53358	   0.00000	  -0.00000	   0.00000	   1.50927	  -0.28966	  -0.00000	  -0.28966	  -0.97569
B         	   2.18730	  -4.33803	  -0.91857	   1.31109	  -0.36588	  -0.16770	  -0.07623	  -0.16770	   0.80799	  -0.03049	  -0.07623	  -0.03049	  -0.44211
B         	   2.03615	  -0.04024	  -1.01499	  -0.38113	  -1.41780	   1.14339	  -2.65266	   1.14339	   0.42687	  -3.41492	  -2.65266	  -3.41492	   0.99094
B         	   2.18086	   4.28708	  -0.92607	   3.71983	   0.18294	   0.67079	  -0.64030	   0.67079	   0.13721	  -0.42687	  -0.64030	  -0.42687	  -0.32015
B         	   4.03224	  -4.33876	  -2.54866	  -0.04574	  -0.00000	  -0.09147	  -0.10672	  -0.09147	   0.07623	   0.07623	  -0.10672	   0.07623	  -0.07623
B         	   3.98699	  -0.03208	  -2.58069	   1.75320	   0.45736	   0.36588	  -0.36588	   0.36588	  -0.18294	  -0.03049	  -0.36588	  -0.03049	  -0.27441
B         	   4.02609	   4.28386	  -2.55028	  -0.03049	   0.00000	   0.09147	  -0.12196	   0.09147	   0.06098	  -0.07623	  -0.12196	  -0.07623	  -0.06098
B         	   6.39475	  -4.34894	  -3.06539	   0.00000	   0.04574	  -0.03049	  -0.04574	  -0.03049	  -0.00000	   0.01525	  -0.04574	   0.01525	  -0.04574
B         	   6.38270	  -0.03849	  -3.06539	   0.12196	   0.13721	   0.03049	  -0.09147	   0.03049	  -0.07623	  -0.00000	  -0.09147	  -0.00000	  -0.06098
B         	   6.39170	   4.27460	  -3.06539	   0.00000	   0.04574	   0.03049	  -0.04574	   0.03049	  -0.01525	  -0.01525	  -0.04574	  -0.01525	  -0.04574
B         	   8.86295	  -4.34954	  -3.06542	   0.00000	   0.06098	  -0.01525	  -0.01525	  -0.01525	  -0.01525	   0.00000	  -0.01525	   0.00000	  -0.04574
B         	   8.85887	  -0.03799	  -3.06542	   0.00000	   0.09147	   0.00000	  -0.01525	   0.00000	  -0.04574	  -0.00000	  -0.01525	  -0.00000	  -0.04574
B         	   8.86220	   4.27457	  -3.06542	   0.00000	   0.06098	   0.01525	  -0.01525	   0.01525	  -0.01525	  -0.00000	  -0.01525	  -0.00000	  -0.03049
B         	 -10.09682	   6.43354	  -3.06542	   0.00000	   0.06098	  -0.00000	   0.00000	  -0.00000	  -0.01525	  -0.00000	   0.00000	  -0.00000	  -0.03049
B         	 -10.09682	  -2.19268	  -3.06542	   0.00000	   0.07623	   0.00000	   0.00000	   0.00000	  -0.03049	   0.00000	   0.00000	   0.00000	  -0.04574
B         	 -10.09682	   2.11617	  -3.06542	   0.00000	   0.07623	  -0.00000	  -0.00000	  -0.00000	  -0.03049	  -0.00000	  -0.00000	  -0.00000	  -0.03049
B         	  -7.62965	   6.43336	  -3.06542	   0.00000	   0.04574	  -0.00000	   0.01525	  -0.00000	  -0.00000	  -0.00000	   0.01525	  -0.00000	  -0.04574
B         	  -7.62475	  -2.19327	  -3.06542	   0.00000	   0.09147	   0.01525	   0.03049	   0.01525	  -0.04574	   0.01525	   0.03049	   0.01525	  -0.04574
B         	  -7.62159	   2.11787	  -3.06542	   0.00000	   0.07623	  -0.01525	   0.03049	  -0.01525	  -0.04574	  -0.01525	   0.03049	  -0.01525	  -0.04574
B         	  -5.15970	   6.43687	  -3.06442	  -0.01525	   0.00000	  -0.00000	   0.04574	  -0.00000	   0.04574	  -0.00000	   0.04574	  -0.00000	  -0.04574
B         	  -5.14893	  -2.18937	  -3.06442	  -0.07623	   0.09147	   0.07623	   0.15245	   0.07623	  -0.04574	   0.04574	   0.15245	   0.04574	  -0.04574
B         	  -5.14233	   2.11848	  -3.06442	   0.04574	   0.09147	  -0.07623	   0.13721	  -0.07623	  -0.06098	  -0.04574	   0.13721	  -0.04574	  -0.03049
B         	  -3.07937	  -6.49918	  -1.78961	   0.18294	  -0.09147	  -0.06098	   0.09147	  -0.06098	   0.21343	  -0.06098	   0.09147	  -0.06098	  -0.12196
B         	  -3.03041	  -2.18524	  -1.82951	  -0.88422	  -0.01525	   0.39637	   0.59456	   0.39637	   0.06098	   0.42687	   0.59456	   0.42687	  -0.06098
B         	  -3.00584	   2.12076	  -1.84597	  -0.47260	   0.07623	  -0.27441	   0.51834	  -0.27441	   0.01525	  -0.24392	   0.51834	  -0.24392	  -0.09147
B         	  -1.18797	  -6.49143	  -0.21625	  -0.04574	  -0.21343	  -0.03049	   0.03049	  -0.03049	   0.45736	  -0.01525	   0.03049	  -0.01525	  -0.22868
B         	  -1.15578	  -2.17075	  -0.21900	  -4.32963	  -1.38731	  -0.64030	   0.36588	  -0.64030	   4.68027	   0.38113	   0.36588	   0.38113	  -3.27772
B         	  -1.14814	   2.13299	  -0.21546	 -11.78453	   2.48497	  -2.25629	   4.10096	  -2.25629	  -0.50309	  -0.82324	   4.10096	  -0.82324	  -1.98187
B         	   1.18797	  -6.49143	  -0.21625	  -0.04574	  -0.21343	   0.03049	  -0.03049	   0.03049	   0.45736	  -0.01525	  -0.03049	  -0.01525	  -0.22868
B         	   1.15579	  -2.17075	  -0.21900	  -4.32963	  -1.38731	   0.64030	  -0.36588	   0.64030	   4.68027	   0.38113	  -0.36588	   0.38113	  -3.27772
B         	   1.14815	   2.13299	  -0.21547	 -11.78453	   2.48497	   2.25629	  -4.10096	   2.25629	  -0.50309	  -0.82324	  -4.10096	  -0.82324	  -1.98187
B         	   3.07937	  -6.49918	  -1.78961	   0.18294	  -0.09147	   0.06098	  -0.09147	   0.06098	   0.21343	  -0.06098	  -0.09147	  -0.06098	  -0.12196
B         	   3.03041	  -2.18524	  -1.82951	  -0.88422	  -0.01525	  -0.39637	  -0.59456	  -0.39637	   0.06098	   0.42687	  -0.59456	   0.42687	  -0.06098
B         	   3.00584	   2.12076	  -1.84597	  -0.47260	   0.07623	   0.27441	  -0.51834	   0.27441	   0.01525	  -0.24392	  -0.51834	  -0.24392	  -0.09147
B         	   5.15970	   6.43687	  -3.06442	  -0.01525	   0.00000	   0.00000	  -0.04574	   0.00000	   0.04574	  -0.00000	  -0.04574	  -0.00000	  -0.04574
B         	   5.14893	  -2.18937	  -3.06442	  -0.07623	   0.09147	  -0.07623	  -0.15245	  -0.07623	  -0.04574	   0.04574	  -0.15245	   0.04574	  -0.04574
B         	   5.14234	   2.11848	  -3.06442	   0.04574	   0.09147	   0.07623	  -0.13721	   0.07623	  -0.06098	  -0.04574	  -0.13721	  -0.04574	  -0.03049
B         	   7.62965	   6.43336	  -3.06542	   0.00000	   0.04574	   0.00000	  -0.01525	   0.00000	  -0.00000	  -0.00000	  -0.01525	  -0.00000	  -0.04574
B         	   7.62475	  -2.19327	  -3.06542	   0.00000	   0.09147	  -0.01525	  -0.03049	  -0.01525	  -0.04574	   0.01525	  -0.03049	   0.01525	  -0.04574
B         	   7.62159	   2.11787	  -3.06542	   0.00000	   0.07623	   0.01525	  -0.03049	   0.01525	  -0.04574	  -0.01525	  -0.03049	  -0.01525	  -0.04574
N         	  -8.86304	  -2.91409	  -3.06542	   0.00000	   0.07623	   0.01525	   0.01525	   0.01525	  -0.03049	   0.00000	   0.01525	   0.00000	  -0.04574
N         	  -8.86072	   1.39751	  -3.06542	   0.00000	   0.07623	  -0.00000	   0.01525	  -0.00000	  -0.04574	  -0.00000	   0.01525	  -0.00000	  -0.04574
N         	  -8.86455	   5.71081	  -3.06542	   0.00000	   0.04574	  -0.00000	   0.01525	  -0.00000	  -0.01525	  -0.00000	   0.01525	  -0.00000	  -0.03049
N         	  -6.39483	  -2.91244	  -3.06539	   0.06098	   0.09147	   0.04574	   0.07623	   0.04574	  -0.04574	   0.03049	   0.07623	   0.03049	  -0.04574
N         	  -6.38861	   1.39912	  -3.06539	   0.00000	   0.10672	  -0.03049	   0.09147	  -0.03049	  -0.06098	  -0.01525	   0.09147	  -0.01525	  -0.03049
N         	  -6.39954	   5.71216	  -3.06539	   0.00000	   0.03049	  -0.01525	   0.03049	  -0.01525	   0.00000	  -0.00000	   0.03049	  -0.00000	  -0.03049
N         	  -3.97582	  -2.91086	  -2.65759	   0.67079	   0.22868	   0.27441	   0.18294	   0.27441	  -0.06098	   0.12196	   0.18294	   0.12196	  -0.16770
N         	  -3.95552	   1.40692	  -2.67330	   0.45736	   0.19819	  -0.03049	   0.19819	  -0.03049	  -0.25917	  -0.10672	   0.19819	  -0.10672	   0.07623
N         	  -3.98578	   5.71842	  -2.64504	   0.03049	  -0.03049	  -0.01525	   0.07623	  -0.01525	   0.10672	  -0.03049	   0.07623	  -0.03049	  -0.07623
N         	  -2.20355	  -2.91176	  -0.92282	  19.55957	  -1.31109	   2.98806	   2.28678	   2.98806	   1.49403	   3.70458	   2.28678	   3.70458	  -0.18294
N         	  -2.09295	   1.40981	  -1.01666	   7.02803	   1.92089	   1.21961	   2.01236	   1.21961	   0.12196	   1.53976	   2.01236	   1.53976	  -2.04285
N         	  -2.22334	   5.72452	  -0.90126	   1.53976	  -0.28966	  -0.28966	   0.10672	  -0.28966	   0.65554	  -0.18294	   0.10672	  -0.18294	  -0.36588
N         	   0.00000	  -2.93279	   0.20189	  -4.42110	   2.85085	  -0.00000	  -0.00000	  -0.00000	  -0.16770	  -0.28966	  -0.00000	  -0.28966	  -2.69840
N         	   0.00000	   5.73257	   0.16923	   0.21343	  -0.36588	  -0.00000	   0.00000	  -0.00000	   0.76226	   0.10672	   0.00000	   0.10672	  -0.39637
N         	   2.20355	  -2.91176	  -0.92282	  19.55957	  -1.31109	  -2.98806	  -2.28678	  -2.98806	   1.49403	   3.70458	  -2.28678	   3.70458	  -0.18294
N         	   2.09295	   1.40981	  -1.01666	   7.02803	   1.92089	  -1.21961	  -2.01236	  -1.21961	   0.12196	   1.53976	  -2.01236	   1.53976	  -2.04285
N         	   2.22334	   5.72452	  -0.90126	   1.53976	  -0.28966	   0.28966	  -0.10672	   0.28966	   0.65554	  -0.18294	  -0.10672	  -0.18294	  -0.36588
N         	   3.97582	  -2.91086	  -2.65759	   0.67079	   0.22868	  -0.27441	  -0.18294	  -0.27441	  -0.06098	   0.12196	  -0.18294	   0.12196	  -0.16770
N         	   3.95552	   1.40692	  -2.67330	   0.45736	   0.19819	   0.03049	  -0.19819	   0.03049	  -0.25917	  -0.10672	  -0.19819	  -0.10672	   0.07623
N         	   3.98578	   5.71842	  -2.64504	   0.03049	  -0.03049	   0.01525	  -0.07623	   0.01525	   0.10672	  -0.03049	  -0.07623	  -0.03049	  -0.07623
N         	   6.39483	  -2.91244	  -3.06539	   0.06098	   0.09147	  -0.04574	  -0.07623	  -0.04574	  -0.04574	   0.03049	  -0.07623	   0.03049	  -0.04574
N         	   6.38861	   1.39912	  -3.06539	   0.00000	   0.10672	   0.03049	  -0.09147	   0.03049	  -0.06098	  -0.01525	  -0.09147	  -0.01525	  -0.03049
N         	   6.39954	   5.71216	  -3.06539	   0.00000	   0.03049	   0.01525	  -0.03049	   0.01525	   0.00000	  -0.00000	  -0.03049	  -0.00000	  -0.03049
N         	   8.86303	  -2.91409	  -3.06542	   0.00000	   0.07623	  -0.01525	  -0.01525	  -0.01525	  -0.03049	   0.00000	  -0.01525	   0.00000	  -0.04574
N         	   8.86072	   1.39751	  -3.06542	   0.00000	   0.07623	   0.00000	  -0.01525	   0.00000	  -0.04574	  -0.00000	  -0.01525	  -0.00000	  -0.04574
N         	   8.86455	   5.71081	  -3.06542	   0.00000	   0.04574	   0.00000	  -0.01525	   0.00000	  -0.01525	  -0.00000	  -0.01525	  -0.00000	  -0.03049
N         	 -10.09682	  -5.07214	  -3.06542	   0.00000	   0.06098	   0.00000	   0.00000	   0.00000	  -0.01525	   0.00000	   0.00000	   0.00000	  -0.03049
N         	 -10.09682	  -0.75741	  -3.06542	   0.00000	   0.09147	   0.00000	  -0.00000	   0.00000	  -0.04574	   0.00000	  -0.00000	   0.00000	  -0.04574
N         	 -10.09682	   3.55283	  -3.06542	   0.00000	   0.06098	  -0.00000	   0.00000	  -0.00000	  -0.03049	  -0.00000	   0.00000	  -0.00000	  -0.03049
N         	  -7.63161	  -5.07188	  -3.06542	  -0.00000	   0.04574	   0.01525	   0.01525	   0.01525	  -0.01525	   0.00000	   0.01525	   0.00000	  -0.04574
N         	  -7.62478	  -0.75752	  -3.06542	   0.06098	   0.12196	   0.01525	   0.04574	   0.01525	  -0.06098	   0.00000	   0.04574	   0.00000	  -0.04574
N         	  -7.62870	   3.55409	  -3.06542	   0.00000	   0.06098	  -0.01525	   0.03049	  -0.01525	  -0.03049	  -0.01525	   0.03049	  -0.01525	  -0.03049
N         	  -5.16363	  -5.06995	  -3.06442	   0.01525	   0.00000	   0.04574	   0.06098	   0.04574	   0.03049	   0.03049	   0.06098	   0.03049	  -0.03049
N         	  -5.14732	  -0.75378	  -3.06442	   0.73177	   0.41162	   0.12196	   0.12196	   0.12196	  -0.22868	   0.01525	   0.12196	   0.01525	  -0.16770
N         	  -5.15706	   3.55690	  -3.06442	   0.00000	   0.03049	  -0.06098	   0.09147	  -0.06098	  -0.01525	  -0.04574	   0.09147	  -0.04574	  -0.01525
N         	  -3.06855	  -5.06560	  -1.79081	   0.91471	  -0.13721	   0.27441	   0.16770	   0.27441	   0.38113	   0.19819	   0.16770	   0.19819	  -0.24392
N         	  -2.97950	  -0.75079	  -1.88310	  17.62344	  -0.79275	   1.11290	   4.02473	   1.11290	  -2.72889	   1.84467	   4.02473	   1.84467	   3.52164
N         	  -3.04229	   3.56345	  -1.81386	  -0.09147	   0.01525	  -0.28966	   0.21343	  -0.28966	   0.13721	  -0.12196	   0.21343	  -0.12196	  -0.13721
N         	  -1.23180	  -5.06651	  -0.13351	   0.10672	  -0.09147	   0.15245	   0.09147	   0.15245	   0.47260	   0.00000	   0.09147	   0.00000	  -0.38113
N         	  -1.23170	   3.58422	  -0.13040	  35.62800	  -3.56737	  -3.12526	   0.92996	  -3.12526	   7.08901	  -3.68934	   0.92996	  -3.68934	  -3.52164
N         	   1.23180	  -5.06651	  -0.13351	   0.10672	  -0.09147	  -0.15245	  -0.09147	  -0.15245	   0.47260	   0.00000	  -0.09147	   0.00000	  -0.38113
N         	   1.23170	   3.58422	  -0.13040	  35.62800	  -3.56737	   3.12526	  -0.92996	   3.12526	   7.08901	  -3.68934	  -0.92996	  -3.68934	  -3.52164
N         	   3.06855	  -5.06560	  -1.79081	   0.91471	  -0.13721	  -0.27441	  -0.16770	  -0.27441	   0.38113	   0.19819	  -0.16770	   0.19819	  -0.24392
N         	   2.97950	  -0.75079	  -1.88310	  17.62344	  -0.79275	  -1.11290	  -4.02473	  -1.11290	  -2.72889	   1.84467	  -4.02473	   1.84467	   3.52164
N         	   3.04229	   3.56345	  -1.81386	  -0.09147	   0.01525	   0.28966	  -0.21343	   0.28966	   0.13721	  -0.12196	  -0.21343	  -0.12196	  -0.13721
N         	   5.16363	  -5.06995	  -3.06442	   0.01525	   0.00000	  -0.04574	  -0.06098	  -0.04574	   0.03049	   0.03049	  -0.06098	   0.03049	  -0.03049
N         	   5.14732	  -0.75378	  -3.06442	   0.73177	   0.41162	  -0.12196	  -0.12196	  -0.12196	  -0.22868	   0.01525	  -0.12196	   0.01525	  -0.16770
N         	   5.15706	   3.55690	  -3.06442	   0.00000	   0.03049	   0.06098	  -0.09147	   0.06098	  -0.01525	  -0.04574	  -0.09147	  -0.04574	  -0.01525
N         	   7.63161	  -5.07188	  -3.06542	  -0.00000	   0.04574	  -0.01525	  -0.01525	  -0.01525	  -0.01525	   0.00000	  -0.01525	   0.00000	  -0.04574
N         	   7.62478	  -0.75752	  -3.06542	   0.06098	   0.12196	  -0.01525	  -0.04574	  -0.01525	  -0.06098	   0.00000	  -0.04574	   0.00000	  -0.04574
N         	   7.62870	   3.55409	  -3.06542	   0.00000	   0.06098	   0.01525	  -0.03049	   0.01525	  -0.03049	  -0.01525	  -0.03049	  -0.01525	  -0.03049
N         	   1.19143	  -0.78258	  -0.19866	 296.15299	  73.32935	 -68.25270	 -43.78417	 -68.25270	 -29.39272	  25.13931	 -43.78417	  25.13931	 -43.93663
N         	  -1.19143	  -0.78258	  -0.19866	 296.15299	  73.32935	  68.25270	  43.78417	  68.25270	 -29.39272	  25.13931	  43.78417	  25.13931	 -43.93663
N         	   0.00000	   1.56516	   0.39733	 175.24342	 -99.45959	   0.00000	  -0.00000	   0.00000	 168.07818	  81.02816	  -0.00000	  81.02816	 -68.60334
