--------------------------------------------------------------------------------------------------------------------------------------------------------------------------
  AtomName	    r_1i_X	    r_1i_Y	    r_1i_Z	     EFGxx	     EFGxy	     EFGxz	     EFGyx	     EFGyy	     EFGyz	     EFGzx	     EFGzy	     EFGzz	[Hatree/Bohr_radius^2]
--------------------------------------------------------------------------------------------------------------------------------------------------------------------------
10B  eQ___:	  8.459000	[Q/milibarn]*(10^-1)
11B  eQ___:	  4.059000	[Q/milibarn]*(10^-1)
14N  eQ___:	  2.044000	[Q/milibarn]*(10^-1)
15N  eQ___:	  0.000000	[Q/milibarn]*(10^-1)
10B  etc____:	---       	---       	---       	  -0.19763	   0.00000	  -0.00000	   0.00000	  -0.19388	   0.00040	  -0.00000	   0.00040	   0.39151
11B  etc____:	---       	---       	---       	  -0.19763	   0.00000	  -0.00000	   0.00000	  -0.19388	   0.00040	  -0.00000	   0.00040	   0.39151
14N  etc____:	---       	---       	---       	  -0.03669	  -0.00000	  -0.00000	  -0.00000	   0.00549	  -0.00011	  -0.00000	  -0.00011	   0.03120
15N  etc____:	---       	---       	---       	  -0.03669	  -0.00000	  -0.00000	  -0.00000	   0.00549	  -0.00011	  -0.00000	  -0.00011	   0.03120
MinDif[A]:	 -10.09682	  -6.49918	  -3.06542
MaxDif[A]:	   8.86455	   6.43687	   0.39733
--------------------------------------------------------------------------------------------------------------------------------------------------------------------------
B         	  -8.86295	  -4.34954	  -3.06542	  -0.19703	   0.00254	   0.00051	   0.00254	  -0.19446	  -0.00005	   0.00051	  -0.00005	   0.39148
B         	  -8.85887	  -0.03799	  -3.06542	  -0.19797	   0.00353	   0.00050	   0.00353	  -0.19317	  -0.00005	   0.00050	  -0.00005	   0.39113
B         	  -8.86220	   4.27457	  -3.06542	  -0.19817	   0.00219	   0.00052	   0.00219	  -0.19310	  -0.00004	   0.00052	  -0.00004	   0.39127
B         	  -6.39475	  -4.34894	  -3.06539	  -0.19342	   0.00564	   0.00588	   0.00564	  -0.19632	  -0.00202	   0.00588	  -0.00202	   0.38974
B         	  -6.38270	  -0.03849	  -3.06539	  -0.19698	   0.00908	   0.00497	   0.00908	  -0.19277	  -0.00144	   0.00497	  -0.00144	   0.38974
B         	  -6.39170	   4.27460	  -3.06539	  -0.19644	   0.00552	   0.00546	   0.00552	  -0.19351	  -0.00176	   0.00546	  -0.00176	   0.38994
B         	  -4.03224	  -4.33876	  -2.54866	  -0.02379	  -0.01981	  -0.25934	  -0.01981	  -0.20466	   0.06450	  -0.25934	   0.06450	   0.22847
B         	  -3.98699	  -0.03208	  -2.58069	  -0.05775	   0.00010	  -0.24888	   0.00010	  -0.19156	   0.06193	  -0.24888	   0.06193	   0.24932
B         	  -4.02609	   4.28386	  -2.55028	  -0.03734	  -0.01536	  -0.26187	  -0.01536	  -0.19694	   0.05745	  -0.26187	   0.05745	   0.23427
B         	  -2.18730	  -4.33803	  -0.91857	   0.08683	   0.01506	  -0.27984	   0.01506	  -0.21452	  -0.00516	  -0.27984	  -0.00516	   0.12769
B         	  -2.03615	  -0.04024	  -1.01499	   0.06840	   0.05286	  -0.27956	   0.05286	  -0.17721	   0.03953	  -0.27956	   0.03953	   0.10881
B         	  -2.18086	   4.28708	  -0.92607	   0.08074	   0.02527	  -0.29224	   0.02527	  -0.18872	  -0.01432	  -0.29224	  -0.01432	   0.10797
B         	   0.00000	  -4.33926	   0.08402	  -0.15665	  -0.00000	   0.00000	  -0.00000	  -0.23652	  -0.07463	   0.00000	  -0.07463	   0.39317
B         	   0.00000	   4.30187	   0.07261	  -0.19294	  -0.00000	   0.00000	  -0.00000	  -0.20439	  -0.06649	   0.00000	  -0.06649	   0.39733
B         	   2.18730	  -4.33803	  -0.91857	   0.08683	  -0.01506	   0.27984	  -0.01506	  -0.21452	  -0.00516	   0.27984	  -0.00516	   0.12769
B         	   2.03615	  -0.04024	  -1.01499	   0.06840	  -0.05286	   0.27956	  -0.05286	  -0.17721	   0.03953	   0.27956	   0.03953	   0.10881
B         	   2.18086	   4.28708	  -0.92607	   0.08074	  -0.02527	   0.29224	  -0.02527	  -0.18872	  -0.01432	   0.29224	  -0.01432	   0.10797
B         	   4.03224	  -4.33876	  -2.54866	  -0.02379	   0.01981	   0.25934	   0.01981	  -0.20466	   0.06450	   0.25934	   0.06450	   0.22847
B         	   3.98699	  -0.03208	  -2.58069	  -0.05775	  -0.00010	   0.24888	  -0.00010	  -0.19156	   0.06193	   0.24888	   0.06193	   0.24932
B         	   4.02609	   4.28386	  -2.55028	  -0.03734	   0.01536	   0.26187	   0.01536	  -0.19694	   0.05745	   0.26187	   0.05745	   0.23427
B         	   6.39475	  -4.34894	  -3.06539	  -0.19342	  -0.00564	  -0.00588	  -0.00564	  -0.19632	  -0.00202	  -0.00588	  -0.00202	   0.38974
B         	   6.38270	  -0.03849	  -3.06539	  -0.19698	  -0.00908	  -0.00497	  -0.00908	  -0.19277	  -0.00144	  -0.00497	  -0.00144	   0.38974
B         	   6.39170	   4.27460	  -3.06539	  -0.19644	  -0.00552	  -0.00546	  -0.00552	  -0.19351	  -0.00176	  -0.00546	  -0.00176	   0.38994
B         	   8.86295	  -4.34954	  -3.06542	  -0.19703	  -0.00254	  -0.00051	  -0.00254	  -0.19446	  -0.00005	  -0.00051	  -0.00005	   0.39148
B         	   8.85887	  -0.03799	  -3.06542	  -0.19797	  -0.00353	  -0.00050	  -0.00353	  -0.19317	  -0.00005	  -0.00050	  -0.00005	   0.39113
B         	   8.86220	   4.27457	  -3.06542	  -0.19817	  -0.00219	  -0.00052	  -0.00219	  -0.19310	  -0.00004	  -0.00052	  -0.00004	   0.39127
B         	 -10.09682	   6.43354	  -3.06542	  -0.19763	   0.00000	  -0.00000	   0.00000	  -0.19388	   0.00040	  -0.00000	   0.00040	   0.39151
B         	 -10.09682	  -2.19268	  -3.06542	  -0.19742	   0.00000	  -0.00000	   0.00000	  -0.19403	   0.00038	  -0.00000	   0.00038	   0.39145
B         	 -10.09682	   2.11617	  -3.06542	  -0.19926	   0.00000	   0.00000	   0.00000	  -0.19182	   0.00038	   0.00000	   0.00038	   0.39109
B         	  -7.62965	   6.43336	  -3.06542	  -0.19724	   0.00467	   0.00400	   0.00467	  -0.19308	  -0.00326	   0.00400	  -0.00326	   0.39032
B         	  -7.62475	  -2.19327	  -3.06542	  -0.19740	   0.00693	   0.00380	   0.00693	  -0.19290	  -0.00314	   0.00380	  -0.00314	   0.39030
B         	  -7.62159	   2.11787	  -3.06542	  -0.19808	   0.00676	   0.00368	   0.00676	  -0.19189	  -0.00305	   0.00368	  -0.00305	   0.38998
B         	  -5.15970	   6.43687	  -3.06442	  -0.17386	  -0.00529	  -0.09610	  -0.00529	  -0.20056	   0.04808	  -0.09610	   0.04808	   0.37442
B         	  -5.14893	  -2.18937	  -3.06442	  -0.17378	   0.00047	  -0.09269	   0.00047	  -0.20035	   0.04833	  -0.09269	   0.04833	   0.37414
B         	  -5.14233	   2.11848	  -3.06442	  -0.18147	   0.00130	  -0.09141	   0.00130	  -0.19382	   0.04573	  -0.09141	   0.04573	   0.37529
B         	  -3.07937	  -6.49918	  -1.78961	   0.10460	   0.00419	  -0.28726	   0.00419	  -0.19843	   0.01160	  -0.28726	   0.01160	   0.09384
B         	  -3.03041	  -2.18524	  -1.82951	   0.10285	  -0.00608	  -0.28066	  -0.00608	  -0.20099	   0.04194	  -0.28066	   0.04194	   0.09814
B         	  -3.00584	   2.12076	  -1.84597	   0.06294	   0.02724	  -0.29072	   0.02724	  -0.18189	   0.00533	  -0.29072	   0.00533	   0.11896
B         	  -1.18797	  -6.49143	  -0.21625	  -0.06935	   0.02552	  -0.22794	   0.02552	  -0.21147	  -0.05399	  -0.22794	  -0.05399	   0.28082
B         	  -1.15578	  -2.17075	  -0.21900	  -0.01445	   0.03562	  -0.20970	   0.03562	  -0.25536	  -0.01324	  -0.20970	  -0.01324	   0.26981
B         	  -1.14814	   2.13299	  -0.21546	  -0.05337	   0.03553	  -0.27807	   0.03553	  -0.15758	  -0.05924	  -0.27807	  -0.05924	   0.21094
B         	   1.18797	  -6.49143	  -0.21625	  -0.06935	  -0.02552	   0.22794	  -0.02552	  -0.21147	  -0.05399	   0.22794	  -0.05399	   0.28082
B         	   1.15579	  -2.17075	  -0.21900	  -0.01445	  -0.03562	   0.20970	  -0.03562	  -0.25536	  -0.01324	   0.20970	  -0.01324	   0.26981
B         	   1.14815	   2.13299	  -0.21547	  -0.05337	  -0.03553	   0.27807	  -0.03553	  -0.15758	  -0.05924	   0.27807	  -0.05924	   0.21094
B         	   3.07937	  -6.49918	  -1.78961	   0.10460	  -0.00419	   0.28726	  -0.00419	  -0.19844	   0.01160	   0.28726	   0.01160	   0.09384
B         	   3.03041	  -2.18524	  -1.82951	   0.10285	   0.00608	   0.28066	   0.00608	  -0.20099	   0.04194	   0.28066	   0.04194	   0.09814
B         	   3.00584	   2.12076	  -1.84597	   0.06294	  -0.02724	   0.29072	  -0.02724	  -0.18189	   0.00533	   0.29072	   0.00533	   0.11896
B         	   5.15970	   6.43687	  -3.06442	  -0.17386	   0.00529	   0.09610	   0.00529	  -0.20056	   0.04808	   0.09610	   0.04808	   0.37442
B         	   5.14893	  -2.18937	  -3.06442	  -0.17378	  -0.00047	   0.09269	  -0.00047	  -0.20035	   0.04833	   0.09269	   0.04833	   0.37414
B         	   5.14234	   2.11848	  -3.06442	  -0.18147	  -0.00130	   0.09141	  -0.00130	  -0.19382	   0.04573	   0.09141	   0.04573	   0.37529
B         	   7.62965	   6.43336	  -3.06542	  -0.19724	  -0.00467	  -0.00400	  -0.00467	  -0.19308	  -0.00326	  -0.00400	  -0.00326	   0.39032
B         	   7.62475	  -2.19327	  -3.06542	  -0.19740	  -0.00693	  -0.00380	  -0.00693	  -0.19290	  -0.00314	  -0.00380	  -0.00314	   0.39030
B         	   7.62159	   2.11787	  -3.06542	  -0.19808	  -0.00675	  -0.00368	  -0.00675	  -0.19189	  -0.00305	  -0.00368	  -0.00305	   0.38998
N         	  -8.86304	  -2.91409	  -3.06542	  -0.03151	  -0.00013	   0.00438	  -0.00013	   0.00308	   0.00062	   0.00438	   0.00062	   0.02842
N         	  -8.86072	   1.39751	  -3.06542	  -0.02621	  -0.00123	   0.00422	  -0.00123	  -0.00292	   0.00065	   0.00422	   0.00065	   0.02914
N         	  -8.86455	   5.71081	  -3.06542	  -0.03652	  -0.00160	   0.00461	  -0.00160	   0.00486	   0.00065	   0.00461	   0.00065	   0.03166
N         	  -6.39483	  -2.91244	  -3.06539	  -0.02615	   0.00496	  -0.07761	   0.00496	   0.00740	  -0.02165	  -0.07761	  -0.02165	   0.01875
N         	  -6.38861	   1.39912	  -3.06539	  -0.01834	  -0.00192	  -0.07614	  -0.00192	  -0.00154	  -0.02131	  -0.07614	  -0.02131	   0.01988
N         	  -6.39954	   5.71216	  -3.06539	  -0.02908	  -0.00086	  -0.08186	  -0.00086	   0.00711	  -0.02199	  -0.08186	  -0.02199	   0.02198
N         	  -3.97582	  -2.91086	  -2.65759	  -0.06025	  -0.03931	   0.03735	  -0.03931	   0.01235	   0.03909	   0.03735	   0.03909	   0.04790
N         	  -3.95552	   1.40692	  -2.67330	  -0.05332	  -0.03315	   0.05339	  -0.03315	   0.00242	   0.02965	   0.05339	   0.02965	   0.05090
N         	  -3.98578	   5.71842	  -2.64504	  -0.06849	  -0.03893	   0.04168	  -0.03893	   0.01192	   0.03526	   0.04168	   0.03526	   0.05658
N         	  -2.20355	  -2.91176	  -0.92282	  -0.06247	   0.01826	  -0.00579	   0.01826	   0.00637	  -0.01842	  -0.00579	  -0.01842	   0.05610
N         	  -2.09295	   1.40981	  -1.01666	  -0.02774	   0.00927	   0.01807	   0.00927	  -0.01867	   0.00345	   0.01807	   0.00345	   0.04641
N         	  -2.22334	   5.72452	  -0.90126	  -0.05287	   0.02637	   0.00482	   0.02637	   0.00143	  -0.02763	   0.00482	  -0.02763	   0.05145
N         	   0.00000	  -2.93279	   0.20189	   0.01477	   0.00000	  -0.00000	   0.00000	   0.00471	  -0.12156	  -0.00000	  -0.12156	  -0.01948
N         	   0.00000	   5.73257	   0.16923	   0.02398	   0.00000	  -0.00000	   0.00000	   0.01104	  -0.12470	  -0.00000	  -0.12470	  -0.03502
N         	   2.20355	  -2.91176	  -0.92282	  -0.06247	  -0.01826	   0.00579	  -0.01826	   0.00637	  -0.01842	   0.00579	  -0.01842	   0.05610
N         	   2.09295	   1.40981	  -1.01666	  -0.02774	  -0.00927	  -0.01807	  -0.00927	  -0.01867	   0.00345	  -0.01807	   0.00345	   0.04641
N         	   2.22334	   5.72452	  -0.90126	  -0.05287	  -0.02637	  -0.00482	  -0.02637	   0.00143	  -0.02763	  -0.00482	  -0.02763	   0.05144
N         	   3.97582	  -2.91086	  -2.65759	  -0.06025	   0.03931	  -0.03735	   0.03931	   0.01235	   0.03909	  -0.03735	   0.03909	   0.04790
N         	   3.95552	   1.40692	  -2.67330	  -0.05332	   0.03315	  -0.05339	   0.03315	   0.00242	   0.02965	  -0.05339	   0.02965	   0.05090
N         	   3.98578	   5.71842	  -2.64504	  -0.06849	   0.03893	  -0.04168	   0.03893	   0.01192	   0.03526	  -0.04168	   0.03526	   0.05658
N         	   6.39483	  -2.91244	  -3.06539	  -0.02615	  -0.00496	   0.07761	  -0.00496	   0.00740	  -0.02164	   0.07761	  -0.02164	   0.01875
N         	   6.38861	   1.39912	  -3.06539	  -0.01834	   0.00192	   0.07614	   0.00192	  -0.00154	  -0.02131	   0.07614	  -0.02131	   0.01988
N         	   6.39954	   5.71216	  -3.06539	  -0.02908	   0.00087	   0.08186	   0.00087	   0.00711	  -0.02199	   0.08186	  -0.02199	   0.02198
N         	   8.86303	  -2.91409	  -3.06542	  -0.03151	   0.00013	  -0.00438	   0.00013	   0.00309	   0.00062	  -0.00438	   0.00062	   0.02842
N         	   8.86072	   1.39751	  -3.06542	  -0.02621	   0.00125	  -0.00422	   0.00125	  -0.00292	   0.00065	  -0.00422	   0.00065	   0.02914
N         	   8.86455	   5.71081	  -3.06542	  -0.03652	   0.00160	  -0.00461	   0.00160	   0.00486	   0.00065	  -0.00461	   0.00065	   0.03166
N         	 -10.09682	  -5.07214	  -3.06542	  -0.03669	  -0.00000	  -0.00000	  -0.00000	   0.00549	  -0.00011	  -0.00000	  -0.00011	   0.03120
N         	 -10.09682	  -0.75741	  -3.06542	  -0.02644	  -0.00000	   0.00000	  -0.00000	  -0.00158	  -0.00011	   0.00000	  -0.00011	   0.02801
N         	 -10.09682	   3.55283	  -3.06542	  -0.03332	  -0.00000	  -0.00000	  -0.00000	   0.00131	  -0.00008	  -0.00000	  -0.00008	   0.03201
N         	  -7.63161	  -5.07188	  -3.06542	  -0.03484	  -0.00062	  -0.00130	  -0.00062	   0.00493	   0.00028	  -0.00130	   0.00028	   0.02991
N         	  -7.62478	  -0.75752	  -3.06542	  -0.02449	  -0.00038	  -0.00173	  -0.00038	  -0.00271	   0.00026	  -0.00173	   0.00026	   0.02721
N         	  -7.62870	   3.55409	  -3.06542	  -0.03040	  -0.00493	  -0.00139	  -0.00493	  -0.00086	   0.00037	  -0.00139	   0.00037	   0.03127
N         	  -5.16363	  -5.06995	  -3.06442	  -0.01578	  -0.02305	  -0.03399	  -0.02305	   0.01081	   0.12795	  -0.03399	   0.12795	   0.00497
N         	  -5.14732	  -0.75378	  -3.06442	  -0.00583	  -0.01799	  -0.02566	  -0.01799	   0.00179	   0.11879	  -0.02566	   0.11879	   0.00403
N         	  -5.15706	   3.55690	  -3.06442	  -0.01033	  -0.02710	  -0.03227	  -0.02710	   0.00521	   0.12056	  -0.03227	   0.12056	   0.00512
N         	  -3.06855	  -5.06560	  -1.79081	  -0.06664	  -0.02478	  -0.01752	  -0.02478	   0.01077	   0.02192	  -0.01752	   0.02192	   0.05587
N         	  -2.97950	  -0.75079	  -1.88310	  -0.04632	  -0.01816	   0.00115	  -0.01816	   0.00114	   0.01767	   0.00115	   0.01767	   0.04518
N         	  -3.04229	   3.56345	  -1.81386	  -0.07445	  -0.03561	  -0.01157	  -0.03561	   0.00743	   0.02774	  -0.01157	   0.02774	   0.06702
N         	  -1.23180	  -5.06651	  -0.13351	  -0.02110	   0.03743	   0.02667	   0.03743	   0.01269	  -0.08322	   0.02667	  -0.08322	   0.00841
N         	  -1.23170	   3.58422	  -0.13040	  -0.01160	   0.04867	   0.03065	   0.04867	   0.03818	  -0.09475	   0.03065	  -0.09475	  -0.02658
N         	   1.23180	  -5.06651	  -0.13351	  -0.02110	  -0.03743	  -0.02667	  -0.03743	   0.01269	  -0.08322	  -0.02667	  -0.08322	   0.00841
N         	   1.23170	   3.58422	  -0.13040	  -0.01160	  -0.04867	  -0.03065	  -0.04867	   0.03818	  -0.09475	  -0.03065	  -0.09475	  -0.02658
N         	   3.06855	  -5.06560	  -1.79081	  -0.06664	   0.02478	   0.01752	   0.02478	   0.01077	   0.02192	   0.01752	   0.02192	   0.05587
N         	   2.97950	  -0.75079	  -1.88310	  -0.04632	   0.01816	  -0.00115	   0.01816	   0.00114	   0.01767	  -0.00115	   0.01767	   0.04518
N         	   3.04229	   3.56345	  -1.81386	  -0.07445	   0.03561	   0.01157	   0.03561	   0.00743	   0.02774	   0.01157	   0.02774	   0.06702
N         	   5.16363	  -5.06995	  -3.06442	  -0.01578	   0.02305	   0.03399	   0.02305	   0.01081	   0.12795	   0.03399	   0.12795	   0.00497
N         	   5.14732	  -0.75378	  -3.06442	  -0.00583	   0.01798	   0.02566	   0.01798	   0.00179	   0.11879	   0.02566	   0.11879	   0.00403
N         	   5.15706	   3.55690	  -3.06442	  -0.01033	   0.02709	   0.03227	   0.02709	   0.00521	   0.12056	   0.03227	   0.12056	   0.00512
N         	   7.63161	  -5.07188	  -3.06542	  -0.03484	   0.00061	   0.00130	   0.00061	   0.00493	   0.00028	   0.00130	   0.00028	   0.02991
N         	   7.62478	  -0.75752	  -3.06542	  -0.02449	   0.00038	   0.00173	   0.00038	  -0.00271	   0.00026	   0.00173	   0.00026	   0.02721
N         	   7.62870	   3.55409	  -3.06542	  -0.03040	   0.00493	   0.00139	   0.00493	  -0.00086	   0.00037	   0.00139	   0.00037	   0.03127
N         	   1.19143	  -0.78258	  -0.19866	   0.35204	  -0.21508	   0.02447	  -0.21508	  -0.15437	  -0.06764	   0.02447	  -0.06764	  -0.19768
N         	  -1.19143	  -0.78258	  -0.19866	   0.35204	   0.21508	  -0.02447	   0.21508	  -0.15437	  -0.06764	  -0.02447	  -0.06764	  -0.19768
N         	   0.00000	   1.56516	   0.39733	  -0.29806	   0.00000	  -0.00000	   0.00000	   0.57797	   0.33844	  -0.00000	   0.33844	  -0.27991
