--------------------------------------------------------------------------------------------------------------------------------------------------------------------------
  AtomName	    r_1i_X	    r_1i_Y	    r_1i_Z	     EFGxx	     EFGxy	     EFGxz	     EFGyx	     EFGyy	     EFGyz	     EFGzx	     EFGzy	     EFGzz	[Hatree/Bohr_radius^2]
--------------------------------------------------------------------------------------------------------------------------------------------------------------------------
10B  eQ___:	  8.459000	[Q/milibarn]*(10^-1)
11B  eQ___:	  4.059000	[Q/milibarn]*(10^-1)
14N  eQ___:	  2.044000	[Q/milibarn]*(10^-1)
15N  eQ___:	  0.000000	[Q/milibarn]*(10^-1)
10B  etc____:	---       	---       	---       	  -0.19763	   0.00000	  -0.00000	   0.00000	  -0.19388	   0.00040	  -0.00000	   0.00040	   0.39151
11B  etc____:	---       	---       	---       	  -0.19763	   0.00000	  -0.00000	   0.00000	  -0.19388	   0.00040	  -0.00000	   0.00040	   0.39151
14N  etc____:	---       	---       	---       	  -0.03669	  -0.00000	  -0.00000	  -0.00000	   0.00549	  -0.00011	  -0.00000	  -0.00011	   0.03120
15N  etc____:	---       	---       	---       	  -0.03669	  -0.00000	  -0.00000	  -0.00000	   0.00549	  -0.00011	  -0.00000	  -0.00011	   0.03120
MinDif[A]:	 -10.18201	  -6.55524	  -3.10709
MaxDif[A]:	   8.93931	   6.50470	   0.36016
--------------------------------------------------------------------------------------------------------------------------------------------------------------------------
B         	  -8.93881	  -4.37952	  -3.10709	  -0.19703	   0.00254	   0.00051	   0.00254	  -0.19446	  -0.00005	   0.00051	  -0.00005	   0.39148
B         	  -8.93395	  -0.02699	  -3.10709	  -0.19797	   0.00353	   0.00050	   0.00353	  -0.19317	  -0.00005	   0.00050	  -0.00005	   0.39113
B         	  -8.93717	   4.32506	  -3.10709	  -0.19817	   0.00219	   0.00052	   0.00219	  -0.19310	  -0.00004	   0.00052	  -0.00004	   0.39127
B         	  -6.45049	  -4.37983	  -3.10706	  -0.19342	   0.00564	   0.00588	   0.00564	  -0.19632	  -0.00202	   0.00588	  -0.00202	   0.38974
B         	  -6.43913	  -0.02864	  -3.10706	  -0.19698	   0.00908	   0.00497	   0.00908	  -0.19277	  -0.00144	   0.00497	  -0.00144	   0.38974
B         	  -6.44660	   4.32566	  -3.10706	  -0.19644	   0.00552	   0.00546	   0.00552	  -0.19351	  -0.00176	   0.00546	  -0.00176	   0.38994
B         	  -4.06725	  -4.36899	  -2.58713	  -0.02379	  -0.01981	  -0.25934	  -0.01981	  -0.20466	   0.06450	  -0.25934	   0.06450	   0.22847
B         	  -4.02756	  -0.02162	  -2.61534	  -0.05775	   0.00010	  -0.24888	   0.00010	  -0.19156	   0.06193	  -0.24888	   0.06193	   0.24932
B         	  -4.06229	   4.33435	  -2.58626	  -0.03734	  -0.01536	  -0.26187	  -0.01536	  -0.19694	   0.05745	  -0.26187	   0.05745	   0.23427
B         	  -2.20383	  -4.36953	  -0.94631	   0.08683	   0.01506	  -0.27984	   0.01506	  -0.21452	  -0.00516	  -0.27984	  -0.00516	   0.12769
B         	  -2.08372	  -0.02665	  -1.01377	   0.06840	   0.05286	  -0.27956	   0.05286	  -0.17721	   0.03953	  -0.27956	   0.03953	   0.10881
B         	  -2.20045	   4.33742	  -0.94976	   0.08074	   0.02527	  -0.29224	   0.02527	  -0.18872	  -0.01432	  -0.29224	  -0.01432	   0.10797
B         	   0.00000	  -4.36680	   0.06710	  -0.15665	  -0.00000	   0.00000	  -0.00000	  -0.23652	  -0.07463	   0.00000	  -0.07463	   0.39317
B         	   0.00000	   4.35254	   0.05346	  -0.19294	  -0.00000	   0.00000	  -0.00000	  -0.20439	  -0.06649	   0.00000	  -0.06649	   0.39733
B         	   2.20383	  -4.36953	  -0.94631	   0.08683	  -0.01506	   0.27984	  -0.01506	  -0.21452	  -0.00516	   0.27984	  -0.00516	   0.12769
B         	   2.08372	  -0.02665	  -1.01377	   0.06840	  -0.05286	   0.27956	  -0.05286	  -0.17721	   0.03953	   0.27956	   0.03953	   0.10881
B         	   2.20045	   4.33742	  -0.94976	   0.08074	  -0.02527	   0.29224	  -0.02527	  -0.18872	  -0.01432	   0.29224	  -0.01432	   0.10797
B         	   4.06725	  -4.36899	  -2.58713	  -0.02379	   0.01981	   0.25934	   0.01981	  -0.20466	   0.06450	   0.25934	   0.06450	   0.22847
B         	   4.02756	  -0.02162	  -2.61534	  -0.05775	  -0.00010	   0.24888	  -0.00010	  -0.19156	   0.06193	   0.24888	   0.06193	   0.24932
B         	   4.06229	   4.33435	  -2.58626	  -0.03734	   0.01536	   0.26187	   0.01536	  -0.19694	   0.05745	   0.26187	   0.05745	   0.23427
B         	   6.45049	  -4.37983	  -3.10706	  -0.19342	  -0.00564	  -0.00588	  -0.00564	  -0.19632	  -0.00202	  -0.00588	  -0.00202	   0.38974
B         	   6.43913	  -0.02864	  -3.10706	  -0.19698	  -0.00908	  -0.00497	  -0.00908	  -0.19277	  -0.00144	  -0.00497	  -0.00144	   0.38974
B         	   6.44660	   4.32566	  -3.10706	  -0.19644	  -0.00552	  -0.00546	  -0.00552	  -0.19351	  -0.00176	  -0.00546	  -0.00176	   0.38994
B         	   8.93881	  -4.37952	  -3.10709	  -0.19703	  -0.00254	  -0.00051	  -0.00254	  -0.19446	  -0.00005	  -0.00051	  -0.00005	   0.39148
B         	   8.93395	  -0.02699	  -3.10709	  -0.19797	  -0.00353	  -0.00050	  -0.00353	  -0.19317	  -0.00005	  -0.00050	  -0.00005	   0.39113
B         	   8.93717	   4.32506	  -3.10709	  -0.19817	  -0.00219	  -0.00052	  -0.00219	  -0.19310	  -0.00004	  -0.00052	  -0.00004	   0.39127
B         	 -10.18201	   6.50363	  -3.10709	  -0.19763	   0.00000	  -0.00000	   0.00000	  -0.19388	   0.00040	  -0.00000	   0.00040	   0.39151
B         	 -10.18201	  -2.20173	  -3.10709	  -0.19742	   0.00000	  -0.00000	   0.00000	  -0.19403	   0.00038	  -0.00000	   0.00038	   0.39145
B         	 -10.18201	   2.14704	  -3.10709	  -0.19926	   0.00000	   0.00000	   0.00000	  -0.19182	   0.00038	   0.00000	   0.00038	   0.39109
B         	  -7.69423	   6.50470	  -3.10709	  -0.19724	   0.00467	   0.00400	   0.00467	  -0.19308	  -0.00326	   0.00400	  -0.00326	   0.39032
B         	  -7.69122	  -2.20320	  -3.10709	  -0.19740	   0.00693	   0.00380	   0.00693	  -0.19290	  -0.00314	   0.00380	  -0.00314	   0.39030
B         	  -7.68685	   2.14824	  -3.10709	  -0.19808	   0.00676	   0.00368	   0.00676	  -0.19189	  -0.00305	   0.00368	  -0.00305	   0.38998
B         	  -5.20453	  -6.55524	  -3.10609	  -0.17386	  -0.00529	  -0.09610	  -0.00529	  -0.20056	   0.04808	  -0.09610	   0.04808	   0.37442
B         	  -5.19626	  -2.20026	  -3.10609	  -0.17378	   0.00047	  -0.09269	   0.00047	  -0.20035	   0.04833	  -0.09269	   0.04833	   0.37414
B         	  -5.18892	   2.14895	  -3.10609	  -0.18147	   0.00130	  -0.09141	   0.00130	  -0.19382	   0.04573	  -0.09141	   0.04573	   0.37529
B         	  -3.10541	  -6.54998	  -1.82117	   0.10460	   0.00419	  -0.28726	   0.00419	  -0.19843	   0.01160	  -0.28726	   0.01160	   0.09384
B         	  -3.06044	  -2.19517	  -1.85881	   0.10285	  -0.00608	  -0.28066	  -0.00608	  -0.20099	   0.04194	  -0.28066	   0.04194	   0.09814
B         	  -3.04128	   2.15115	  -1.86489	   0.06294	   0.02724	  -0.29072	   0.02724	  -0.18189	   0.00533	  -0.29072	   0.00533	   0.11896
B         	  -1.19749	  -6.54163	  -0.23718	  -0.06935	   0.02552	  -0.22794	   0.02552	  -0.21147	  -0.05399	  -0.22794	  -0.05399	   0.28082
B         	  -1.17466	  -2.18280	  -0.22238	  -0.01445	   0.03562	  -0.20970	   0.03562	  -0.25536	  -0.01324	  -0.20970	  -0.01324	   0.26981
B         	  -1.15599	   2.15985	  -0.22568	  -0.05337	   0.03553	  -0.27807	   0.03553	  -0.15758	  -0.05924	  -0.27807	  -0.05924	   0.21094
B         	   1.19749	  -6.54163	  -0.23718	  -0.06935	  -0.02552	   0.22794	  -0.02552	  -0.21147	  -0.05399	   0.22794	  -0.05399	   0.28082
B         	   1.17466	  -2.18280	  -0.22238	  -0.01445	  -0.03562	   0.20970	  -0.03562	  -0.25536	  -0.01324	   0.20970	  -0.01324	   0.26981
B         	   1.15599	   2.15985	  -0.22568	  -0.05337	  -0.03553	   0.27807	  -0.03553	  -0.15758	  -0.05924	   0.27807	  -0.05924	   0.21094
B         	   3.10541	  -6.54998	  -1.82117	   0.10460	  -0.00419	   0.28726	  -0.00419	  -0.19844	   0.01160	   0.28726	   0.01160	   0.09384
B         	   3.06044	  -2.19517	  -1.85881	   0.10285	   0.00608	   0.28066	   0.00608	  -0.20099	   0.04194	   0.28066	   0.04194	   0.09814
B         	   3.04128	   2.15115	  -1.86489	   0.06294	  -0.02724	   0.29072	  -0.02724	  -0.18189	   0.00533	   0.29072	   0.00533	   0.11896
B         	   5.20453	  -6.55524	  -3.10609	  -0.17386	   0.00529	   0.09610	   0.00529	  -0.20056	   0.04808	   0.09610	   0.04808	   0.37442
B         	   5.19626	  -2.20026	  -3.10609	  -0.17378	  -0.00047	   0.09269	  -0.00047	  -0.20035	   0.04833	   0.09269	   0.04833	   0.37414
B         	   5.18893	   2.14895	  -3.10609	  -0.18147	  -0.00130	   0.09141	  -0.00130	  -0.19382	   0.04573	   0.09141	   0.04573	   0.37529
B         	   7.69423	   6.50470	  -3.10709	  -0.19724	  -0.00467	  -0.00400	  -0.00467	  -0.19308	  -0.00326	  -0.00400	  -0.00326	   0.39032
B         	   7.69122	  -2.20320	  -3.10709	  -0.19740	  -0.00693	  -0.00380	  -0.00693	  -0.19290	  -0.00314	  -0.00380	  -0.00314	   0.39030
B         	   7.68685	   2.14824	  -3.10709	  -0.19808	  -0.00675	  -0.00368	  -0.00675	  -0.19189	  -0.00305	  -0.00368	  -0.00305	   0.38998
N         	  -8.93887	  -2.93082	  -3.10709	  -0.03151	  -0.00013	   0.00438	  -0.00013	   0.00308	   0.00062	   0.00438	   0.00062	   0.02842
N         	  -8.93597	   1.42144	  -3.10709	  -0.02621	  -0.00123	   0.00422	  -0.00123	  -0.00292	   0.00065	   0.00422	   0.00065	   0.02914
N         	  -8.93931	   5.77468	  -3.10709	  -0.03652	  -0.00160	   0.00461	  -0.00160	   0.00486	   0.00065	   0.00461	   0.00065	   0.03166
N         	  -6.45149	  -2.93000	  -3.10706	  -0.02615	   0.00496	  -0.07761	   0.00496	   0.00740	  -0.02165	  -0.07761	  -0.02165	   0.01875
N         	  -6.44475	   1.42210	  -3.10706	  -0.01834	  -0.00192	  -0.07614	  -0.00192	  -0.00154	  -0.02131	  -0.07614	  -0.02131	   0.01988
N         	  -6.45442	   5.77675	  -3.10706	  -0.02908	  -0.00086	  -0.08186	  -0.00086	   0.00711	  -0.02199	  -0.08186	  -0.02199	   0.02198
N         	  -4.01465	  -2.92791	  -2.69028	  -0.06025	  -0.03931	   0.03735	  -0.03931	   0.01235	   0.03909	   0.03735	   0.03909	   0.04790
N         	  -3.99687	   1.42950	  -2.70126	  -0.05332	  -0.03315	   0.05339	  -0.03315	   0.00242	   0.02965	   0.05339	   0.02965	   0.05090
N         	  -4.02382	   5.78229	  -2.67779	  -0.06849	  -0.03893	   0.04168	  -0.03893	   0.01192	   0.03526	   0.04168	   0.03526	   0.05658
N         	  -2.21922	  -2.93037	  -0.95232	  -0.06247	   0.01826	  -0.00579	   0.01826	   0.00637	  -0.01842	  -0.00579	  -0.01842	   0.05610
N         	  -2.13322	   1.43356	  -1.01738	  -0.02774	   0.00927	   0.01807	   0.00927	  -0.01867	   0.00345	   0.01807	   0.00345	   0.04641
N         	  -2.24104	   5.78932	  -0.92764	  -0.05287	   0.02637	   0.00482	   0.02637	   0.00143	  -0.02763	   0.00482	  -0.02763	   0.05145
N         	   0.00000	  -2.94687	   0.18788	   0.01477	   0.00000	  -0.00000	   0.00000	   0.00471	  -0.12156	  -0.00000	  -0.12156	  -0.01948
N         	   0.00000	   5.79677	   0.14729	   0.02398	   0.00000	  -0.00000	   0.00000	   0.01104	  -0.12470	  -0.00000	  -0.12470	  -0.03502
N         	   2.21922	  -2.93037	  -0.95232	  -0.06247	  -0.01826	   0.00579	  -0.01826	   0.00637	  -0.01842	   0.00579	  -0.01842	   0.05610
N         	   2.13322	   1.43356	  -1.01738	  -0.02774	  -0.00927	  -0.01807	  -0.00927	  -0.01867	   0.00345	  -0.01807	   0.00345	   0.04641
N         	   2.24104	   5.78932	  -0.92764	  -0.05287	  -0.02637	  -0.00482	  -0.02637	   0.00143	  -0.02763	  -0.00482	  -0.02763	   0.05144
N         	   4.01465	  -2.92791	  -2.69028	  -0.06025	   0.03931	  -0.03735	   0.03931	   0.01235	   0.03909	  -0.03735	   0.03909	   0.04790
N         	   3.99687	   1.42950	  -2.70126	  -0.05332	   0.03315	  -0.05339	   0.03315	   0.00242	   0.02965	  -0.05339	   0.02965	   0.05090
N         	   4.02382	   5.78229	  -2.67779	  -0.06849	   0.03893	  -0.04168	   0.03893	   0.01192	   0.03526	  -0.04168	   0.03526	   0.05658
N         	   6.45149	  -2.93000	  -3.10706	  -0.02615	  -0.00496	   0.07761	  -0.00496	   0.00740	  -0.02164	   0.07761	  -0.02164	   0.01875
N         	   6.44475	   1.42210	  -3.10706	  -0.01834	   0.00192	   0.07614	   0.00192	  -0.00154	  -0.02131	   0.07614	  -0.02131	   0.01988
N         	   6.45442	   5.77675	  -3.10706	  -0.02908	   0.00087	   0.08186	   0.00087	   0.00711	  -0.02199	   0.08186	  -0.02199	   0.02198
N         	   8.93887	  -2.93082	  -3.10709	  -0.03151	   0.00013	  -0.00438	   0.00013	   0.00309	   0.00062	  -0.00438	   0.00062	   0.02842
N         	   8.93597	   1.42144	  -3.10709	  -0.02621	   0.00125	  -0.00422	   0.00125	  -0.00292	   0.00065	  -0.00422	   0.00065	   0.02914
N         	   8.93931	   5.77468	  -3.10709	  -0.03652	   0.00160	  -0.00461	   0.00160	   0.00486	   0.00065	  -0.00461	   0.00065	   0.03166
N         	 -10.18201	  -5.11000	  -3.10709	  -0.03669	  -0.00000	  -0.00000	  -0.00000	   0.00549	  -0.00011	  -0.00000	  -0.00011	   0.03120
N         	 -10.18201	  -0.75330	  -3.10709	  -0.02644	  -0.00000	   0.00000	  -0.00000	  -0.00158	  -0.00011	   0.00000	  -0.00011	   0.02801
N         	 -10.18201	   3.59674	  -3.10709	  -0.03332	  -0.00000	  -0.00000	  -0.00000	   0.00131	  -0.00008	  -0.00000	  -0.00008	   0.03201
N         	  -7.69714	  -5.10919	  -3.10709	  -0.03484	  -0.00062	  -0.00130	  -0.00062	   0.00493	   0.00028	  -0.00130	   0.00028	   0.02991
N         	  -7.69075	  -0.75435	  -3.10709	  -0.02449	  -0.00038	  -0.00173	  -0.00038	  -0.00271	   0.00026	  -0.00173	   0.00026	   0.02721
N         	  -7.69364	   3.59789	  -3.10709	  -0.03040	  -0.00493	  -0.00139	  -0.00493	  -0.00086	   0.00037	  -0.00139	   0.00037	   0.03127
N         	  -5.20858	  -5.10736	  -3.10609	  -0.01578	  -0.02305	  -0.03399	  -0.02305	   0.01081	   0.12795	  -0.03399	   0.12795	   0.00497
N         	  -5.19449	  -0.75187	  -3.10609	  -0.00583	  -0.01799	  -0.02566	  -0.01799	   0.00179	   0.11879	  -0.02566	   0.11879	   0.00403
N         	  -5.20252	   3.60027	  -3.10609	  -0.01033	  -0.02710	  -0.03227	  -0.02710	   0.00521	   0.12056	  -0.03227	   0.12056	   0.00512
N         	  -3.09443	  -5.10275	  -1.82424	  -0.06664	  -0.02478	  -0.01752	  -0.02478	   0.01077	   0.02192	  -0.01752	   0.02192	   0.05587
N         	  -3.01638	  -0.74805	  -1.90626	  -0.04632	  -0.01816	   0.00115	  -0.01816	   0.00114	   0.01767	   0.00115	   0.01767	   0.04518
N         	  -3.07345	   3.60724	  -1.84099	  -0.07445	  -0.03561	  -0.01157	  -0.03561	   0.00743	   0.02774	  -0.01157	   0.02774	   0.06702
N         	  -1.23969	  -5.10326	  -0.15657	  -0.02110	   0.03743	   0.02667	   0.03743	   0.01269	  -0.08322	   0.02667	  -0.08322	   0.00841
N         	  -1.24025	   3.62887	  -0.15252	  -0.01160	   0.04867	   0.03065	   0.04867	   0.03818	  -0.09475	   0.03065	  -0.09475	  -0.02658
N         	   1.23969	  -5.10326	  -0.15657	  -0.02110	  -0.03743	  -0.02667	  -0.03743	   0.01269	  -0.08322	  -0.02667	  -0.08322	   0.00841
N         	   1.24025	   3.62887	  -0.15252	  -0.01160	  -0.04867	  -0.03065	  -0.04867	   0.03818	  -0.09475	  -0.03065	  -0.09475	  -0.02658
N         	   3.09443	  -5.10275	  -1.82424	  -0.06664	   0.02478	   0.01752	   0.02478	   0.01077	   0.02192	   0.01752	   0.02192	   0.05587
N         	   3.01638	  -0.74805	  -1.90626	  -0.04632	   0.01816	  -0.00115	   0.01816	   0.00114	   0.01767	  -0.00115	   0.01767	   0.04518
N         	   3.07345	   3.60724	  -1.84099	  -0.07445	   0.03561	   0.01157	   0.03561	   0.00743	   0.02774	   0.01157	   0.02774	   0.06702
N         	   5.20858	  -5.10736	  -3.10609	  -0.01578	   0.02305	   0.03399	   0.02305	   0.01081	   0.12795	   0.03399	   0.12795	   0.00497
N         	   5.19449	  -0.75187	  -3.10609	  -0.00583	   0.01798	   0.02566	   0.01798	   0.00179	   0.11879	   0.02566	   0.11879	   0.00403
N         	   5.20252	   3.60027	  -3.10609	  -0.01033	   0.02709	   0.03227	   0.02709	   0.00521	   0.12056	   0.03227	   0.12056	   0.00512
N         	   7.69714	  -5.10919	  -3.10709	  -0.03484	   0.00061	   0.00130	   0.00061	   0.00493	   0.00028	   0.00130	   0.00028	   0.02991
N         	   7.69075	  -0.75435	  -3.10709	  -0.02449	   0.00038	   0.00173	   0.00038	  -0.00271	   0.00026	   0.00173	   0.00026	   0.02721
N         	   7.69364	   3.59789	  -3.10709	  -0.03040	   0.00493	   0.00139	   0.00493	  -0.00086	   0.00037	   0.00139	   0.00037	   0.03127
N         	   1.25704	  -0.78786	  -0.18008	   0.35204	  -0.21508	   0.02447	  -0.21508	  -0.15437	  -0.06764	   0.02447	  -0.06764	  -0.19768
N         	  -1.25704	  -0.78786	  -0.18008	   0.35204	   0.21508	  -0.02447	   0.21508	  -0.15437	  -0.06764	  -0.02447	  -0.06764	  -0.19768
N         	   0.00000	   1.57572	   0.36016	  -0.29806	   0.00000	  -0.00000	   0.00000	   0.57797	   0.33844	  -0.00000	   0.33844	  -0.27991
