2183.00000	   0.00000	   0.00000	   0.00000
   1.37017	   2.12727	   7.50000	       11B
   1.37017	   6.40181	   7.50000	       11B
   1.37017	  10.67635	   7.50000	       11B
   4.11052	   2.12727	   7.50000	       10B
   4.11052	   6.40181	   7.50000	       11B
   4.11052	  10.67635	   7.50000	       10B
   6.85086	   2.12727	   7.50000	       11B
   6.85086	   6.40181	   7.50000	       11B
   6.85086	  10.67635	   7.50000	       11B
   9.59120	   2.12727	   7.50000	       11B
   9.59120	   6.40181	   7.50000	       11B
   9.59120	  10.67635	   7.50000	       11B
  12.33155	   2.12727	   7.50000	       11B
  12.33155	   6.40181	   7.50000	       11B
  12.33155	  10.67635	   7.50000	       10B
  15.07189	   2.12727	   7.50000	       10B
  15.07189	   6.40181	   7.50000	       10B
  15.07189	  10.67635	   7.50000	       11B
  17.81223	   2.12727	   7.50000	       11B
  17.81223	   6.40181	   7.50000	       10B
  17.81223	  10.67635	   7.50000	       11B
  20.55258	   2.12727	   7.50000	       11B
  20.55258	   6.40181	   7.50000	       10B
  20.55258	  10.67635	   7.50000	       11B
  23.29292	   2.12727	   7.50000	       11B
  23.29292	   6.40181	   7.50000	       11B
  23.29292	  10.67635	   7.50000	       11B
   0.00000	   4.26454	   7.50000	       11B
   0.00000	   8.53908	   7.50000	       10B
   0.00000	  12.81361	   7.50000	       11B
   2.74034	   4.26454	   7.50000	       11B
   2.74034	   8.53908	   7.50000	       11B
   2.74034	  12.81361	   7.50000	       10B
   5.48069	   4.26454	   7.50000	       11B
   5.48069	   8.53908	   7.50000	       11B
   5.48069	  12.81361	   7.50000	       10B
   8.22103	   4.26454	   7.50000	       11B
   8.22103	   8.53908	   7.50000	       11B
   8.22103	  12.81361	   7.50000	       11B
  10.96137	   4.26454	   7.50000	       11B
  10.96137	   8.53908	   7.50000	       11B
  10.96137	  12.81361	   7.50000	       10B
  13.70172	   4.26454	   7.50000	       10B
  13.70172	   8.53908	   7.50000	       11B
  13.70172	  12.81361	   7.50000	       11B
  16.44206	   4.26454	   7.50000	       10B
  16.44206	   8.53908	   7.50000	       11B
  16.44206	  12.81361	   7.50000	       11B
  19.18240	   4.26454	   7.50000	       11B
  19.18240	   8.53908	   7.50000	       11B
  19.18240	  12.81361	   7.50000	       11B
  21.92275	   4.26454	   7.50000	       11B
  21.92275	   8.53908	   7.50000	       11B
  21.92275	  12.81361	   7.50000	       11B
   1.37017	   3.57454	   7.50000	       14N
   1.37017	   7.84908	   7.50000	       14N
   1.37017	  12.12362	   7.50000	       14N
   4.11052	   3.57454	   7.50000	       14N
   4.11052	   7.84908	   7.50000	       14N
   4.11052	  12.12362	   7.50000	       14N
   6.85086	   3.57454	   7.50000	       14N
   6.85086	   7.84908	   7.50000	       14N
   6.85086	  12.12362	   7.50000	       14N
   9.59120	   3.57454	   7.50000	       14N
   9.59120	   7.84908	   7.50000	       14N
   9.59120	  12.12362	   7.50000	       14N
  12.33155	   3.57454	   7.50000	       14N
  12.33155	   7.84908	   7.50000	       14N
  12.33155	  12.12362	   7.50000	       14N
  15.07189	   3.57454	   7.50000	       14N
  15.07189	   7.84908	   7.50000	       14N
  15.07189	  12.12362	   7.50000	       14N
  17.81223	   3.57454	   7.50000	       14N
  17.81223	   7.84908	   7.50000	       14N
  17.81223	  12.12362	   7.50000	       14N
  20.55258	   3.57454	   7.50000	       14N
  20.55258	   7.84908	   7.50000	       14N
  20.55258	  12.12362	   7.50000	       14N
  23.29292	   3.57454	   7.50000	       14N
  23.29292	   7.84908	   7.50000	       14N
  23.29292	  12.12362	   7.50000	       14N
   0.00000	   1.43727	   7.50000	       14N
   0.00000	   5.71181	   7.50000	       14N
   0.00000	   9.98634	   7.50000	       14N
   2.74034	   1.43727	   7.50000	       14N
   2.74034	   5.71181	   7.50000	       14N
   2.74034	   9.98634	   7.50000	       14N
   5.48069	   1.43727	   7.50000	       14N
   5.48069	   5.71181	   7.50000	       14N
   5.48069	   9.98634	   7.50000	       14N
   8.22103	   1.43727	   7.50000	       14N
   8.22103	   5.71181	   7.50000	       14N
   8.22103	   9.98634	   7.50000	       14N
  10.96137	   1.43727	   7.50000	       14N
  10.96137	   5.71181	   7.50000	       14N
  10.96137	   9.98634	   7.50000	       14N
  13.70172	   1.43727	   7.50000	       14N
  13.70172	   5.71181	   7.50000	       14N
  13.70172	   9.98634	   7.50000	       14N
  16.44206	   1.43727	   7.50000	       14N
  16.44206	   5.71181	   7.50000	       14N
  16.44206	   9.98634	   7.50000	       14N
  19.18240	   1.43727	   7.50000	       14N
  19.18240	   5.71181	   7.50000	       14N
  19.18240	   9.98634	   7.50000	       14N
  21.92275	   1.43727	   7.50000	       14N
  21.92275	   5.71181	   7.50000	       15N
  21.92275	   9.98634	   7.50000	       14N
   1.37017	  14.95089	   7.50000	       11B
   1.37017	  19.22542	   7.50000	       10B
   1.37017	  23.49996	   7.50000	       11B
   4.11052	  14.95089	   7.50000	       11B
   4.11052	  19.22542	   7.50000	       11B
   4.11052	  23.49996	   7.50000	       11B
   6.85086	  14.95089	   7.50000	       11B
   6.85086	  19.22542	   7.50000	       10B
   6.85086	  23.49996	   7.50000	       11B
   9.59120	  14.95089	   7.50000	       11B
   9.59120	  19.22542	   7.50000	       11B
   9.59120	  23.49996	   7.50000	       11B
  12.33155	  14.95089	   7.50000	       11B
  12.33155	  19.22542	   7.50000	       11B
  12.33155	  23.49996	   7.50000	       10B
  15.07189	  14.95089	   7.50000	       11B
  15.07189	  19.22542	   7.50000	       11B
  15.07189	  23.49996	   7.50000	       11B
  17.81223	  14.95089	   7.50000	       10B
  17.81223	  19.22542	   7.50000	       11B
  17.81223	  23.49996	   7.50000	       11B
  20.55258	  14.95089	   7.50000	       11B
  20.55258	  19.22542	   7.50000	       11B
  20.55258	  23.49996	   7.50000	       11B
  23.29292	  14.95089	   7.50000	       11B
  23.29292	  19.22542	   7.50000	       11B
  23.29292	  23.49996	   7.50000	       11B
   0.00000	  17.08815	   7.50000	       11B
   0.00000	  21.36269	   7.50000	       10B
   0.00000	  25.63723	   7.50000	       10B
   2.74034	  17.08815	   7.50000	       10B
   2.74034	  21.36269	   7.50000	       11B
   2.74034	  25.63723	   7.50000	       10B
   5.48069	  17.08815	   7.50000	       11B
   5.48069	  21.36269	   7.50000	       11B
   5.48069	  25.63723	   7.50000	       11B
   8.22103	  17.08815	   7.50000	       11B
   8.22103	  21.36269	   7.50000	       11B
   8.22103	  25.63723	   7.50000	       11B
  10.96137	  17.08815	   7.50000	       11B
  10.96137	  21.36269	   7.50000	       11B
  10.96137	  25.63723	   7.50000	       10B
  13.70172	  17.08815	   7.50000	       11B
  13.70172	  21.36269	   7.50000	       11B
  13.70172	  25.63723	   7.50000	       10B
  16.44206	  17.08815	   7.50000	       11B
  16.44206	  21.36269	   7.50000	       11B
  16.44206	  25.63723	   7.50000	       11B
  19.18240	  17.08815	   7.50000	       11B
  19.18240	  21.36269	   7.50000	       11B
  19.18240	  25.63723	   7.50000	       11B
  21.92275	  17.08815	   7.50000	       11B
  21.92275	  21.36269	   7.50000	       11B
  21.92275	  25.63723	   7.50000	       10B
   1.37017	  16.39815	   7.50000	       14N
   1.37017	  20.67269	   7.50000	       14N
   1.37017	  24.94723	   7.50000	       14N
   4.11052	  16.39815	   7.50000	       14N
   4.11052	  20.67269	   7.50000	       14N
   4.11052	  24.94723	   7.50000	       14N
   6.85086	  16.39815	   7.50000	       14N
   6.85086	  20.67269	   7.50000	       14N
   6.85086	  24.94723	   7.50000	       14N
   9.59120	  16.39815	   7.50000	       14N
   9.59120	  20.67269	   7.50000	       14N
   9.59120	  24.94723	   7.50000	       14N
  12.33155	  16.39815	   7.50000	       14N
  12.33155	  20.67269	   7.50000	       14N
  12.33155	  24.94723	   7.50000	       14N
  15.07189	  16.39815	   7.50000	       14N
  15.07189	  20.67269	   7.50000	       14N
  15.07189	  24.94723	   7.50000	       14N
  17.81223	  16.39815	   7.50000	       14N
  17.81223	  20.67269	   7.50000	       14N
  17.81223	  24.94723	   7.50000	       14N
  20.55258	  16.39815	   7.50000	       14N
  20.55258	  20.67269	   7.50000	       14N
  20.55258	  24.94723	   7.50000	       14N
  23.29292	  16.39815	   7.50000	       14N
  23.29292	  20.67269	   7.50000	       14N
  23.29292	  24.94723	   7.50000	       14N
   0.00000	  14.26088	   7.50000	       14N
   0.00000	  18.53542	   7.50000	       14N
   0.00000	  22.80996	   7.50000	       14N
   2.74034	  14.26088	   7.50000	       14N
   2.74034	  18.53542	   7.50000	       14N
   2.74034	  22.80996	   7.50000	       14N
   5.48069	  14.26088	   7.50000	       14N
   5.48069	  18.53542	   7.50000	       14N
   5.48069	  22.80996	   7.50000	       14N
   8.22103	  14.26088	   7.50000	       14N
   8.22103	  18.53542	   7.50000	       14N
   8.22103	  22.80996	   7.50000	       14N
  10.96137	  14.26088	   7.50000	       14N
  10.96137	  18.53542	   7.50000	       14N
  10.96137	  22.80996	   7.50000	       14N
  13.70172	  14.26088	   7.50000	       14N
  13.70172	  18.53542	   7.50000	       14N
  13.70172	  22.80996	   7.50000	       14N
  16.44206	  14.26088	   7.50000	       14N
  16.44206	  18.53542	   7.50000	       14N
  16.44206	  22.80996	   7.50000	       14N
  19.18240	  14.26088	   7.50000	       14N
  19.18240	  18.53542	   7.50000	       14N
  19.18240	  22.80996	   7.50000	       14N
  21.92275	  14.26088	   7.50000	       14N
  21.92275	  18.53542	   7.50000	       14N
  21.92275	  22.80996	   7.50000	       14N
   1.37017	  27.77450	   7.50000	       11B
   1.37017	  32.04904	   7.50000	       11B
   1.37017	  36.32358	   7.50000	       11B
   4.11052	  27.77450	   7.50000	       11B
   4.11052	  32.04904	   7.50000	       10B
   4.11052	  36.32358	   7.50000	       10B
   6.85086	  27.77450	   7.50000	       11B
   6.85086	  32.04904	   7.50000	       11B
   6.85086	  36.32358	   7.50000	       11B
   9.59120	  27.77450	   7.50000	       11B
   9.59120	  32.04904	   7.50000	       11B
   9.59120	  36.32358	   7.50000	       10B
  12.33155	  27.77450	   7.50000	       11B
  12.33155	  32.04904	   7.50000	       11B
  12.33155	  36.32358	   7.50000	       10B
  15.07189	  27.77450	   7.50000	       11B
  15.07189	  32.04904	   7.50000	       11B
  15.07189	  36.32358	   7.50000	       11B
  17.81223	  27.77450	   7.50000	       11B
  17.81223	  32.04904	   7.50000	       11B
  17.81223	  36.32358	   7.50000	       11B
  20.55258	  27.77450	   7.50000	       11B
  20.55258	  32.04904	   7.50000	       11B
  20.55258	  36.32358	   7.50000	       11B
  23.29292	  27.77450	   7.50000	       11B
  23.29292	  32.04904	   7.50000	       11B
  23.29292	  36.32358	   7.50000	       10B
   0.00000	  29.91177	   7.50000	       11B
   0.00000	  34.18631	   7.50000	       11B
   0.00000	  38.46084	   7.50000	       10B
   2.74034	  29.91177	   7.50000	       11B
   2.74034	  34.18631	   7.50000	       11B
   2.74034	  38.46084	   7.50000	       11B
   5.48069	  29.91177	   7.50000	       11B
   5.48069	  34.18631	   7.50000	       11B
   5.48069	  38.46084	   7.50000	       11B
   8.22103	  29.91177	   7.50000	       10B
   8.22103	  34.18631	   7.50000	       11B
   8.22103	  38.46084	   7.50000	       11B
  10.96137	  29.91177	   7.50000	       11B
  10.96137	  34.18631	   7.50000	       10B
  10.96137	  38.46084	   7.50000	       11B
  13.70172	  29.91177	   7.50000	       11B
  13.70172	  34.18631	   7.50000	       11B
  13.70172	  38.46084	   7.50000	       11B
  16.44206	  29.91177	   7.50000	       11B
  16.44206	  34.18631	   7.50000	       11B
  16.44206	  38.46084	   7.50000	       11B
  19.18240	  29.91177	   7.50000	       10B
  19.18240	  34.18631	   7.50000	       11B
  19.18240	  38.46084	   7.50000	       10B
  21.92275	  29.91177	   7.50000	       11B
  21.92275	  34.18631	   7.50000	       11B
  21.92275	  38.46084	   7.50000	       11B
   1.37017	  29.22177	   7.50000	       14N
   1.37017	  33.49631	   7.50000	       14N
   1.37017	  37.77085	   7.50000	       14N
   4.11052	  29.22177	   7.50000	       14N
   4.11052	  33.49631	   7.50000	       14N
   4.11052	  37.77085	   7.50000	       14N
   6.85086	  29.22177	   7.50000	       14N
   6.85086	  33.49631	   7.50000	       14N
   6.85086	  37.77085	   7.50000	       14N
   9.59120	  29.22177	   7.50000	       14N
   9.59120	  33.49631	   7.50000	       14N
   9.59120	  37.77085	   7.50000	       14N
  12.33155	  29.22177	   7.50000	       14N
  12.33155	  33.49631	   7.50000	       14N
  12.33155	  37.77085	   7.50000	       14N
  15.07189	  29.22177	   7.50000	       14N
  15.07189	  33.49631	   7.50000	       14N
  15.07189	  37.77085	   7.50000	       14N
  17.81223	  29.22177	   7.50000	       14N
  17.81223	  33.49631	   7.50000	       14N
  17.81223	  37.77085	   7.50000	       14N
  20.55258	  29.22177	   7.50000	       14N
  20.55258	  33.49631	   7.50000	       14N
  20.55258	  37.77085	   7.50000	       14N
  23.29292	  29.22177	   7.50000	       14N
  23.29292	  33.49631	   7.50000	       14N
  23.29292	  37.77085	   7.50000	       14N
   0.00000	  27.08450	   7.50000	       14N
   0.00000	  31.35904	   7.50000	       14N
   0.00000	  35.63357	   7.50000	       14N
   2.74034	  27.08450	   7.50000	       14N
   2.74034	  31.35904	   7.50000	       14N
   2.74034	  35.63357	   7.50000	       14N
   5.48069	  27.08450	   7.50000	       14N
   5.48069	  31.35904	   7.50000	       14N
   5.48069	  35.63357	   7.50000	       14N
   8.22103	  27.08450	   7.50000	       14N
   8.22103	  31.35904	   7.50000	       14N
   8.22103	  35.63357	   7.50000	       14N
  10.96137	  27.08450	   7.50000	       14N
  10.96137	  31.35904	   7.50000	       14N
  10.96137	  35.63357	   7.50000	       14N
  13.70172	  27.08450	   7.50000	       14N
  13.70172	  31.35904	   7.50000	       14N
  13.70172	  35.63357	   7.50000	       14N
  16.44206	  27.08450	   7.50000	       14N
  16.44206	  31.35904	   7.50000	       14N
  16.44206	  35.63357	   7.50000	       14N
  19.18240	  27.08450	   7.50000	       14N
  19.18240	  31.35904	   7.50000	       14N
  19.18240	  35.63357	   7.50000	       14N
  21.92275	  27.08450	   7.50000	       14N
  21.92275	  31.35904	   7.50000	       14N
  21.92275	  35.63357	   7.50000	       14N
   1.37017	  40.59812	   7.50000	       10B
   1.37017	  44.87265	   7.50000	       11B
   1.37017	  49.14719	   7.50000	       11B
   4.11052	  40.59812	   7.50000	       10B
   4.11052	  44.87265	   7.50000	       10B
   4.11052	  49.14719	   7.50000	       11B
   6.85086	  40.59812	   7.50000	       11B
   6.85086	  44.87265	   7.50000	       11B
   6.85086	  49.14719	   7.50000	       11B
   9.59120	  40.59812	   7.50000	       11B
   9.59120	  44.87265	   7.50000	       11B
   9.59120	  49.14719	   7.50000	       11B
  12.33155	  40.59812	   7.50000	       11B
  12.33155	  44.87265	   7.50000	       11B
  12.33155	  49.14719	   7.50000	       11B
  15.07189	  40.59812	   7.50000	       11B
  15.07189	  44.87265	   7.50000	       11B
  15.07189	  49.14719	   7.50000	       11B
  17.81223	  40.59812	   7.50000	       11B
  17.81223	  44.87265	   7.50000	       11B
  17.81223	  49.14719	   7.50000	       11B
  20.55258	  40.59812	   7.50000	       11B
  20.55258	  44.87265	   7.50000	       11B
  20.55258	  49.14719	   7.50000	       10B
  23.29292	  40.59812	   7.50000	       11B
  23.29292	  44.87265	   7.50000	       11B
  23.29292	  49.14719	   7.50000	       11B
   0.00000	  42.73538	   7.50000	       11B
   0.00000	  47.00992	   7.50000	       11B
   0.00000	  51.28446	   7.50000	       10B
   2.74034	  42.73538	   7.50000	       11B
   2.74034	  47.00992	   7.50000	       11B
   2.74034	  51.28446	   7.50000	       11B
   5.48069	  42.73538	   7.50000	       10B
   5.48069	  47.00992	   7.50000	       11B
   5.48069	  51.28446	   7.50000	       11B
   8.22103	  42.73538	   7.50000	       10B
   8.22103	  47.00992	   7.50000	       10B
   8.22103	  51.28446	   7.50000	       11B
  10.96137	  42.73538	   7.50000	       11B
  10.96137	  47.00992	   7.50000	       11B
  10.96137	  51.28446	   7.50000	       11B
  13.70172	  42.73538	   7.50000	       11B
  13.70172	  47.00992	   7.50000	       10B
  13.70172	  51.28446	   7.50000	       11B
  16.44206	  42.73538	   7.50000	       11B
  16.44206	  47.00992	   7.50000	       10B
  16.44206	  51.28446	   7.50000	       11B
  19.18240	  42.73538	   7.50000	       11B
  19.18240	  47.00992	   7.50000	       10B
  19.18240	  51.28446	   7.50000	       11B
  21.92275	  42.73538	   7.50000	       11B
  21.92275	  47.00992	   7.50000	       10B
  21.92275	  51.28446	   7.50000	       11B
   1.37017	  42.04538	   7.50000	       14N
   1.37017	  46.31992	   7.50000	       14N
   1.37017	  50.59446	   7.50000	       14N
   4.11052	  42.04538	   7.50000	       14N
   4.11052	  46.31992	   7.50000	       14N
   4.11052	  50.59446	   7.50000	       14N
   6.85086	  42.04538	   7.50000	       14N
   6.85086	  46.31992	   7.50000	       14N
   6.85086	  50.59446	   7.50000	       14N
   9.59120	  42.04538	   7.50000	       14N
   9.59120	  46.31992	   7.50000	       14N
   9.59120	  50.59446	   7.50000	       14N
  12.33155	  42.04538	   7.50000	       14N
  12.33155	  46.31992	   7.50000	       14N
  12.33155	  50.59446	   7.50000	       14N
  15.07189	  42.04538	   7.50000	       14N
  15.07189	  46.31992	   7.50000	       14N
  15.07189	  50.59446	   7.50000	       14N
  17.81223	  42.04538	   7.50000	       14N
  17.81223	  46.31992	   7.50000	       14N
  17.81223	  50.59446	   7.50000	       14N
  20.55258	  42.04538	   7.50000	       14N
  20.55258	  46.31992	   7.50000	       14N
  20.55258	  50.59446	   7.50000	       14N
  23.29292	  42.04538	   7.50000	       14N
  23.29292	  46.31992	   7.50000	       14N
  23.29292	  50.59446	   7.50000	       14N
   0.00000	  39.90811	   7.50000	       14N
   0.00000	  44.18265	   7.50000	       14N
   0.00000	  48.45719	   7.50000	       14N
   2.74034	  39.90811	   7.50000	       14N
   2.74034	  44.18265	   7.50000	       14N
   2.74034	  48.45719	   7.50000	       14N
   5.48069	  39.90811	   7.50000	       14N
   5.48069	  44.18265	   7.50000	       14N
   5.48069	  48.45719	   7.50000	       14N
   8.22103	  39.90811	   7.50000	       14N
   8.22103	  44.18265	   7.50000	       14N
   8.22103	  48.45719	   7.50000	       14N
  10.96137	  39.90811	   7.50000	       14N
  10.96137	  44.18265	   7.50000	       14N
  10.96137	  48.45719	   7.50000	       14N
  13.70172	  39.90811	   7.50000	       14N
  13.70172	  44.18265	   7.50000	       14N
  13.70172	  48.45719	   7.50000	       14N
  16.44206	  39.90811	   7.50000	       14N
  16.44206	  44.18265	   7.50000	       14N
  16.44206	  48.45719	   7.50000	       14N
  19.18240	  39.90811	   7.50000	       14N
  19.18240	  44.18265	   7.50000	       14N
  19.18240	  48.45719	   7.50000	       14N
  21.92275	  39.90811	   7.50000	       14N
  21.92275	  44.18265	   7.50000	       14N
  21.92275	  48.45719	   7.50000	       14N
   1.37017	  53.42173	   7.50000	       11B
   1.37017	  57.69627	   7.50000	       11B
   1.37017	  61.97081	   7.50000	       11B
   4.11052	  53.42173	   7.50000	       11B
   4.11052	  57.69627	   7.50000	       11B
   4.11052	  61.97081	   7.50000	       11B
   6.85086	  53.42173	   7.50000	       11B
   6.85086	  57.69627	   7.50000	       11B
   6.85086	  61.97081	   7.50000	       11B
   9.59120	  53.42173	   7.50000	       10B
   9.59120	  57.69627	   7.50000	       11B
   9.59120	  61.97081	   7.50000	       11B
  12.33155	  53.42173	   7.50000	       10B
  12.33155	  57.69627	   7.50000	       11B
  12.33155	  61.97081	   7.50000	       11B
  15.07189	  53.42173	   7.50000	       11B
  15.07189	  57.69627	   7.50000	       11B
  15.07189	  61.97081	   7.50000	       11B
  17.81223	  53.42173	   7.50000	       11B
  17.81223	  57.69627	   7.50000	       11B
  17.81223	  61.97081	   7.50000	       11B
  20.55258	  53.42173	   7.50000	       10B
  20.55258	  57.69627	   7.50000	       11B
  20.55258	  61.97081	   7.50000	       11B
  23.29292	  53.42173	   7.50000	       11B
  23.29292	  57.69627	   7.50000	       10B
  23.29292	  61.97081	   7.50000	       10B
   0.00000	  55.55900	   7.50000	       11B
   0.00000	  59.83354	   7.50000	       10B
   0.00000	  64.10807	   7.50000	       11B
   2.74034	  55.55900	   7.50000	       11B
   2.74034	  59.83354	   7.50000	       11B
   2.74034	  64.10807	   7.50000	       11B
   5.48069	  55.55900	   7.50000	       11B
   5.48069	  59.83354	   7.50000	       11B
   5.48069	  64.10807	   7.50000	       11B
   8.22103	  55.55900	   7.50000	       11B
   8.22103	  59.83354	   7.50000	       11B
   8.22103	  64.10807	   7.50000	       11B
  10.96137	  55.55900	   7.50000	       11B
  10.96137	  59.83354	   7.50000	       11B
  10.96137	  64.10807	   7.50000	       10B
  13.70172	  55.55900	   7.50000	       10B
  13.70172	  59.83354	   7.50000	       11B
  13.70172	  64.10807	   7.50000	       11B
  16.44206	  55.55900	   7.50000	       11B
  16.44206	  59.83354	   7.50000	       11B
  16.44206	  64.10807	   7.50000	       11B
  19.18240	  55.55900	   7.50000	       11B
  19.18240	  59.83354	   7.50000	       10B
  19.18240	  64.10807	   7.50000	       10B
  21.92275	  55.55900	   7.50000	       11B
  21.92275	  59.83354	   7.50000	       10B
  21.92275	  64.10807	   7.50000	       11B
   1.37017	  54.86900	   7.50000	       14N
   1.37017	  59.14354	   7.50000	       14N
   1.37017	  63.41808	   7.50000	       14N
   4.11052	  54.86900	   7.50000	       14N
   4.11052	  59.14354	   7.50000	       14N
   4.11052	  63.41808	   7.50000	       14N
   6.85086	  54.86900	   7.50000	       14N
   6.85086	  59.14354	   7.50000	       14N
   6.85086	  63.41808	   7.50000	       14N
   9.59120	  54.86900	   7.50000	       14N
   9.59120	  59.14354	   7.50000	       14N
   9.59120	  63.41808	   7.50000	       14N
  12.33155	  54.86900	   7.50000	       14N
  12.33155	  59.14354	   7.50000	       14N
  12.33155	  63.41808	   7.50000	       14N
  15.07189	  54.86900	   7.50000	       14N
  15.07189	  59.14354	   7.50000	       14N
  15.07189	  63.41808	   7.50000	       14N
  17.81223	  54.86900	   7.50000	       14N
  17.81223	  59.14354	   7.50000	       14N
  17.81223	  63.41808	   7.50000	       14N
  20.55258	  54.86900	   7.50000	       14N
  20.55258	  59.14354	   7.50000	       14N
  20.55258	  63.41808	   7.50000	       14N
  23.29292	  54.86900	   7.50000	       14N
  23.29292	  59.14354	   7.50000	       14N
  23.29292	  63.41808	   7.50000	       14N
   0.00000	  52.73173	   7.50000	       14N
   0.00000	  57.00627	   7.50000	       14N
   0.00000	  61.28080	   7.50000	       14N
   2.74034	  52.73173	   7.50000	       14N
   2.74034	  57.00627	   7.50000	       14N
   2.74034	  61.28080	   7.50000	       14N
   5.48069	  52.73173	   7.50000	       14N
   5.48069	  57.00627	   7.50000	       14N
   5.48069	  61.28080	   7.50000	       14N
   8.22103	  52.73173	   7.50000	       14N
   8.22103	  57.00627	   7.50000	       14N
   8.22103	  61.28080	   7.50000	       14N
  10.96137	  52.73173	   7.50000	       14N
  10.96137	  57.00627	   7.50000	       14N
  10.96137	  61.28080	   7.50000	       14N
  13.70172	  52.73173	   7.50000	       14N
  13.70172	  57.00627	   7.50000	       14N
  13.70172	  61.28080	   7.50000	       14N
  16.44206	  52.73173	   7.50000	       14N
  16.44206	  57.00627	   7.50000	       14N
  16.44206	  61.28080	   7.50000	       14N
  19.18240	  52.73173	   7.50000	       14N
  19.18240	  57.00627	   7.50000	       14N
  19.18240	  61.28080	   7.50000	       14N
  21.92275	  52.73173	   7.50000	       14N
  21.92275	  57.00627	   7.50000	       14N
  21.92275	  61.28080	   7.50000	       14N
   1.37017	  66.24535	   7.50000	       10B
   1.37017	  70.51989	   7.50000	       11B
   1.37017	  74.79442	   7.50000	       11B
   4.11052	  66.24535	   7.50000	       10B
   4.11052	  70.51989	   7.50000	       10B
   4.11052	  74.79442	   7.50000	       11B
   6.85086	  66.24535	   7.50000	       10B
   6.85086	  70.51989	   7.50000	       10B
   6.85086	  74.79442	   7.50000	       11B
   9.59120	  66.24535	   7.50000	       11B
   9.59120	  70.51989	   7.50000	       11B
   9.59120	  74.79442	   7.50000	       11B
  12.33155	  66.24535	   7.50000	       10B
  12.33155	  70.51989	   7.50000	       11B
  12.33155	  74.79442	   7.50000	       11B
  15.07189	  66.24535	   7.50000	       11B
  15.07189	  70.51989	   7.50000	       11B
  15.07189	  74.79442	   7.50000	       11B
  17.81223	  66.24535	   7.50000	       11B
  17.81223	  70.51989	   7.50000	       11B
  17.81223	  74.79442	   7.50000	       11B
  20.55258	  66.24535	   7.50000	       11B
  20.55258	  70.51989	   7.50000	       11B
  20.55258	  74.79442	   7.50000	       11B
  23.29292	  66.24535	   7.50000	       10B
  23.29292	  70.51989	   7.50000	       10B
  23.29292	  74.79442	   7.50000	       11B
   0.00000	  68.38261	   7.50000	       11B
   0.00000	  72.65715	   7.50000	       11B
   0.00000	  76.93169	   7.50000	       11B
   2.74034	  68.38261	   7.50000	       11B
   2.74034	  72.65715	   7.50000	       11B
   2.74034	  76.93169	   7.50000	       11B
   5.48069	  68.38261	   7.50000	       11B
   5.48069	  72.65715	   7.50000	       11B
   5.48069	  76.93169	   7.50000	       11B
   8.22103	  68.38261	   7.50000	       11B
   8.22103	  72.65715	   7.50000	       11B
   8.22103	  76.93169	   7.50000	       11B
  10.96137	  68.38261	   7.50000	       11B
  10.96137	  72.65715	   7.50000	       11B
  10.96137	  76.93169	   7.50000	       11B
  13.70172	  68.38261	   7.50000	       11B
  13.70172	  72.65715	   7.50000	       10B
  13.70172	  76.93169	   7.50000	       11B
  16.44206	  68.38261	   7.50000	       11B
  16.44206	  72.65715	   7.50000	       11B
  16.44206	  76.93169	   7.50000	       11B
  19.18240	  68.38261	   7.50000	       11B
  19.18240	  72.65715	   7.50000	       10B
  19.18240	  76.93169	   7.50000	       11B
  21.92275	  68.38261	   7.50000	       11B
  21.92275	  72.65715	   7.50000	       11B
  21.92275	  76.93169	   7.50000	       11B
   1.37017	  67.69262	   7.50000	       14N
   1.37017	  71.96715	   7.50000	       14N
   1.37017	  76.24169	   7.50000	       14N
   4.11052	  67.69262	   7.50000	       14N
   4.11052	  71.96715	   7.50000	       14N
   4.11052	  76.24169	   7.50000	       14N
   6.85086	  67.69262	   7.50000	       14N
   6.85086	  71.96715	   7.50000	       14N
   6.85086	  76.24169	   7.50000	       14N
   9.59120	  67.69262	   7.50000	       14N
   9.59120	  71.96715	   7.50000	       14N
   9.59120	  76.24169	   7.50000	       14N
  12.33155	  67.69262	   7.50000	       14N
  12.33155	  71.96715	   7.50000	       14N
  12.33155	  76.24169	   7.50000	       14N
  15.07189	  67.69262	   7.50000	       14N
  15.07189	  71.96715	   7.50000	       14N
  15.07189	  76.24169	   7.50000	       14N
  17.81223	  67.69262	   7.50000	       14N
  17.81223	  71.96715	   7.50000	       14N
  17.81223	  76.24169	   7.50000	       14N
  20.55258	  67.69262	   7.50000	       14N
  20.55258	  71.96715	   7.50000	       14N
  20.55258	  76.24169	   7.50000	       14N
  23.29292	  67.69262	   7.50000	       14N
  23.29292	  71.96715	   7.50000	       14N
  23.29292	  76.24169	   7.50000	       14N
   0.00000	  65.55534	   7.50000	       14N
   0.00000	  69.82988	   7.50000	       14N
   0.00000	  74.10442	   7.50000	       14N
   2.74034	  65.55534	   7.50000	       14N
   2.74034	  69.82988	   7.50000	       14N
   2.74034	  74.10442	   7.50000	       14N
   5.48069	  65.55534	   7.50000	       14N
   5.48069	  69.82988	   7.50000	       14N
   5.48069	  74.10442	   7.50000	       14N
   8.22103	  65.55534	   7.50000	       14N
   8.22103	  69.82988	   7.50000	       14N
   8.22103	  74.10442	   7.50000	       14N
  10.96137	  65.55534	   7.50000	       14N
  10.96137	  69.82988	   7.50000	       14N
  10.96137	  74.10442	   7.50000	       14N
  13.70172	  65.55534	   7.50000	       14N
  13.70172	  69.82988	   7.50000	       14N
  13.70172	  74.10442	   7.50000	       14N
  16.44206	  65.55534	   7.50000	       14N
  16.44206	  69.82988	   7.50000	       14N
  16.44206	  74.10442	   7.50000	       14N
  19.18240	  65.55534	   7.50000	       14N
  19.18240	  69.82988	   7.50000	       14N
  19.18240	  74.10442	   7.50000	       14N
  21.92275	  65.55534	   7.50000	       14N
  21.92275	  69.82988	   7.50000	       14N
  21.92275	  74.10442	   7.50000	       14N
   1.37017	  79.06896	   7.50000	       10B
   4.11052	  79.06896	   7.50000	       11B
   6.85086	  79.06896	   7.50000	       11B
   9.59120	  79.06896	   7.50000	       11B
  12.33155	  79.06896	   7.50000	       11B
  15.07189	  79.06896	   7.50000	       11B
  17.81223	  79.06896	   7.50000	       11B
  20.55258	  79.06896	   7.50000	       11B
  23.29292	  79.06896	   7.50000	       10B
   0.00000	  78.37896	   7.50000	       14N
   2.74034	  78.37896	   7.50000	       14N
   5.48069	  78.37896	   7.50000	       14N
   8.22103	  78.37896	   7.50000	       14N
  10.96137	  78.37896	   7.50000	       14N
  13.70172	  78.37896	   7.50000	       14N
  16.44206	  78.37896	   7.50000	       14N
  19.18240	  78.37896	   7.50000	       14N
  21.92275	  78.37896	   7.50000	       14N
  26.03326	   2.12727	   7.50000	       10B
  26.03326	   6.40181	   7.50000	       11B
  26.03326	  10.67635	   7.50000	       11B
  28.77361	   2.12727	   7.50000	       11B
  28.77361	   6.40181	   7.50000	       11B
  28.77361	  10.67635	   7.50000	       11B
  31.51395	   2.12727	   7.50000	       11B
  31.51395	   6.40181	   7.50000	       11B
  31.51395	  10.67635	   7.50000	       10B
  34.25429	   2.12727	   7.50000	       11B
  34.25429	   6.40181	   7.50000	       11B
  34.25429	  10.67635	   7.50000	       11B
  36.99464	   2.12727	   7.50000	       11B
  36.99464	   6.40181	   7.50000	       11B
  36.99464	  10.67635	   7.50000	       10B
  39.73498	   2.12727	   7.50000	       10B
  39.73498	   6.40181	   7.50000	       11B
  39.73498	  10.67635	   7.50000	       11B
  42.47532	   2.12727	   7.50000	       11B
  42.47532	   6.40181	   7.50000	       10B
  42.47532	  10.67635	   7.50000	       10B
  45.21567	   2.12727	   7.50000	       11B
  45.21567	   6.40181	   7.50000	       11B
  45.21567	  10.67635	   7.50000	       11B
  47.95601	   2.12727	   7.50000	       11B
  47.95601	   6.40181	   7.50000	       11B
  47.95601	  10.67635	   7.50000	       11B
  24.66309	   4.26454	   7.50000	       10B
  24.66309	   8.53908	   7.50000	       11B
  24.66309	  12.81361	   7.50000	       11B
  27.40343	   4.26454	   7.50000	       11B
  27.40343	   8.53908	   7.50000	       10B
  27.40343	  12.81361	   7.50000	       11B
  30.14378	   4.26454	   7.50000	       10B
  30.14378	   8.53908	   7.50000	       10B
  30.14378	  12.81361	   7.50000	       11B
  32.88412	   4.26454	   7.50000	       10B
  32.88412	   8.53908	   7.50000	       11B
  32.88412	  12.81361	   7.50000	       11B
  35.62447	   4.26454	   7.50000	       11B
  35.62447	   8.53908	   7.50000	       10B
  35.62447	  12.81361	   7.50000	       10B
  38.36481	   4.26454	   7.50000	       11B
  38.36481	   8.53908	   7.50000	       11B
  38.36481	  12.81361	   7.50000	       10B
  41.10515	   4.26454	   7.50000	       11B
  41.10515	   8.53908	   7.50000	       11B
  41.10515	  12.81361	   7.50000	       11B
  43.84550	   4.26454	   7.50000	       11B
  43.84550	   8.53908	   7.50000	       11B
  43.84550	  12.81361	   7.50000	       11B
  46.58584	   4.26454	   7.50000	       11B
  46.58584	   8.53908	   7.50000	       11B
  46.58584	  12.81361	   7.50000	       11B
  26.03326	   3.57454	   7.50000	       14N
  26.03326	   7.84908	   7.50000	       14N
  26.03326	  12.12362	   7.50000	       14N
  28.77361	   3.57454	   7.50000	       14N
  28.77361	   7.84908	   7.50000	       14N
  28.77361	  12.12362	   7.50000	       14N
  31.51395	   3.57454	   7.50000	       14N
  31.51395	   7.84908	   7.50000	       14N
  31.51395	  12.12362	   7.50000	       14N
  34.25429	   3.57454	   7.50000	       14N
  34.25429	   7.84908	   7.50000	       14N
  34.25429	  12.12362	   7.50000	       14N
  36.99464	   3.57454	   7.50000	       14N
  36.99464	   7.84908	   7.50000	       14N
  36.99464	  12.12362	   7.50000	       14N
  39.73498	   3.57454	   7.50000	       14N
  39.73498	   7.84908	   7.50000	       14N
  39.73498	  12.12362	   7.50000	       14N
  42.47532	   3.57454	   7.50000	       14N
  42.47532	   7.84908	   7.50000	       14N
  42.47532	  12.12362	   7.50000	       14N
  45.21567	   3.57454	   7.50000	       14N
  45.21567	   7.84908	   7.50000	       14N
  45.21567	  12.12362	   7.50000	       14N
  47.95601	   3.57454	   7.50000	       14N
  47.95601	   7.84908	   7.50000	       14N
  47.95601	  12.12362	   7.50000	       14N
  24.66309	   1.43727	   7.50000	       14N
  24.66309	   5.71181	   7.50000	       14N
  24.66309	   9.98634	   7.50000	       14N
  27.40343	   1.43727	   7.50000	       14N
  27.40343	   5.71181	   7.50000	       14N
  27.40343	   9.98634	   7.50000	       14N
  30.14378	   1.43727	   7.50000	       14N
  30.14378	   5.71181	   7.50000	       14N
  30.14378	   9.98634	   7.50000	       14N
  32.88412	   1.43727	   7.50000	       14N
  32.88412	   5.71181	   7.50000	       14N
  32.88412	   9.98634	   7.50000	       14N
  35.62447	   1.43727	   7.50000	       14N
  35.62447	   5.71181	   7.50000	       14N
  35.62447	   9.98634	   7.50000	       14N
  38.36481	   1.43727	   7.50000	       14N
  38.36481	   5.71181	   7.50000	       14N
  38.36481	   9.98634	   7.50000	       14N
  41.10515	   1.43727	   7.50000	       14N
  41.10515	   5.71181	   7.50000	       14N
  41.10515	   9.98634	   7.50000	       14N
  43.84550	   1.43727	   7.50000	       14N
  43.84550	   5.71181	   7.50000	       14N
  43.84550	   9.98634	   7.50000	       14N
  46.58584	   1.43727	   7.50000	       14N
  46.58584	   5.71181	   7.50000	       14N
  46.58584	   9.98634	   7.50000	       14N
  26.03326	  14.95089	   7.50000	       11B
  26.03326	  19.22542	   7.50000	       11B
  26.03326	  23.49996	   7.50000	       11B
  28.77361	  14.95089	   7.50000	       11B
  28.77361	  19.22542	   7.50000	       11B
  28.77361	  23.49996	   7.50000	       11B
  31.51395	  14.95089	   7.50000	       11B
  31.51395	  19.22542	   7.50000	       11B
  31.51395	  23.49996	   7.50000	       11B
  34.25429	  14.95089	   7.50000	       11B
  34.25429	  19.22542	   7.50000	       11B
  34.25429	  23.49996	   7.50000	       10B
  36.99464	  14.95089	   7.50000	       11B
  36.99464	  19.22542	   7.50000	       11B
  36.99464	  23.49996	   7.50000	       11B
  39.73498	  14.95089	   7.50000	       11B
  39.73498	  19.22542	   7.50000	       11B
  39.73498	  23.49996	   7.50000	       10B
  42.47532	  14.95089	   7.50000	       11B
  42.47532	  19.22542	   7.50000	       11B
  42.47532	  23.49996	   7.50000	       11B
  45.21567	  14.95089	   7.50000	       11B
  45.21567	  19.22542	   7.50000	       10B
  45.21567	  23.49996	   7.50000	       10B
  47.95601	  14.95089	   7.50000	       10B
  47.95601	  19.22542	   7.50000	       11B
  47.95601	  23.49996	   7.50000	       11B
  24.66309	  17.08815	   7.50000	       11B
  24.66309	  21.36269	   7.50000	       11B
  24.66309	  25.63723	   7.50000	       11B
  27.40343	  17.08815	   7.50000	       11B
  27.40343	  21.36269	   7.50000	       10B
  27.40343	  25.63723	   7.50000	       11B
  30.14378	  17.08815	   7.50000	       11B
  30.14378	  21.36269	   7.50000	       10B
  30.14378	  25.63723	   7.50000	       11B
  32.88412	  17.08815	   7.50000	       11B
  32.88412	  21.36269	   7.50000	       11B
  32.88412	  25.63723	   7.50000	       11B
  35.62447	  17.08815	   7.50000	       11B
  35.62447	  21.36269	   7.50000	       11B
  35.62447	  25.63723	   7.50000	       11B
  38.36481	  17.08815	   7.50000	       11B
  38.36481	  21.36269	   7.50000	       11B
  38.36481	  25.63723	   7.50000	       11B
  41.10515	  17.08815	   7.50000	       11B
  41.10515	  21.36269	   7.50000	       10B
  41.10515	  25.63723	   7.50000	       11B
  43.84550	  17.08815	   7.50000	       10B
  43.84550	  21.36269	   7.50000	       11B
  43.84550	  25.63723	   7.50000	       11B
  46.58584	  17.08815	   7.50000	       11B
  46.58584	  21.36269	   7.50000	       11B
  46.58584	  25.63723	   7.50000	       11B
  26.03326	  16.39815	   7.50000	       14N
  26.03326	  20.67269	   7.50000	       14N
  26.03326	  24.94723	   7.50000	       14N
  28.77361	  16.39815	   7.50000	       14N
  28.77361	  20.67269	   7.50000	       14N
  28.77361	  24.94723	   7.50000	       14N
  31.51395	  16.39815	   7.50000	       14N
  31.51395	  20.67269	   7.50000	       14N
  31.51395	  24.94723	   7.50000	       14N
  34.25429	  16.39815	   7.50000	       14N
  34.25429	  20.67269	   7.50000	       14N
  34.25429	  24.94723	   7.50000	       14N
  36.99464	  16.39815	   7.50000	       14N
  36.99464	  20.67269	   7.50000	       14N
  36.99464	  24.94723	   7.50000	       14N
  39.73498	  16.39815	   7.50000	       14N
  39.73498	  20.67269	   7.50000	       14N
  39.73498	  24.94723	   7.50000	       14N
  42.47532	  16.39815	   7.50000	       14N
  42.47532	  20.67269	   7.50000	       14N
  42.47532	  24.94723	   7.50000	       14N
  45.21567	  16.39815	   7.50000	       14N
  45.21567	  20.67269	   7.50000	       14N
  45.21567	  24.94723	   7.50000	       14N
  47.95601	  16.39815	   7.50000	       14N
  47.95601	  20.67269	   7.50000	       14N
  47.95601	  24.94723	   7.50000	       14N
  24.66309	  14.26088	   7.50000	       14N
  24.66309	  18.53542	   7.50000	       14N
  24.66309	  22.80996	   7.50000	       14N
  27.40343	  14.26088	   7.50000	       14N
  27.40343	  18.53542	   7.50000	       14N
  27.40343	  22.80996	   7.50000	       14N
  30.14378	  14.26088	   7.50000	       14N
  30.14378	  18.53542	   7.50000	       14N
  30.14378	  22.80996	   7.50000	       14N
  32.88412	  14.26088	   7.50000	       14N
  32.88412	  18.53542	   7.50000	       14N
  32.88412	  22.80996	   7.50000	       14N
  35.62447	  14.26088	   7.50000	       14N
  35.62447	  18.53542	   7.50000	       14N
  35.62447	  22.80996	   7.50000	       14N
  38.36481	  14.26088	   7.50000	       14N
  38.36481	  18.53542	   7.50000	       14N
  38.36481	  22.80996	   7.50000	       14N
  41.10515	  14.26088	   7.50000	       14N
  41.10515	  18.53542	   7.50000	       14N
  41.10515	  22.80996	   7.50000	       14N
  43.84550	  14.26088	   7.50000	       14N
  43.84550	  18.53542	   7.50000	       14N
  43.84550	  22.80996	   7.50000	       14N
  46.58584	  14.26088	   7.50000	       14N
  46.58584	  18.53542	   7.50000	       14N
  46.58584	  22.80996	   7.50000	       14N
  26.03326	  27.77450	   7.50000	       10B
  26.03326	  32.04904	   7.50000	       10B
  26.03326	  36.32358	   7.50000	       10B
  28.77361	  27.77450	   7.50000	       11B
  28.77361	  32.04904	   7.50000	       11B
  28.77361	  36.32358	   7.50000	       11B
  31.51395	  27.77450	   7.50000	       11B
  31.51395	  32.04904	   7.50000	       10B
  31.51395	  36.32358	   7.50000	       11B
  34.25429	  27.77450	   7.50000	       11B
  34.25429	  32.04904	   7.50000	       10B
  34.25429	  36.32358	   7.50000	       10B
  36.99464	  27.77450	   7.50000	       10B
  36.99464	  32.04904	   7.50000	       11B
  36.99464	  36.32358	   7.50000	       11B
  39.73498	  27.77450	   7.50000	       11B
  39.73498	  32.04904	   7.50000	       10B
  39.73498	  36.32358	   7.50000	       11B
  42.47532	  27.77450	   7.50000	       11B
  42.47532	  32.04904	   7.50000	       10B
  42.47532	  36.32358	   7.50000	       10B
  45.21567	  27.77450	   7.50000	       10B
  45.21567	  32.04904	   7.50000	       10B
  45.21567	  36.32358	   7.50000	       11B
  47.95601	  27.77450	   7.50000	       11B
  47.95601	  32.04904	   7.50000	       11B
  47.95601	  36.32358	   7.50000	       11B
  24.66309	  29.91177	   7.50000	       11B
  24.66309	  34.18631	   7.50000	       11B
  24.66309	  38.46084	   7.50000	       11B
  27.40343	  29.91177	   7.50000	       11B
  27.40343	  34.18631	   7.50000	       11B
  27.40343	  38.46084	   7.50000	       11B
  30.14378	  29.91177	   7.50000	       11B
  30.14378	  34.18631	   7.50000	       11B
  30.14378	  38.46084	   7.50000	       11B
  32.88412	  29.91177	   7.50000	       11B
  32.88412	  34.18631	   7.50000	       11B
  32.88412	  38.46084	   7.50000	       10B
  35.62447	  29.91177	   7.50000	       11B
  35.62447	  34.18631	   7.50000	       11B
  35.62447	  38.46084	   7.50000	       11B
  38.36481	  29.91177	   7.50000	       11B
  38.36481	  34.18631	   7.50000	       11B
  38.36481	  38.46084	   7.50000	       11B
  41.10515	  29.91177	   7.50000	       11B
  41.10515	  34.18631	   7.50000	       11B
  41.10515	  38.46084	   7.50000	       11B
  43.84550	  29.91177	   7.50000	       11B
  43.84550	  34.18631	   7.50000	       11B
  43.84550	  38.46084	   7.50000	       11B
  46.58584	  29.91177	   7.50000	       11B
  46.58584	  34.18631	   7.50000	       11B
  46.58584	  38.46084	   7.50000	       11B
  26.03326	  29.22177	   7.50000	       14N
  26.03326	  33.49631	   7.50000	       14N
  26.03326	  37.77085	   7.50000	       14N
  28.77361	  29.22177	   7.50000	       14N
  28.77361	  33.49631	   7.50000	       14N
  28.77361	  37.77085	   7.50000	       14N
  31.51395	  29.22177	   7.50000	       14N
  31.51395	  33.49631	   7.50000	       14N
  31.51395	  37.77085	   7.50000	       14N
  34.25429	  29.22177	   7.50000	       14N
  34.25429	  33.49631	   7.50000	       14N
  34.25429	  37.77085	   7.50000	       14N
  36.99464	  29.22177	   7.50000	       14N
  36.99464	  33.49631	   7.50000	       14N
  36.99464	  37.77085	   7.50000	       14N
  39.73498	  29.22177	   7.50000	       14N
  39.73498	  33.49631	   7.50000	       14N
  39.73498	  37.77085	   7.50000	       14N
  42.47532	  29.22177	   7.50000	       14N
  42.47532	  33.49631	   7.50000	       14N
  42.47532	  37.77085	   7.50000	       14N
  45.21567	  29.22177	   7.50000	       14N
  45.21567	  33.49631	   7.50000	       14N
  45.21567	  37.77085	   7.50000	       14N
  47.95601	  29.22177	   7.50000	       14N
  47.95601	  33.49631	   7.50000	       14N
  47.95601	  37.77085	   7.50000	       14N
  24.66309	  27.08450	   7.50000	       14N
  24.66309	  31.35904	   7.50000	       14N
  24.66309	  35.63357	   7.50000	       14N
  27.40343	  27.08450	   7.50000	       14N
  27.40343	  31.35904	   7.50000	       14N
  27.40343	  35.63357	   7.50000	       14N
  30.14378	  27.08450	   7.50000	       14N
  30.14378	  31.35904	   7.50000	       14N
  30.14378	  35.63357	   7.50000	       14N
  32.88412	  27.08450	   7.50000	       14N
  32.88412	  31.35904	   7.50000	       14N
  32.88412	  35.63357	   7.50000	       14N
  35.62447	  27.08450	   7.50000	       14N
  35.62447	  31.35904	   7.50000	       14N
  35.62447	  35.63357	   7.50000	       14N
  38.36481	  27.08450	   7.50000	       14N
  38.36481	  31.35904	   7.50000	       14N
  38.36481	  35.63357	   7.50000	       14N
  41.10515	  27.08450	   7.50000	       14N
  41.10515	  31.35904	   7.50000	       14N
  41.10515	  35.63357	   7.50000	       14N
  43.84550	  27.08450	   7.50000	       14N
  43.84550	  31.35904	   7.50000	       14N
  43.84550	  35.63357	   7.50000	       14N
  46.58584	  27.08450	   7.50000	       14N
  46.58584	  31.35904	   7.50000	       14N
  46.58584	  35.63357	   7.50000	       14N
  26.02648	  40.58694	   7.50000	       10B
  26.02298	  44.86462	   7.50000	       11B
  26.02812	  49.13785	   7.50000	       11B
  28.75333	  40.58756	   7.50000	       10B
  28.73908	  44.86913	   7.50000	       11B
  28.76028	  49.14242	   7.50000	       11B
  31.48476	  40.59074	   7.50000	       11B
  31.43959	  44.87735	   7.50000	       11B
  31.50041	  49.14957	   7.50000	       11B
  34.22670	  40.60507	   7.50000	       11B
  34.11081	  44.88639	   7.50000	       11B
  34.25271	  49.15137	   7.50000	       11B
  36.99464	  40.65447	   7.50000	       10B
  36.99464	  49.14984	   7.50000	       11B
  39.76258	  40.60507	   7.50000	       11B
  39.87847	  44.88639	   7.50000	       11B
  39.73656	  49.15137	   7.50000	       11B
  42.50451	  40.59074	   7.50000	       11B
  42.54969	  44.87735	   7.50000	       11B
  42.48887	  49.14957	   7.50000	       10B
  45.23594	  40.58756	   7.50000	       11B
  45.25019	  44.86913	   7.50000	       11B
  45.22899	  49.14242	   7.50000	       11B
  47.96280	  40.58694	   7.50000	       11B
  47.96629	  44.86462	   7.50000	       11B
  47.96116	  49.13785	   7.50000	       11B
  24.66309	  42.72532	   7.50000	       11B
  24.66309	  47.00093	   7.50000	       10B
  24.66309	  51.27356	   7.50000	       11B
  27.38554	  42.72623	   7.50000	       10B
  27.38948	  47.00464	   7.50000	       11B
  27.39230	  51.27456	   7.50000	       11B
  30.10616	  42.72865	   7.50000	       11B
  30.11870	  47.01235	   7.50000	       11B
  30.12707	  51.27831	   7.50000	       11B
  32.82428	  42.73459	   7.50000	       10B
  32.85829	  47.02183	   7.50000	       11B
  32.87144	  51.28432	   7.50000	       11B
  35.58566	  42.77664	   7.50000	       10B
  35.63696	  46.97814	   7.50000	       11B
  35.62535	  51.30763	   7.50000	       11B
  38.40361	  42.77664	   7.50000	       11B
  38.35231	  46.97814	   7.50000	       11B
  38.36393	  51.30763	   7.50000	       11B
  41.16500	  42.73459	   7.50000	       11B
  41.13098	  47.02183	   7.50000	       11B
  41.11783	  51.28432	   7.50000	       11B
  43.88312	  42.72865	   7.50000	       10B
  43.87058	  47.01235	   7.50000	       11B
  43.86220	  51.27831	   7.50000	       11B
  46.60373	  42.72623	   7.50000	       10B
  46.59980	  47.00464	   7.50000	       11B
  46.59698	  51.27456	   7.50000	       11B
  26.02265	  42.03372	   7.50000	       14N
  26.02312	  46.31168	   7.50000	       14N
  26.02549	  50.58472	   7.50000	       14N
  28.74134	  42.03403	   7.50000	       14N
  28.74269	  46.31703	   7.50000	       14N
  28.75320	  50.58879	   7.50000	       14N
  31.45921	  42.03379	   7.50000	       14N
  31.46147	  46.32733	   7.50000	       14N
  31.49001	  50.59641	   7.50000	       14N
  34.18422	  42.03711	   7.50000	       14N
  34.18571	  46.33740	   7.50000	       14N
  34.24420	  50.60650	   7.50000	       14N
  36.99464	  42.10349	   7.50000	       15N
  36.99464	  50.61078	   7.50000	       14N
  39.80505	  42.03711	   7.50000	       14N
  39.80357	  46.33740	   7.50000	       14N
  39.74508	  50.60650	   7.50000	       14N
  42.53007	  42.03379	   7.50000	       14N
  42.52781	  46.32733	   7.50000	       14N
  42.49927	  50.59641	   7.50000	       14N
  45.24793	  42.03403	   7.50000	       14N
  45.24658	  46.31703	   7.50000	       14N
  45.23608	  50.58879	   7.50000	       14N
  47.96663	  42.03372	   7.50000	       14N
  47.96615	  46.31168	   7.50000	       14N
  47.96379	  50.58472	   7.50000	       14N
  24.66309	  39.89657	   7.50000	       14N
  24.66309	  44.17238	   7.50000	       14N
  24.66309	  48.44797	   7.50000	       14N
  27.38636	  39.89724	   7.50000	       14N
  27.37737	  44.17365	   7.50000	       14N
  27.38798	  48.45142	   7.50000	       14N
  30.11346	  39.89939	   7.50000	       14N
  30.08238	  44.17674	   7.50000	       14N
  30.11680	  48.46021	   7.50000	       14N
  32.85124	  39.90462	   7.50000	       14N
  32.75701	  44.17978	   7.50000	       14N
  32.85551	  48.47309	   7.50000	       14N
  35.61569	  39.93447	   7.50000	       14N
  35.61224	  48.46451	   7.50000	       14N
  38.37359	  39.93447	   7.50000	       14N
  38.37703	  48.46451	   7.50000	       14N
  41.13804	  39.90462	   7.50000	       14N
  41.23227	  44.17978	   7.50000	       14N
  41.13377	  48.47309	   7.50000	       14N
  43.87581	  39.89939	   7.50000	       14N
  43.90690	  44.17674	   7.50000	       14N
  43.87248	  48.46021	   7.50000	       14N
  46.60292	  39.89724	   7.50000	       15N
  46.61191	  44.17365	   7.50000	       14N
  46.60130	  48.45142	   7.50000	       14N
  38.67370	  44.13689	   7.50000	       14N
  35.31557	  44.13689	   7.50000	       14N
  36.99464	  46.41626	   7.50000	       14N
  26.03326	  53.42173	   7.50000	       11B
  26.03326	  57.69627	   7.50000	       11B
  26.03326	  61.97081	   7.50000	       11B
  28.77361	  53.42173	   7.50000	       11B
  28.77361	  57.69627	   7.50000	       10B
  28.77361	  61.97081	   7.50000	       11B
  31.51395	  53.42173	   7.50000	       10B
  31.51395	  57.69627	   7.50000	       10B
  31.51395	  61.97081	   7.50000	       10B
  34.25429	  53.42173	   7.50000	       11B
  34.25429	  57.69627	   7.50000	       11B
  34.25429	  61.97081	   7.50000	       11B
  36.99464	  53.42173	   7.50000	       10B
  36.99464	  57.69627	   7.50000	       11B
  36.99464	  61.97081	   7.50000	       10B
  39.73498	  53.42173	   7.50000	       11B
  39.73498	  57.69627	   7.50000	       11B
  39.73498	  61.97081	   7.50000	       11B
  42.47532	  53.42173	   7.50000	       11B
  42.47532	  57.69627	   7.50000	       11B
  42.47532	  61.97081	   7.50000	       10B
  45.21567	  53.42173	   7.50000	       11B
  45.21567	  57.69627	   7.50000	       11B
  45.21567	  61.97081	   7.50000	       11B
  47.95601	  53.42173	   7.50000	       11B
  47.95601	  57.69627	   7.50000	       11B
  47.95601	  61.97081	   7.50000	       11B
  24.66309	  55.55900	   7.50000	       11B
  24.66309	  59.83354	   7.50000	       11B
  24.66309	  64.10807	   7.50000	       10B
  27.40343	  55.55900	   7.50000	       11B
  27.40343	  59.83354	   7.50000	       11B
  27.40343	  64.10807	   7.50000	       10B
  30.14378	  55.55900	   7.50000	       11B
  30.14378	  59.83354	   7.50000	       10B
  30.14378	  64.10807	   7.50000	       10B
  32.88412	  55.55900	   7.50000	       11B
  32.88412	  59.83354	   7.50000	       11B
  32.88412	  64.10807	   7.50000	       11B
  35.62447	  55.55900	   7.50000	       11B
  35.62447	  59.83354	   7.50000	       11B
  35.62447	  64.10807	   7.50000	       11B
  38.36481	  55.55900	   7.50000	       11B
  38.36481	  59.83354	   7.50000	       11B
  38.36481	  64.10807	   7.50000	       11B
  41.10515	  55.55900	   7.50000	       11B
  41.10515	  59.83354	   7.50000	       11B
  41.10515	  64.10807	   7.50000	       11B
  43.84550	  55.55900	   7.50000	       11B
  43.84550	  59.83354	   7.50000	       11B
  43.84550	  64.10807	   7.50000	       11B
  46.58584	  55.55900	   7.50000	       11B
  46.58584	  59.83354	   7.50000	       11B
  46.58584	  64.10807	   7.50000	       10B
  26.03326	  54.86900	   7.50000	       14N
  26.03326	  59.14354	   7.50000	       14N
  26.03326	  63.41808	   7.50000	       14N
  28.77361	  54.86900	   7.50000	       14N
  28.77361	  59.14354	   7.50000	       14N
  28.77361	  63.41808	   7.50000	       14N
  31.51395	  54.86900	   7.50000	       14N
  31.51395	  59.14354	   7.50000	       14N
  31.51395	  63.41808	   7.50000	       14N
  34.25429	  54.86900	   7.50000	       14N
  34.25429	  59.14354	   7.50000	       14N
  34.25429	  63.41808	   7.50000	       14N
  36.99464	  54.86900	   7.50000	       14N
  36.99464	  59.14354	   7.50000	       14N
  36.99464	  63.41808	   7.50000	       14N
  39.73498	  54.86900	   7.50000	       14N
  39.73498	  59.14354	   7.50000	       14N
  39.73498	  63.41808	   7.50000	       14N
  42.47532	  54.86900	   7.50000	       14N
  42.47532	  59.14354	   7.50000	       14N
  42.47532	  63.41808	   7.50000	       14N
  45.21567	  54.86900	   7.50000	       14N
  45.21567	  59.14354	   7.50000	       14N
  45.21567	  63.41808	   7.50000	       14N
  47.95601	  54.86900	   7.50000	       14N
  47.95601	  59.14354	   7.50000	       14N
  47.95601	  63.41808	   7.50000	       14N
  24.66309	  52.73173	   7.50000	       14N
  24.66309	  57.00627	   7.50000	       14N
  24.66309	  61.28080	   7.50000	       14N
  27.40343	  52.73173	   7.50000	       14N
  27.40343	  57.00627	   7.50000	       14N
  27.40343	  61.28080	   7.50000	       14N
  30.14378	  52.73173	   7.50000	       15N
  30.14378	  57.00627	   7.50000	       14N
  30.14378	  61.28080	   7.50000	       14N
  32.88412	  52.73173	   7.50000	       14N
  32.88412	  57.00627	   7.50000	       14N
  32.88412	  61.28080	   7.50000	       14N
  35.62447	  52.73173	   7.50000	       14N
  35.62447	  57.00627	   7.50000	       14N
  35.62447	  61.28080	   7.50000	       14N
  38.36481	  52.73173	   7.50000	       14N
  38.36481	  57.00627	   7.50000	       14N
  38.36481	  61.28080	   7.50000	       14N
  41.10515	  52.73173	   7.50000	       14N
  41.10515	  57.00627	   7.50000	       14N
  41.10515	  61.28080	   7.50000	       14N
  43.84550	  52.73173	   7.50000	       14N
  43.84550	  57.00627	   7.50000	       14N
  43.84550	  61.28080	   7.50000	       14N
  46.58584	  52.73173	   7.50000	       14N
  46.58584	  57.00627	   7.50000	       14N
  46.58584	  61.28080	   7.50000	       14N
  26.03326	  66.24535	   7.50000	       10B
  26.03326	  70.51989	   7.50000	       11B
  26.03326	  74.79442	   7.50000	       10B
  28.77361	  66.24535	   7.50000	       11B
  28.77361	  70.51989	   7.50000	       11B
  28.77361	  74.79442	   7.50000	       11B
  31.51395	  66.24535	   7.50000	       11B
  31.51395	  70.51989	   7.50000	       11B
  31.51395	  74.79442	   7.50000	       11B
  34.25429	  66.24535	   7.50000	       11B
  34.25429	  70.51989	   7.50000	       11B
  34.25429	  74.79442	   7.50000	       11B
  36.99464	  66.24535	   7.50000	       11B
  36.99464	  70.51989	   7.50000	       11B
  36.99464	  74.79442	   7.50000	       11B
  39.73498	  66.24535	   7.50000	       11B
  39.73498	  70.51989	   7.50000	       11B
  39.73498	  74.79442	   7.50000	       11B
  42.47532	  66.24535	   7.50000	       11B
  42.47532	  70.51989	   7.50000	       11B
  42.47532	  74.79442	   7.50000	       11B
  45.21567	  66.24535	   7.50000	       11B
  45.21567	  70.51989	   7.50000	       10B
  45.21567	  74.79442	   7.50000	       10B
  47.95601	  66.24535	   7.50000	       10B
  47.95601	  70.51989	   7.50000	       10B
  47.95601	  74.79442	   7.50000	       11B
  24.66309	  68.38261	   7.50000	       11B
  24.66309	  72.65715	   7.50000	       11B
  24.66309	  76.93169	   7.50000	       11B
  27.40343	  68.38261	   7.50000	       11B
  27.40343	  72.65715	   7.50000	       11B
  27.40343	  76.93169	   7.50000	       11B
  30.14378	  68.38261	   7.50000	       11B
  30.14378	  72.65715	   7.50000	       10B
  30.14378	  76.93169	   7.50000	       11B
  32.88412	  68.38261	   7.50000	       10B
  32.88412	  72.65715	   7.50000	       11B
  32.88412	  76.93169	   7.50000	       11B
  35.62447	  68.38261	   7.50000	       11B
  35.62447	  72.65715	   7.50000	       11B
  35.62447	  76.93169	   7.50000	       11B
  38.36481	  68.38261	   7.50000	       11B
  38.36481	  72.65715	   7.50000	       11B
  38.36481	  76.93169	   7.50000	       11B
  41.10515	  68.38261	   7.50000	       10B
  41.10515	  72.65715	   7.50000	       11B
  41.10515	  76.93169	   7.50000	       10B
  43.84550	  68.38261	   7.50000	       11B
  43.84550	  72.65715	   7.50000	       11B
  43.84550	  76.93169	   7.50000	       11B
  46.58584	  68.38261	   7.50000	       10B
  46.58584	  72.65715	   7.50000	       11B
  46.58584	  76.93169	   7.50000	       11B
  26.03326	  67.69262	   7.50000	       14N
  26.03326	  71.96715	   7.50000	       14N
  26.03326	  76.24169	   7.50000	       14N
  28.77361	  67.69262	   7.50000	       14N
  28.77361	  71.96715	   7.50000	       14N
  28.77361	  76.24169	   7.50000	       14N
  31.51395	  67.69262	   7.50000	       14N
  31.51395	  71.96715	   7.50000	       14N
  31.51395	  76.24169	   7.50000	       14N
  34.25429	  67.69262	   7.50000	       14N
  34.25429	  71.96715	   7.50000	       14N
  34.25429	  76.24169	   7.50000	       14N
  36.99464	  67.69262	   7.50000	       14N
  36.99464	  71.96715	   7.50000	       14N
  36.99464	  76.24169	   7.50000	       14N
  39.73498	  67.69262	   7.50000	       14N
  39.73498	  71.96715	   7.50000	       14N
  39.73498	  76.24169	   7.50000	       14N
  42.47532	  67.69262	   7.50000	       14N
  42.47532	  71.96715	   7.50000	       14N
  42.47532	  76.24169	   7.50000	       14N
  45.21567	  67.69262	   7.50000	       14N
  45.21567	  71.96715	   7.50000	       14N
  45.21567	  76.24169	   7.50000	       14N
  47.95601	  67.69262	   7.50000	       14N
  47.95601	  71.96715	   7.50000	       14N
  47.95601	  76.24169	   7.50000	       14N
  24.66309	  65.55534	   7.50000	       14N
  24.66309	  69.82988	   7.50000	       14N
  24.66309	  74.10442	   7.50000	       14N
  27.40343	  65.55534	   7.50000	       14N
  27.40343	  69.82988	   7.50000	       14N
  27.40343	  74.10442	   7.50000	       14N
  30.14378	  65.55534	   7.50000	       14N
  30.14378	  69.82988	   7.50000	       14N
  30.14378	  74.10442	   7.50000	       14N
  32.88412	  65.55534	   7.50000	       14N
  32.88412	  69.82988	   7.50000	       14N
  32.88412	  74.10442	   7.50000	       14N
  35.62447	  65.55534	   7.50000	       14N
  35.62447	  69.82988	   7.50000	       14N
  35.62447	  74.10442	   7.50000	       14N
  38.36481	  65.55534	   7.50000	       14N
  38.36481	  69.82988	   7.50000	       14N
  38.36481	  74.10442	   7.50000	       14N
  41.10515	  65.55534	   7.50000	       14N
  41.10515	  69.82988	   7.50000	       14N
  41.10515	  74.10442	   7.50000	       14N
  43.84550	  65.55534	   7.50000	       14N
  43.84550	  69.82988	   7.50000	       14N
  43.84550	  74.10442	   7.50000	       14N
  46.58584	  65.55534	   7.50000	       14N
  46.58584	  69.82988	   7.50000	       14N
  46.58584	  74.10442	   7.50000	       14N
  26.03326	  79.06896	   7.50000	       11B
  28.77361	  79.06896	   7.50000	       10B
  31.51395	  79.06896	   7.50000	       11B
  34.25429	  79.06896	   7.50000	       11B
  36.99464	  79.06896	   7.50000	       11B
  39.73498	  79.06896	   7.50000	       11B
  42.47532	  79.06896	   7.50000	       11B
  45.21567	  79.06896	   7.50000	       11B
  47.95601	  79.06896	   7.50000	       10B
  24.66309	  78.37896	   7.50000	       14N
  27.40343	  78.37896	   7.50000	       14N
  30.14378	  78.37896	   7.50000	       14N
  32.88412	  78.37896	   7.50000	       14N
  35.62447	  78.37896	   7.50000	       14N
  38.36481	  78.37896	   7.50000	       14N
  41.10515	  78.37896	   7.50000	       14N
  43.84550	  78.37896	   7.50000	       14N
  46.58584	  78.37896	   7.50000	       14N
  50.69635	   2.12727	   7.50000	       11B
  50.69635	   6.40181	   7.50000	       11B
  50.69635	  10.67635	   7.50000	       11B
  53.43670	   2.12727	   7.50000	       11B
  53.43670	   6.40181	   7.50000	       11B
  53.43670	  10.67635	   7.50000	       11B
  56.17704	   2.12727	   7.50000	       11B
  56.17704	   6.40181	   7.50000	       11B
  56.17704	  10.67635	   7.50000	       11B
  58.91739	   2.12727	   7.50000	       11B
  58.91739	   6.40181	   7.50000	       11B
  58.91739	  10.67635	   7.50000	       11B
  61.65773	   2.12727	   7.50000	       11B
  61.65773	   6.40181	   7.50000	       10B
  61.65773	  10.67635	   7.50000	       10B
  64.39807	   2.12727	   7.50000	       11B
  64.39807	   6.40181	   7.50000	       11B
  64.39807	  10.67635	   7.50000	       11B
  67.13842	   2.12727	   7.50000	       11B
  67.13842	   6.40181	   7.50000	       11B
  67.13842	  10.67635	   7.50000	       11B
  69.87876	   2.12727	   7.50000	       10B
  69.87876	   6.40181	   7.50000	       10B
  69.87876	  10.67635	   7.50000	       11B
  72.61910	   2.12727	   7.50000	       10B
  72.61910	   6.40181	   7.50000	       11B
  72.61910	  10.67635	   7.50000	       11B
  49.32618	   4.26454	   7.50000	       11B
  49.32618	   8.53908	   7.50000	       11B
  49.32618	  12.81361	   7.50000	       11B
  52.06653	   4.26454	   7.50000	       11B
  52.06653	   8.53908	   7.50000	       11B
  52.06653	  12.81361	   7.50000	       11B
  54.80687	   4.26454	   7.50000	       11B
  54.80687	   8.53908	   7.50000	       11B
  54.80687	  12.81361	   7.50000	       10B
  57.54721	   4.26454	   7.50000	       11B
  57.54721	   8.53908	   7.50000	       11B
  57.54721	  12.81361	   7.50000	       10B
  60.28756	   4.26454	   7.50000	       10B
  60.28756	   8.53908	   7.50000	       11B
  60.28756	  12.81361	   7.50000	       11B
  63.02790	   4.26454	   7.50000	       11B
  63.02790	   8.53908	   7.50000	       11B
  63.02790	  12.81361	   7.50000	       11B
  65.76824	   4.26454	   7.50000	       11B
  65.76824	   8.53908	   7.50000	       11B
  65.76824	  12.81361	   7.50000	       11B
  68.50859	   4.26454	   7.50000	       11B
  68.50859	   8.53908	   7.50000	       11B
  68.50859	  12.81361	   7.50000	       10B
  71.24893	   4.26454	   7.50000	       11B
  71.24893	   8.53908	   7.50000	       11B
  71.24893	  12.81361	   7.50000	       11B
  50.69635	   3.57454	   7.50000	       14N
  50.69635	   7.84908	   7.50000	       14N
  50.69635	  12.12362	   7.50000	       15N
  53.43670	   3.57454	   7.50000	       14N
  53.43670	   7.84908	   7.50000	       14N
  53.43670	  12.12362	   7.50000	       14N
  56.17704	   3.57454	   7.50000	       14N
  56.17704	   7.84908	   7.50000	       14N
  56.17704	  12.12362	   7.50000	       14N
  58.91739	   3.57454	   7.50000	       14N
  58.91739	   7.84908	   7.50000	       14N
  58.91739	  12.12362	   7.50000	       14N
  61.65773	   3.57454	   7.50000	       14N
  61.65773	   7.84908	   7.50000	       14N
  61.65773	  12.12362	   7.50000	       14N
  64.39807	   3.57454	   7.50000	       14N
  64.39807	   7.84908	   7.50000	       14N
  64.39807	  12.12362	   7.50000	       14N
  67.13842	   3.57454	   7.50000	       14N
  67.13842	   7.84908	   7.50000	       14N
  67.13842	  12.12362	   7.50000	       14N
  69.87876	   3.57454	   7.50000	       14N
  69.87876	   7.84908	   7.50000	       14N
  69.87876	  12.12362	   7.50000	       14N
  72.61910	   3.57454	   7.50000	       14N
  72.61910	   7.84908	   7.50000	       14N
  72.61910	  12.12362	   7.50000	       14N
  49.32618	   1.43727	   7.50000	       14N
  49.32618	   5.71181	   7.50000	       14N
  49.32618	   9.98634	   7.50000	       14N
  52.06653	   1.43727	   7.50000	       15N
  52.06653	   5.71181	   7.50000	       14N
  52.06653	   9.98634	   7.50000	       14N
  54.80687	   1.43727	   7.50000	       14N
  54.80687	   5.71181	   7.50000	       14N
  54.80687	   9.98634	   7.50000	       14N
  57.54721	   1.43727	   7.50000	       14N
  57.54721	   5.71181	   7.50000	       14N
  57.54721	   9.98634	   7.50000	       14N
  60.28756	   1.43727	   7.50000	       14N
  60.28756	   5.71181	   7.50000	       14N
  60.28756	   9.98634	   7.50000	       14N
  63.02790	   1.43727	   7.50000	       14N
  63.02790	   5.71181	   7.50000	       14N
  63.02790	   9.98634	   7.50000	       14N
  65.76824	   1.43727	   7.50000	       14N
  65.76824	   5.71181	   7.50000	       14N
  65.76824	   9.98634	   7.50000	       14N
  68.50859	   1.43727	   7.50000	       14N
  68.50859	   5.71181	   7.50000	       14N
  68.50859	   9.98634	   7.50000	       14N
  71.24893	   1.43727	   7.50000	       14N
  71.24893	   5.71181	   7.50000	       14N
  71.24893	   9.98634	   7.50000	       14N
  50.69635	  14.95089	   7.50000	       11B
  50.69635	  19.22542	   7.50000	       11B
  50.69635	  23.49996	   7.50000	       11B
  53.43670	  14.95089	   7.50000	       11B
  53.43670	  19.22542	   7.50000	       11B
  53.43670	  23.49996	   7.50000	       10B
  56.17704	  14.95089	   7.50000	       11B
  56.17704	  19.22542	   7.50000	       11B
  56.17704	  23.49996	   7.50000	       11B
  58.91739	  14.95089	   7.50000	       11B
  58.91739	  19.22542	   7.50000	       11B
  58.91739	  23.49996	   7.50000	       11B
  61.65773	  14.95089	   7.50000	       10B
  61.65773	  19.22542	   7.50000	       11B
  61.65773	  23.49996	   7.50000	       11B
  64.39807	  14.95089	   7.50000	       11B
  64.39807	  19.22542	   7.50000	       11B
  64.39807	  23.49996	   7.50000	       11B
  67.13842	  14.95089	   7.50000	       11B
  67.13842	  19.22542	   7.50000	       11B
  67.13842	  23.49996	   7.50000	       11B
  69.87876	  14.95089	   7.50000	       11B
  69.87876	  19.22542	   7.50000	       11B
  69.87876	  23.49996	   7.50000	       11B
  72.61910	  14.95089	   7.50000	       11B
  72.61910	  19.22542	   7.50000	       11B
  72.61910	  23.49996	   7.50000	       11B
  49.32618	  17.08815	   7.50000	       11B
  49.32618	  21.36269	   7.50000	       11B
  49.32618	  25.63723	   7.50000	       11B
  52.06653	  17.08815	   7.50000	       10B
  52.06653	  21.36269	   7.50000	       11B
  52.06653	  25.63723	   7.50000	       11B
  54.80687	  17.08815	   7.50000	       11B
  54.80687	  21.36269	   7.50000	       11B
  54.80687	  25.63723	   7.50000	       11B
  57.54721	  17.08815	   7.50000	       11B
  57.54721	  21.36269	   7.50000	       11B
  57.54721	  25.63723	   7.50000	       11B
  60.28756	  17.08815	   7.50000	       11B
  60.28756	  21.36269	   7.50000	       11B
  60.28756	  25.63723	   7.50000	       10B
  63.02790	  17.08815	   7.50000	       11B
  63.02790	  21.36269	   7.50000	       11B
  63.02790	  25.63723	   7.50000	       11B
  65.76824	  17.08815	   7.50000	       10B
  65.76824	  21.36269	   7.50000	       11B
  65.76824	  25.63723	   7.50000	       10B
  68.50859	  17.08815	   7.50000	       11B
  68.50859	  21.36269	   7.50000	       11B
  68.50859	  25.63723	   7.50000	       11B
  71.24893	  17.08815	   7.50000	       11B
  71.24893	  21.36269	   7.50000	       11B
  71.24893	  25.63723	   7.50000	       11B
  50.69635	  16.39815	   7.50000	       14N
  50.69635	  20.67269	   7.50000	       14N
  50.69635	  24.94723	   7.50000	       14N
  53.43670	  16.39815	   7.50000	       14N
  53.43670	  20.67269	   7.50000	       14N
  53.43670	  24.94723	   7.50000	       14N
  56.17704	  16.39815	   7.50000	       14N
  56.17704	  20.67269	   7.50000	       14N
  56.17704	  24.94723	   7.50000	       14N
  58.91739	  16.39815	   7.50000	       14N
  58.91739	  20.67269	   7.50000	       14N
  58.91739	  24.94723	   7.50000	       14N
  61.65773	  16.39815	   7.50000	       14N
  61.65773	  20.67269	   7.50000	       14N
  61.65773	  24.94723	   7.50000	       14N
  64.39807	  16.39815	   7.50000	       14N
  64.39807	  20.67269	   7.50000	       14N
  64.39807	  24.94723	   7.50000	       14N
  67.13842	  16.39815	   7.50000	       14N
  67.13842	  20.67269	   7.50000	       14N
  67.13842	  24.94723	   7.50000	       14N
  69.87876	  16.39815	   7.50000	       14N
  69.87876	  20.67269	   7.50000	       14N
  69.87876	  24.94723	   7.50000	       14N
  72.61910	  16.39815	   7.50000	       14N
  72.61910	  20.67269	   7.50000	       14N
  72.61910	  24.94723	   7.50000	       14N
  49.32618	  14.26088	   7.50000	       14N
  49.32618	  18.53542	   7.50000	       14N
  49.32618	  22.80996	   7.50000	       14N
  52.06653	  14.26088	   7.50000	       14N
  52.06653	  18.53542	   7.50000	       14N
  52.06653	  22.80996	   7.50000	       14N
  54.80687	  14.26088	   7.50000	       14N
  54.80687	  18.53542	   7.50000	       14N
  54.80687	  22.80996	   7.50000	       14N
  57.54721	  14.26088	   7.50000	       14N
  57.54721	  18.53542	   7.50000	       14N
  57.54721	  22.80996	   7.50000	       14N
  60.28756	  14.26088	   7.50000	       14N
  60.28756	  18.53542	   7.50000	       14N
  60.28756	  22.80996	   7.50000	       14N
  63.02790	  14.26088	   7.50000	       14N
  63.02790	  18.53542	   7.50000	       14N
  63.02790	  22.80996	   7.50000	       14N
  65.76824	  14.26088	   7.50000	       14N
  65.76824	  18.53542	   7.50000	       14N
  65.76824	  22.80996	   7.50000	       14N
  68.50859	  14.26088	   7.50000	       14N
  68.50859	  18.53542	   7.50000	       14N
  68.50859	  22.80996	   7.50000	       14N
  71.24893	  14.26088	   7.50000	       14N
  71.24893	  18.53542	   7.50000	       14N
  71.24893	  22.80996	   7.50000	       14N
  50.69635	  27.77450	   7.50000	       11B
  50.69635	  32.04904	   7.50000	       11B
  50.69635	  36.32358	   7.50000	       11B
  53.43670	  27.77450	   7.50000	       11B
  53.43670	  32.04904	   7.50000	       11B
  53.43670	  36.32358	   7.50000	       11B
  56.17704	  27.77450	   7.50000	       10B
  56.17704	  32.04904	   7.50000	       11B
  56.17704	  36.32358	   7.50000	       11B
  58.91739	  27.77450	   7.50000	       11B
  58.91739	  32.04904	   7.50000	       11B
  58.91739	  36.32358	   7.50000	       11B
  61.65773	  27.77450	   7.50000	       11B
  61.65773	  32.04904	   7.50000	       11B
  61.65773	  36.32358	   7.50000	       11B
  64.39807	  27.77450	   7.50000	       11B
  64.39807	  32.04904	   7.50000	       11B
  64.39807	  36.32358	   7.50000	       11B
  67.13842	  27.77450	   7.50000	       11B
  67.13842	  32.04904	   7.50000	       11B
  67.13842	  36.32358	   7.50000	       11B
  69.87876	  27.77450	   7.50000	       11B
  69.87876	  32.04904	   7.50000	       11B
  69.87876	  36.32358	   7.50000	       11B
  72.61910	  27.77450	   7.50000	       10B
  72.61910	  32.04904	   7.50000	       11B
  72.61910	  36.32358	   7.50000	       11B
  49.32618	  29.91177	   7.50000	       11B
  49.32618	  34.18631	   7.50000	       11B
  49.32618	  38.46084	   7.50000	       10B
  52.06653	  29.91177	   7.50000	       10B
  52.06653	  34.18631	   7.50000	       10B
  52.06653	  38.46084	   7.50000	       11B
  54.80687	  29.91177	   7.50000	       11B
  54.80687	  34.18631	   7.50000	       11B
  54.80687	  38.46084	   7.50000	       11B
  57.54721	  29.91177	   7.50000	       10B
  57.54721	  34.18631	   7.50000	       11B
  57.54721	  38.46084	   7.50000	       11B
  60.28756	  29.91177	   7.50000	       11B
  60.28756	  34.18631	   7.50000	       11B
  60.28756	  38.46084	   7.50000	       11B
  63.02790	  29.91177	   7.50000	       11B
  63.02790	  34.18631	   7.50000	       11B
  63.02790	  38.46084	   7.50000	       10B
  65.76824	  29.91177	   7.50000	       11B
  65.76824	  34.18631	   7.50000	       10B
  65.76824	  38.46084	   7.50000	       11B
  68.50859	  29.91177	   7.50000	       11B
  68.50859	  34.18631	   7.50000	       11B
  68.50859	  38.46084	   7.50000	       11B
  71.24893	  29.91177	   7.50000	       11B
  71.24893	  34.18631	   7.50000	       11B
  71.24893	  38.46084	   7.50000	       11B
  50.69635	  29.22177	   7.50000	       14N
  50.69635	  33.49631	   7.50000	       14N
  50.69635	  37.77085	   7.50000	       14N
  53.43670	  29.22177	   7.50000	       14N
  53.43670	  33.49631	   7.50000	       14N
  53.43670	  37.77085	   7.50000	       14N
  56.17704	  29.22177	   7.50000	       14N
  56.17704	  33.49631	   7.50000	       14N
  56.17704	  37.77085	   7.50000	       14N
  58.91739	  29.22177	   7.50000	       14N
  58.91739	  33.49631	   7.50000	       14N
  58.91739	  37.77085	   7.50000	       14N
  61.65773	  29.22177	   7.50000	       14N
  61.65773	  33.49631	   7.50000	       14N
  61.65773	  37.77085	   7.50000	       14N
  64.39807	  29.22177	   7.50000	       14N
  64.39807	  33.49631	   7.50000	       14N
  64.39807	  37.77085	   7.50000	       14N
  67.13842	  29.22177	   7.50000	       14N
  67.13842	  33.49631	   7.50000	       14N
  67.13842	  37.77085	   7.50000	       14N
  69.87876	  29.22177	   7.50000	       14N
  69.87876	  33.49631	   7.50000	       14N
  69.87876	  37.77085	   7.50000	       14N
  72.61910	  29.22177	   7.50000	       14N
  72.61910	  33.49631	   7.50000	       14N
  72.61910	  37.77085	   7.50000	       14N
  49.32618	  27.08450	   7.50000	       14N
  49.32618	  31.35904	   7.50000	       14N
  49.32618	  35.63357	   7.50000	       14N
  52.06653	  27.08450	   7.50000	       14N
  52.06653	  31.35904	   7.50000	       14N
  52.06653	  35.63357	   7.50000	       14N
  54.80687	  27.08450	   7.50000	       14N
  54.80687	  31.35904	   7.50000	       14N
  54.80687	  35.63357	   7.50000	       14N
  57.54721	  27.08450	   7.50000	       14N
  57.54721	  31.35904	   7.50000	       14N
  57.54721	  35.63357	   7.50000	       14N
  60.28756	  27.08450	   7.50000	       14N
  60.28756	  31.35904	   7.50000	       14N
  60.28756	  35.63357	   7.50000	       14N
  63.02790	  27.08450	   7.50000	       14N
  63.02790	  31.35904	   7.50000	       14N
  63.02790	  35.63357	   7.50000	       14N
  65.76824	  27.08450	   7.50000	       14N
  65.76824	  31.35904	   7.50000	       14N
  65.76824	  35.63357	   7.50000	       14N
  68.50859	  27.08450	   7.50000	       14N
  68.50859	  31.35904	   7.50000	       14N
  68.50859	  35.63357	   7.50000	       14N
  71.24893	  27.08450	   7.50000	       14N
  71.24893	  31.35904	   7.50000	       14N
  71.24893	  35.63357	   7.50000	       14N
  50.69635	  40.59812	   7.50000	       11B
  50.69635	  44.87265	   7.50000	       10B
  50.69635	  49.14719	   7.50000	       11B
  53.43670	  40.59812	   7.50000	       10B
  53.43670	  44.87265	   7.50000	       11B
  53.43670	  49.14719	   7.50000	       11B
  56.17704	  40.59812	   7.50000	       10B
  56.17704	  44.87265	   7.50000	       11B
  56.17704	  49.14719	   7.50000	       11B
  58.91739	  40.59812	   7.50000	       11B
  58.91739	  44.87265	   7.50000	       11B
  58.91739	  49.14719	   7.50000	       11B
  61.65773	  40.59812	   7.50000	       10B
  61.65773	  44.87265	   7.50000	       10B
  61.65773	  49.14719	   7.50000	       11B
  64.39807	  40.59812	   7.50000	       10B
  64.39807	  44.87265	   7.50000	       11B
  64.39807	  49.14719	   7.50000	       11B
  67.13842	  40.59812	   7.50000	       11B
  67.13842	  44.87265	   7.50000	       11B
  67.13842	  49.14719	   7.50000	       11B
  69.87876	  40.59812	   7.50000	       10B
  69.87876	  44.87265	   7.50000	       11B
  69.87876	  49.14719	   7.50000	       11B
  72.61910	  40.59812	   7.50000	       11B
  72.61910	  44.87265	   7.50000	       11B
  72.61910	  49.14719	   7.50000	       11B
  49.32618	  42.73538	   7.50000	       11B
  49.32618	  47.00992	   7.50000	       11B
  49.32618	  51.28446	   7.50000	       11B
  52.06653	  42.73538	   7.50000	       10B
  52.06653	  47.00992	   7.50000	       11B
  52.06653	  51.28446	   7.50000	       11B
  54.80687	  42.73538	   7.50000	       11B
  54.80687	  47.00992	   7.50000	       11B
  54.80687	  51.28446	   7.50000	       11B
  57.54721	  42.73538	   7.50000	       11B
  57.54721	  47.00992	   7.50000	       10B
  57.54721	  51.28446	   7.50000	       10B
  60.28756	  42.73538	   7.50000	       11B
  60.28756	  47.00992	   7.50000	       11B
  60.28756	  51.28446	   7.50000	       11B
  63.02790	  42.73538	   7.50000	       11B
  63.02790	  47.00992	   7.50000	       10B
  63.02790	  51.28446	   7.50000	       10B
  65.76824	  42.73538	   7.50000	       11B
  65.76824	  47.00992	   7.50000	       11B
  65.76824	  51.28446	   7.50000	       11B
  68.50859	  42.73538	   7.50000	       10B
  68.50859	  47.00992	   7.50000	       11B
  68.50859	  51.28446	   7.50000	       11B
  71.24893	  42.73538	   7.50000	       11B
  71.24893	  47.00992	   7.50000	       10B
  71.24893	  51.28446	   7.50000	       11B
  50.69635	  42.04538	   7.50000	       14N
  50.69635	  46.31992	   7.50000	       14N
  50.69635	  50.59446	   7.50000	       14N
  53.43670	  42.04538	   7.50000	       14N
  53.43670	  46.31992	   7.50000	       14N
  53.43670	  50.59446	   7.50000	       14N
  56.17704	  42.04538	   7.50000	       14N
  56.17704	  46.31992	   7.50000	       14N
  56.17704	  50.59446	   7.50000	       14N
  58.91739	  42.04538	   7.50000	       14N
  58.91739	  46.31992	   7.50000	       14N
  58.91739	  50.59446	   7.50000	       14N
  61.65773	  42.04538	   7.50000	       14N
  61.65773	  46.31992	   7.50000	       14N
  61.65773	  50.59446	   7.50000	       14N
  64.39807	  42.04538	   7.50000	       14N
  64.39807	  46.31992	   7.50000	       14N
  64.39807	  50.59446	   7.50000	       14N
  67.13842	  42.04538	   7.50000	       14N
  67.13842	  46.31992	   7.50000	       14N
  67.13842	  50.59446	   7.50000	       14N
  69.87876	  42.04538	   7.50000	       14N
  69.87876	  46.31992	   7.50000	       14N
  69.87876	  50.59446	   7.50000	       14N
  72.61910	  42.04538	   7.50000	       14N
  72.61910	  46.31992	   7.50000	       14N
  72.61910	  50.59446	   7.50000	       14N
  49.32618	  39.90811	   7.50000	       14N
  49.32618	  44.18265	   7.50000	       14N
  49.32618	  48.45719	   7.50000	       14N
  52.06653	  39.90811	   7.50000	       14N
  52.06653	  44.18265	   7.50000	       14N
  52.06653	  48.45719	   7.50000	       14N
  54.80687	  39.90811	   7.50000	       14N
  54.80687	  44.18265	   7.50000	       14N
  54.80687	  48.45719	   7.50000	       14N
  57.54721	  39.90811	   7.50000	       14N
  57.54721	  44.18265	   7.50000	       14N
  57.54721	  48.45719	   7.50000	       14N
  60.28756	  39.90811	   7.50000	       14N
  60.28756	  44.18265	   7.50000	       14N
  60.28756	  48.45719	   7.50000	       14N
  63.02790	  39.90811	   7.50000	       14N
  63.02790	  44.18265	   7.50000	       14N
  63.02790	  48.45719	   7.50000	       14N
  65.76824	  39.90811	   7.50000	       14N
  65.76824	  44.18265	   7.50000	       14N
  65.76824	  48.45719	   7.50000	       14N
  68.50859	  39.90811	   7.50000	       14N
  68.50859	  44.18265	   7.50000	       14N
  68.50859	  48.45719	   7.50000	       14N
  71.24893	  39.90811	   7.50000	       14N
  71.24893	  44.18265	   7.50000	       14N
  71.24893	  48.45719	   7.50000	       14N
  50.69635	  53.42173	   7.50000	       10B
  50.69635	  57.69627	   7.50000	       10B
  50.69635	  61.97081	   7.50000	       11B
  53.43670	  53.42173	   7.50000	       11B
  53.43670	  57.69627	   7.50000	       11B
  53.43670	  61.97081	   7.50000	       11B
  56.17704	  53.42173	   7.50000	       11B
  56.17704	  57.69627	   7.50000	       10B
  56.17704	  61.97081	   7.50000	       11B
  58.91739	  53.42173	   7.50000	       11B
  58.91739	  57.69627	   7.50000	       11B
  58.91739	  61.97081	   7.50000	       11B
  61.65773	  53.42173	   7.50000	       11B
  61.65773	  57.69627	   7.50000	       11B
  61.65773	  61.97081	   7.50000	       10B
  64.39807	  53.42173	   7.50000	       11B
  64.39807	  57.69627	   7.50000	       10B
  64.39807	  61.97081	   7.50000	       10B
  67.13842	  53.42173	   7.50000	       11B
  67.13842	  57.69627	   7.50000	       10B
  67.13842	  61.97081	   7.50000	       11B
  69.87876	  53.42173	   7.50000	       11B
  69.87876	  57.69627	   7.50000	       11B
  69.87876	  61.97081	   7.50000	       10B
  72.61910	  53.42173	   7.50000	       10B
  72.61910	  57.69627	   7.50000	       10B
  72.61910	  61.97081	   7.50000	       11B
  49.32618	  55.55900	   7.50000	       10B
  49.32618	  59.83354	   7.50000	       10B
  49.32618	  64.10807	   7.50000	       10B
  52.06653	  55.55900	   7.50000	       11B
  52.06653	  59.83354	   7.50000	       11B
  52.06653	  64.10807	   7.50000	       10B
  54.80687	  55.55900	   7.50000	       11B
  54.80687	  59.83354	   7.50000	       10B
  54.80687	  64.10807	   7.50000	       11B
  57.54721	  55.55900	   7.50000	       11B
  57.54721	  59.83354	   7.50000	       11B
  57.54721	  64.10807	   7.50000	       11B
  60.28756	  55.55900	   7.50000	       11B
  60.28756	  59.83354	   7.50000	       10B
  60.28756	  64.10807	   7.50000	       10B
  63.02790	  55.55900	   7.50000	       11B
  63.02790	  59.83354	   7.50000	       11B
  63.02790	  64.10807	   7.50000	       11B
  65.76824	  55.55900	   7.50000	       10B
  65.76824	  59.83354	   7.50000	       11B
  65.76824	  64.10807	   7.50000	       10B
  68.50859	  55.55900	   7.50000	       11B
  68.50859	  59.83354	   7.50000	       11B
  68.50859	  64.10807	   7.50000	       11B
  71.24893	  55.55900	   7.50000	       10B
  71.24893	  59.83354	   7.50000	       10B
  71.24893	  64.10807	   7.50000	       11B
  50.69635	  54.86900	   7.50000	       14N
  50.69635	  59.14354	   7.50000	       14N
  50.69635	  63.41808	   7.50000	       14N
  53.43670	  54.86900	   7.50000	       14N
  53.43670	  59.14354	   7.50000	       14N
  53.43670	  63.41808	   7.50000	       15N
  56.17704	  54.86900	   7.50000	       14N
  56.17704	  59.14354	   7.50000	       14N
  56.17704	  63.41808	   7.50000	       14N
  58.91739	  54.86900	   7.50000	       14N
  58.91739	  59.14354	   7.50000	       14N
  58.91739	  63.41808	   7.50000	       14N
  61.65773	  54.86900	   7.50000	       14N
  61.65773	  59.14354	   7.50000	       14N
  61.65773	  63.41808	   7.50000	       14N
  64.39807	  54.86900	   7.50000	       14N
  64.39807	  59.14354	   7.50000	       14N
  64.39807	  63.41808	   7.50000	       14N
  67.13842	  54.86900	   7.50000	       14N
  67.13842	  59.14354	   7.50000	       14N
  67.13842	  63.41808	   7.50000	       14N
  69.87876	  54.86900	   7.50000	       14N
  69.87876	  59.14354	   7.50000	       14N
  69.87876	  63.41808	   7.50000	       14N
  72.61910	  54.86900	   7.50000	       14N
  72.61910	  59.14354	   7.50000	       14N
  72.61910	  63.41808	   7.50000	       14N
  49.32618	  52.73173	   7.50000	       14N
  49.32618	  57.00627	   7.50000	       14N
  49.32618	  61.28080	   7.50000	       14N
  52.06653	  52.73173	   7.50000	       14N
  52.06653	  57.00627	   7.50000	       14N
  52.06653	  61.28080	   7.50000	       14N
  54.80687	  52.73173	   7.50000	       14N
  54.80687	  57.00627	   7.50000	       14N
  54.80687	  61.28080	   7.50000	       14N
  57.54721	  52.73173	   7.50000	       14N
  57.54721	  57.00627	   7.50000	       14N
  57.54721	  61.28080	   7.50000	       14N
  60.28756	  52.73173	   7.50000	       14N
  60.28756	  57.00627	   7.50000	       14N
  60.28756	  61.28080	   7.50000	       14N
  63.02790	  52.73173	   7.50000	       14N
  63.02790	  57.00627	   7.50000	       14N
  63.02790	  61.28080	   7.50000	       14N
  65.76824	  52.73173	   7.50000	       14N
  65.76824	  57.00627	   7.50000	       14N
  65.76824	  61.28080	   7.50000	       14N
  68.50859	  52.73173	   7.50000	       14N
  68.50859	  57.00627	   7.50000	       14N
  68.50859	  61.28080	   7.50000	       14N
  71.24893	  52.73173	   7.50000	       14N
  71.24893	  57.00627	   7.50000	       14N
  71.24893	  61.28080	   7.50000	       14N
  50.69635	  66.24535	   7.50000	       11B
  50.69635	  70.51989	   7.50000	       11B
  50.69635	  74.79442	   7.50000	       11B
  53.43670	  66.24535	   7.50000	       11B
  53.43670	  70.51989	   7.50000	       11B
  53.43670	  74.79442	   7.50000	       11B
  56.17704	  66.24535	   7.50000	       11B
  56.17704	  70.51989	   7.50000	       10B
  56.17704	  74.79442	   7.50000	       10B
  58.91739	  66.24535	   7.50000	       11B
  58.91739	  70.51989	   7.50000	       11B
  58.91739	  74.79442	   7.50000	       11B
  61.65773	  66.24535	   7.50000	       11B
  61.65773	  70.51989	   7.50000	       11B
  61.65773	  74.79442	   7.50000	       10B
  64.39807	  66.24535	   7.50000	       11B
  64.39807	  70.51989	   7.50000	       11B
  64.39807	  74.79442	   7.50000	       10B
  67.13842	  66.24535	   7.50000	       11B
  67.13842	  70.51989	   7.50000	       11B
  67.13842	  74.79442	   7.50000	       11B
  69.87876	  66.24535	   7.50000	       11B
  69.87876	  70.51989	   7.50000	       11B
  69.87876	  74.79442	   7.50000	       11B
  72.61910	  66.24535	   7.50000	       11B
  72.61910	  70.51989	   7.50000	       11B
  72.61910	  74.79442	   7.50000	       11B
  49.32618	  68.38261	   7.50000	       10B
  49.32618	  72.65715	   7.50000	       11B
  49.32618	  76.93169	   7.50000	       10B
  52.06653	  68.38261	   7.50000	       11B
  52.06653	  72.65715	   7.50000	       11B
  52.06653	  76.93169	   7.50000	       10B
  54.80687	  68.38261	   7.50000	       11B
  54.80687	  72.65715	   7.50000	       11B
  54.80687	  76.93169	   7.50000	       11B
  57.54721	  68.38261	   7.50000	       11B
  57.54721	  72.65715	   7.50000	       11B
  57.54721	  76.93169	   7.50000	       11B
  60.28756	  68.38261	   7.50000	       11B
  60.28756	  72.65715	   7.50000	       11B
  60.28756	  76.93169	   7.50000	       11B
  63.02790	  68.38261	   7.50000	       10B
  63.02790	  72.65715	   7.50000	       11B
  63.02790	  76.93169	   7.50000	       11B
  65.76824	  68.38261	   7.50000	       10B
  65.76824	  72.65715	   7.50000	       11B
  65.76824	  76.93169	   7.50000	       11B
  68.50859	  68.38261	   7.50000	       10B
  68.50859	  72.65715	   7.50000	       11B
  68.50859	  76.93169	   7.50000	       10B
  71.24893	  68.38261	   7.50000	       11B
  71.24893	  72.65715	   7.50000	       10B
  71.24893	  76.93169	   7.50000	       11B
  50.69635	  67.69262	   7.50000	       14N
  50.69635	  71.96715	   7.50000	       14N
  50.69635	  76.24169	   7.50000	       14N
  53.43670	  67.69262	   7.50000	       14N
  53.43670	  71.96715	   7.50000	       14N
  53.43670	  76.24169	   7.50000	       14N
  56.17704	  67.69262	   7.50000	       14N
  56.17704	  71.96715	   7.50000	       14N
  56.17704	  76.24169	   7.50000	       14N
  58.91739	  67.69262	   7.50000	       14N
  58.91739	  71.96715	   7.50000	       14N
  58.91739	  76.24169	   7.50000	       14N
  61.65773	  67.69262	   7.50000	       14N
  61.65773	  71.96715	   7.50000	       14N
  61.65773	  76.24169	   7.50000	       14N
  64.39807	  67.69262	   7.50000	       14N
  64.39807	  71.96715	   7.50000	       14N
  64.39807	  76.24169	   7.50000	       14N
  67.13842	  67.69262	   7.50000	       14N
  67.13842	  71.96715	   7.50000	       14N
  67.13842	  76.24169	   7.50000	       14N
  69.87876	  67.69262	   7.50000	       14N
  69.87876	  71.96715	   7.50000	       14N
  69.87876	  76.24169	   7.50000	       14N
  72.61910	  67.69262	   7.50000	       14N
  72.61910	  71.96715	   7.50000	       14N
  72.61910	  76.24169	   7.50000	       14N
  49.32618	  65.55534	   7.50000	       14N
  49.32618	  69.82988	   7.50000	       14N
  49.32618	  74.10442	   7.50000	       14N
  52.06653	  65.55534	   7.50000	       14N
  52.06653	  69.82988	   7.50000	       14N
  52.06653	  74.10442	   7.50000	       14N
  54.80687	  65.55534	   7.50000	       14N
  54.80687	  69.82988	   7.50000	       14N
  54.80687	  74.10442	   7.50000	       14N
  57.54721	  65.55534	   7.50000	       14N
  57.54721	  69.82988	   7.50000	       14N
  57.54721	  74.10442	   7.50000	       14N
  60.28756	  65.55534	   7.50000	       14N
  60.28756	  69.82988	   7.50000	       14N
  60.28756	  74.10442	   7.50000	       14N
  63.02790	  65.55534	   7.50000	       14N
  63.02790	  69.82988	   7.50000	       14N
  63.02790	  74.10442	   7.50000	       14N
  65.76824	  65.55534	   7.50000	       14N
  65.76824	  69.82988	   7.50000	       14N
  65.76824	  74.10442	   7.50000	       14N
  68.50859	  65.55534	   7.50000	       14N
  68.50859	  69.82988	   7.50000	       14N
  68.50859	  74.10442	   7.50000	       14N
  71.24893	  65.55534	   7.50000	       14N
  71.24893	  69.82988	   7.50000	       14N
  71.24893	  74.10442	   7.50000	       14N
  50.69635	  79.06896	   7.50000	       11B
  53.43670	  79.06896	   7.50000	       10B
  56.17704	  79.06896	   7.50000	       11B
  58.91739	  79.06896	   7.50000	       10B
  61.65773	  79.06896	   7.50000	       11B
  64.39807	  79.06896	   7.50000	       10B
  67.13842	  79.06896	   7.50000	       11B
  69.87876	  79.06896	   7.50000	       10B
  72.61910	  79.06896	   7.50000	       11B
  49.32618	  78.37896	   7.50000	       14N
  52.06653	  78.37896	   7.50000	       14N
  54.80687	  78.37896	   7.50000	       14N
  57.54721	  78.37896	   7.50000	       14N
  60.28756	  78.37896	   7.50000	       14N
  63.02790	  78.37896	   7.50000	       14N
  65.76824	  78.37896	   7.50000	       14N
  68.50859	  78.37896	   7.50000	       14N
  71.24893	  78.37896	   7.50000	       14N
  75.35945	   2.12727	   7.50000	       11B
  75.35945	   6.40181	   7.50000	       11B
  75.35945	  10.67635	   7.50000	       11B
  78.09979	   2.12727	   7.50000	       11B
  78.09979	   6.40181	   7.50000	       11B
  78.09979	  10.67635	   7.50000	       11B
  73.98927	   4.26454	   7.50000	       11B
  73.98927	   8.53908	   7.50000	       10B
  73.98927	  12.81361	   7.50000	       11B
  76.72962	   4.26454	   7.50000	       11B
  76.72962	   8.53908	   7.50000	       11B
  76.72962	  12.81361	   7.50000	       11B
  79.46996	   4.26454	   7.50000	       11B
  79.46996	   8.53908	   7.50000	       11B
  79.46996	  12.81361	   7.50000	       10B
  75.35945	   3.57454	   7.50000	       14N
  75.35945	   7.84908	   7.50000	       14N
  75.35945	  12.12362	   7.50000	       14N
  78.09979	   3.57454	   7.50000	       14N
  78.09979	   7.84908	   7.50000	       14N
  78.09979	  12.12362	   7.50000	       14N
  73.98927	   1.43727	   7.50000	       14N
  73.98927	   5.71181	   7.50000	       14N
  73.98927	   9.98634	   7.50000	       14N
  76.72962	   1.43727	   7.50000	       14N
  76.72962	   5.71181	   7.50000	       14N
  76.72962	   9.98634	   7.50000	       14N
  79.46996	   1.43727	   7.50000	       14N
  79.46996	   5.71181	   7.50000	       14N
  79.46996	   9.98634	   7.50000	       14N
  75.35945	  14.95089	   7.50000	       11B
  75.35945	  19.22542	   7.50000	       11B
  75.35945	  23.49996	   7.50000	       11B
  78.09979	  14.95089	   7.50000	       11B
  78.09979	  19.22542	   7.50000	       11B
  78.09979	  23.49996	   7.50000	       11B
  73.98927	  17.08815	   7.50000	       11B
  73.98927	  21.36269	   7.50000	       11B
  73.98927	  25.63723	   7.50000	       11B
  76.72962	  17.08815	   7.50000	       11B
  76.72962	  21.36269	   7.50000	       11B
  76.72962	  25.63723	   7.50000	       11B
  79.46996	  17.08815	   7.50000	       11B
  79.46996	  21.36269	   7.50000	       11B
  79.46996	  25.63723	   7.50000	       10B
  75.35945	  16.39815	   7.50000	       14N
  75.35945	  20.67269	   7.50000	       14N
  75.35945	  24.94723	   7.50000	       14N
  78.09979	  16.39815	   7.50000	       14N
  78.09979	  20.67269	   7.50000	       14N
  78.09979	  24.94723	   7.50000	       14N
  73.98927	  14.26088	   7.50000	       14N
  73.98927	  18.53542	   7.50000	       14N
  73.98927	  22.80996	   7.50000	       14N
  76.72962	  14.26088	   7.50000	       14N
  76.72962	  18.53542	   7.50000	       14N
  76.72962	  22.80996	   7.50000	       14N
  79.46996	  14.26088	   7.50000	       14N
  79.46996	  18.53542	   7.50000	       14N
  79.46996	  22.80996	   7.50000	       14N
  75.35945	  27.77450	   7.50000	       11B
  75.35945	  32.04904	   7.50000	       11B
  75.35945	  36.32358	   7.50000	       10B
  78.09979	  27.77450	   7.50000	       11B
  78.09979	  32.04904	   7.50000	       11B
  78.09979	  36.32358	   7.50000	       11B
  73.98927	  29.91177	   7.50000	       11B
  73.98927	  34.18631	   7.50000	       11B
  73.98927	  38.46084	   7.50000	       11B
  76.72962	  29.91177	   7.50000	       11B
  76.72962	  34.18631	   7.50000	       11B
  76.72962	  38.46084	   7.50000	       10B
  79.46996	  29.91177	   7.50000	       11B
  79.46996	  34.18631	   7.50000	       11B
  79.46996	  38.46084	   7.50000	       11B
  75.35945	  29.22177	   7.50000	       14N
  75.35945	  33.49631	   7.50000	       14N
  75.35945	  37.77085	   7.50000	       14N
  78.09979	  29.22177	   7.50000	       14N
  78.09979	  33.49631	   7.50000	       14N
  78.09979	  37.77085	   7.50000	       14N
  73.98927	  27.08450	   7.50000	       14N
  73.98927	  31.35904	   7.50000	       14N
  73.98927	  35.63357	   7.50000	       14N
  76.72962	  27.08450	   7.50000	       14N
  76.72962	  31.35904	   7.50000	       14N
  76.72962	  35.63357	   7.50000	       14N
  79.46996	  27.08450	   7.50000	       14N
  79.46996	  31.35904	   7.50000	       14N
  79.46996	  35.63357	   7.50000	       14N
  75.35945	  40.59812	   7.50000	       11B
  75.35945	  44.87265	   7.50000	       11B
  75.35945	  49.14719	   7.50000	       11B
  78.09979	  40.59812	   7.50000	       11B
  78.09979	  44.87265	   7.50000	       11B
  78.09979	  49.14719	   7.50000	       11B
  73.98927	  42.73538	   7.50000	       11B
  73.98927	  47.00992	   7.50000	       11B
  73.98927	  51.28446	   7.50000	       11B
  76.72962	  42.73538	   7.50000	       10B
  76.72962	  47.00992	   7.50000	       11B
  76.72962	  51.28446	   7.50000	       11B
  79.46996	  42.73538	   7.50000	       11B
  79.46996	  47.00992	   7.50000	       11B
  79.46996	  51.28446	   7.50000	       11B
  75.35945	  42.04538	   7.50000	       14N
  75.35945	  46.31992	   7.50000	       14N
  75.35945	  50.59446	   7.50000	       14N
  78.09979	  42.04538	   7.50000	       14N
  78.09979	  46.31992	   7.50000	       14N
  78.09979	  50.59446	   7.50000	       14N
  73.98927	  39.90811	   7.50000	       14N
  73.98927	  44.18265	   7.50000	       14N
  73.98927	  48.45719	   7.50000	       14N
  76.72962	  39.90811	   7.50000	       14N
  76.72962	  44.18265	   7.50000	       14N
  76.72962	  48.45719	   7.50000	       14N
  79.46996	  39.90811	   7.50000	       14N
  79.46996	  44.18265	   7.50000	       14N
  79.46996	  48.45719	   7.50000	       14N
  75.35945	  53.42173	   7.50000	       11B
  75.35945	  57.69627	   7.50000	       11B
  75.35945	  61.97081	   7.50000	       10B
  78.09979	  53.42173	   7.50000	       10B
  78.09979	  57.69627	   7.50000	       11B
  78.09979	  61.97081	   7.50000	       11B
  73.98927	  55.55900	   7.50000	       11B
  73.98927	  59.83354	   7.50000	       10B
  73.98927	  64.10807	   7.50000	       11B
  76.72962	  55.55900	   7.50000	       11B
  76.72962	  59.83354	   7.50000	       10B
  76.72962	  64.10807	   7.50000	       11B
  79.46996	  55.55900	   7.50000	       11B
  79.46996	  59.83354	   7.50000	       11B
  79.46996	  64.10807	   7.50000	       11B
  75.35945	  54.86900	   7.50000	       14N
  75.35945	  59.14354	   7.50000	       14N
  75.35945	  63.41808	   7.50000	       14N
  78.09979	  54.86900	   7.50000	       14N
  78.09979	  59.14354	   7.50000	       14N
  78.09979	  63.41808	   7.50000	       14N
  73.98927	  52.73173	   7.50000	       14N
  73.98927	  57.00627	   7.50000	       14N
  73.98927	  61.28080	   7.50000	       14N
  76.72962	  52.73173	   7.50000	       14N
  76.72962	  57.00627	   7.50000	       14N
  76.72962	  61.28080	   7.50000	       14N
  79.46996	  52.73173	   7.50000	       14N
  79.46996	  57.00627	   7.50000	       14N
  79.46996	  61.28080	   7.50000	       14N
  75.35945	  66.24535	   7.50000	       11B
  75.35945	  70.51989	   7.50000	       11B
  75.35945	  74.79442	   7.50000	       11B
  78.09979	  66.24535	   7.50000	       11B
  78.09979	  70.51989	   7.50000	       11B
  78.09979	  74.79442	   7.50000	       11B
  73.98927	  68.38261	   7.50000	       11B
  73.98927	  72.65715	   7.50000	       11B
  73.98927	  76.93169	   7.50000	       11B
  76.72962	  68.38261	   7.50000	       11B
  76.72962	  72.65715	   7.50000	       11B
  76.72962	  76.93169	   7.50000	       11B
  79.46996	  68.38261	   7.50000	       11B
  79.46996	  72.65715	   7.50000	       11B
  79.46996	  76.93169	   7.50000	       11B
  75.35945	  67.69262	   7.50000	       14N
  75.35945	  71.96715	   7.50000	       14N
  75.35945	  76.24169	   7.50000	       14N
  78.09979	  67.69262	   7.50000	       14N
  78.09979	  71.96715	   7.50000	       14N
  78.09979	  76.24169	   7.50000	       14N
  73.98927	  65.55534	   7.50000	       14N
  73.98927	  69.82988	   7.50000	       14N
  73.98927	  74.10442	   7.50000	       14N
  76.72962	  65.55534	   7.50000	       14N
  76.72962	  69.82988	   7.50000	       14N
  76.72962	  74.10442	   7.50000	       14N
  79.46996	  65.55534	   7.50000	       14N
  79.46996	  69.82988	   7.50000	       14N
  79.46996	  74.10442	   7.50000	       14N
  75.35945	  79.06896	   7.50000	       10B
  78.09979	  79.06896	   7.50000	       10B
  73.98927	  78.37896	   7.50000	       14N
  76.72962	  78.37896	   7.50000	       14N
  79.46996	  78.37896	   7.50000	       14N
