--------------------------------------------------------------------------------------------------------------------------------------------------------------------------
  AtomName	    r_1i_X	    r_1i_Y	    r_1i_Z	     EFGxx	     EFGxy	     EFGxz	     EFGyx	     EFGyy	     EFGyz	     EFGzx	     EFGzy	     EFGzz	[Hatree/Bohr_radius^2]
--------------------------------------------------------------------------------------------------------------------------------------------------------------------------
10B  eQ___:	  8.459000	[Q/milibarn]*(10^-1)
11B  eQ___:	  4.059000	[Q/milibarn]*(10^-1)
14N  eQ___:	  2.044000	[Q/milibarn]*(10^-1)
15N  eQ___:	  0.000000	[Q/milibarn]*(10^-1)
10B  etc____:	---       	---       	---       	  -0.13668	   0.00000	  -0.00000	   0.00000	  -0.19028	  -0.00000	  -0.00000	  -0.00000	   0.32697
11B  etc____:	---       	---       	---       	  -0.13668	   0.00000	  -0.00000	   0.00000	  -0.19028	  -0.00000	  -0.00000	  -0.00000	   0.32697
14N  etc____:	---       	---       	---       	   0.20875	  -0.00000	   0.00000	  -0.00000	  -0.13077	   0.00000	   0.00000	   0.00000	  -0.07798
15N  etc____:	---       	---       	---       	   0.20875	  -0.00000	   0.00000	  -0.00000	  -0.13077	   0.00000	   0.00000	   0.00000	  -0.07798
MinDif[A]:	 -12.33155	  -6.41267	   0.00000
MaxDif[A]:	  10.97199	   6.38764	   0.00000
--------------------------------------------------------------------------------------------------------------------------------------------------------------------------
B         	 -10.96816	  -4.30974	   0.00000	  -0.13633	   0.00325	   0.00000	   0.00325	  -0.19052	  -0.00000	   0.00000	  -0.00000	   0.32686
B         	 -10.97166	  -0.03206	   0.00000	  -0.13733	   0.00396	  -0.00000	   0.00396	  -0.19075	   0.00000	  -0.00000	   0.00000	   0.32808
B         	 -10.96652	   4.24116	   0.00000	  -0.13734	   0.00439	   0.00000	   0.00439	  -0.18975	  -0.00000	   0.00000	  -0.00000	   0.32709
B         	  -8.24130	  -4.30912	   0.00000	  -0.13514	   0.00845	  -0.00000	   0.00845	  -0.19076	   0.00000	  -0.00000	   0.00000	   0.32590
B         	  -8.25555	  -0.02755	   0.00000	  -0.13804	   0.01242	   0.00000	   0.01242	  -0.19078	   0.00000	   0.00000	   0.00000	   0.32881
B         	  -8.23436	   4.24573	   0.00000	  -0.13692	   0.01311	  -0.00000	   0.01311	  -0.18943	   0.00000	  -0.00000	   0.00000	   0.32635
B         	  -5.50988	  -4.30594	   0.00000	  -0.12927	   0.01212	   0.00000	   0.01212	  -0.19357	   0.00000	   0.00000	   0.00000	   0.32284
B         	  -5.55505	  -0.01933	   0.00000	  -0.14083	   0.02352	  -0.00000	   0.02352	  -0.19056	  -0.00000	  -0.00000	  -0.00000	   0.33139
B         	  -5.49423	   4.25288	   0.00000	  -0.13693	   0.02108	   0.00000	   0.02108	  -0.18731	   0.00000	   0.00000	   0.00000	   0.32423
B         	  -2.76794	  -4.29162	   0.00000	  -0.11622	   0.01343	   0.00000	   0.01343	  -0.20061	   0.00000	   0.00000	   0.00000	   0.31683
B         	  -2.88383	  -0.01030	   0.00000	  -0.12657	   0.05177	   0.00000	   0.05177	  -0.19992	   0.00000	   0.00000	   0.00000	   0.32649
B         	  -2.74193	   4.25469	   0.00000	  -0.13738	   0.02154	  -0.00000	   0.02154	  -0.18160	   0.00000	  -0.00000	   0.00000	   0.31898
B         	   0.00000	  -4.24221	   0.00000	  -0.10567	  -0.00000	   0.00000	  -0.00000	  -0.20356	   0.00000	   0.00000	   0.00000	   0.30922
B         	   0.00000	   4.25316	   0.00000	  -0.14081	  -0.00000	  -0.00000	  -0.00000	  -0.17501	   0.00000	  -0.00000	   0.00000	   0.31582
B         	   2.76794	  -4.29162	   0.00000	  -0.11622	  -0.01343	   0.00000	  -0.01343	  -0.20061	  -0.00000	   0.00000	  -0.00000	   0.31683
B         	   2.88383	  -0.01030	   0.00000	  -0.12657	  -0.05177	  -0.00000	  -0.05177	  -0.19992	   0.00000	  -0.00000	   0.00000	   0.32649
B         	   2.74193	   4.25469	   0.00000	  -0.13738	  -0.02154	  -0.00000	  -0.02154	  -0.18160	  -0.00000	  -0.00000	  -0.00000	   0.31898
B         	   5.50988	  -4.30594	   0.00000	  -0.12927	  -0.01212	   0.00000	  -0.01212	  -0.19357	  -0.00000	   0.00000	  -0.00000	   0.32284
B         	   5.55505	  -0.01933	   0.00000	  -0.14083	  -0.02352	   0.00000	  -0.02352	  -0.19056	  -0.00000	   0.00000	  -0.00000	   0.33139
B         	   5.49423	   4.25288	   0.00000	  -0.13693	  -0.02108	  -0.00000	  -0.02108	  -0.18731	   0.00000	  -0.00000	   0.00000	   0.32423
B         	   8.24130	  -4.30912	   0.00000	  -0.13514	  -0.00845	   0.00000	  -0.00845	  -0.19076	  -0.00000	   0.00000	  -0.00000	   0.32590
B         	   8.25555	  -0.02755	   0.00000	  -0.13804	  -0.01242	  -0.00000	  -0.01242	  -0.19078	  -0.00000	  -0.00000	  -0.00000	   0.32881
B         	   8.23436	   4.24573	   0.00000	  -0.13692	  -0.01311	  -0.00000	  -0.01311	  -0.18943	  -0.00000	  -0.00000	  -0.00000	   0.32635
B         	  10.96816	  -4.30974	   0.00000	  -0.13633	  -0.00325	   0.00000	  -0.00325	  -0.19052	   0.00000	   0.00000	   0.00000	   0.32686
B         	  10.97166	  -0.03206	   0.00000	  -0.13733	  -0.00396	  -0.00000	  -0.00396	  -0.19075	  -0.00000	  -0.00000	  -0.00000	   0.32808
B         	  10.96652	   4.24116	   0.00000	  -0.13734	  -0.00439	  -0.00000	  -0.00439	  -0.18975	  -0.00000	  -0.00000	  -0.00000	   0.32709
B         	 -12.33155	  -2.17136	   0.00000	  -0.13653	   0.00000	  -0.00000	   0.00000	  -0.19074	   0.00000	  -0.00000	   0.00000	   0.32727
B         	 -12.33155	   2.10425	   0.00000	  -0.13766	   0.00000	   0.00000	   0.00000	  -0.18997	  -0.00000	   0.00000	  -0.00000	   0.32764
B         	 -12.33155	   6.37688	   0.00000	  -0.13668	   0.00000	  -0.00000	   0.00000	  -0.19028	  -0.00000	  -0.00000	  -0.00000	   0.32697
B         	  -9.60909	  -2.17045	   0.00000	  -0.13635	   0.00671	  -0.00000	   0.00671	  -0.19066	   0.00000	  -0.00000	   0.00000	   0.32701
B         	  -9.60516	   2.10796	   0.00000	  -0.13724	   0.00974	   0.00000	   0.00974	  -0.19016	   0.00000	   0.00000	   0.00000	   0.32739
B         	  -9.60234	   6.37788	   0.00000	  -0.13636	   0.00641	   0.00000	   0.00641	  -0.19016	   0.00000	   0.00000	   0.00000	   0.32653
B         	  -6.88848	  -2.16803	   0.00000	  -0.13519	   0.01340	   0.00000	   0.01340	  -0.19045	   0.00000	   0.00000	   0.00000	   0.32563
B         	  -6.87594	   2.11567	   0.00000	  -0.13825	   0.02229	   0.00000	   0.02229	  -0.18811	  -0.00000	   0.00000	  -0.00000	   0.32635
B         	  -6.86756	   6.38163	   0.00000	  -0.13406	   0.01210	  -0.00000	   0.01210	  -0.19108	  -0.00000	  -0.00000	  -0.00000	   0.32514
B         	  -4.17036	  -2.16209	   0.00000	  -0.12714	   0.01991	  -0.00000	   0.01991	  -0.19093	  -0.00000	  -0.00000	  -0.00000	   0.31806
B         	  -4.13635	   2.12514	   0.00000	  -0.14002	   0.03965	  -0.00000	   0.03965	  -0.18045	   0.00000	  -0.00000	   0.00000	   0.32047
B         	  -4.12320	   6.38764	   0.00000	  -0.13058	   0.01348	   0.00000	   0.01348	  -0.19224	   0.00000	   0.00000	   0.00000	   0.32282
B         	  -1.40897	  -2.12004	   0.00000	  -0.08248	   0.06667	   0.00000	   0.06667	  -0.20410	   0.00000	   0.00000	   0.00000	   0.28658
B         	  -1.35768	   2.08146	   0.00000	  -0.16587	   0.04039	  -0.00000	   0.04039	  -0.12965	   0.00000	  -0.00000	   0.00000	   0.29553
B         	  -1.36929	  -6.41267	   0.00000	  -0.12561	   0.00876	  -0.00000	   0.00876	  -0.19218	  -0.00000	  -0.00000	  -0.00000	   0.31779
B         	   1.40897	  -2.12004	   0.00000	  -0.08248	  -0.06667	  -0.00000	  -0.06667	  -0.20410	   0.00000	  -0.00000	   0.00000	   0.28658
B         	   1.35768	   2.08146	   0.00000	  -0.16587	  -0.04039	   0.00000	  -0.04039	  -0.12965	   0.00000	   0.00000	   0.00000	   0.29553
B         	   1.36929	  -6.41267	   0.00000	  -0.12561	  -0.00876	   0.00000	  -0.00876	  -0.19218	  -0.00000	   0.00000	  -0.00000	   0.31779
B         	   4.17036	  -2.16209	   0.00000	  -0.12714	  -0.01991	   0.00000	  -0.01991	  -0.19093	  -0.00000	   0.00000	  -0.00000	   0.31806
B         	   4.13635	   2.12514	   0.00000	  -0.14002	  -0.03965	   0.00000	  -0.03965	  -0.18045	  -0.00000	   0.00000	  -0.00000	   0.32047
B         	   4.12320	   6.38764	   0.00000	  -0.13058	  -0.01348	   0.00000	  -0.01348	  -0.19224	   0.00000	   0.00000	   0.00000	   0.32282
B         	   6.88848	  -2.16803	   0.00000	  -0.13519	  -0.01340	  -0.00000	  -0.01340	  -0.19045	   0.00000	  -0.00000	   0.00000	   0.32563
B         	   6.87594	   2.11567	   0.00000	  -0.13825	  -0.02229	   0.00000	  -0.02229	  -0.18811	  -0.00000	   0.00000	  -0.00000	   0.32635
B         	   6.86756	   6.38163	   0.00000	  -0.13406	  -0.01210	  -0.00000	  -0.01210	  -0.19108	   0.00000	  -0.00000	   0.00000	   0.32514
B         	   9.60909	  -2.17045	   0.00000	  -0.13635	  -0.00671	  -0.00000	  -0.00671	  -0.19066	   0.00000	  -0.00000	   0.00000	   0.32701
B         	   9.60516	   2.10796	   0.00000	  -0.13724	  -0.00974	  -0.00000	  -0.00974	  -0.19016	  -0.00000	  -0.00000	  -0.00000	   0.32739
B         	   9.60234	   6.37788	   0.00000	  -0.13636	  -0.00641	  -0.00000	  -0.00641	  -0.19016	  -0.00000	  -0.00000	  -0.00000	   0.32653
N         	 -10.97199	  -2.86296	   0.00000	   0.20288	  -0.00298	  -0.00000	  -0.00298	  -0.12726	   0.00000	  -0.00000	   0.00000	  -0.07563
N         	 -10.97152	   1.41500	   0.00000	   0.20664	   0.00211	   0.00000	   0.00211	  -0.12573	   0.00000	   0.00000	   0.00000	  -0.08091
N         	 -10.96915	   5.68804	   0.00000	   0.21255	  -0.00078	   0.00000	  -0.00078	  -0.13205	   0.00000	   0.00000	   0.00000	  -0.08050
N         	  -8.25329	  -2.86265	   0.00000	   0.19972	  -0.01133	   0.00000	  -0.01133	  -0.12779	   0.00000	   0.00000	   0.00000	  -0.07193
N         	  -8.25194	   1.42035	   0.00000	   0.20711	   0.00741	   0.00000	   0.00741	  -0.12332	  -0.00000	   0.00000	  -0.00000	  -0.08380
N         	  -8.24144	   5.69211	   0.00000	   0.21908	  -0.00178	   0.00000	  -0.00178	  -0.13718	   0.00000	   0.00000	   0.00000	  -0.08190
N         	  -5.53543	  -2.86290	   0.00000	   0.19795	  -0.02629	  -0.00000	  -0.02629	  -0.13232	  -0.00000	  -0.00000	  -0.00000	  -0.06564
N         	  -5.53317	   1.43065	   0.00000	   0.21468	   0.02423	  -0.00000	   0.02423	  -0.12087	  -0.00000	  -0.00000	  -0.00000	  -0.09382
N         	  -5.50463	   5.69973	   0.00000	   0.23085	  -0.00150	   0.00000	  -0.00150	  -0.14431	   0.00000	   0.00000	   0.00000	  -0.08655
N         	  -2.81042	  -2.85957	   0.00000	   0.24935	   0.01072	  -0.00000	   0.01072	  -0.13172	  -0.00000	  -0.00000	  -0.00000	  -0.11762
N         	  -2.80893	   1.44072	   0.00000	   0.24355	   0.05838	  -0.00000	   0.05838	  -0.11419	   0.00000	  -0.00000	   0.00000	  -0.12937
N         	  -2.75044	   5.70982	   0.00000	   0.23870	   0.00303	  -0.00000	   0.00303	  -0.13364	   0.00000	  -0.00000	   0.00000	  -0.10506
N         	   0.00000	  -2.79319	   0.00000	   0.30678	  -0.00000	   0.00000	  -0.00000	  -0.12957	   0.00000	   0.00000	   0.00000	  -0.17721
N         	   0.00000	   5.71410	   0.00000	   0.22883	   0.00000	  -0.00000	   0.00000	  -0.12452	  -0.00000	  -0.00000	  -0.00000	  -0.10431
N         	   2.81042	  -2.85957	   0.00000	   0.24935	  -0.01072	   0.00000	  -0.01072	  -0.13172	  -0.00000	   0.00000	  -0.00000	  -0.11762
N         	   2.80893	   1.44072	   0.00000	   0.24355	  -0.05838	   0.00000	  -0.05838	  -0.11419	  -0.00000	   0.00000	  -0.00000	  -0.12937
N         	   2.75044	   5.70982	   0.00000	   0.23870	  -0.00303	   0.00000	  -0.00303	  -0.13364	   0.00000	   0.00000	   0.00000	  -0.10506
N         	   5.53543	  -2.86290	   0.00000	   0.19795	   0.02629	   0.00000	   0.02629	  -0.13232	  -0.00000	   0.00000	  -0.00000	  -0.06564
N         	   5.53317	   1.43065	   0.00000	   0.21468	  -0.02423	   0.00000	  -0.02423	  -0.12087	  -0.00000	   0.00000	  -0.00000	  -0.09382
N         	   5.50463	   5.69973	   0.00000	   0.23085	   0.00150	  -0.00000	   0.00150	  -0.14431	   0.00000	  -0.00000	   0.00000	  -0.08655
N         	   8.25329	  -2.86265	   0.00000	   0.19972	   0.01133	  -0.00000	   0.01133	  -0.12779	   0.00000	  -0.00000	   0.00000	  -0.07193
N         	   8.25194	   1.42035	   0.00000	   0.20711	  -0.00741	  -0.00000	  -0.00741	  -0.12332	  -0.00000	  -0.00000	  -0.00000	  -0.08380
N         	   8.24144	   5.69211	   0.00000	   0.21908	   0.00178	  -0.00000	   0.00178	  -0.13718	   0.00000	  -0.00000	   0.00000	  -0.08190
N         	  10.97199	  -2.86296	   0.00000	   0.20288	   0.00298	   0.00000	   0.00298	  -0.12726	   0.00000	   0.00000	   0.00000	  -0.07563
N         	  10.97152	   1.41500	   0.00000	   0.20664	  -0.00211	  -0.00000	  -0.00211	  -0.12573	  -0.00000	  -0.00000	  -0.00000	  -0.08091
N         	  10.96915	   5.68804	   0.00000	   0.21255	   0.00078	  -0.00000	   0.00078	  -0.13205	   0.00000	  -0.00000	   0.00000	  -0.08050
N         	 -12.33155	  -5.00012	   0.00000	   0.20875	  -0.00000	   0.00000	  -0.00000	  -0.13077	   0.00000	   0.00000	   0.00000	  -0.07798
N         	 -12.33155	  -0.72430	   0.00000	   0.19884	  -0.00000	  -0.00000	  -0.00000	  -0.12280	  -0.00000	  -0.00000	  -0.00000	  -0.07604
N         	 -12.33155	   3.55129	   0.00000	   0.21226	  -0.00000	  -0.00000	  -0.00000	  -0.13008	  -0.00000	  -0.00000	  -0.00000	  -0.08217
N         	  -9.60828	  -4.99944	   0.00000	   0.20965	  -0.00484	   0.00000	  -0.00484	  -0.13268	   0.00000	   0.00000	   0.00000	  -0.07697
N         	  -9.61727	  -0.72303	   0.00000	   0.19348	  -0.00296	   0.00000	  -0.00296	  -0.11963	   0.00000	   0.00000	   0.00000	  -0.07385
N         	  -9.60666	   3.55474	   0.00000	   0.21460	   0.00268	  -0.00000	   0.00268	  -0.13148	  -0.00000	  -0.00000	  -0.00000	  -0.08311
N         	  -6.88118	  -4.99729	   0.00000	   0.21465	  -0.01184	  -0.00000	  -0.01184	  -0.13913	  -0.00000	  -0.00000	  -0.00000	  -0.07550
N         	  -6.91226	  -0.71994	   0.00000	   0.17255	  -0.00874	  -0.00000	  -0.00874	  -0.10733	  -0.00000	  -0.00000	  -0.00000	  -0.06521
N         	  -6.87784	   3.56353	   0.00000	   0.22407	   0.00808	  -0.00000	   0.00808	  -0.13508	  -0.00000	  -0.00000	  -0.00000	  -0.08900
N         	  -4.14340	  -4.99206	   0.00000	   0.22796	  -0.01268	  -0.00000	  -0.01268	  -0.14000	  -0.00000	  -0.00000	  -0.00000	  -0.08796
N         	  -4.23763	  -0.71690	   0.00000	   0.14037	  -0.00428	  -0.00000	  -0.00428	  -0.08709	  -0.00000	  -0.00000	  -0.00000	  -0.05328
N         	  -4.13913	   3.57641	   0.00000	   0.23984	   0.01434	  -0.00000	   0.01434	  -0.14067	  -0.00000	  -0.00000	  -0.00000	  -0.09917
N         	  -1.37895	  -4.96221	   0.00000	   0.24516	   0.01352	  -0.00000	   0.01352	  -0.12680	  -0.00000	  -0.00000	  -0.00000	  -0.11836
N         	  -1.38239	   3.56783	   0.00000	   0.22770	  -0.00848	   0.00000	  -0.00848	  -0.09685	   0.00000	   0.00000	   0.00000	  -0.13084
N         	   1.37895	  -4.96221	   0.00000	   0.24516	  -0.01352	   0.00000	  -0.01352	  -0.12680	   0.00000	   0.00000	   0.00000	  -0.11836
N         	   1.38239	   3.56783	   0.00000	   0.22770	   0.00848	  -0.00000	   0.00848	  -0.09685	  -0.00000	  -0.00000	  -0.00000	  -0.13084
N         	   4.14340	  -4.99206	   0.00000	   0.22796	   0.01268	   0.00000	   0.01268	  -0.14000	  -0.00000	   0.00000	  -0.00000	  -0.08796
N         	   4.23763	  -0.71690	   0.00000	   0.14037	   0.00428	   0.00000	   0.00428	  -0.08709	  -0.00000	   0.00000	  -0.00000	  -0.05328
N         	   4.13913	   3.57641	   0.00000	   0.23984	  -0.01434	   0.00000	  -0.01434	  -0.14067	  -0.00000	   0.00000	  -0.00000	  -0.09917
N         	   6.88118	  -4.99729	   0.00000	   0.21465	   0.01184	  -0.00000	   0.01184	  -0.13913	   0.00000	  -0.00000	   0.00000	  -0.07550
N         	   6.91226	  -0.71994	   0.00000	   0.17255	   0.00874	   0.00000	   0.00874	  -0.10733	   0.00000	   0.00000	   0.00000	  -0.06521
N         	   6.87784	   3.56353	   0.00000	   0.22407	  -0.00808	   0.00000	  -0.00808	  -0.13508	  -0.00000	   0.00000	  -0.00000	  -0.08900
N         	   9.60828	  -4.99944	   0.00000	   0.20965	   0.00484	  -0.00000	   0.00484	  -0.13268	   0.00000	  -0.00000	   0.00000	  -0.07697
N         	   9.61727	  -0.72303	   0.00000	   0.19348	   0.00296	  -0.00000	   0.00296	  -0.11963	   0.00000	  -0.00000	   0.00000	  -0.07385
N         	   9.60666	   3.55474	   0.00000	   0.21460	  -0.00268	   0.00000	  -0.00268	  -0.13148	  -0.00000	   0.00000	  -0.00000	  -0.08311
N         	   1.67906	  -0.75979	   0.00000	   0.20145	  -0.25938	  -0.00000	  -0.25938	  -0.05321	   0.00000	  -0.00000	   0.00000	  -0.14824
N         	  -1.67906	  -0.75979	   0.00000	   0.20145	   0.25938	   0.00000	   0.25938	  -0.05321	   0.00000	   0.00000	   0.00000	  -0.14824
N         	   0.00000	   1.51958	   0.00000	   0.05540	  -0.00000	   0.00000	  -0.00000	   0.21328	   0.00000	   0.00000	   0.00000	  -0.26867
