--------------------------------------------------------------------------------------------------------------------------------------------------------------------------
  AtomName	    r_1i_X	    r_1i_Y	    r_1i_Z	  iso[MHz]	       Axx	       Axy	       Axz	       Ayx	       Ayy	       Ayz	       Azx	       Azy	       Azz
--------------------------------------------------------------------------------------------------------------------------------------------------------------------------
10B  g-factor___:   0.600215 [No-unit]
11B  g-factor___:   1.792433 [No-unit]
14N  g-factor___:   0.403761 [No-unit]
15N  g-factor___:  -0.566378 [No-unit]
10B  etc____:	---       	---       	---       	   0.00000
11B  etc____:	---       	---       	---       	   0.00000
14N  etc____:	---       	---       	---       	   0.00000
15N  etc____:	---       	---       	---       	   0.00000
MinDif[A]:	 -12.33155	  -6.41267	   0.00000
MaxDif[A]:	  10.97199	   6.38764	   0.00000
--------------------------------------------------------------------------------------------------------------------------------------------------------------------------
B         	 -10.96816	  -4.30974	   0.00000	   0.00000	   0.06098	   0.00000	   0.00000	   0.00000	  -0.01525	   0.00000	   0.00000	   0.00000	  -0.04574
B         	 -10.97166	  -0.03206	   0.00000	   0.00000	   0.07623	  -0.00000	  -0.00000	  -0.00000	  -0.03049	   0.00000	  -0.00000	   0.00000	  -0.04574
B         	 -10.96652	   4.24116	   0.00000	   0.00000	   0.06098	  -0.00000	   0.00000	  -0.00000	  -0.01525	  -0.00000	   0.00000	  -0.00000	  -0.04574
B         	  -8.24130	  -4.30912	   0.00000	  -0.01525	   0.07623	   0.03049	   0.00000	   0.03049	  -0.01525	   0.00000	   0.00000	   0.00000	  -0.06098
B         	  -8.25555	  -0.02755	   0.00000	   0.18294	   0.13721	  -0.03049	  -0.00000	  -0.03049	  -0.06098	  -0.00000	  -0.00000	  -0.00000	  -0.09147
B         	  -8.23436	   4.24573	   0.00000	  -0.00000	   0.06098	  -0.01525	  -0.00000	  -0.01525	  -0.00000	  -0.00000	  -0.00000	  -0.00000	  -0.06098
B         	  -5.50988	  -4.30594	   0.00000	  -0.16770	   0.12196	   0.12196	  -0.00000	   0.12196	   0.07623	  -0.00000	  -0.00000	  -0.00000	  -0.19819
B         	  -5.55505	  -0.01933	   0.00000	   2.28678	   0.57932	  -0.38113	   0.00000	  -0.38113	  -0.10672	   0.00000	   0.00000	   0.00000	  -0.47260
B         	  -5.49423	   4.25288	   0.00000	   0.00000	   0.06098	  -0.10672	  -0.00000	  -0.10672	   0.07623	  -0.00000	  -0.00000	  -0.00000	  -0.13721
B         	  -2.76794	  -4.29162	   0.00000	   4.81748	  -0.64030	  -0.04574	  -0.00000	  -0.04574	   1.55501	  -0.00000	  -0.00000	  -0.00000	  -0.92996
B         	  -2.88383	  -0.01030	   0.00000	   0.71652	   2.69840	  -3.47590	  -0.00000	  -3.47590	   1.17388	   0.00000	  -0.00000	   0.00000	  -3.87228
B         	  -2.74193	   4.25469	   0.00000	   2.43923	   0.38113	  -0.53358	  -0.00000	  -0.53358	   0.18294	  -0.00000	  -0.00000	  -0.00000	  -0.56407
B         	   0.00000	  -4.24221	   0.00000	  -0.77750	  -0.13721	   0.00000	   0.00000	   0.00000	   0.68603	   0.00000	   0.00000	   0.00000	  -0.54883
B         	   0.00000	   4.25316	   0.00000	  -0.28966	  -0.39637	   0.00000	   0.00000	   0.00000	   1.20437	   0.00000	   0.00000	   0.00000	  -0.80799
B         	   2.76794	  -4.29162	   0.00000	   4.81748	  -0.64030	   0.04574	   0.00000	   0.04574	   1.55501	  -0.00000	   0.00000	  -0.00000	  -0.92996
B         	   2.88383	  -0.01030	   0.00000	   0.71652	   2.69840	   3.47590	  -0.00000	   3.47590	   1.17388	   0.00000	  -0.00000	   0.00000	  -3.87228
B         	   2.74193	   4.25469	   0.00000	   2.43923	   0.38113	   0.53358	  -0.00000	   0.53358	   0.18294	  -0.00000	  -0.00000	  -0.00000	  -0.56407
B         	   5.50988	  -4.30594	   0.00000	  -0.16770	   0.12196	  -0.12196	  -0.00000	  -0.12196	   0.07623	   0.00000	  -0.00000	   0.00000	  -0.19819
B         	   5.55505	  -0.01933	   0.00000	   2.28678	   0.57932	   0.38113	  -0.00000	   0.38113	  -0.10672	  -0.00000	  -0.00000	  -0.00000	  -0.47260
B         	   5.49423	   4.25288	   0.00000	   0.00000	   0.06098	   0.10672	  -0.00000	   0.10672	   0.07623	  -0.00000	  -0.00000	  -0.00000	  -0.13721
B         	   8.24130	  -4.30912	   0.00000	  -0.01525	   0.07623	  -0.03049	  -0.00000	  -0.03049	  -0.01525	   0.00000	  -0.00000	   0.00000	  -0.06098
B         	   8.25555	  -0.02755	   0.00000	   0.18294	   0.13721	   0.03049	   0.00000	   0.03049	  -0.06098	   0.00000	   0.00000	   0.00000	  -0.09147
B         	   8.23436	   4.24573	   0.00000	  -0.00000	   0.06098	   0.01525	  -0.00000	   0.01525	  -0.00000	  -0.00000	  -0.00000	  -0.00000	  -0.06098
B         	  10.96816	  -4.30974	   0.00000	   0.00000	   0.06098	  -0.00000	   0.00000	  -0.00000	  -0.01525	   0.00000	   0.00000	   0.00000	  -0.04574
B         	  10.97166	  -0.03206	   0.00000	   0.00000	   0.07623	   0.00000	   0.00000	   0.00000	  -0.03049	  -0.00000	   0.00000	  -0.00000	  -0.04574
B         	  10.96652	   4.24116	   0.00000	   0.00000	   0.06098	   0.00000	   0.00000	   0.00000	  -0.01525	   0.00000	   0.00000	   0.00000	  -0.04574
B         	 -12.33155	  -2.17136	   0.00000	   0.00000	   0.06098	  -0.00000	  -0.00000	  -0.00000	  -0.01525	  -0.00000	  -0.00000	  -0.00000	  -0.03049
B         	 -12.33155	   2.10425	   0.00000	   0.00000	   0.06098	   0.00000	   0.00000	   0.00000	  -0.03049	  -0.00000	   0.00000	  -0.00000	  -0.04574
B         	 -12.33155	   6.37688	   0.00000	   0.00000	   0.06098	   0.00000	   0.00000	   0.00000	  -0.03049	   0.00000	   0.00000	   0.00000	  -0.03049
B         	  -9.60909	  -2.17045	   0.00000	   0.00000	   0.06098	   0.00000	  -0.00000	   0.00000	  -0.01525	   0.00000	  -0.00000	   0.00000	  -0.04574
B         	  -9.60516	   2.10796	   0.00000	   0.00000	   0.09147	   0.01525	  -0.00000	   0.01525	  -0.03049	   0.00000	  -0.00000	   0.00000	  -0.04574
B         	  -9.60234	   6.37788	   0.00000	   0.00000	   0.07623	  -0.01525	  -0.00000	  -0.01525	  -0.03049	  -0.00000	  -0.00000	  -0.00000	  -0.04574
B         	  -6.88848	  -2.16803	   0.00000	  -0.01525	   0.04574	   0.00000	  -0.00000	   0.00000	   0.03049	   0.00000	  -0.00000	   0.00000	  -0.07623
B         	  -6.87594	   2.11567	   0.00000	  -0.09147	   0.19819	   0.07623	   0.00000	   0.07623	  -0.04574	  -0.00000	   0.00000	  -0.00000	  -0.13721
B         	  -6.86756	   6.38163	   0.00000	  -0.04574	   0.12196	  -0.06098	   0.00000	  -0.06098	  -0.03049	  -0.00000	   0.00000	  -0.00000	  -0.10672
B         	  -4.17036	  -2.16209	   0.00000	   0.25917	  -0.06098	  -0.06098	   0.00000	  -0.06098	   0.27441	   0.00000	   0.00000	   0.00000	  -0.21343
B         	  -4.13635	   2.12514	   0.00000	  -1.82942	   0.89947	   0.54883	   0.00000	   0.54883	   0.03049	   0.00000	   0.00000	   0.00000	  -0.92996
B         	  -4.12320	   6.38764	   0.00000	  -1.06716	   0.33539	  -0.30490	   0.00000	  -0.30490	   0.09147	   0.00000	   0.00000	   0.00000	  -0.44211
B         	  -1.40897	  -2.12004	   0.00000	  -0.09147	  -0.18294	  -0.01525	  -0.00000	  -0.01525	   0.42687	   0.00000	  -0.00000	   0.00000	  -0.24392
B         	  -1.35768	   2.08146	   0.00000	  -7.07377	  -1.17388	  -2.40874	  -0.00000	  -2.40874	   6.11332	   0.00000	  -0.00000	   0.00000	  -4.93944
B         	  -1.36929	  -6.41267	   0.00000	  -5.51876	   4.17718	  -1.99712	  -0.00000	  -1.99712	  -0.30490	   0.00000	  -0.00000	   0.00000	  -3.87228
B         	   1.40897	  -2.12004	   0.00000	  -0.09147	  -0.18294	   0.01525	   0.00000	   0.01525	   0.42687	   0.00000	   0.00000	   0.00000	  -0.24392
B         	   1.35768	   2.08146	   0.00000	  -7.07377	  -1.17388	   2.40874	   0.00000	   2.40874	   6.11332	   0.00000	   0.00000	   0.00000	  -4.93944
B         	   1.36929	  -6.41267	   0.00000	  -5.51876	   4.17718	   1.99712	   0.00000	   1.99712	  -0.30490	   0.00000	   0.00000	   0.00000	  -3.87228
B         	   4.17036	  -2.16209	   0.00000	   0.25917	  -0.06098	   0.06098	  -0.00000	   0.06098	   0.27441	  -0.00000	  -0.00000	  -0.00000	  -0.21343
B         	   4.13635	   2.12514	   0.00000	  -1.82942	   0.89947	  -0.54883	   0.00000	  -0.54883	   0.03049	  -0.00000	   0.00000	  -0.00000	  -0.92996
B         	   4.12320	   6.38764	   0.00000	  -1.06716	   0.33539	   0.30490	   0.00000	   0.30490	   0.09147	  -0.00000	   0.00000	  -0.00000	  -0.44211
B         	   6.88848	  -2.16803	   0.00000	  -0.01525	   0.04574	  -0.00000	   0.00000	  -0.00000	   0.03049	  -0.00000	   0.00000	  -0.00000	  -0.07623
B         	   6.87594	   2.11567	   0.00000	  -0.09147	   0.19819	  -0.07623	   0.00000	  -0.07623	  -0.04574	   0.00000	   0.00000	   0.00000	  -0.13721
B         	   6.86756	   6.38163	   0.00000	  -0.04574	   0.12196	   0.06098	  -0.00000	   0.06098	  -0.03049	   0.00000	  -0.00000	   0.00000	  -0.10672
B         	   9.60909	  -2.17045	   0.00000	   0.00000	   0.06098	  -0.00000	   0.00000	  -0.00000	  -0.01525	  -0.00000	   0.00000	  -0.00000	  -0.04574
B         	   9.60516	   2.10796	   0.00000	   0.00000	   0.09147	  -0.01525	   0.00000	  -0.01525	  -0.03049	   0.00000	   0.00000	   0.00000	  -0.04574
B         	   9.60234	   6.37788	   0.00000	   0.00000	   0.07623	   0.01525	  -0.00000	   0.01525	  -0.03049	  -0.00000	  -0.00000	  -0.00000	  -0.04574
N         	 -10.97199	  -2.86296	   0.00000	   0.00000	   0.07623	   0.00000	   0.00000	   0.00000	  -0.03049	  -0.00000	   0.00000	  -0.00000	  -0.04574
N         	 -10.97152	   1.41500	   0.00000	   0.00000	   0.07623	  -0.00000	   0.00000	  -0.00000	  -0.03049	  -0.00000	   0.00000	  -0.00000	  -0.04574
N         	 -10.96915	   5.68804	   0.00000	   0.00000	   0.06098	  -0.00000	  -0.00000	  -0.00000	  -0.01525	  -0.00000	  -0.00000	  -0.00000	  -0.04574
N         	  -8.25329	  -2.86265	   0.00000	   0.04574	   0.10672	   0.04574	   0.00000	   0.04574	  -0.03049	  -0.00000	   0.00000	  -0.00000	  -0.07623
N         	  -8.25194	   1.42035	   0.00000	  -0.01525	   0.10672	  -0.03049	  -0.00000	  -0.03049	  -0.04574	  -0.00000	  -0.00000	  -0.00000	  -0.07623
N         	  -8.24144	   5.69211	   0.00000	   0.00000	   0.06098	  -0.00000	  -0.00000	  -0.00000	   0.00000	  -0.00000	  -0.00000	  -0.00000	  -0.06098
N         	  -5.53543	  -2.86290	   0.00000	   0.82324	   0.28966	   0.38113	  -0.00000	   0.38113	   0.06098	   0.00000	  -0.00000	   0.00000	  -0.33539
N         	  -5.53317	   1.43065	   0.00000	  -0.28966	   0.27441	  -0.13721	   0.00000	  -0.13721	  -0.03049	  -0.00000	   0.00000	  -0.00000	  -0.24392
N         	  -5.50463	   5.69973	   0.00000	   0.06098	   0.00000	   0.03049	   0.00000	   0.03049	   0.15245	   0.00000	   0.00000	   0.00000	  -0.15245
N         	  -2.81042	  -2.85957	   0.00000	  42.59505	   1.52452	   9.71118	   0.00000	   9.71118	   4.86321	  -0.00000	   0.00000	  -0.00000	  -6.38773
N         	  -2.80893	   1.44072	   0.00000	  -1.20437	  -0.94520	   0.21343	  -0.00000	   0.21343	   3.87228	  -0.00000	  -0.00000	  -0.00000	  -2.92708
N         	  -2.75044	   5.70982	   0.00000	   1.67697	  -0.10672	  -0.25917	   0.00000	  -0.25917	   0.45736	  -0.00000	   0.00000	  -0.00000	  -0.35064
N         	   0.00000	  -2.79319	   0.00000	   6.41822	   3.36919	   0.00000	   0.00000	   0.00000	  -0.10672	   0.00000	   0.00000	   0.00000	  -3.26247
N         	   0.00000	   5.71410	   0.00000	  -0.12196	  -0.19819	   0.00000	  -0.00000	   0.00000	   0.51834	   0.00000	  -0.00000	   0.00000	  -0.32015
N         	   2.81042	  -2.85957	   0.00000	  42.59505	   1.52452	  -9.71118	   0.00000	  -9.71118	   4.86321	  -0.00000	   0.00000	  -0.00000	  -6.38773
N         	   2.80893	   1.44072	   0.00000	  -1.20437	  -0.94520	  -0.21343	  -0.00000	  -0.21343	   3.87228	  -0.00000	  -0.00000	  -0.00000	  -2.92708
N         	   2.75044	   5.70982	   0.00000	   1.67697	  -0.10672	   0.25917	  -0.00000	   0.25917	   0.45736	  -0.00000	  -0.00000	  -0.00000	  -0.35064
N         	   5.53543	  -2.86290	   0.00000	   0.82324	   0.28966	  -0.38113	  -0.00000	  -0.38113	   0.06098	  -0.00000	  -0.00000	  -0.00000	  -0.33539
N         	   5.53317	   1.43065	   0.00000	  -0.28966	   0.27441	   0.13721	   0.00000	   0.13721	  -0.03049	   0.00000	   0.00000	   0.00000	  -0.24392
N         	   5.50463	   5.69973	   0.00000	   0.06098	   0.00000	  -0.03049	   0.00000	  -0.03049	   0.15245	  -0.00000	   0.00000	  -0.00000	  -0.15245
N         	   8.25329	  -2.86265	   0.00000	   0.04574	   0.10672	  -0.04574	   0.00000	  -0.04574	  -0.03049	  -0.00000	   0.00000	  -0.00000	  -0.07623
N         	   8.25194	   1.42035	   0.00000	  -0.01525	   0.10672	   0.03049	  -0.00000	   0.03049	  -0.04574	  -0.00000	  -0.00000	  -0.00000	  -0.07623
N         	   8.24144	   5.69211	   0.00000	   0.00000	   0.06098	   0.00000	   0.00000	   0.00000	   0.00000	  -0.00000	   0.00000	  -0.00000	  -0.06098
N         	  10.97199	  -2.86296	   0.00000	   0.00000	   0.07623	  -0.00000	  -0.00000	  -0.00000	  -0.03049	   0.00000	  -0.00000	   0.00000	  -0.04574
N         	  10.97152	   1.41500	   0.00000	   0.00000	   0.07623	   0.00000	   0.00000	   0.00000	  -0.03049	   0.00000	   0.00000	   0.00000	  -0.04574
N         	  10.96915	   5.68804	   0.00000	   0.00000	   0.06098	   0.00000	  -0.00000	   0.00000	  -0.01525	   0.00000	  -0.00000	   0.00000	  -0.04574
N         	 -12.33155	  -5.00012	   0.00000	   0.00000	   0.06098	  -0.00000	   0.00000	  -0.00000	  -0.01525	   0.00000	   0.00000	   0.00000	  -0.03049
N         	 -12.33155	  -0.72430	   0.00000	   0.00000	   0.07623	  -0.00000	   0.00000	  -0.00000	  -0.03049	  -0.00000	   0.00000	  -0.00000	  -0.04574
N         	 -12.33155	   3.55129	   0.00000	   0.00000	   0.06098	   0.00000	   0.00000	   0.00000	  -0.01525	  -0.00000	   0.00000	  -0.00000	  -0.03049
N         	  -9.60828	  -4.99944	   0.00000	   0.00000	   0.06098	   0.01525	   0.00000	   0.01525	  -0.01525	   0.00000	   0.00000	   0.00000	  -0.04574
N         	  -9.61727	  -0.72303	   0.00000	   0.07623	   0.10672	   0.01525	  -0.00000	   0.01525	  -0.04574	   0.00000	  -0.00000	   0.00000	  -0.06098
N         	  -9.60666	   3.55474	   0.00000	   0.00000	   0.06098	  -0.01525	   0.00000	  -0.01525	  -0.01525	   0.00000	   0.00000	   0.00000	  -0.04574
N         	  -6.88118	  -4.99729	   0.00000	   0.07623	   0.06098	   0.07623	  -0.00000	   0.07623	   0.03049	  -0.00000	  -0.00000	  -0.00000	  -0.10672
N         	  -6.91226	  -0.71994	   0.00000	   1.15863	   0.47260	   0.13721	   0.00000	   0.13721	  -0.21343	   0.00000	   0.00000	   0.00000	  -0.25917
N         	  -6.87784	   3.56353	   0.00000	  -0.01525	   0.07623	  -0.04574	  -0.00000	  -0.04574	   0.01525	   0.00000	  -0.00000	   0.00000	  -0.09147
N         	  -4.14340	  -4.99206	   0.00000	   2.56119	   0.01525	   0.77750	  -0.00000	   0.77750	   0.62505	   0.00000	  -0.00000	   0.00000	  -0.64030
N         	  -4.23763	  -0.71690	   0.00000	  21.81586	   5.82366	   3.46066	   0.00000	   3.46066	  -2.33251	  -0.00000	   0.00000	  -0.00000	  -3.49115
N         	  -4.13913	   3.57641	   0.00000	   0.56407	   0.09147	  -0.28966	  -0.00000	  -0.28966	   0.25917	   0.00000	  -0.00000	   0.00000	  -0.35064
N         	  -1.37895	  -4.96221	   0.00000	  -0.10672	  -0.10672	   0.10672	   0.00000	   0.10672	   0.54883	   0.00000	   0.00000	   0.00000	  -0.42687
N         	  -1.38239	   3.56783	   0.00000	  22.56288	  -1.96663	  -3.18624	   0.00000	  -3.18624	   5.18336	  -0.00000	   0.00000	  -0.00000	  -3.21673
N         	   1.37895	  -4.96221	   0.00000	  -0.10672	  -0.10672	  -0.10672	   0.00000	  -0.10672	   0.54883	   0.00000	   0.00000	   0.00000	  -0.42687
N         	   1.38239	   3.56783	   0.00000	  22.56288	  -1.96663	   3.18624	  -0.00000	   3.18624	   5.18336	  -0.00000	  -0.00000	  -0.00000	  -3.21673
N         	   4.14340	  -4.99206	   0.00000	   2.56119	   0.01525	  -0.77750	  -0.00000	  -0.77750	   0.62505	  -0.00000	  -0.00000	  -0.00000	  -0.64030
N         	   4.23763	  -0.71690	   0.00000	  21.81586	   5.82366	  -3.46066	   0.00000	  -3.46066	  -2.33251	   0.00000	   0.00000	   0.00000	  -3.49115
N         	   4.13913	   3.57641	   0.00000	   0.56407	   0.09147	   0.28966	  -0.00000	   0.28966	   0.25917	  -0.00000	  -0.00000	  -0.00000	  -0.35064
N         	   6.88118	  -4.99729	   0.00000	   0.07623	   0.06098	  -0.07623	  -0.00000	  -0.07623	   0.03049	   0.00000	  -0.00000	   0.00000	  -0.10672
N         	   6.91226	  -0.71994	   0.00000	   1.15863	   0.47260	  -0.13721	   0.00000	  -0.13721	  -0.21343	   0.00000	   0.00000	   0.00000	  -0.25917
N         	   6.87784	   3.56353	   0.00000	  -0.01525	   0.07623	   0.04574	  -0.00000	   0.04574	   0.01525	   0.00000	  -0.00000	   0.00000	  -0.09147
N         	   9.60828	  -4.99944	   0.00000	   0.00000	   0.06098	  -0.01525	   0.00000	  -0.01525	  -0.01525	  -0.00000	   0.00000	  -0.00000	  -0.04574
N         	   9.61727	  -0.72303	   0.00000	   0.07623	   0.10672	  -0.01525	  -0.00000	  -0.01525	  -0.04574	   0.00000	  -0.00000	   0.00000	  -0.06098
N         	   9.60666	   3.55474	   0.00000	   0.00000	   0.06098	   0.01525	  -0.00000	   0.01525	  -0.01525	  -0.00000	  -0.00000	  -0.00000	  -0.04574
N         	   1.67906	  -0.75979	   0.00000	 224.47012	  67.64289	-117.90627	   0.00000	-117.90627	   6.50969	   0.00000	   0.00000	   0.00000	 -74.15259
N         	  -1.67906	  -0.75979	   0.00000	 224.47012	  67.64289	 117.90627	   0.00000	 117.90627	   6.50969	   0.00000	   0.00000	   0.00000	 -74.15259
N         	   0.00000	   1.51958	   0.00000	 237.99260	 -66.59097	   0.00000	  -0.00000	   0.00000	 126.87044	   0.00000	  -0.00000	   0.00000	 -60.27947
