--------------------------------------------------------------------------------------------------------------------------------------------------------------------------
  AtomName	    r_1i_X	    r_1i_Y	    r_1i_Z	     EFGxx	     EFGxy	     EFGxz	     EFGyx	     EFGyy	     EFGyz	     EFGzx	     EFGzy	     EFGzz	[Hatree/Bohr_radius^2]
--------------------------------------------------------------------------------------------------------------------------------------------------------------------------
10B  eQ___:	  8.459000	[Q/milibarn]*(10^-1)
11B  eQ___:	  4.059000	[Q/milibarn]*(10^-1)
14N  eQ___:	  2.044000	[Q/milibarn]*(10^-1)
15N  eQ___:	  0.000000	[Q/milibarn]*(10^-1)
10B  etc____:	---       	---       	---       	  -0.15677	  -0.00000	  -0.00000	  -0.00000	  -0.20805	  -0.00000	  -0.00000	  -0.00000	   0.36483
11B  etc____:	---       	---       	---       	  -0.15677	  -0.00000	  -0.00000	  -0.00000	  -0.20805	  -0.00000	  -0.00000	  -0.00000	   0.36483
14N  etc____:	---       	---       	---       	   0.21522	   0.00000	  -0.00000	   0.00000	  -0.12906	  -0.00000	  -0.00000	  -0.00000	  -0.08617
15N  etc____:	---       	---       	---       	   0.21522	   0.00000	  -0.00000	   0.00000	  -0.12906	  -0.00000	  -0.00000	  -0.00000	  -0.08617
MinDif[A]:	 -12.33155	  -6.41267	   0.00000
MaxDif[A]:	  10.97199	   6.38764	   0.00000
--------------------------------------------------------------------------------------------------------------------------------------------------------------------------
B         	 -10.96816	  -4.30974	   0.00000	  -0.15597	   0.00343	  -0.00000	   0.00343	  -0.20821	  -0.00000	  -0.00000	  -0.00000	   0.36418
B         	 -10.97166	  -0.03206	   0.00000	  -0.15677	   0.00342	  -0.00000	   0.00342	  -0.20846	   0.00000	  -0.00000	   0.00000	   0.36523
B         	 -10.96652	   4.24116	   0.00000	  -0.15735	   0.00503	   0.00000	   0.00503	  -0.20706	   0.00000	   0.00000	   0.00000	   0.36441
B         	  -8.24130	  -4.30912	   0.00000	  -0.15525	   0.00936	  -0.00000	   0.00936	  -0.20821	  -0.00000	  -0.00000	  -0.00000	   0.36346
B         	  -8.25555	  -0.02755	   0.00000	  -0.15766	   0.01261	   0.00000	   0.01261	  -0.20828	  -0.00000	   0.00000	  -0.00000	   0.36593
B         	  -8.23436	   4.24573	   0.00000	  -0.15706	   0.01318	  -0.00000	   0.01318	  -0.20670	   0.00000	  -0.00000	   0.00000	   0.36376
B         	  -5.50988	  -4.30594	   0.00000	  -0.14987	   0.01335	   0.00000	   0.01335	  -0.21107	   0.00000	   0.00000	   0.00000	   0.36093
B         	  -5.55505	  -0.01933	   0.00000	  -0.16035	   0.02284	   0.00000	   0.02284	  -0.20782	   0.00000	   0.00000	   0.00000	   0.36817
B         	  -5.49423	   4.25288	   0.00000	  -0.15761	   0.02301	   0.00000	   0.02301	  -0.20430	  -0.00000	   0.00000	  -0.00000	   0.36193
B         	  -2.76794	  -4.29162	   0.00000	  -0.13631	   0.01254	   0.00000	   0.01254	  -0.21914	   0.00000	   0.00000	   0.00000	   0.35547
B         	  -2.88383	  -0.01030	   0.00000	  -0.14072	   0.04295	  -0.00000	   0.04295	  -0.22123	  -0.00000	  -0.00000	  -0.00000	   0.36195
B         	  -2.74193	   4.25469	   0.00000	  -0.16002	   0.02676	  -0.00000	   0.02676	  -0.19758	   0.00000	  -0.00000	   0.00000	   0.35761
B         	   0.00000	  -4.24221	   0.00000	  -0.12905	  -0.00000	   0.00000	  -0.00000	  -0.22020	   0.00000	   0.00000	   0.00000	   0.34925
B         	   0.00000	   4.25316	   0.00000	  -0.16649	   0.00000	   0.00000	   0.00000	  -0.18925	  -0.00000	   0.00000	  -0.00000	   0.35573
B         	   2.76794	  -4.29162	   0.00000	  -0.13631	  -0.01254	  -0.00000	  -0.01254	  -0.21914	   0.00000	  -0.00000	   0.00000	   0.35547
B         	   2.88383	  -0.01030	   0.00000	  -0.14072	  -0.04295	  -0.00000	  -0.04295	  -0.22123	   0.00000	  -0.00000	   0.00000	   0.36195
B         	   2.74193	   4.25469	   0.00000	  -0.16002	  -0.02676	  -0.00000	  -0.02676	  -0.19758	   0.00000	  -0.00000	   0.00000	   0.35761
B         	   5.50988	  -4.30594	   0.00000	  -0.14987	  -0.01335	   0.00000	  -0.01335	  -0.21107	  -0.00000	   0.00000	  -0.00000	   0.36093
B         	   5.55505	  -0.01933	   0.00000	  -0.16035	  -0.02284	   0.00000	  -0.02284	  -0.20782	  -0.00000	   0.00000	  -0.00000	   0.36817
B         	   5.49423	   4.25288	   0.00000	  -0.15761	  -0.02301	   0.00000	  -0.02301	  -0.20430	   0.00000	   0.00000	   0.00000	   0.36193
B         	   8.24130	  -4.30912	   0.00000	  -0.15525	  -0.00936	   0.00000	  -0.00936	  -0.20821	  -0.00000	   0.00000	  -0.00000	   0.36346
B         	   8.25555	  -0.02755	   0.00000	  -0.15766	  -0.01261	  -0.00000	  -0.01261	  -0.20828	  -0.00000	  -0.00000	  -0.00000	   0.36593
B         	   8.23436	   4.24573	   0.00000	  -0.15706	  -0.01318	   0.00000	  -0.01318	  -0.20670	   0.00000	   0.00000	   0.00000	   0.36376
B         	  10.96816	  -4.30974	   0.00000	  -0.15597	  -0.00343	  -0.00000	  -0.00343	  -0.20821	  -0.00000	  -0.00000	  -0.00000	   0.36418
B         	  10.97166	  -0.03206	   0.00000	  -0.15677	  -0.00342	  -0.00000	  -0.00342	  -0.20846	  -0.00000	  -0.00000	  -0.00000	   0.36523
B         	  10.96652	   4.24116	   0.00000	  -0.15735	  -0.00503	   0.00000	  -0.00503	  -0.20706	  -0.00000	   0.00000	  -0.00000	   0.36441
B         	 -12.33155	  -2.17136	   0.00000	  -0.15631	   0.00000	   0.00000	   0.00000	  -0.20794	   0.00000	   0.00000	   0.00000	   0.36424
B         	 -12.33155	   2.10425	   0.00000	  -0.15650	  -0.00000	   0.00000	  -0.00000	  -0.20800	   0.00000	   0.00000	   0.00000	   0.36450
B         	 -12.33155	   6.37688	   0.00000	  -0.15677	  -0.00000	  -0.00000	  -0.00000	  -0.20805	  -0.00000	  -0.00000	  -0.00000	   0.36483
B         	  -9.60909	  -2.17045	   0.00000	  -0.15650	   0.00668	  -0.00000	   0.00668	  -0.20748	  -0.00000	  -0.00000	  -0.00000	   0.36400
B         	  -9.60516	   2.10796	   0.00000	  -0.15640	   0.00735	   0.00000	   0.00735	  -0.20789	  -0.00000	   0.00000	  -0.00000	   0.36429
B         	  -9.60234	   6.37788	   0.00000	  -0.15743	   0.01013	  -0.00000	   0.01013	  -0.20724	   0.00000	  -0.00000	   0.00000	   0.36467
B         	  -6.88848	  -2.16803	   0.00000	  -0.15414	   0.01257	   0.00000	   0.01257	  -0.20856	   0.00000	   0.00000	   0.00000	   0.36270
B         	  -6.87594	   2.11567	   0.00000	  -0.15523	   0.01392	  -0.00000	   0.01392	  -0.20797	   0.00000	  -0.00000	   0.00000	   0.36319
B         	  -6.86756	   6.38163	   0.00000	  -0.15786	   0.02306	   0.00000	   0.02306	  -0.20581	   0.00000	   0.00000	   0.00000	   0.36367
B         	  -4.17036	  -2.16209	   0.00000	  -0.15163	   0.01500	   0.00000	   0.01500	  -0.20902	  -0.00000	   0.00000	  -0.00000	   0.36064
B         	  -4.13635	   2.12514	   0.00000	  -0.14750	   0.02006	  -0.00000	   0.02006	  -0.20896	  -0.00000	  -0.00000	  -0.00000	   0.35645
B         	  -4.12320	   6.38764	   0.00000	  -0.16020	   0.04141	  -0.00000	   0.04141	  -0.19828	   0.00000	  -0.00000	   0.00000	   0.35849
B         	  -1.40897	  -2.12004	   0.00000	  -0.14857	   0.00959	  -0.00000	   0.00959	  -0.20820	  -0.00000	  -0.00000	  -0.00000	   0.35677
B         	  -1.35768	   2.08146	   0.00000	  -0.10974	   0.05981	  -0.00000	   0.05981	  -0.21575	   0.00000	  -0.00000	   0.00000	   0.32548
B         	  -1.36929	  -6.41267	   0.00000	  -0.18616	   0.05551	  -0.00000	   0.05551	  -0.14765	   0.00000	  -0.00000	   0.00000	   0.33381
B         	   1.40897	  -2.12004	   0.00000	  -0.14857	  -0.00959	  -0.00000	  -0.00959	  -0.20820	  -0.00000	  -0.00000	  -0.00000	   0.35677
B         	   1.35768	   2.08146	   0.00000	  -0.10974	  -0.05981	   0.00000	  -0.05981	  -0.21575	  -0.00000	   0.00000	  -0.00000	   0.32548
B         	   1.36929	  -6.41267	   0.00000	  -0.18616	  -0.05551	  -0.00000	  -0.05551	  -0.14765	   0.00000	  -0.00000	   0.00000	   0.33381
B         	   4.17036	  -2.16209	   0.00000	  -0.15163	  -0.01500	   0.00000	  -0.01500	  -0.20902	   0.00000	   0.00000	   0.00000	   0.36064
B         	   4.13635	   2.12514	   0.00000	  -0.14750	  -0.02006	  -0.00000	  -0.02006	  -0.20896	   0.00000	  -0.00000	   0.00000	   0.35645
B         	   4.12320	   6.38764	   0.00000	  -0.16020	  -0.04141	  -0.00000	  -0.04141	  -0.19828	   0.00000	  -0.00000	   0.00000	   0.35849
B         	   6.88848	  -2.16803	   0.00000	  -0.15414	  -0.01257	   0.00000	  -0.01257	  -0.20856	   0.00000	   0.00000	   0.00000	   0.36270
B         	   6.87594	   2.11567	   0.00000	  -0.15523	  -0.01392	  -0.00000	  -0.01392	  -0.20797	  -0.00000	  -0.00000	  -0.00000	   0.36319
B         	   6.86756	   6.38163	   0.00000	  -0.15786	  -0.02306	   0.00000	  -0.02306	  -0.20581	  -0.00000	   0.00000	  -0.00000	   0.36367
B         	   9.60909	  -2.17045	   0.00000	  -0.15650	  -0.00668	  -0.00000	  -0.00668	  -0.20748	   0.00000	  -0.00000	   0.00000	   0.36400
B         	   9.60516	   2.10796	   0.00000	  -0.15640	  -0.00735	  -0.00000	  -0.00735	  -0.20789	  -0.00000	  -0.00000	  -0.00000	   0.36429
B         	   9.60234	   6.37788	   0.00000	  -0.15743	  -0.01013	   0.00000	  -0.01013	  -0.20724	   0.00000	   0.00000	   0.00000	   0.36467
N         	 -10.97199	  -2.86296	   0.00000	   0.21017	  -0.00393	   0.00000	  -0.00393	  -0.12652	   0.00000	   0.00000	   0.00000	  -0.08365
N         	 -10.97152	   1.41500	   0.00000	   0.21258	   0.00123	  -0.00000	   0.00123	  -0.12355	   0.00000	  -0.00000	   0.00000	  -0.08903
N         	 -10.96915	   5.68804	   0.00000	   0.21888	  -0.00184	   0.00000	  -0.00184	  -0.13033	   0.00000	   0.00000	   0.00000	  -0.08854
N         	  -8.25329	  -2.86265	   0.00000	   0.20672	  -0.01313	   0.00000	  -0.01313	  -0.12666	   0.00000	   0.00000	   0.00000	  -0.08006
N         	  -8.25194	   1.42035	   0.00000	   0.21253	   0.00540	  -0.00000	   0.00540	  -0.12110	   0.00000	  -0.00000	   0.00000	  -0.09143
N         	  -8.24144	   5.69211	   0.00000	   0.22509	  -0.00256	  -0.00000	  -0.00256	  -0.13519	   0.00000	  -0.00000	   0.00000	  -0.08990
N         	  -5.53543	  -2.86290	   0.00000	   0.20597	  -0.02920	  -0.00000	  -0.02920	  -0.13134	  -0.00000	  -0.00000	  -0.00000	  -0.07463
N         	  -5.53317	   1.43065	   0.00000	   0.21861	   0.02107	   0.00000	   0.02107	  -0.11839	   0.00000	   0.00000	   0.00000	  -0.10022
N         	  -5.50463	   5.69973	   0.00000	   0.23838	  -0.00365	   0.00000	  -0.00365	  -0.14351	  -0.00000	   0.00000	  -0.00000	  -0.09487
N         	  -2.81042	  -2.85957	   0.00000	   0.25635	   0.00086	  -0.00000	   0.00086	  -0.13386	   0.00000	  -0.00000	   0.00000	  -0.12248
N         	  -2.80893	   1.44072	   0.00000	   0.24518	   0.04848	   0.00000	   0.04848	  -0.12183	   0.00000	   0.00000	   0.00000	  -0.12335
N         	  -2.75044	   5.70982	   0.00000	   0.24485	   0.00093	  -0.00000	   0.00093	  -0.13167	   0.00000	  -0.00000	   0.00000	  -0.11318
N         	   0.00000	  -2.79319	   0.00000	   0.30338	   0.00000	   0.00000	   0.00000	  -0.11984	   0.00000	   0.00000	   0.00000	  -0.18355
N         	   0.00000	   5.71410	   0.00000	   0.23446	   0.00000	   0.00000	   0.00000	  -0.12148	  -0.00000	   0.00000	  -0.00000	  -0.11297
N         	   2.81042	  -2.85957	   0.00000	   0.25635	  -0.00086	  -0.00000	  -0.00086	  -0.13386	   0.00000	  -0.00000	   0.00000	  -0.12248
N         	   2.80893	   1.44072	   0.00000	   0.24518	  -0.04848	   0.00000	  -0.04848	  -0.12183	   0.00000	   0.00000	   0.00000	  -0.12335
N         	   2.75044	   5.70982	   0.00000	   0.24485	  -0.00093	  -0.00000	  -0.00093	  -0.13167	  -0.00000	  -0.00000	  -0.00000	  -0.11318
N         	   5.53543	  -2.86290	   0.00000	   0.20597	   0.02920	   0.00000	   0.02920	  -0.13134	   0.00000	   0.00000	   0.00000	  -0.07463
N         	   5.53317	   1.43065	   0.00000	   0.21861	  -0.02107	   0.00000	  -0.02107	  -0.11839	  -0.00000	   0.00000	  -0.00000	  -0.10022
N         	   5.50463	   5.69973	   0.00000	   0.23838	   0.00365	  -0.00000	   0.00365	  -0.14351	   0.00000	  -0.00000	   0.00000	  -0.09487
N         	   8.25329	  -2.86265	   0.00000	   0.20672	   0.01313	  -0.00000	   0.01313	  -0.12666	   0.00000	  -0.00000	   0.00000	  -0.08006
N         	   8.25194	   1.42035	   0.00000	   0.21253	  -0.00540	   0.00000	  -0.00540	  -0.12109	   0.00000	   0.00000	   0.00000	  -0.09143
N         	   8.24144	   5.69211	   0.00000	   0.22509	   0.00256	  -0.00000	   0.00256	  -0.13519	   0.00000	  -0.00000	   0.00000	  -0.08990
N         	  10.97199	  -2.86296	   0.00000	   0.21017	   0.00393	   0.00000	   0.00393	  -0.12652	   0.00000	   0.00000	   0.00000	  -0.08365
N         	  10.97152	   1.41500	   0.00000	   0.21258	  -0.00123	  -0.00000	  -0.00123	  -0.12355	  -0.00000	  -0.00000	  -0.00000	  -0.08903
N         	  10.96915	   5.68804	   0.00000	   0.21888	   0.00184	   0.00000	   0.00184	  -0.13033	  -0.00000	   0.00000	  -0.00000	  -0.08854
N         	 -12.33155	  -5.00012	   0.00000	   0.21522	   0.00000	  -0.00000	   0.00000	  -0.12906	  -0.00000	  -0.00000	  -0.00000	  -0.08617
N         	 -12.33155	  -0.72430	   0.00000	   0.20377	  -0.00000	   0.00000	  -0.00000	  -0.12013	   0.00000	   0.00000	   0.00000	  -0.08364
N         	 -12.33155	   3.55129	   0.00000	   0.21889	  -0.00000	   0.00000	  -0.00000	  -0.12925	   0.00000	   0.00000	   0.00000	  -0.08963
N         	  -9.60828	  -4.99944	   0.00000	   0.21674	  -0.00563	  -0.00000	  -0.00563	  -0.13119	  -0.00000	  -0.00000	  -0.00000	  -0.08556
N         	  -9.61727	  -0.72303	   0.00000	   0.19981	  -0.00509	   0.00000	  -0.00509	  -0.11745	  -0.00000	   0.00000	  -0.00000	  -0.08235
N         	  -9.60666	   3.55474	   0.00000	   0.21987	   0.00150	  -0.00000	   0.00150	  -0.12902	   0.00000	  -0.00000	   0.00000	  -0.09086
N         	  -6.88118	  -4.99729	   0.00000	   0.22156	  -0.01297	   0.00000	  -0.01297	  -0.13794	   0.00000	   0.00000	   0.00000	  -0.08362
N         	  -6.91226	  -0.71994	   0.00000	   0.17776	  -0.01195	   0.00000	  -0.01195	  -0.10529	   0.00000	   0.00000	   0.00000	  -0.07247
N         	  -6.87784	   3.56353	   0.00000	   0.23017	   0.00598	  -0.00000	   0.00598	  -0.13379	   0.00000	  -0.00000	   0.00000	  -0.09637
N         	  -4.14340	  -4.99206	   0.00000	   0.23415	  -0.01548	   0.00000	  -0.01548	  -0.13838	  -0.00000	   0.00000	  -0.00000	  -0.09577
N         	  -4.23763	  -0.71690	   0.00000	   0.14427	  -0.01023	  -0.00000	  -0.01023	  -0.08470	  -0.00000	  -0.00000	  -0.00000	  -0.05956
N         	  -4.13913	   3.57641	   0.00000	   0.24669	   0.01299	   0.00000	   0.01299	  -0.14220	  -0.00000	   0.00000	  -0.00000	  -0.10450
N         	  -1.37895	  -4.96221	   0.00000	   0.24935	   0.01243	  -0.00000	   0.01243	  -0.12235	  -0.00000	  -0.00000	  -0.00000	  -0.12700
N         	  -1.38239	   3.56783	   0.00000	   0.23941	  -0.00817	  -0.00000	  -0.00817	  -0.11052	  -0.00000	  -0.00000	  -0.00000	  -0.12888
N         	   1.37895	  -4.96221	   0.00000	   0.24935	  -0.01243	  -0.00000	  -0.01243	  -0.12235	  -0.00000	  -0.00000	  -0.00000	  -0.12700
N         	   1.38239	   3.56783	   0.00000	   0.23941	   0.00817	   0.00000	   0.00817	  -0.11052	  -0.00000	   0.00000	  -0.00000	  -0.12888
N         	   4.14340	  -4.99206	   0.00000	   0.23415	   0.01548	   0.00000	   0.01548	  -0.13838	   0.00000	   0.00000	   0.00000	  -0.09577
N         	   4.23763	  -0.71690	   0.00000	   0.14427	   0.01023	  -0.00000	   0.01023	  -0.08470	   0.00000	  -0.00000	   0.00000	  -0.05956
N         	   4.13913	   3.57641	   0.00000	   0.24669	  -0.01299	  -0.00000	  -0.01299	  -0.14220	   0.00000	  -0.00000	   0.00000	  -0.10450
N         	   6.88118	  -4.99729	   0.00000	   0.22156	   0.01297	   0.00000	   0.01297	  -0.13794	  -0.00000	   0.00000	  -0.00000	  -0.08362
N         	   6.91226	  -0.71994	   0.00000	   0.17776	   0.01195	  -0.00000	   0.01195	  -0.10529	  -0.00000	  -0.00000	  -0.00000	  -0.07247
N         	   6.87784	   3.56353	   0.00000	   0.23017	  -0.00598	   0.00000	  -0.00598	  -0.13379	  -0.00000	   0.00000	  -0.00000	  -0.09637
N         	   9.60828	  -4.99944	   0.00000	   0.21674	   0.00563	  -0.00000	   0.00563	  -0.13119	   0.00000	  -0.00000	   0.00000	  -0.08556
N         	   9.61727	  -0.72303	   0.00000	   0.19981	   0.00509	  -0.00000	   0.00509	  -0.11745	  -0.00000	  -0.00000	  -0.00000	  -0.08235
N         	   9.60666	   3.55474	   0.00000	   0.21987	  -0.00150	   0.00000	  -0.00150	  -0.12902	  -0.00000	   0.00000	  -0.00000	  -0.09086
N         	   1.67906	  -0.75979	   0.00000	   0.29189	  -0.35988	   0.00000	  -0.35988	  -0.02882	  -0.00000	   0.00000	  -0.00000	  -0.26307
N         	  -1.67906	  -0.75979	   0.00000	   0.29189	   0.35988	  -0.00000	   0.35988	  -0.02882	  -0.00000	  -0.00000	  -0.00000	  -0.26307
N         	   0.00000	   1.51958	   0.00000	   0.07747	   0.00000	  -0.00000	   0.00000	   0.14407	   0.00000	  -0.00000	   0.00000	  -0.22154
