--------------------------------------------------------------------------------------------------------------------------------------------------------------------------
  AtomName	    r_1i_X	    r_1i_Y	    r_1i_Z	  iso[MHz]	       Axx	       Axy	       Axz	       Ayx	       Ayy	       Ayz	       Azx	       Azy	       Azz
--------------------------------------------------------------------------------------------------------------------------------------------------------------------------
10B  g-factor___:   0.600215 [No-unit]
11B  g-factor___:   1.792433 [No-unit]
14N  g-factor___:   0.403761 [No-unit]
15N  g-factor___:  -0.566378 [No-unit]
10B  etc____:	---       	---       	---       	   0.00000
11B  etc____:	---       	---       	---       	   0.00000
14N  etc____:	---       	---       	---       	   0.00000
15N  etc____:	---       	---       	---       	   0.00000
MinDif[A]:	 -12.33155	  -6.41267	   0.00000
MaxDif[A]:	  10.97199	   6.38764	   0.00000
--------------------------------------------------------------------------------------------------------------------------------------------------------------------------
B         	 -10.96816	  -4.30974	   0.00000	  -0.00000	   0.06098	   0.00000	  -0.00000	   0.00000	  -0.01525	   0.00000	  -0.00000	   0.00000	  -0.04574
B         	 -10.97166	  -0.03206	   0.00000	   0.01525	   0.07623	  -0.00000	  -0.00000	  -0.00000	  -0.03049	  -0.00000	  -0.00000	  -0.00000	  -0.04574
B         	 -10.96652	   4.24116	   0.00000	  -0.00000	   0.06098	  -0.00000	   0.00000	  -0.00000	  -0.01525	   0.00000	   0.00000	   0.00000	  -0.03049
B         	  -8.24130	  -4.30912	   0.00000	  -0.01525	   0.07623	   0.03049	   0.00000	   0.03049	  -0.01525	  -0.00000	   0.00000	  -0.00000	  -0.06098
B         	  -8.25555	  -0.02755	   0.00000	   0.25917	   0.13721	  -0.03049	   0.00000	  -0.03049	  -0.04574	   0.00000	   0.00000	   0.00000	  -0.09147
B         	  -8.23436	   4.24573	   0.00000	  -0.00000	   0.06098	  -0.01525	  -0.00000	  -0.01525	  -0.00000	   0.00000	  -0.00000	   0.00000	  -0.06098
B         	  -5.50988	  -4.30594	   0.00000	  -0.18294	   0.13721	   0.09147	  -0.00000	   0.09147	   0.09147	  -0.00000	  -0.00000	  -0.00000	  -0.21343
B         	  -5.55505	  -0.01933	   0.00000	   2.78987	   0.56407	  -0.39637	   0.00000	  -0.39637	  -0.09147	  -0.00000	   0.00000	  -0.00000	  -0.47260
B         	  -5.49423	   4.25288	   0.00000	   0.03049	   0.07623	  -0.12196	   0.00000	  -0.12196	   0.07623	   0.00000	   0.00000	   0.00000	  -0.15245
B         	  -2.76794	  -4.29162	   0.00000	   5.68645	  -0.70128	  -0.04574	   0.00000	  -0.04574	   1.69222	  -0.00000	   0.00000	  -0.00000	  -0.99094
B         	  -2.88383	  -0.01030	   0.00000	   3.18624	   2.54595	  -2.94232	  -0.00000	  -2.94232	   1.09765	   0.00000	  -0.00000	   0.00000	  -3.62835
B         	  -2.74193	   4.25469	   0.00000	   3.99424	   0.54883	  -0.68603	   0.00000	  -0.68603	   0.13721	  -0.00000	   0.00000	  -0.00000	  -0.68603
B         	   0.00000	  -4.24221	   0.00000	  -0.59456	  -0.12196	   0.00000	  -0.00000	   0.00000	   0.68603	   0.00000	  -0.00000	   0.00000	  -0.56407
B         	   0.00000	   4.25316	   0.00000	  -0.67079	  -0.33539	   0.00000	  -0.00000	   0.00000	   1.23486	   0.00000	  -0.00000	   0.00000	  -0.89947
B         	   2.76794	  -4.29162	   0.00000	   5.68645	  -0.70128	   0.04574	  -0.00000	   0.04574	   1.69222	  -0.00000	  -0.00000	  -0.00000	  -0.99094
B         	   2.88383	  -0.01030	   0.00000	   3.18624	   2.54595	   2.94232	  -0.00000	   2.94232	   1.09765	   0.00000	  -0.00000	   0.00000	  -3.62835
B         	   2.74193	   4.25469	   0.00000	   3.99424	   0.54883	   0.68603	  -0.00000	   0.68603	   0.13721	  -0.00000	  -0.00000	  -0.00000	  -0.68603
B         	   5.50988	  -4.30594	   0.00000	  -0.18294	   0.13721	  -0.09147	  -0.00000	  -0.09147	   0.09147	  -0.00000	  -0.00000	  -0.00000	  -0.21343
B         	   5.55505	  -0.01933	   0.00000	   2.78987	   0.56407	   0.39637	   0.00000	   0.39637	  -0.09147	   0.00000	   0.00000	   0.00000	  -0.47260
B         	   5.49423	   4.25288	   0.00000	   0.03049	   0.07623	   0.12196	  -0.00000	   0.12196	   0.07623	   0.00000	  -0.00000	   0.00000	  -0.15245
B         	   8.24130	  -4.30912	   0.00000	  -0.01525	   0.07623	  -0.03049	   0.00000	  -0.03049	  -0.01525	   0.00000	   0.00000	   0.00000	  -0.06098
B         	   8.25555	  -0.02755	   0.00000	   0.25917	   0.13721	   0.03049	   0.00000	   0.03049	  -0.04574	  -0.00000	   0.00000	  -0.00000	  -0.09147
B         	   8.23436	   4.24573	   0.00000	  -0.00000	   0.06098	   0.01525	  -0.00000	   0.01525	  -0.00000	   0.00000	  -0.00000	   0.00000	  -0.06098
B         	  10.96816	  -4.30974	   0.00000	  -0.00000	   0.06098	  -0.00000	  -0.00000	  -0.00000	  -0.01525	  -0.00000	  -0.00000	  -0.00000	  -0.04574
B         	  10.97166	  -0.03206	   0.00000	   0.01525	   0.07623	   0.00000	  -0.00000	   0.00000	  -0.03049	   0.00000	  -0.00000	   0.00000	  -0.04574
B         	  10.96652	   4.24116	   0.00000	  -0.00000	   0.06098	   0.00000	   0.00000	   0.00000	  -0.01525	  -0.00000	   0.00000	  -0.00000	  -0.03049
B         	 -12.33155	  -2.17136	   0.00000	  -0.00000	   0.06098	   0.00000	  -0.00000	   0.00000	  -0.03049	   0.00000	  -0.00000	   0.00000	  -0.03049
B         	 -12.33155	   2.10425	   0.00000	   0.00000	   0.06098	  -0.00000	  -0.00000	  -0.00000	  -0.03049	  -0.00000	  -0.00000	  -0.00000	  -0.03049
B         	 -12.33155	   6.37688	   0.00000	  -0.00000	   0.06098	  -0.00000	  -0.00000	  -0.00000	  -0.01525	  -0.00000	  -0.00000	  -0.00000	  -0.03049
B         	  -9.60909	  -2.17045	   0.00000	  -0.01525	   0.07623	   0.01525	   0.00000	   0.01525	  -0.03049	   0.00000	   0.00000	   0.00000	  -0.04574
B         	  -9.60516	   2.10796	   0.00000	   0.00000	   0.07623	  -0.01525	   0.00000	  -0.01525	  -0.03049	   0.00000	   0.00000	   0.00000	  -0.04574
B         	  -9.60234	   6.37788	   0.00000	  -0.00000	   0.06098	   0.00000	   0.00000	   0.00000	  -0.01525	  -0.00000	   0.00000	  -0.00000	  -0.04574
B         	  -6.88848	  -2.16803	   0.00000	  -0.10672	   0.18294	   0.06098	  -0.00000	   0.06098	  -0.04574	  -0.00000	  -0.00000	  -0.00000	  -0.15245
B         	  -6.87594	   2.11567	   0.00000	  -0.01525	   0.12196	  -0.06098	  -0.00000	  -0.06098	  -0.01525	  -0.00000	  -0.00000	  -0.00000	  -0.10672
B         	  -6.86756	   6.38163	   0.00000	  -0.01525	   0.06098	  -0.00000	  -0.00000	  -0.00000	   0.03049	   0.00000	  -0.00000	   0.00000	  -0.09147
B         	  -4.17036	  -2.16209	   0.00000	  -1.85991	   0.82324	   0.42687	   0.00000	   0.42687	   0.09147	   0.00000	   0.00000	   0.00000	  -0.89947
B         	  -4.13635	   2.12514	   0.00000	  -0.59456	   0.38113	  -0.32015	  -0.00000	  -0.32015	   0.09147	   0.00000	  -0.00000	   0.00000	  -0.48785
B         	  -4.12320	   6.38764	   0.00000	   0.62505	  -0.06098	  -0.10672	  -0.00000	  -0.10672	   0.32015	  -0.00000	  -0.00000	  -0.00000	  -0.25917
B         	  -1.40897	  -2.12004	   0.00000	  -3.65884	  -0.94520	  -1.85991	   0.00000	  -1.85991	   5.51876	   0.00000	   0.00000	   0.00000	  -4.57356
B         	  -1.35768	   2.08146	   0.00000	  -5.77793	   4.45159	  -2.02761	  -0.00000	  -2.02761	  -0.35064	   0.00000	  -0.00000	   0.00000	  -4.10096
B         	  -1.36929	  -6.41267	   0.00000	  -0.10672	  -0.16770	  -0.01525	  -0.00000	  -0.01525	   0.44211	   0.00000	  -0.00000	   0.00000	  -0.27441
B         	   1.40897	  -2.12004	   0.00000	  -3.65884	  -0.94520	   1.85991	   0.00000	   1.85991	   5.51876	   0.00000	   0.00000	   0.00000	  -4.57356
B         	   1.35768	   2.08146	   0.00000	  -5.77793	   4.45159	   2.02761	   0.00000	   2.02761	  -0.35064	   0.00000	   0.00000	   0.00000	  -4.10096
B         	   1.36929	  -6.41267	   0.00000	  -0.10672	  -0.16770	   0.01525	   0.00000	   0.01525	   0.44211	   0.00000	   0.00000	   0.00000	  -0.27441
B         	   4.17036	  -2.16209	   0.00000	  -1.85991	   0.82324	  -0.42687	   0.00000	  -0.42687	   0.09147	  -0.00000	   0.00000	  -0.00000	  -0.89947
B         	   4.13635	   2.12514	   0.00000	  -0.59456	   0.38113	   0.32015	  -0.00000	   0.32015	   0.09147	  -0.00000	  -0.00000	  -0.00000	  -0.48785
B         	   4.12320	   6.38764	   0.00000	   0.62505	  -0.06098	   0.10672	   0.00000	   0.10672	   0.32015	  -0.00000	   0.00000	  -0.00000	  -0.25917
B         	   6.88848	  -2.16803	   0.00000	  -0.10672	   0.18294	  -0.06098	  -0.00000	  -0.06098	  -0.04574	   0.00000	  -0.00000	   0.00000	  -0.15245
B         	   6.87594	   2.11567	   0.00000	  -0.01525	   0.12196	   0.06098	  -0.00000	   0.06098	  -0.01525	   0.00000	  -0.00000	   0.00000	  -0.10672
B         	   6.86756	   6.38163	   0.00000	  -0.01525	   0.06098	   0.00000	  -0.00000	   0.00000	   0.03049	   0.00000	  -0.00000	   0.00000	  -0.09147
B         	   9.60909	  -2.17045	   0.00000	  -0.01525	   0.07623	  -0.01525	   0.00000	  -0.01525	  -0.03049	  -0.00000	   0.00000	  -0.00000	  -0.04574
B         	   9.60516	   2.10796	   0.00000	   0.00000	   0.07623	   0.01525	   0.00000	   0.01525	  -0.03049	  -0.00000	   0.00000	  -0.00000	  -0.04574
B         	   9.60234	   6.37788	   0.00000	  -0.00000	   0.06098	  -0.00000	   0.00000	  -0.00000	  -0.01525	   0.00000	   0.00000	   0.00000	  -0.04574
N         	 -10.97199	  -2.86296	   0.00000	   0.00000	   0.06098	   0.00000	  -0.00000	   0.00000	  -0.03049	  -0.00000	  -0.00000	  -0.00000	  -0.04574
N         	 -10.97152	   1.41500	   0.00000	  -0.00000	   0.07623	  -0.00000	   0.00000	  -0.00000	  -0.03049	  -0.00000	   0.00000	  -0.00000	  -0.04574
N         	 -10.96915	   5.68804	   0.00000	   0.00000	   0.06098	  -0.00000	   0.00000	  -0.00000	  -0.01525	  -0.00000	   0.00000	  -0.00000	  -0.04574
N         	  -8.25329	  -2.86265	   0.00000	   0.09147	   0.10672	   0.06098	   0.00000	   0.06098	  -0.03049	  -0.00000	   0.00000	  -0.00000	  -0.07623
N         	  -8.25194	   1.42035	   0.00000	  -0.00000	   0.10672	  -0.03049	  -0.00000	  -0.03049	  -0.03049	   0.00000	  -0.00000	   0.00000	  -0.07623
N         	  -8.24144	   5.69211	   0.00000	   0.01525	   0.06098	   0.00000	   0.00000	   0.00000	   0.00000	   0.00000	   0.00000	   0.00000	  -0.06098
N         	  -5.53543	  -2.86290	   0.00000	   1.46354	   0.33539	   0.54883	  -0.00000	   0.54883	   0.12196	  -0.00000	  -0.00000	  -0.00000	  -0.45736
N         	  -5.53317	   1.43065	   0.00000	  -0.09147	   0.27441	  -0.09147	   0.00000	  -0.09147	  -0.01525	  -0.00000	   0.00000	  -0.00000	  -0.25917
N         	  -5.50463	   5.69973	   0.00000	   0.15245	  -0.01525	   0.06098	   0.00000	   0.06098	   0.21343	   0.00000	   0.00000	   0.00000	  -0.19819
N         	  -2.81042	  -2.85957	   0.00000	  44.51594	   1.78369	  10.67163	   0.00000	  10.67163	   5.32057	  -0.00000	   0.00000	  -0.00000	  -7.08901
N         	  -2.80893	   1.44072	   0.00000	   5.67121	  -0.91471	   0.70128	  -0.00000	   0.70128	   4.26865	   0.00000	  -0.00000	   0.00000	  -3.33870
N         	  -2.75044	   5.70982	   0.00000	   2.66791	  -0.13721	  -0.38113	  -0.00000	  -0.38113	   0.60981	  -0.00000	  -0.00000	  -0.00000	  -0.47260
N         	   0.00000	  -2.79319	   0.00000	   9.57398	   3.97899	   0.00000	   0.00000	   0.00000	  -0.59456	   0.00000	   0.00000	   0.00000	  -3.38443
N         	   0.00000	   5.71410	   0.00000	   0.16770	  -0.22868	   0.00000	  -0.00000	   0.00000	   0.56407	   0.00000	  -0.00000	   0.00000	  -0.33539
N         	   2.81042	  -2.85957	   0.00000	  44.51594	   1.78369	 -10.67163	   0.00000	 -10.67163	   5.32057	  -0.00000	   0.00000	  -0.00000	  -7.08901
N         	   2.80893	   1.44072	   0.00000	   5.67121	  -0.91471	  -0.70128	  -0.00000	  -0.70128	   4.26865	   0.00000	  -0.00000	   0.00000	  -3.33870
N         	   2.75044	   5.70982	   0.00000	   2.66791	  -0.13721	   0.38113	   0.00000	   0.38113	   0.60981	  -0.00000	   0.00000	  -0.00000	  -0.47260
N         	   5.53543	  -2.86290	   0.00000	   1.46354	   0.33539	  -0.54883	  -0.00000	  -0.54883	   0.12196	  -0.00000	  -0.00000	  -0.00000	  -0.45736
N         	   5.53317	   1.43065	   0.00000	  -0.09147	   0.27441	   0.09147	   0.00000	   0.09147	  -0.01525	   0.00000	   0.00000	   0.00000	  -0.25917
N         	   5.50463	   5.69973	   0.00000	   0.15245	  -0.01525	  -0.06098	  -0.00000	  -0.06098	   0.21343	   0.00000	  -0.00000	   0.00000	  -0.19819
N         	   8.25329	  -2.86265	   0.00000	   0.09147	   0.10672	  -0.06098	   0.00000	  -0.06098	  -0.03049	  -0.00000	   0.00000	  -0.00000	  -0.07623
N         	   8.25194	   1.42035	   0.00000	  -0.00000	   0.10672	   0.03049	  -0.00000	   0.03049	  -0.03049	  -0.00000	  -0.00000	  -0.00000	  -0.07623
N         	   8.24144	   5.69211	   0.00000	   0.01525	   0.06098	  -0.00000	  -0.00000	  -0.00000	   0.00000	   0.00000	  -0.00000	   0.00000	  -0.06098
N         	  10.97199	  -2.86296	   0.00000	   0.00000	   0.06098	  -0.00000	  -0.00000	  -0.00000	  -0.03049	  -0.00000	  -0.00000	  -0.00000	  -0.04574
N         	  10.97152	   1.41500	   0.00000	  -0.00000	   0.07623	   0.00000	   0.00000	   0.00000	  -0.03049	   0.00000	   0.00000	   0.00000	  -0.04574
N         	  10.96915	   5.68804	   0.00000	   0.00000	   0.06098	   0.00000	  -0.00000	   0.00000	  -0.01525	   0.00000	  -0.00000	   0.00000	  -0.04574
N         	 -12.33155	  -5.00012	   0.00000	   0.00000	   0.06098	  -0.00000	  -0.00000	  -0.00000	  -0.01525	  -0.00000	  -0.00000	  -0.00000	  -0.03049
N         	 -12.33155	  -0.72430	   0.00000	   0.01525	   0.07623	   0.00000	   0.00000	   0.00000	  -0.03049	  -0.00000	   0.00000	  -0.00000	  -0.04574
N         	 -12.33155	   3.55129	   0.00000	  -0.00000	   0.06098	  -0.00000	   0.00000	  -0.00000	  -0.01525	  -0.00000	   0.00000	  -0.00000	  -0.03049
N         	  -9.60828	  -4.99944	   0.00000	   0.01525	   0.06098	   0.01525	   0.00000	   0.01525	  -0.01525	   0.00000	   0.00000	   0.00000	  -0.04574
N         	  -9.61727	  -0.72303	   0.00000	   0.10672	   0.10672	   0.01525	  -0.00000	   0.01525	  -0.04574	   0.00000	  -0.00000	   0.00000	  -0.06098
N         	  -9.60666	   3.55474	   0.00000	   0.00000	   0.06098	  -0.01525	  -0.00000	  -0.01525	  -0.01525	   0.00000	  -0.00000	   0.00000	  -0.04574
N         	  -6.88118	  -4.99729	   0.00000	   0.16770	   0.06098	   0.09147	  -0.00000	   0.09147	   0.06098	  -0.00000	  -0.00000	  -0.00000	  -0.12196
N         	  -6.91226	  -0.71994	   0.00000	   1.55501	   0.53358	   0.19819	   0.00000	   0.19819	  -0.22868	   0.00000	   0.00000	   0.00000	  -0.32015
N         	  -6.87784	   3.56353	   0.00000	  -0.01525	   0.07623	  -0.04574	   0.00000	  -0.04574	   0.01525	  -0.00000	   0.00000	  -0.00000	  -0.10672
N         	  -4.14340	  -4.99206	   0.00000	   3.62835	   0.00000	   1.02143	   0.00000	   1.02143	   0.83849	  -0.00000	   0.00000	  -0.00000	  -0.83849
N         	  -4.23763	  -0.71690	   0.00000	  23.41661	   5.96087	   4.03997	   0.00000	   4.03997	  -2.13433	  -0.00000	   0.00000	  -0.00000	  -3.82654
N         	  -4.13913	   3.57641	   0.00000	   0.88422	   0.07623	  -0.35064	  -0.00000	  -0.35064	   0.33539	   0.00000	  -0.00000	   0.00000	  -0.41162
N         	  -1.37895	  -4.96221	   0.00000	   0.16770	  -0.06098	   0.15245	  -0.00000	   0.15245	   0.51834	   0.00000	  -0.00000	   0.00000	  -0.44211
N         	  -1.38239	   3.56783	   0.00000	  30.79528	  -2.65266	  -4.11620	  -0.00000	  -4.11620	   6.89082	  -0.00000	  -0.00000	  -0.00000	  -4.23816
N         	   1.37895	  -4.96221	   0.00000	   0.16770	  -0.06098	  -0.15245	   0.00000	  -0.15245	   0.51834	   0.00000	   0.00000	   0.00000	  -0.44211
N         	   1.38239	   3.56783	   0.00000	  30.79528	  -2.65266	   4.11620	   0.00000	   4.11620	   6.89082	  -0.00000	   0.00000	  -0.00000	  -4.23816
N         	   4.14340	  -4.99206	   0.00000	   3.62835	   0.00000	  -1.02143	   0.00000	  -1.02143	   0.83849	  -0.00000	   0.00000	  -0.00000	  -0.83849
N         	   4.23763	  -0.71690	   0.00000	  23.41661	   5.96087	  -4.03997	   0.00000	  -4.03997	  -2.13433	   0.00000	   0.00000	   0.00000	  -3.82654
N         	   4.13913	   3.57641	   0.00000	   0.88422	   0.07623	   0.35064	   0.00000	   0.35064	   0.33539	   0.00000	   0.00000	   0.00000	  -0.41162
N         	   6.88118	  -4.99729	   0.00000	   0.16770	   0.06098	  -0.09147	  -0.00000	  -0.09147	   0.06098	  -0.00000	  -0.00000	  -0.00000	  -0.12196
N         	   6.91226	  -0.71994	   0.00000	   1.55501	   0.53358	  -0.19819	   0.00000	  -0.19819	  -0.22868	  -0.00000	   0.00000	  -0.00000	  -0.32015
N         	   6.87784	   3.56353	   0.00000	  -0.01525	   0.07623	   0.04574	   0.00000	   0.04574	   0.01525	  -0.00000	   0.00000	  -0.00000	  -0.10672
N         	   9.60828	  -4.99944	   0.00000	   0.01525	   0.06098	  -0.01525	  -0.00000	  -0.01525	  -0.01525	   0.00000	  -0.00000	   0.00000	  -0.04574
N         	   9.61727	  -0.72303	   0.00000	   0.10672	   0.10672	  -0.01525	  -0.00000	  -0.01525	  -0.04574	  -0.00000	  -0.00000	  -0.00000	  -0.06098
N         	   9.60666	   3.55474	   0.00000	   0.00000	   0.06098	   0.01525	  -0.00000	   0.01525	  -0.01525	  -0.00000	  -0.00000	  -0.00000	  -0.04574
N         	   1.67906	  -0.75979	   0.00000	 226.78739	  58.86166	-103.37761	   0.00000	-103.37761	   7.37867	   0.00000	   0.00000	   0.00000	 -66.24033
N         	  -1.67906	  -0.75979	   0.00000	 226.78739	  58.86166	 103.37761	   0.00000	 103.37761	   7.37867	   0.00000	   0.00000	   0.00000	 -66.24033
N         	   0.00000	   1.51958	   0.00000	 243.96871	 -71.07306	  -0.00000	  -0.00000	  -0.00000	 137.70977	   0.00000	  -0.00000	   0.00000	 -66.63671
