--------------------------------------------------------------------------------------------------------------------------------------------------------------------------
  AtomName	    r_1i_X	    r_1i_Y	    r_1i_Z	  iso[MHz]	       Axx	       Axy	       Axz	       Ayx	       Ayy	       Ayz	       Azx	       Azy	       Azz
--------------------------------------------------------------------------------------------------------------------------------------------------------------------------
10B  g-factor___:   0.600215 [No-unit]
11B  g-factor___:   1.792433 [No-unit]
14N  g-factor___:   0.403761 [No-unit]
15N  g-factor___:  -0.566378 [No-unit]
10B  etc____:	---       	---       	---       	   0.00000
11B  etc____:	---       	---       	---       	   0.00000
14N  etc____:	---       	---       	---       	   0.00000
15N  etc____:	---       	---       	---       	   0.00000
MinDif[A]:	 -11.65275	  -6.48417	   0.00000
MaxDif[A]:	  10.36253	   6.47267	   0.00000
--------------------------------------------------------------------------------------------------------------------------------------------------------------------------
B         	 -10.36042	  -4.34310	   0.00000	  -0.00000	   0.06098	   0.00000	  -0.00000	   0.00000	  -0.01525	  -0.00000	  -0.00000	  -0.00000	  -0.04574
B         	 -10.36190	  -0.01944	   0.00000	   0.01525	   0.09147	  -0.00000	   0.00000	  -0.00000	  -0.03049	   0.00000	   0.00000	   0.00000	  -0.04574
B         	 -10.35912	   4.30267	   0.00000	  -0.00000	   0.06098	  -0.00000	  -0.00000	  -0.00000	  -0.01525	   0.00000	  -0.00000	   0.00000	  -0.04574
B         	  -7.77389	  -4.34087	   0.00000	  -0.01525	   0.07623	   0.03049	   0.00000	   0.03049	  -0.00000	   0.00000	   0.00000	   0.00000	  -0.07623
B         	  -7.78009	  -0.01716	   0.00000	   0.28966	   0.16770	  -0.04574	  -0.00000	  -0.04574	  -0.06098	  -0.00000	  -0.00000	  -0.00000	  -0.10672
B         	  -7.77077	   4.30497	   0.00000	  -0.00000	   0.06098	  -0.03049	   0.00000	  -0.03049	  -0.00000	  -0.00000	   0.00000	  -0.00000	  -0.06098
B         	  -5.18696	  -4.33690	   0.00000	  -0.12196	   0.12196	   0.10672	  -0.00000	   0.10672	   0.09147	  -0.00000	  -0.00000	  -0.00000	  -0.21343
B         	  -5.20361	  -0.01200	   0.00000	   3.07953	   0.71652	  -0.48785	  -0.00000	  -0.48785	  -0.12196	   0.00000	  -0.00000	   0.00000	  -0.59456
B         	  -5.18068	   4.31058	   0.00000	  -0.03049	   0.07623	  -0.12196	   0.00000	  -0.12196	   0.07623	  -0.00000	   0.00000	  -0.00000	  -0.15245
B         	  -2.59565	  -4.32809	   0.00000	   4.03997	  -0.53358	   0.06098	   0.00000	   0.06098	   1.31109	  -0.00000	   0.00000	  -0.00000	  -0.77750
B         	  -2.62520	  -0.00087	   0.00000	   1.93614	   3.01855	  -3.38443	  -0.00000	  -3.38443	   1.18912	   0.00000	  -0.00000	   0.00000	  -4.20767
B         	  -2.58597	   4.31263	   0.00000	   3.35394	   0.53358	  -0.67079	  -0.00000	  -0.67079	   0.13721	  -0.00000	  -0.00000	  -0.00000	  -0.68603
B         	   0.00000	  -4.31020	   0.00000	  -0.60981	  -0.16770	  -0.00000	   0.00000	  -0.00000	   0.71652	   0.00000	   0.00000	   0.00000	  -0.54883
B         	   0.00000	   4.31079	   0.00000	  -0.91471	  -0.28966	  -0.00000	  -0.00000	  -0.00000	   1.20437	   0.00000	  -0.00000	   0.00000	  -0.91471
B         	   2.59565	  -4.32809	   0.00000	   4.03997	  -0.53358	  -0.06098	  -0.00000	  -0.06098	   1.31109	  -0.00000	  -0.00000	  -0.00000	  -0.77750
B         	   2.62520	  -0.00087	   0.00000	   1.93614	   3.01855	   3.38443	  -0.00000	   3.38443	   1.18912	   0.00000	  -0.00000	   0.00000	  -4.20767
B         	   2.58597	   4.31263	   0.00000	   3.35394	   0.53358	   0.67079	   0.00000	   0.67079	   0.13721	  -0.00000	   0.00000	  -0.00000	  -0.68603
B         	   5.18696	  -4.33690	   0.00000	  -0.12196	   0.12196	  -0.10672	   0.00000	  -0.10672	   0.09147	  -0.00000	   0.00000	  -0.00000	  -0.21343
B         	   5.20361	  -0.01200	   0.00000	   3.07953	   0.71652	   0.48785	  -0.00000	   0.48785	  -0.12196	  -0.00000	  -0.00000	  -0.00000	  -0.59456
B         	   5.18068	   4.31058	   0.00000	  -0.03049	   0.07623	   0.12196	  -0.00000	   0.12196	   0.07623	  -0.00000	  -0.00000	  -0.00000	  -0.15245
B         	   7.77389	  -4.34087	   0.00000	  -0.01525	   0.07623	  -0.03049	   0.00000	  -0.03049	  -0.00000	  -0.00000	   0.00000	  -0.00000	  -0.07623
B         	   7.78009	  -0.01716	   0.00000	   0.28966	   0.16770	   0.04574	  -0.00000	   0.04574	  -0.06098	   0.00000	  -0.00000	   0.00000	  -0.10672
B         	   7.77077	   4.30497	   0.00000	  -0.00000	   0.06098	   0.03049	   0.00000	   0.03049	  -0.00000	   0.00000	   0.00000	   0.00000	  -0.06098
B         	  10.36042	  -4.34310	   0.00000	  -0.00000	   0.06098	  -0.00000	  -0.00000	  -0.00000	  -0.01525	   0.00000	  -0.00000	   0.00000	  -0.04574
B         	  10.36190	  -0.01944	   0.00000	   0.01525	   0.09147	   0.00000	  -0.00000	   0.00000	  -0.03049	  -0.00000	  -0.00000	  -0.00000	  -0.04574
B         	  10.35912	   4.30267	   0.00000	  -0.00000	   0.06098	   0.00000	  -0.00000	   0.00000	  -0.01525	  -0.00000	  -0.00000	  -0.00000	  -0.04574
B         	 -11.65275	  -2.18194	   0.00000	  -0.00000	   0.07623	  -0.00000	   0.00000	  -0.00000	  -0.03049	  -0.00000	   0.00000	  -0.00000	  -0.04574
B         	 -11.65275	   2.14136	   0.00000	   0.00000	   0.07623	  -0.00000	   0.00000	  -0.00000	  -0.03049	   0.00000	   0.00000	   0.00000	  -0.04574
B         	 -11.65275	   6.46256	   0.00000	  -0.00000	   0.06098	   0.00000	  -0.00000	   0.00000	  -0.01525	  -0.00000	  -0.00000	  -0.00000	  -0.04574
B         	  -9.06927	  -2.17980	   0.00000	  -0.01525	   0.09147	   0.01525	  -0.00000	   0.01525	  -0.03049	  -0.00000	  -0.00000	  -0.00000	  -0.06098
B         	  -9.06685	   2.14364	   0.00000	   0.00000	   0.09147	  -0.01525	  -0.00000	  -0.01525	  -0.03049	   0.00000	  -0.00000	   0.00000	  -0.06098
B         	  -9.06543	   6.46439	   0.00000	  -0.00000	   0.06098	   0.00000	  -0.00000	   0.00000	  -0.01525	   0.00000	  -0.00000	   0.00000	  -0.04574
B         	  -6.48505	  -2.17858	   0.00000	  -0.10672	   0.19819	   0.09147	   0.00000	   0.09147	  -0.03049	   0.00000	   0.00000	   0.00000	  -0.16770
B         	  -6.47990	   2.14725	   0.00000	   0.01525	   0.15245	  -0.07623	   0.00000	  -0.07623	  -0.03049	  -0.00000	   0.00000	  -0.00000	  -0.12196
B         	  -6.47717	   6.46741	   0.00000	  -0.00000	   0.04574	   0.00000	   0.00000	   0.00000	   0.03049	  -0.00000	   0.00000	  -0.00000	  -0.09147
B         	  -3.89945	  -2.17161	   0.00000	  -1.40256	   0.79275	   0.51834	  -0.00000	   0.51834	   0.13721	  -0.00000	  -0.00000	  -0.00000	  -0.92996
B         	  -3.88956	   2.15299	   0.00000	  -0.76226	   0.39637	  -0.32015	  -0.00000	  -0.32015	   0.10672	   0.00000	  -0.00000	   0.00000	  -0.50309
B         	  -3.88580	   6.47267	   0.00000	   0.36588	  -0.04574	  -0.09147	  -0.00000	  -0.09147	   0.27441	   0.00000	  -0.00000	   0.00000	  -0.22868
B         	  -1.29617	  -2.14741	   0.00000	  -0.12196	  -1.28060	  -1.21961	  -0.00000	  -1.21961	   5.79317	   0.00000	  -0.00000	   0.00000	  -4.51258
B         	  -1.28636	   2.12636	   0.00000	  -1.53976	   4.68027	  -2.46972	   0.00000	  -2.46972	  -0.32015	   0.00000	   0.00000	   0.00000	  -4.36012
B         	  -1.29292	  -6.48417	   0.00000	  -0.07623	  -0.16770	  -0.01525	   0.00000	  -0.01525	   0.44211	   0.00000	   0.00000	   0.00000	  -0.27441
B         	   1.29617	  -2.14741	   0.00000	  -0.12196	  -1.28060	   1.21961	   0.00000	   1.21961	   5.79317	   0.00000	   0.00000	   0.00000	  -4.51258
B         	   1.28636	   2.12636	   0.00000	  -1.53976	   4.68027	   2.46972	  -0.00000	   2.46972	  -0.32015	   0.00000	  -0.00000	   0.00000	  -4.36012
B         	   1.29292	  -6.48417	   0.00000	  -0.07623	  -0.16770	   0.01525	  -0.00000	   0.01525	   0.44211	   0.00000	  -0.00000	   0.00000	  -0.27441
B         	   3.89945	  -2.17161	   0.00000	  -1.40256	   0.79275	  -0.51834	   0.00000	  -0.51834	   0.13721	  -0.00000	   0.00000	  -0.00000	  -0.92996
B         	   3.88956	   2.15299	   0.00000	  -0.76226	   0.39637	   0.32015	  -0.00000	   0.32015	   0.10672	  -0.00000	  -0.00000	  -0.00000	  -0.50309
B         	   3.88580	   6.47267	   0.00000	   0.36588	  -0.04574	   0.09147	   0.00000	   0.09147	   0.27441	   0.00000	   0.00000	   0.00000	  -0.22868
B         	   6.48505	  -2.17858	   0.00000	  -0.10672	   0.19819	  -0.09147	   0.00000	  -0.09147	  -0.03049	  -0.00000	   0.00000	  -0.00000	  -0.16770
B         	   6.47990	   2.14725	   0.00000	   0.01525	   0.15245	   0.07623	   0.00000	   0.07623	  -0.03049	   0.00000	   0.00000	   0.00000	  -0.12196
B         	   6.47717	   6.46741	   0.00000	  -0.00000	   0.04574	  -0.00000	  -0.00000	  -0.00000	   0.03049	  -0.00000	  -0.00000	  -0.00000	  -0.09147
B         	   9.06927	  -2.17980	   0.00000	  -0.01525	   0.09147	  -0.01525	  -0.00000	  -0.01525	  -0.03049	   0.00000	  -0.00000	   0.00000	  -0.06098
B         	   9.06685	   2.14364	   0.00000	   0.00000	   0.09147	   0.01525	  -0.00000	   0.01525	  -0.03049	  -0.00000	  -0.00000	  -0.00000	  -0.06098
B         	   9.06543	   6.46439	   0.00000	  -0.00000	   0.06098	  -0.00000	   0.00000	  -0.00000	  -0.01525	   0.00000	   0.00000	   0.00000	  -0.04574
N         	 -10.36253	  -2.89223	   0.00000	   0.00000	   0.07623	   0.01525	  -0.00000	   0.01525	  -0.03049	  -0.00000	  -0.00000	  -0.00000	  -0.04574
N         	 -10.36191	   1.43200	   0.00000	   0.00000	   0.07623	  -0.00000	  -0.00000	  -0.00000	  -0.03049	   0.00000	  -0.00000	   0.00000	  -0.04574
N         	 -10.36071	   5.75372	   0.00000	   0.00000	   0.06098	  -0.00000	   0.00000	  -0.00000	  -0.01525	   0.00000	   0.00000	   0.00000	  -0.04574
N         	  -7.78200	  -2.89087	   0.00000	   0.09147	   0.12196	   0.06098	   0.00000	   0.06098	  -0.03049	   0.00000	   0.00000	   0.00000	  -0.09147
N         	  -7.78061	   1.43496	   0.00000	   0.01525	   0.13721	  -0.03049	   0.00000	  -0.03049	  -0.04574	  -0.00000	   0.00000	  -0.00000	  -0.09147
N         	  -7.77588	   5.75641	   0.00000	   0.01525	   0.06098	  -0.00000	  -0.00000	  -0.00000	   0.00000	   0.00000	  -0.00000	   0.00000	  -0.06098
N         	  -5.20050	  -2.88942	   0.00000	   1.26535	   0.38113	   0.47260	   0.00000	   0.47260	   0.03049	  -0.00000	   0.00000	  -0.00000	  -0.41162
N         	  -5.19966	   1.44174	   0.00000	   0.04574	   0.36588	  -0.06098	  -0.00000	  -0.06098	  -0.04574	   0.00000	  -0.00000	   0.00000	  -0.33539
N         	  -5.18782	   5.76246	   0.00000	   0.07623	  -0.00000	   0.01525	   0.00000	   0.01525	   0.18294	  -0.00000	   0.00000	  -0.00000	  -0.16770
N         	  -2.61475	  -2.88792	   0.00000	  34.01201	   2.13433	   8.23240	   0.00000	   8.23240	   3.36919	   0.00000	   0.00000	   0.00000	  -5.50351
N         	  -2.61838	   1.45301	   0.00000	   5.21385	  -0.12196	   1.53976	   0.00000	   1.53976	   3.50639	   0.00000	   0.00000	   0.00000	  -3.38443
N         	  -2.59331	   5.76937	   0.00000	   2.50021	  -0.22868	  -0.38113	  -0.00000	  -0.38113	   0.73177	  -0.00000	  -0.00000	  -0.00000	  -0.50309
N         	   0.00000	  -2.86984	   0.00000	   7.63784	   3.85703	  -0.00000	   0.00000	  -0.00000	  -0.44211	   0.00000	   0.00000	   0.00000	  -3.41492
N         	   0.00000	   5.77125	   0.00000	   0.77750	  -0.32015	  -0.00000	  -0.00000	  -0.00000	   0.74701	   0.00000	  -0.00000	   0.00000	  -0.42687
N         	   2.61475	  -2.88792	   0.00000	  34.01201	   2.13433	  -8.23240	  -0.00000	  -8.23240	   3.36919	  -0.00000	  -0.00000	  -0.00000	  -5.50351
N         	   2.61838	   1.45301	   0.00000	   5.21385	  -0.12196	  -1.53976	   0.00000	  -1.53976	   3.50639	   0.00000	   0.00000	   0.00000	  -3.38443
N         	   2.59331	   5.76937	   0.00000	   2.50021	  -0.22868	   0.38113	   0.00000	   0.38113	   0.73177	  -0.00000	   0.00000	  -0.00000	  -0.50309
N         	   5.20050	  -2.88942	   0.00000	   1.26535	   0.38113	  -0.47260	   0.00000	  -0.47260	   0.03049	   0.00000	   0.00000	   0.00000	  -0.41162
N         	   5.19966	   1.44174	   0.00000	   0.04574	   0.36588	   0.06098	  -0.00000	   0.06098	  -0.04574	  -0.00000	  -0.00000	  -0.00000	  -0.33539
N         	   5.18782	   5.76246	   0.00000	   0.07623	  -0.00000	  -0.01525	  -0.00000	  -0.01525	   0.18294	  -0.00000	  -0.00000	  -0.00000	  -0.16770
N         	   7.78200	  -2.89087	   0.00000	   0.09147	   0.12196	  -0.06098	  -0.00000	  -0.06098	  -0.03049	  -0.00000	  -0.00000	  -0.00000	  -0.09147
N         	   7.78061	   1.43496	   0.00000	   0.01525	   0.13721	   0.03049	   0.00000	   0.03049	  -0.04574	   0.00000	   0.00000	   0.00000	  -0.09147
N         	   7.77588	   5.75641	   0.00000	   0.01525	   0.06098	   0.00000	   0.00000	   0.00000	   0.00000	   0.00000	   0.00000	   0.00000	  -0.06098
N         	  10.36253	  -2.89223	   0.00000	   0.00000	   0.07623	  -0.01525	  -0.00000	  -0.01525	  -0.03049	   0.00000	  -0.00000	   0.00000	  -0.04574
N         	  10.36191	   1.43200	   0.00000	   0.00000	   0.07623	   0.00000	  -0.00000	   0.00000	  -0.03049	  -0.00000	  -0.00000	  -0.00000	  -0.04574
N         	  10.36071	   5.75372	   0.00000	   0.00000	   0.06098	   0.00000	   0.00000	   0.00000	  -0.01525	  -0.00000	   0.00000	  -0.00000	  -0.04574
N         	 -11.65275	  -5.05389	   0.00000	   0.00000	   0.06098	   0.00000	   0.00000	   0.00000	  -0.01525	   0.00000	   0.00000	   0.00000	  -0.04574
N         	 -11.65275	  -0.73084	   0.00000	   0.01525	   0.09147	  -0.00000	  -0.00000	  -0.00000	  -0.04574	  -0.00000	  -0.00000	  -0.00000	  -0.04574
N         	 -11.65275	   3.59272	   0.00000	  -0.00000	   0.06098	   0.00000	   0.00000	   0.00000	  -0.03049	   0.00000	   0.00000	   0.00000	  -0.04574
N         	  -9.06987	  -5.05251	   0.00000	   0.01525	   0.06098	   0.01525	  -0.00000	   0.01525	  -0.01525	   0.00000	  -0.00000	   0.00000	  -0.04574
N         	  -9.07467	  -0.72928	   0.00000	   0.13721	   0.13721	   0.01525	   0.00000	   0.01525	  -0.06098	   0.00000	   0.00000	   0.00000	  -0.07623
N         	  -9.06883	   3.59488	   0.00000	  -0.00000	   0.07623	  -0.01525	  -0.00000	  -0.01525	  -0.01525	   0.00000	  -0.00000	   0.00000	  -0.04574
N         	  -6.48563	  -5.05008	   0.00000	   0.09147	   0.06098	   0.07623	   0.00000	   0.07623	   0.04574	  -0.00000	   0.00000	  -0.00000	  -0.10672
N         	  -6.49963	  -0.72761	   0.00000	   1.96663	   0.70128	   0.19819	  -0.00000	   0.19819	  -0.30490	  -0.00000	  -0.00000	  -0.00000	  -0.39637
N         	  -6.48360	   3.59999	   0.00000	  -0.01525	   0.09147	  -0.06098	   0.00000	  -0.06098	   0.01525	  -0.00000	   0.00000	  -0.00000	  -0.10672
N         	  -3.89667	  -5.04548	   0.00000	   2.28678	  -0.04574	   0.70128	  -0.00000	   0.70128	   0.68603	   0.00000	  -0.00000	   0.00000	  -0.64030
N         	  -3.93588	  -0.72417	   0.00000	  27.53281	   7.50063	   3.88752	   0.00000	   3.88752	  -3.09477	   0.00000	   0.00000	   0.00000	  -4.40586
N         	  -3.89528	   3.60937	   0.00000	   0.28966	   0.06098	  -0.27441	   0.00000	  -0.27441	   0.35064	  -0.00000	   0.00000	  -0.00000	  -0.39637
N         	  -1.29804	  -5.03476	   0.00000	   0.33539	  -0.07623	   0.16770	  -0.00000	   0.16770	   0.50309	   0.00000	  -0.00000	   0.00000	  -0.44211
N         	  -1.30011	   3.61049	   0.00000	  29.74336	  -3.50639	  -3.65884	   0.00000	  -3.65884	   8.11044	  -0.00000	   0.00000	  -0.00000	  -4.61929
N         	   1.29804	  -5.03476	   0.00000	   0.33539	  -0.07623	  -0.16770	   0.00000	  -0.16770	   0.50309	   0.00000	   0.00000	   0.00000	  -0.44211
N         	   1.30011	   3.61049	   0.00000	  29.74336	  -3.50639	   3.65884	  -0.00000	   3.65884	   8.11044	  -0.00000	  -0.00000	  -0.00000	  -4.61929
N         	   3.89667	  -5.04548	   0.00000	   2.28678	  -0.04574	  -0.70128	   0.00000	  -0.70128	   0.68603	   0.00000	   0.00000	   0.00000	  -0.64030
N         	   3.93588	  -0.72417	   0.00000	  27.53281	   7.50063	  -3.88752	   0.00000	  -3.88752	  -3.09477	  -0.00000	   0.00000	  -0.00000	  -4.40586
N         	   3.89528	   3.60937	   0.00000	   0.28966	   0.06098	   0.27441	  -0.00000	   0.27441	   0.35064	  -0.00000	  -0.00000	  -0.00000	  -0.39637
N         	   6.48563	  -5.05008	   0.00000	   0.09147	   0.06098	  -0.07623	  -0.00000	  -0.07623	   0.04574	   0.00000	  -0.00000	   0.00000	  -0.10672
N         	   6.49963	  -0.72761	   0.00000	   1.96663	   0.70128	  -0.19819	  -0.00000	  -0.19819	  -0.30490	   0.00000	  -0.00000	   0.00000	  -0.39637
N         	   6.48360	   3.59999	   0.00000	  -0.01525	   0.09147	   0.06098	   0.00000	   0.06098	   0.01525	   0.00000	   0.00000	   0.00000	  -0.10672
N         	   9.06987	  -5.05251	   0.00000	   0.01525	   0.06098	  -0.01525	  -0.00000	  -0.01525	  -0.01525	   0.00000	  -0.00000	   0.00000	  -0.04574
N         	   9.07467	  -0.72928	   0.00000	   0.13721	   0.13721	  -0.01525	   0.00000	  -0.01525	  -0.06098	  -0.00000	   0.00000	  -0.00000	  -0.07623
N         	   9.06883	   3.59488	   0.00000	  -0.00000	   0.07623	   0.01525	  -0.00000	   0.01525	  -0.01525	  -0.00000	  -0.00000	  -0.00000	  -0.04574
N         	   1.44342	  -0.75976	   0.00000	 276.79160	  77.29309	 -97.90459	   0.00000	 -97.90459	 -10.24477	   0.00000	   0.00000	   0.00000	 -67.04833
N         	  -1.44342	  -0.75976	   0.00000	 276.79160	  77.29309	  97.90459	   0.00000	  97.90459	 -10.24477	   0.00000	   0.00000	   0.00000	 -67.04833
N         	   0.00000	   1.51952	   0.00000	 283.75865	 -71.78958	  -0.00000	  -0.00000	  -0.00000	 138.21286	   0.00000	  -0.00000	   0.00000	 -66.42328
