--------------------------------------------------------------------------------------------------------------------------------------------------------------------------
  AtomName	    r_1i_X	    r_1i_Y	    r_1i_Z	  iso[MHz]	       Axx	       Axy	       Axz	       Ayx	       Ayy	       Ayz	       Azx	       Azy	       Azz
--------------------------------------------------------------------------------------------------------------------------------------------------------------------------
10B  g-factor___:   0.600215 [No-unit]
11B  g-factor___:   1.792433 [No-unit]
14N  g-factor___:   0.403761 [No-unit]
15N  g-factor___:  -0.566378 [No-unit]
10B  etc____:	---       	---       	---       	   0.00000
11B  etc____:	---       	---       	---       	   0.00000
14N  etc____:	---       	---       	---       	   0.00000
15N  etc____:	---       	---       	---       	   0.00000
MinDif[A]:	 -11.65275	  -6.48417	   0.00000
MaxDif[A]:	  10.36253	   6.47267	   0.00000
--------------------------------------------------------------------------------------------------------------------------------------------------------------------------
B         	 -10.36042	  -4.34310	   0.00000	   0.00000	   0.06098	   0.00000	  -0.00000	   0.00000	  -0.01525	  -0.00000	  -0.00000	  -0.00000	  -0.04574
B         	 -10.36190	  -0.01944	   0.00000	   0.01525	   0.09147	  -0.00000	   0.00000	  -0.00000	  -0.03049	   0.00000	   0.00000	   0.00000	  -0.04574
B         	 -10.35912	   4.30267	   0.00000	   0.00000	   0.06098	  -0.00000	  -0.00000	  -0.00000	  -0.01525	  -0.00000	  -0.00000	  -0.00000	  -0.04574
B         	  -7.77389	  -4.34087	   0.00000	  -0.01525	   0.07623	   0.03049	  -0.00000	   0.03049	  -0.01525	  -0.00000	  -0.00000	  -0.00000	  -0.07623
B         	  -7.78009	  -0.01716	   0.00000	   0.18294	   0.16770	  -0.03049	  -0.00000	  -0.03049	  -0.06098	  -0.00000	  -0.00000	  -0.00000	  -0.10672
B         	  -7.77077	   4.30497	   0.00000	   0.00000	   0.06098	  -0.03049	   0.00000	  -0.03049	  -0.00000	  -0.00000	   0.00000	  -0.00000	  -0.06098
B         	  -5.18696	  -4.33690	   0.00000	  -0.09147	   0.12196	   0.12196	   0.00000	   0.12196	   0.07623	   0.00000	   0.00000	   0.00000	  -0.19819
B         	  -5.20361	  -0.01200	   0.00000	   2.42398	   0.68603	  -0.45736	   0.00000	  -0.45736	  -0.12196	   0.00000	   0.00000	   0.00000	  -0.56407
B         	  -5.18068	   4.31058	   0.00000	  -0.03049	   0.07623	  -0.10672	  -0.00000	  -0.10672	   0.06098	   0.00000	  -0.00000	   0.00000	  -0.13721
B         	  -2.59565	  -4.32809	   0.00000	   3.26247	  -0.47260	   0.07623	   0.00000	   0.07623	   1.18912	  -0.00000	   0.00000	  -0.00000	  -0.71652
B         	  -2.62520	  -0.00087	   0.00000	  -0.32015	   3.11002	  -3.78081	  -0.00000	  -3.78081	   1.26535	   0.00000	  -0.00000	   0.00000	  -4.37537
B         	  -2.58597	   4.31263	   0.00000	   2.42398	   0.42687	  -0.57932	   0.00000	  -0.57932	   0.16770	  -0.00000	   0.00000	  -0.00000	  -0.60981
B         	   0.00000	  -4.31020	   0.00000	  -0.79275	  -0.19819	   0.00000	  -0.00000	   0.00000	   0.71652	   0.00000	  -0.00000	   0.00000	  -0.51834
B         	   0.00000	   4.31079	   0.00000	  -0.70128	  -0.38113	   0.00000	  -0.00000	   0.00000	   1.26535	   0.00000	  -0.00000	   0.00000	  -0.88422
B         	   2.59565	  -4.32809	   0.00000	   3.26247	  -0.47260	  -0.07623	  -0.00000	  -0.07623	   1.18912	  -0.00000	  -0.00000	  -0.00000	  -0.71652
B         	   2.62520	  -0.00087	   0.00000	  -0.32015	   3.11002	   3.78081	   0.00000	   3.78081	   1.26535	   0.00000	   0.00000	   0.00000	  -4.37537
B         	   2.58597	   4.31263	   0.00000	   2.42398	   0.42687	   0.57932	  -0.00000	   0.57932	   0.16770	  -0.00000	  -0.00000	  -0.00000	  -0.60981
B         	   5.18696	  -4.33690	   0.00000	  -0.09147	   0.12196	  -0.12196	  -0.00000	  -0.12196	   0.07623	   0.00000	  -0.00000	   0.00000	  -0.19819
B         	   5.20361	  -0.01200	   0.00000	   2.42398	   0.68603	   0.45736	  -0.00000	   0.45736	  -0.12196	  -0.00000	  -0.00000	  -0.00000	  -0.56407
B         	   5.18068	   4.31058	   0.00000	  -0.03049	   0.07623	   0.10672	   0.00000	   0.10672	   0.06098	   0.00000	   0.00000	   0.00000	  -0.13721
B         	   7.77389	  -4.34087	   0.00000	  -0.01525	   0.07623	  -0.03049	   0.00000	  -0.03049	  -0.01525	  -0.00000	   0.00000	  -0.00000	  -0.07623
B         	   7.78009	  -0.01716	   0.00000	   0.18294	   0.16770	   0.03049	  -0.00000	   0.03049	  -0.06098	   0.00000	  -0.00000	   0.00000	  -0.10672
B         	   7.77077	   4.30497	   0.00000	   0.00000	   0.06098	   0.03049	  -0.00000	   0.03049	  -0.00000	   0.00000	  -0.00000	   0.00000	  -0.06098
B         	  10.36042	  -4.34310	   0.00000	   0.00000	   0.06098	  -0.00000	   0.00000	  -0.00000	  -0.01525	  -0.00000	   0.00000	  -0.00000	  -0.04574
B         	  10.36190	  -0.01944	   0.00000	   0.01525	   0.09147	   0.00000	  -0.00000	   0.00000	  -0.03049	  -0.00000	  -0.00000	  -0.00000	  -0.04574
B         	  10.35912	   4.30267	   0.00000	   0.00000	   0.06098	   0.00000	   0.00000	   0.00000	  -0.01525	  -0.00000	   0.00000	  -0.00000	  -0.04574
B         	 -11.65275	  -2.18194	   0.00000	   0.00000	   0.06098	  -0.00000	   0.00000	  -0.00000	  -0.01525	   0.00000	   0.00000	   0.00000	  -0.04574
B         	 -11.65275	   2.14136	   0.00000	   0.00000	   0.07623	   0.00000	  -0.00000	   0.00000	  -0.03049	  -0.00000	  -0.00000	  -0.00000	  -0.04574
B         	 -11.65275	   6.46256	   0.00000	   0.00000	   0.07623	   0.00000	   0.00000	   0.00000	  -0.03049	  -0.00000	   0.00000	  -0.00000	  -0.04574
B         	  -9.06927	  -2.17980	   0.00000	   0.00000	   0.06098	   0.00000	  -0.00000	   0.00000	  -0.01525	  -0.00000	  -0.00000	  -0.00000	  -0.04574
B         	  -9.06685	   2.14364	   0.00000	   0.00000	   0.09147	   0.01525	  -0.00000	   0.01525	  -0.03049	  -0.00000	  -0.00000	  -0.00000	  -0.06098
B         	  -9.06543	   6.46439	   0.00000	   0.00000	   0.09147	  -0.01525	  -0.00000	  -0.01525	  -0.03049	   0.00000	  -0.00000	   0.00000	  -0.06098
B         	  -6.48505	  -2.17858	   0.00000	  -0.00000	   0.04574	   0.00000	   0.00000	   0.00000	   0.03049	  -0.00000	   0.00000	  -0.00000	  -0.07623
B         	  -6.47990	   2.14725	   0.00000	  -0.07623	   0.21343	   0.09147	   0.00000	   0.09147	  -0.04574	   0.00000	   0.00000	   0.00000	  -0.16770
B         	  -6.47717	   6.46741	   0.00000	  -0.01525	   0.15245	  -0.07623	   0.00000	  -0.07623	  -0.03049	  -0.00000	   0.00000	  -0.00000	  -0.12196
B         	  -3.89945	  -2.17161	   0.00000	   0.13721	  -0.04574	  -0.06098	   0.00000	  -0.06098	   0.24392	   0.00000	   0.00000	   0.00000	  -0.19819
B         	  -3.88956	   2.15299	   0.00000	  -1.28060	   0.85373	   0.60981	  -0.00000	   0.60981	   0.07623	  -0.00000	  -0.00000	  -0.00000	  -0.91471
B         	  -3.88580	   6.47267	   0.00000	  -0.97569	   0.38113	  -0.32015	  -0.00000	  -0.32015	   0.09147	   0.00000	  -0.00000	   0.00000	  -0.47260
B         	  -1.29617	  -2.14741	   0.00000	  -0.07623	  -0.18294	  -0.01525	   0.00000	  -0.01525	   0.44211	  -0.00000	   0.00000	  -0.00000	  -0.24392
B         	  -1.28636	   2.12636	   0.00000	  -2.27153	  -1.50927	  -1.49403	  -0.00000	  -1.49403	   6.23528	  -0.00000	  -0.00000	  -0.00000	  -4.71076
B         	  -1.29292	  -6.48417	   0.00000	  -2.92708	   4.78699	  -2.54595	   0.00000	  -2.54595	  -0.42687	   0.00000	   0.00000	   0.00000	  -4.34488
B         	   1.29617	  -2.14741	   0.00000	  -0.07623	  -0.18294	   0.01525	  -0.00000	   0.01525	   0.44211	  -0.00000	  -0.00000	  -0.00000	  -0.24392
B         	   1.28636	   2.12636	   0.00000	  -2.27153	  -1.50927	   1.49403	   0.00000	   1.49403	   6.23528	  -0.00000	   0.00000	  -0.00000	  -4.71076
B         	   1.29292	  -6.48417	   0.00000	  -2.92708	   4.78699	   2.54595	  -0.00000	   2.54595	  -0.42687	  -0.00000	  -0.00000	  -0.00000	  -4.34488
B         	   3.89945	  -2.17161	   0.00000	   0.13721	  -0.04574	   0.06098	  -0.00000	   0.06098	   0.24392	   0.00000	  -0.00000	   0.00000	  -0.19819
B         	   3.88956	   2.15299	   0.00000	  -1.28060	   0.85373	  -0.60981	   0.00000	  -0.60981	   0.07623	  -0.00000	   0.00000	  -0.00000	  -0.91471
B         	   3.88580	   6.47267	   0.00000	  -0.97569	   0.38113	   0.32015	  -0.00000	   0.32015	   0.09147	  -0.00000	  -0.00000	  -0.00000	  -0.47260
B         	   6.48505	  -2.17858	   0.00000	  -0.00000	   0.04574	  -0.00000	  -0.00000	  -0.00000	   0.03049	  -0.00000	  -0.00000	  -0.00000	  -0.07623
B         	   6.47990	   2.14725	   0.00000	  -0.07623	   0.21343	  -0.09147	  -0.00000	  -0.09147	  -0.04574	   0.00000	  -0.00000	   0.00000	  -0.16770
B         	   6.47717	   6.46741	   0.00000	  -0.01525	   0.15245	   0.07623	   0.00000	   0.07623	  -0.03049	   0.00000	   0.00000	   0.00000	  -0.12196
B         	   9.06927	  -2.17980	   0.00000	   0.00000	   0.06098	  -0.00000	   0.00000	  -0.00000	  -0.01525	  -0.00000	   0.00000	  -0.00000	  -0.04574
B         	   9.06685	   2.14364	   0.00000	   0.00000	   0.09147	  -0.01525	   0.00000	  -0.01525	  -0.03049	  -0.00000	   0.00000	  -0.00000	  -0.06098
B         	   9.06543	   6.46439	   0.00000	   0.00000	   0.09147	   0.01525	  -0.00000	   0.01525	  -0.03049	  -0.00000	  -0.00000	  -0.00000	  -0.06098
N         	 -10.36253	  -2.89223	   0.00000	   0.00000	   0.07623	   0.00000	  -0.00000	   0.00000	  -0.03049	  -0.00000	  -0.00000	  -0.00000	  -0.04574
N         	 -10.36191	   1.43200	   0.00000	   0.00000	   0.07623	  -0.00000	  -0.00000	  -0.00000	  -0.03049	   0.00000	  -0.00000	   0.00000	  -0.04574
N         	 -10.36071	   5.75372	   0.00000	   0.00000	   0.06098	  -0.00000	  -0.00000	  -0.00000	  -0.01525	   0.00000	  -0.00000	   0.00000	  -0.04574
N         	  -7.78200	  -2.89087	   0.00000	   0.04574	   0.10672	   0.04574	  -0.00000	   0.04574	  -0.03049	   0.00000	  -0.00000	   0.00000	  -0.07623
N         	  -7.78061	   1.43496	   0.00000	   0.00000	   0.12196	  -0.03049	   0.00000	  -0.03049	  -0.04574	  -0.00000	   0.00000	  -0.00000	  -0.07623
N         	  -7.77588	   5.75641	   0.00000	   0.00000	   0.06098	  -0.00000	   0.00000	  -0.00000	   0.00000	  -0.00000	   0.00000	  -0.00000	  -0.06098
N         	  -5.20050	  -2.88942	   0.00000	   0.67079	   0.32015	   0.35064	   0.00000	   0.35064	   0.01525	   0.00000	   0.00000	   0.00000	  -0.32015
N         	  -5.19966	   1.44174	   0.00000	  -0.09147	   0.35064	  -0.10672	  -0.00000	  -0.10672	  -0.04574	   0.00000	  -0.00000	   0.00000	  -0.30490
N         	  -5.18782	   5.76246	   0.00000	   0.03049	   0.01525	  -0.00000	   0.00000	  -0.00000	   0.13721	   0.00000	   0.00000	   0.00000	  -0.13721
N         	  -2.61475	  -2.88792	   0.00000	  30.78003	   1.72271	   7.27195	   0.00000	   7.27195	   3.09477	   0.00000	   0.00000	   0.00000	  -4.81748
N         	  -2.61838	   1.45301	   0.00000	   0.15245	   0.01525	   1.05192	   0.00000	   1.05192	   3.03379	   0.00000	   0.00000	   0.00000	  -3.03379
N         	  -2.59331	   5.76937	   0.00000	   1.70746	  -0.18294	  -0.27441	   0.00000	  -0.27441	   0.57932	  -0.00000	   0.00000	  -0.00000	  -0.38113
N         	   0.00000	  -2.86984	   0.00000	   3.59786	   3.11002	  -0.00000	   0.00000	  -0.00000	   0.06098	   0.00000	   0.00000	   0.00000	  -3.17100
N         	   0.00000	   5.77125	   0.00000	   0.30490	  -0.25917	   0.00000	   0.00000	   0.00000	   0.62505	   0.00000	   0.00000	   0.00000	  -0.36588
N         	   2.61475	  -2.88792	   0.00000	  30.78003	   1.72271	  -7.27195	  -0.00000	  -7.27195	   3.09477	   0.00000	  -0.00000	   0.00000	  -4.81748
N         	   2.61838	   1.45301	   0.00000	   0.15245	   0.01525	  -1.05192	   0.00000	  -1.05192	   3.03379	   0.00000	   0.00000	   0.00000	  -3.03379
N         	   2.59331	   5.76937	   0.00000	   1.70746	  -0.18294	   0.27441	  -0.00000	   0.27441	   0.57932	  -0.00000	  -0.00000	  -0.00000	  -0.38113
N         	   5.20050	  -2.88942	   0.00000	   0.67079	   0.32015	  -0.35064	  -0.00000	  -0.35064	   0.01525	   0.00000	  -0.00000	   0.00000	  -0.32015
N         	   5.19966	   1.44174	   0.00000	  -0.09147	   0.35064	   0.10672	  -0.00000	   0.10672	  -0.04574	  -0.00000	  -0.00000	  -0.00000	  -0.30490
N         	   5.18782	   5.76246	   0.00000	   0.03049	   0.01525	   0.00000	  -0.00000	   0.00000	   0.13721	   0.00000	  -0.00000	   0.00000	  -0.13721
N         	   7.78200	  -2.89087	   0.00000	   0.04574	   0.10672	  -0.04574	   0.00000	  -0.04574	  -0.03049	  -0.00000	   0.00000	  -0.00000	  -0.07623
N         	   7.78061	   1.43496	   0.00000	   0.00000	   0.12196	   0.03049	   0.00000	   0.03049	  -0.04574	   0.00000	   0.00000	   0.00000	  -0.07623
N         	   7.77588	   5.75641	   0.00000	   0.00000	   0.06098	   0.00000	  -0.00000	   0.00000	   0.00000	  -0.00000	  -0.00000	  -0.00000	  -0.06098
N         	  10.36253	  -2.89223	   0.00000	   0.00000	   0.07623	  -0.00000	   0.00000	  -0.00000	  -0.03049	  -0.00000	   0.00000	  -0.00000	  -0.04574
N         	  10.36191	   1.43200	   0.00000	   0.00000	   0.07623	   0.00000	  -0.00000	   0.00000	  -0.03049	  -0.00000	  -0.00000	  -0.00000	  -0.04574
N         	  10.36071	   5.75372	   0.00000	   0.00000	   0.06098	   0.00000	   0.00000	   0.00000	  -0.01525	   0.00000	   0.00000	   0.00000	  -0.04574
N         	 -11.65275	  -5.05389	   0.00000	   0.00000	   0.06098	   0.00000	  -0.00000	   0.00000	  -0.01525	   0.00000	  -0.00000	   0.00000	  -0.04574
N         	 -11.65275	  -0.73084	   0.00000	   0.00000	   0.07623	   0.00000	  -0.00000	   0.00000	  -0.03049	   0.00000	  -0.00000	   0.00000	  -0.04574
N         	 -11.65275	   3.59272	   0.00000	   0.00000	   0.06098	  -0.00000	  -0.00000	  -0.00000	  -0.03049	  -0.00000	  -0.00000	  -0.00000	  -0.04574
N         	  -9.06987	  -5.05251	   0.00000	   0.00000	   0.06098	   0.01525	  -0.00000	   0.01525	  -0.01525	  -0.00000	  -0.00000	  -0.00000	  -0.04574
N         	  -9.07467	  -0.72928	   0.00000	   0.07623	   0.12196	   0.01525	   0.00000	   0.01525	  -0.06098	   0.00000	   0.00000	   0.00000	  -0.06098
N         	  -9.06883	   3.59488	   0.00000	   0.00000	   0.07623	  -0.01525	   0.00000	  -0.01525	  -0.01525	  -0.00000	   0.00000	  -0.00000	  -0.04574
N         	  -6.48563	  -5.05008	   0.00000	   0.04574	   0.06098	   0.06098	  -0.00000	   0.06098	   0.03049	  -0.00000	  -0.00000	  -0.00000	  -0.09147
N         	  -6.49963	  -0.72761	   0.00000	   1.40256	   0.57932	   0.13721	  -0.00000	   0.13721	  -0.25917	  -0.00000	  -0.00000	  -0.00000	  -0.32015
N         	  -6.48360	   3.59999	   0.00000	  -0.01525	   0.09147	  -0.06098	  -0.00000	  -0.06098	   0.01525	   0.00000	  -0.00000	   0.00000	  -0.10672
N         	  -3.89667	  -5.04548	   0.00000	   1.53976	  -0.03049	   0.53358	   0.00000	   0.53358	   0.51834	   0.00000	   0.00000	   0.00000	  -0.48785
N         	  -3.93588	  -0.72417	   0.00000	  24.68196	   6.87558	   3.21673	   0.00000	   3.21673	  -2.98806	   0.00000	   0.00000	   0.00000	  -3.87228
N         	  -3.89528	   3.60937	   0.00000	   0.10672	   0.09147	  -0.27441	  -0.00000	  -0.27441	   0.27441	  -0.00000	  -0.00000	  -0.00000	  -0.35064
N         	  -1.29804	  -5.03476	   0.00000	   0.07623	  -0.12196	   0.13721	  -0.00000	   0.13721	   0.53358	  -0.00000	  -0.00000	  -0.00000	  -0.41162
N         	  -1.30011	   3.61049	   0.00000	  24.94112	  -2.86610	  -3.20149	   0.00000	  -3.20149	   6.67739	  -0.00000	   0.00000	  -0.00000	  -3.82654
N         	   1.29804	  -5.03476	   0.00000	   0.07623	  -0.12196	  -0.13721	   0.00000	  -0.13721	   0.53358	  -0.00000	   0.00000	  -0.00000	  -0.41162
N         	   1.30011	   3.61049	   0.00000	  24.94112	  -2.86610	   3.20149	  -0.00000	   3.20149	   6.67739	  -0.00000	  -0.00000	  -0.00000	  -3.82654
N         	   3.89667	  -5.04548	   0.00000	   1.53976	  -0.03049	  -0.53358	  -0.00000	  -0.53358	   0.51834	   0.00000	  -0.00000	   0.00000	  -0.48785
N         	   3.93588	  -0.72417	   0.00000	  24.68196	   6.87558	  -3.21673	   0.00000	  -3.21673	  -2.98806	  -0.00000	   0.00000	  -0.00000	  -3.87228
N         	   3.89528	   3.60937	   0.00000	   0.10672	   0.09147	   0.27441	   0.00000	   0.27441	   0.27441	  -0.00000	   0.00000	  -0.00000	  -0.35064
N         	   6.48563	  -5.05008	   0.00000	   0.04574	   0.06098	  -0.06098	   0.00000	  -0.06098	   0.03049	  -0.00000	   0.00000	  -0.00000	  -0.09147
N         	   6.49963	  -0.72761	   0.00000	   1.40256	   0.57932	  -0.13721	  -0.00000	  -0.13721	  -0.25917	   0.00000	  -0.00000	   0.00000	  -0.32015
N         	   6.48360	   3.59999	   0.00000	  -0.01525	   0.09147	   0.06098	   0.00000	   0.06098	   0.01525	   0.00000	   0.00000	   0.00000	  -0.10672
N         	   9.06987	  -5.05251	   0.00000	   0.00000	   0.06098	  -0.01525	   0.00000	  -0.01525	  -0.01525	  -0.00000	   0.00000	  -0.00000	  -0.04574
N         	   9.07467	  -0.72928	   0.00000	   0.07623	   0.12196	  -0.01525	   0.00000	  -0.01525	  -0.06098	  -0.00000	   0.00000	  -0.00000	  -0.06098
N         	   9.06883	   3.59488	   0.00000	   0.00000	   0.07623	   0.01525	  -0.00000	   0.01525	  -0.01525	  -0.00000	  -0.00000	  -0.00000	  -0.04574
N         	   1.44342	  -0.75976	   0.00000	 276.59341	  83.45215	-105.96929	   0.00000	-105.96929	 -12.39434	   0.00000	   0.00000	   0.00000	 -71.05781
N         	  -1.44342	  -0.75976	   0.00000	 276.59341	  83.45215	 105.96929	   0.00000	 105.96929	 -12.39434	   0.00000	   0.00000	   0.00000	 -71.05781
N         	   0.00000	   1.51952	   0.00000	 284.18552	 -73.75621	   0.00000	  -0.00000	   0.00000	 139.53919	   0.00000	  -0.00000	   0.00000	 -65.78298
