--------------------------------------------------------------------------------------------------------------------------------------------------------------------------
  AtomName	    r_1i_X	    r_1i_Y	    r_1i_Z	     EFGxx	     EFGxy	     EFGxz	     EFGyx	     EFGyy	     EFGyz	     EFGzx	     EFGzy	     EFGzz	[Hatree/Bohr_radius^2]
--------------------------------------------------------------------------------------------------------------------------------------------------------------------------
10B  eQ___:	  8.459000	[Q/milibarn]*(10^-1)
11B  eQ___:	  4.059000	[Q/milibarn]*(10^-1)
14N  eQ___:	  2.044000	[Q/milibarn]*(10^-1)
15N  eQ___:	  0.000000	[Q/milibarn]*(10^-1)
10B  etc____:	---       	---       	---       	  -0.18528	   0.00000	  -0.00000	   0.00000	  -0.19591	  -0.00000	  -0.00000	  -0.00000	   0.38118
11B  etc____:	---       	---       	---       	  -0.18528	   0.00000	  -0.00000	   0.00000	  -0.19591	  -0.00000	  -0.00000	  -0.00000	   0.38118
14N  etc____:	---       	---       	---       	   0.07162	   0.00000	  -0.00000	   0.00000	  -0.05146	   0.00000	  -0.00000	   0.00000	  -0.02017
15N  etc____:	---       	---       	---       	   0.07162	   0.00000	  -0.00000	   0.00000	  -0.05146	   0.00000	  -0.00000	   0.00000	  -0.02017
MinDif[A]:	 -11.65275	  -6.48417	   0.00000
MaxDif[A]:	  10.36253	   6.47267	   0.00000
--------------------------------------------------------------------------------------------------------------------------------------------------------------------------
B         	 -10.36042	  -4.34310	   0.00000	  -0.18432	   0.00277	  -0.00000	   0.00277	  -0.19653	  -0.00000	  -0.00000	  -0.00000	   0.38085
B         	 -10.36190	  -0.01944	   0.00000	  -0.18531	   0.00369	   0.00000	   0.00369	  -0.19610	   0.00000	   0.00000	   0.00000	   0.38142
B         	 -10.35912	   4.30267	   0.00000	  -0.18568	   0.00364	  -0.00000	   0.00364	  -0.19526	  -0.00000	  -0.00000	  -0.00000	   0.38094
B         	  -7.77389	  -4.34087	   0.00000	  -0.18303	   0.00871	  -0.00000	   0.00871	  -0.19726	  -0.00000	  -0.00000	  -0.00000	   0.38029
B         	  -7.78009	  -0.01716	   0.00000	  -0.18537	   0.01171	   0.00000	   0.01171	  -0.19596	  -0.00000	   0.00000	  -0.00000	   0.38134
B         	  -7.77077	   4.30497	   0.00000	  -0.18630	   0.01056	   0.00000	   0.01056	  -0.19432	  -0.00000	   0.00000	  -0.00000	   0.38062
B         	  -5.18696	  -4.33690	   0.00000	  -0.17866	   0.01238	  -0.00000	   0.01238	  -0.20026	   0.00000	  -0.00000	   0.00000	   0.37892
B         	  -5.20361	  -0.01200	   0.00000	  -0.18621	   0.02343	   0.00000	   0.02343	  -0.19428	  -0.00000	   0.00000	  -0.00000	   0.38049
B         	  -5.18068	   4.31058	   0.00000	  -0.18764	   0.01740	  -0.00000	   0.01740	  -0.19211	  -0.00000	  -0.00000	  -0.00000	   0.37974
B         	  -2.59565	  -4.32809	   0.00000	  -0.16821	   0.01183	   0.00000	   0.01183	  -0.20905	  -0.00000	   0.00000	  -0.00000	   0.37727
B         	  -2.62520	  -0.00087	   0.00000	  -0.16439	   0.05329	  -0.00000	   0.05329	  -0.20148	   0.00000	  -0.00000	   0.00000	   0.36587
B         	  -2.58597	   4.31263	   0.00000	  -0.19237	   0.01950	   0.00000	   0.01950	  -0.18510	  -0.00000	   0.00000	  -0.00000	   0.37747
B         	   0.00000	  -4.31020	   0.00000	  -0.16026	   0.00000	  -0.00000	   0.00000	  -0.21466	  -0.00000	  -0.00000	  -0.00000	   0.37492
B         	   0.00000	   4.31079	   0.00000	  -0.19669	   0.00000	  -0.00000	   0.00000	  -0.17826	  -0.00000	  -0.00000	  -0.00000	   0.37495
B         	   2.59565	  -4.32809	   0.00000	  -0.16821	  -0.01183	  -0.00000	  -0.01183	  -0.20905	  -0.00000	  -0.00000	  -0.00000	   0.37727
B         	   2.62520	  -0.00087	   0.00000	  -0.16439	  -0.05329	   0.00000	  -0.05329	  -0.20148	   0.00000	   0.00000	   0.00000	   0.36587
B         	   2.58597	   4.31263	   0.00000	  -0.19237	  -0.01950	  -0.00000	  -0.01950	  -0.18510	  -0.00000	  -0.00000	  -0.00000	   0.37747
B         	   5.18696	  -4.33690	   0.00000	  -0.17866	  -0.01238	   0.00000	  -0.01238	  -0.20026	   0.00000	   0.00000	   0.00000	   0.37892
B         	   5.20361	  -0.01200	   0.00000	  -0.18621	  -0.02343	  -0.00000	  -0.02343	  -0.19428	  -0.00000	  -0.00000	  -0.00000	   0.38049
B         	   5.18068	   4.31058	   0.00000	  -0.18764	  -0.01740	   0.00000	  -0.01740	  -0.19211	   0.00000	   0.00000	   0.00000	   0.37974
B         	   7.77389	  -4.34087	   0.00000	  -0.18303	  -0.00871	   0.00000	  -0.00871	  -0.19726	  -0.00000	   0.00000	  -0.00000	   0.38029
B         	   7.78009	  -0.01716	   0.00000	  -0.18537	  -0.01171	  -0.00000	  -0.01171	  -0.19596	  -0.00000	  -0.00000	  -0.00000	   0.38134
B         	   7.77077	   4.30497	   0.00000	  -0.18630	  -0.01056	  -0.00000	  -0.01056	  -0.19432	  -0.00000	  -0.00000	  -0.00000	   0.38062
B         	  10.36042	  -4.34310	   0.00000	  -0.18432	  -0.00277	   0.00000	  -0.00277	  -0.19653	  -0.00000	   0.00000	  -0.00000	   0.38085
B         	  10.36190	  -0.01944	   0.00000	  -0.18531	  -0.00369	  -0.00000	  -0.00369	  -0.19610	   0.00000	  -0.00000	   0.00000	   0.38142
B         	  10.35912	   4.30267	   0.00000	  -0.18568	  -0.00364	   0.00000	  -0.00364	  -0.19526	  -0.00000	   0.00000	  -0.00000	   0.38094
B         	 -11.65275	  -2.18194	   0.00000	  -0.18493	  -0.00000	  -0.00000	  -0.00000	  -0.19591	   0.00000	  -0.00000	   0.00000	   0.38083
B         	 -11.65275	   2.14136	   0.00000	  -0.18485	   0.00000	  -0.00000	   0.00000	  -0.19624	  -0.00000	  -0.00000	  -0.00000	   0.38109
B         	 -11.65275	   6.46256	   0.00000	  -0.18528	   0.00000	  -0.00000	   0.00000	  -0.19591	  -0.00000	  -0.00000	  -0.00000	   0.38118
B         	  -9.06927	  -2.17980	   0.00000	  -0.18461	   0.00602	  -0.00000	   0.00602	  -0.19606	  -0.00000	  -0.00000	  -0.00000	   0.38068
B         	  -9.06685	   2.14364	   0.00000	  -0.18415	   0.00685	  -0.00000	   0.00685	  -0.19662	  -0.00000	  -0.00000	  -0.00000	   0.38077
B         	  -9.06543	   6.46439	   0.00000	  -0.18616	   0.00812	   0.00000	   0.00812	  -0.19488	  -0.00000	   0.00000	  -0.00000	   0.38104
B         	  -6.48505	  -2.17858	   0.00000	  -0.18409	   0.01090	   0.00000	   0.01090	  -0.19615	  -0.00000	   0.00000	  -0.00000	   0.38025
B         	  -6.47990	   2.14725	   0.00000	  -0.18243	   0.01421	   0.00000	   0.01421	  -0.19707	   0.00000	   0.00000	   0.00000	   0.37950
B         	  -6.47717	   6.46741	   0.00000	  -0.18716	   0.01814	  -0.00000	   0.01814	  -0.19302	   0.00000	  -0.00000	   0.00000	   0.38017
B         	  -3.89945	  -2.17161	   0.00000	  -0.18206	   0.01285	   0.00000	   0.01285	  -0.19750	   0.00000	   0.00000	   0.00000	   0.37955
B         	  -3.88956	   2.15299	   0.00000	  -0.17299	   0.02146	  -0.00000	   0.02146	  -0.20110	  -0.00000	  -0.00000	  -0.00000	   0.37409
B         	  -3.88580	   6.47267	   0.00000	  -0.19235	   0.03109	  -0.00000	   0.03109	  -0.18485	  -0.00000	  -0.00000	  -0.00000	   0.37719
B         	  -1.29617	  -2.14741	   0.00000	  -0.17996	   0.00704	  -0.00000	   0.00704	  -0.19810	   0.00000	  -0.00000	   0.00000	   0.37805
B         	  -1.28636	   2.12636	   0.00000	  -0.13512	   0.04350	  -0.00000	   0.04350	  -0.22069	   0.00000	  -0.00000	   0.00000	   0.35581
B         	  -1.29292	  -6.48417	   0.00000	  -0.22265	   0.03157	  -0.00000	   0.03157	  -0.13487	   0.00000	  -0.00000	   0.00000	   0.35754
B         	   1.29617	  -2.14741	   0.00000	  -0.17996	  -0.00704	   0.00000	  -0.00704	  -0.19810	   0.00000	   0.00000	   0.00000	   0.37805
B         	   1.28636	   2.12636	   0.00000	  -0.13512	  -0.04350	   0.00000	  -0.04350	  -0.22069	   0.00000	   0.00000	   0.00000	   0.35581
B         	   1.29292	  -6.48417	   0.00000	  -0.22265	  -0.03157	   0.00000	  -0.03157	  -0.13487	   0.00000	   0.00000	   0.00000	   0.35754
B         	   3.89945	  -2.17161	   0.00000	  -0.18206	  -0.01285	  -0.00000	  -0.01285	  -0.19750	   0.00000	  -0.00000	   0.00000	   0.37955
B         	   3.88956	   2.15299	   0.00000	  -0.17299	  -0.02146	   0.00000	  -0.02146	  -0.20110	  -0.00000	   0.00000	  -0.00000	   0.37409
B         	   3.88580	   6.47267	   0.00000	  -0.19235	  -0.03109	   0.00000	  -0.03109	  -0.18485	  -0.00000	   0.00000	  -0.00000	   0.37719
B         	   6.48505	  -2.17858	   0.00000	  -0.18409	  -0.01090	   0.00000	  -0.01090	  -0.19615	  -0.00000	   0.00000	  -0.00000	   0.38025
B         	   6.47990	   2.14725	   0.00000	  -0.18243	  -0.01421	  -0.00000	  -0.01421	  -0.19707	   0.00000	  -0.00000	   0.00000	   0.37950
B         	   6.47717	   6.46741	   0.00000	  -0.18716	  -0.01814	   0.00000	  -0.01814	  -0.19302	   0.00000	   0.00000	   0.00000	   0.38017
B         	   9.06927	  -2.17980	   0.00000	  -0.18461	  -0.00602	   0.00000	  -0.00602	  -0.19606	  -0.00000	   0.00000	  -0.00000	   0.38068
B         	   9.06685	   2.14364	   0.00000	  -0.18415	  -0.00685	   0.00000	  -0.00685	  -0.19662	  -0.00000	   0.00000	  -0.00000	   0.38077
B         	   9.06543	   6.46439	   0.00000	  -0.18616	  -0.00812	  -0.00000	  -0.00812	  -0.19488	  -0.00000	  -0.00000	  -0.00000	   0.38104
N         	 -10.36253	  -2.89223	   0.00000	   0.06990	  -0.00194	  -0.00000	  -0.00194	  -0.05068	  -0.00000	  -0.00000	  -0.00000	  -0.01921
N         	 -10.36191	   1.43200	   0.00000	   0.07253	  -0.00040	  -0.00000	  -0.00040	  -0.05041	   0.00000	  -0.00000	   0.00000	  -0.02212
N         	 -10.36071	   5.75372	   0.00000	   0.07461	  -0.00148	   0.00000	  -0.00148	  -0.05286	   0.00000	   0.00000	   0.00000	  -0.02175
N         	  -7.78200	  -2.89087	   0.00000	   0.06876	  -0.00810	  -0.00000	  -0.00810	  -0.05158	  -0.00000	  -0.00000	  -0.00000	  -0.01719
N         	  -7.78061	   1.43496	   0.00000	   0.07234	   0.00058	   0.00000	   0.00058	  -0.04944	  -0.00000	   0.00000	  -0.00000	  -0.02292
N         	  -7.77588	   5.75641	   0.00000	   0.07705	  -0.00347	   0.00000	  -0.00347	  -0.05505	  -0.00000	   0.00000	  -0.00000	  -0.02200
N         	  -5.20050	  -2.88942	   0.00000	   0.06774	  -0.01570	   0.00000	  -0.01570	  -0.05372	   0.00000	   0.00000	   0.00000	  -0.01403
N         	  -5.19966	   1.44174	   0.00000	   0.07401	   0.00436	  -0.00000	   0.00436	  -0.04682	  -0.00000	  -0.00000	  -0.00000	  -0.02719
N         	  -5.18782	   5.76246	   0.00000	   0.08289	  -0.00331	   0.00000	  -0.00331	  -0.06027	   0.00000	   0.00000	   0.00000	  -0.02262
N         	  -2.61475	  -2.88792	   0.00000	   0.08991	   0.00370	   0.00000	   0.00370	  -0.04974	   0.00000	   0.00000	   0.00000	  -0.04018
N         	  -2.61838	   1.45301	   0.00000	   0.08472	   0.01801	   0.00000	   0.01801	  -0.04284	   0.00000	   0.00000	   0.00000	  -0.04189
N         	  -2.59331	   5.76937	   0.00000	   0.08560	  -0.00388	   0.00000	  -0.00388	  -0.05809	  -0.00000	   0.00000	  -0.00000	  -0.02751
N         	   0.00000	  -2.86984	   0.00000	   0.11045	  -0.00000	  -0.00000	  -0.00000	  -0.04997	   0.00000	  -0.00000	   0.00000	  -0.06048
N         	   0.00000	   5.77125	   0.00000	   0.08313	   0.00000	  -0.00000	   0.00000	  -0.05607	   0.00000	  -0.00000	   0.00000	  -0.02705
N         	   2.61475	  -2.88792	   0.00000	   0.08991	  -0.00370	  -0.00000	  -0.00370	  -0.04974	   0.00000	  -0.00000	   0.00000	  -0.04018
N         	   2.61838	   1.45301	   0.00000	   0.08472	  -0.01801	  -0.00000	  -0.01801	  -0.04284	   0.00000	  -0.00000	   0.00000	  -0.04189
N         	   2.59331	   5.76937	   0.00000	   0.08560	   0.00388	  -0.00000	   0.00388	  -0.05809	  -0.00000	  -0.00000	  -0.00000	  -0.02751
N         	   5.20050	  -2.88942	   0.00000	   0.06774	   0.01570	  -0.00000	   0.01570	  -0.05372	   0.00000	  -0.00000	   0.00000	  -0.01403
N         	   5.19966	   1.44174	   0.00000	   0.07401	  -0.00436	   0.00000	  -0.00436	  -0.04682	  -0.00000	   0.00000	  -0.00000	  -0.02719
N         	   5.18782	   5.76246	   0.00000	   0.08289	   0.00331	  -0.00000	   0.00331	  -0.06027	   0.00000	  -0.00000	   0.00000	  -0.02262
N         	   7.78200	  -2.89087	   0.00000	   0.06876	   0.00810	   0.00000	   0.00810	  -0.05158	  -0.00000	   0.00000	  -0.00000	  -0.01719
N         	   7.78061	   1.43496	   0.00000	   0.07234	  -0.00058	  -0.00000	  -0.00058	  -0.04944	  -0.00000	  -0.00000	  -0.00000	  -0.02292
N         	   7.77588	   5.75641	   0.00000	   0.07705	   0.00347	  -0.00000	   0.00347	  -0.05505	  -0.00000	  -0.00000	  -0.00000	  -0.02200
N         	  10.36253	  -2.89223	   0.00000	   0.06990	   0.00194	   0.00000	   0.00194	  -0.05068	  -0.00000	   0.00000	  -0.00000	  -0.01921
N         	  10.36191	   1.43200	   0.00000	   0.07253	   0.00040	   0.00000	   0.00040	  -0.05041	   0.00000	   0.00000	   0.00000	  -0.02212
N         	  10.36071	   5.75372	   0.00000	   0.07461	   0.00148	  -0.00000	   0.00148	  -0.05286	   0.00000	  -0.00000	   0.00000	  -0.02175
N         	 -11.65275	  -5.05389	   0.00000	   0.07162	   0.00000	  -0.00000	   0.00000	  -0.05146	   0.00000	  -0.00000	   0.00000	  -0.02017
N         	 -11.65275	  -0.73084	   0.00000	   0.06767	   0.00000	  -0.00000	   0.00000	  -0.04854	   0.00000	  -0.00000	   0.00000	  -0.01913
N         	 -11.65275	   3.59272	   0.00000	   0.07496	  -0.00000	  -0.00000	  -0.00000	  -0.05278	  -0.00000	  -0.00000	  -0.00000	  -0.02217
N         	  -9.06987	  -5.05251	   0.00000	   0.07300	  -0.00417	  -0.00000	  -0.00417	  -0.05294	  -0.00000	  -0.00000	  -0.00000	  -0.02008
N         	  -9.07467	  -0.72928	   0.00000	   0.06556	  -0.00342	  -0.00000	  -0.00342	  -0.04753	   0.00000	  -0.00000	   0.00000	  -0.01803
N         	  -9.06883	   3.59488	   0.00000	   0.07587	  -0.00099	   0.00000	  -0.00099	  -0.05299	  -0.00000	   0.00000	  -0.00000	  -0.02289
N         	  -6.48563	  -5.05008	   0.00000	   0.07473	  -0.00797	  -0.00000	  -0.00797	  -0.05585	  -0.00000	  -0.00000	  -0.00000	  -0.01888
N         	  -6.49963	  -0.72761	   0.00000	   0.05689	  -0.00893	   0.00000	  -0.00893	  -0.04344	   0.00000	   0.00000	   0.00000	  -0.01345
N         	  -6.48360	   3.59999	   0.00000	   0.07972	   0.00016	  -0.00000	   0.00016	  -0.05494	   0.00000	  -0.00000	   0.00000	  -0.02479
N         	  -3.89667	  -5.04548	   0.00000	   0.07915	  -0.00925	   0.00000	  -0.00925	  -0.05689	   0.00000	   0.00000	   0.00000	  -0.02227
N         	  -3.93588	  -0.72417	   0.00000	   0.05678	  -0.00401	   0.00000	  -0.00401	  -0.04026	  -0.00000	   0.00000	  -0.00000	  -0.01652
N         	  -3.89528	   3.60937	   0.00000	   0.08773	   0.00179	  -0.00000	   0.00179	  -0.06088	  -0.00000	  -0.00000	  -0.00000	  -0.02685
N         	  -1.29804	  -5.03476	   0.00000	   0.08563	  -0.00005	  -0.00000	  -0.00005	  -0.05192	  -0.00000	  -0.00000	  -0.00000	  -0.03372
N         	  -1.30011	   3.61049	   0.00000	   0.08081	  -0.01018	   0.00000	  -0.01018	  -0.04074	  -0.00000	   0.00000	  -0.00000	  -0.04007
N         	   1.29804	  -5.03476	   0.00000	   0.08563	   0.00005	   0.00000	   0.00005	  -0.05192	  -0.00000	   0.00000	  -0.00000	  -0.03372
N         	   1.30011	   3.61049	   0.00000	   0.08081	   0.01018	  -0.00000	   0.01018	  -0.04074	  -0.00000	  -0.00000	  -0.00000	  -0.04007
N         	   3.89667	  -5.04548	   0.00000	   0.07915	   0.00925	  -0.00000	   0.00925	  -0.05689	  -0.00000	  -0.00000	  -0.00000	  -0.02227
N         	   3.93588	  -0.72417	   0.00000	   0.05678	   0.00401	  -0.00000	   0.00401	  -0.04026	  -0.00000	  -0.00000	  -0.00000	  -0.01652
N         	   3.89528	   3.60937	   0.00000	   0.08773	  -0.00179	   0.00000	  -0.00179	  -0.06088	  -0.00000	   0.00000	  -0.00000	  -0.02685
N         	   6.48563	  -5.05008	   0.00000	   0.07473	   0.00797	   0.00000	   0.00797	  -0.05585	  -0.00000	   0.00000	  -0.00000	  -0.01888
N         	   6.49963	  -0.72761	   0.00000	   0.05689	   0.00893	  -0.00000	   0.00893	  -0.04344	   0.00000	  -0.00000	   0.00000	  -0.01345
N         	   6.48360	   3.59999	   0.00000	   0.07972	  -0.00016	  -0.00000	  -0.00016	  -0.05494	   0.00000	  -0.00000	   0.00000	  -0.02479
N         	   9.06987	  -5.05251	   0.00000	   0.07300	   0.00417	   0.00000	   0.00417	  -0.05294	  -0.00000	   0.00000	  -0.00000	  -0.02008
N         	   9.07467	  -0.72928	   0.00000	   0.06556	   0.00342	   0.00000	   0.00342	  -0.04753	  -0.00000	   0.00000	  -0.00000	  -0.01803
N         	   9.06883	   3.59488	   0.00000	   0.07587	   0.00099	  -0.00000	   0.00099	  -0.05299	  -0.00000	  -0.00000	  -0.00000	  -0.02289
N         	   1.44342	  -0.75976	   0.00000	   0.29071	  -0.33061	   0.00000	  -0.33061	  -0.06317	  -0.00000	   0.00000	  -0.00000	  -0.22754
N         	  -1.44342	  -0.75976	   0.00000	   0.29071	   0.33061	  -0.00000	   0.33061	  -0.06317	  -0.00000	  -0.00000	  -0.00000	  -0.22754
N         	   0.00000	   1.51952	   0.00000	  -0.12761	   0.00000	  -0.00000	   0.00000	   0.32451	   0.00000	  -0.00000	   0.00000	  -0.19689
