--------------------------------------------------------------------------------------------------------------------------------------------------------------------------
  AtomName	    r_1i_X	    r_1i_Y	    r_1i_Z	     EFGxx	     EFGxy	     EFGxz	     EFGyx	     EFGyy	     EFGyz	     EFGzx	     EFGzy	     EFGzz	[Hatree/Bohr_radius^2]
--------------------------------------------------------------------------------------------------------------------------------------------------------------------------
10B  eQ___:	  8.459000	[Q/milibarn]*(10^-1)
11B  eQ___:	  4.059000	[Q/milibarn]*(10^-1)
14N  eQ___:	  2.044000	[Q/milibarn]*(10^-1)
15N  eQ___:	  0.000000	[Q/milibarn]*(10^-1)
10B  etc____:	---       	---       	---       	  -0.16707	  -0.00000	   0.00000	  -0.00000	  -0.17805	  -0.00000	   0.00000	  -0.00000	   0.34512
11B  etc____:	---       	---       	---       	  -0.16707	  -0.00000	   0.00000	  -0.00000	  -0.17805	  -0.00000	   0.00000	  -0.00000	   0.34512
14N  etc____:	---       	---       	---       	   0.06812	   0.00000	  -0.00000	   0.00000	  -0.05406	  -0.00000	  -0.00000	  -0.00000	  -0.01406
15N  etc____:	---       	---       	---       	   0.06812	   0.00000	  -0.00000	   0.00000	  -0.05406	  -0.00000	  -0.00000	  -0.00000	  -0.01406
MinDif[A]:	 -11.65275	  -6.48417	   0.00000
MaxDif[A]:	  10.36253	   6.47267	   0.00000
--------------------------------------------------------------------------------------------------------------------------------------------------------------------------
B         	 -10.36042	  -4.34310	   0.00000	  -0.16635	   0.00255	   0.00000	   0.00255	  -0.17872	   0.00000	   0.00000	   0.00000	   0.34507
B         	 -10.36190	  -0.01944	   0.00000	  -0.16739	   0.00328	   0.00000	   0.00328	  -0.17838	  -0.00000	   0.00000	  -0.00000	   0.34577
B         	 -10.35912	   4.30267	   0.00000	  -0.16723	   0.00330	   0.00000	   0.00330	  -0.17799	   0.00000	   0.00000	   0.00000	   0.34522
B         	  -7.77389	  -4.34087	   0.00000	  -0.16477	   0.00854	   0.00000	   0.00854	  -0.17960	  -0.00000	   0.00000	  -0.00000	   0.34436
B         	  -7.78009	  -0.01716	   0.00000	  -0.16766	   0.01153	   0.00000	   0.01153	  -0.17803	  -0.00000	   0.00000	  -0.00000	   0.34569
B         	  -7.77077	   4.30497	   0.00000	  -0.16794	   0.01040	   0.00000	   0.01040	  -0.17687	  -0.00000	   0.00000	  -0.00000	   0.34482
B         	  -5.18696	  -4.33690	   0.00000	  -0.16004	   0.01162	  -0.00000	   0.01162	  -0.18264	  -0.00000	  -0.00000	  -0.00000	   0.34269
B         	  -5.20361	  -0.01200	   0.00000	  -0.16766	   0.02225	  -0.00000	   0.02225	  -0.17713	  -0.00000	  -0.00000	  -0.00000	   0.34478
B         	  -5.18068	   4.31058	   0.00000	  -0.16897	   0.01624	  -0.00000	   0.01624	  -0.17472	  -0.00000	  -0.00000	  -0.00000	   0.34367
B         	  -2.59565	  -4.32809	   0.00000	  -0.15047	   0.01216	  -0.00000	   0.01216	  -0.19038	  -0.00000	  -0.00000	  -0.00000	   0.34085
B         	  -2.62520	  -0.00087	   0.00000	  -0.14543	   0.05742	   0.00000	   0.05742	  -0.18483	  -0.00000	   0.00000	  -0.00000	   0.33026
B         	  -2.58597	   4.31263	   0.00000	  -0.17269	   0.01704	   0.00000	   0.01704	  -0.16835	  -0.00000	   0.00000	  -0.00000	   0.34104
B         	   0.00000	  -4.31020	   0.00000	  -0.14101	  -0.00000	  -0.00000	  -0.00000	  -0.19675	  -0.00000	  -0.00000	  -0.00000	   0.33777
B         	   0.00000	   4.31079	   0.00000	  -0.17547	  -0.00000	   0.00000	  -0.00000	  -0.16237	   0.00000	   0.00000	   0.00000	   0.33784
B         	   2.59565	  -4.32809	   0.00000	  -0.15047	  -0.01216	   0.00000	  -0.01216	  -0.19038	  -0.00000	   0.00000	  -0.00000	   0.34085
B         	   2.62520	  -0.00087	   0.00000	  -0.14543	  -0.05742	   0.00000	  -0.05742	  -0.18483	  -0.00000	   0.00000	  -0.00000	   0.33026
B         	   2.58597	   4.31263	   0.00000	  -0.17269	  -0.01704	  -0.00000	  -0.01704	  -0.16835	  -0.00000	  -0.00000	  -0.00000	   0.34104
B         	   5.18696	  -4.33690	   0.00000	  -0.16004	  -0.01162	   0.00000	  -0.01162	  -0.18264	  -0.00000	   0.00000	  -0.00000	   0.34269
B         	   5.20361	  -0.01200	   0.00000	  -0.16766	  -0.02225	   0.00000	  -0.02225	  -0.17713	  -0.00000	   0.00000	  -0.00000	   0.34478
B         	   5.18068	   4.31058	   0.00000	  -0.16897	  -0.01624	  -0.00000	  -0.01624	  -0.17472	  -0.00000	  -0.00000	  -0.00000	   0.34367
B         	   7.77389	  -4.34087	   0.00000	  -0.16477	  -0.00854	   0.00000	  -0.00854	  -0.17960	  -0.00000	   0.00000	  -0.00000	   0.34436
B         	   7.78009	  -0.01716	   0.00000	  -0.16766	  -0.01153	   0.00000	  -0.01153	  -0.17803	  -0.00000	   0.00000	  -0.00000	   0.34569
B         	   7.77077	   4.30497	   0.00000	  -0.16794	  -0.01040	   0.00000	  -0.01040	  -0.17687	   0.00000	   0.00000	   0.00000	   0.34482
B         	  10.36042	  -4.34310	   0.00000	  -0.16635	  -0.00255	   0.00000	  -0.00255	  -0.17872	  -0.00000	   0.00000	  -0.00000	   0.34507
B         	  10.36190	  -0.01944	   0.00000	  -0.16739	  -0.00328	  -0.00000	  -0.00328	  -0.17838	  -0.00000	  -0.00000	  -0.00000	   0.34577
B         	  10.35912	   4.30267	   0.00000	  -0.16723	  -0.00330	   0.00000	  -0.00330	  -0.17799	   0.00000	   0.00000	   0.00000	   0.34522
B         	 -11.65275	  -2.18194	   0.00000	  -0.16704	  -0.00000	   0.00000	  -0.00000	  -0.17839	  -0.00000	   0.00000	  -0.00000	   0.34542
B         	 -11.65275	   2.14136	   0.00000	  -0.16768	  -0.00000	   0.00000	  -0.00000	  -0.17785	  -0.00000	   0.00000	  -0.00000	   0.34552
B         	 -11.65275	   6.46256	   0.00000	  -0.16707	  -0.00000	   0.00000	  -0.00000	  -0.17805	  -0.00000	   0.00000	  -0.00000	   0.34512
B         	  -9.06927	  -2.17980	   0.00000	  -0.16566	   0.00630	   0.00000	   0.00630	  -0.17939	  -0.00000	   0.00000	  -0.00000	   0.34505
B         	  -9.06685	   2.14364	   0.00000	  -0.16728	   0.00777	   0.00000	   0.00777	  -0.17801	   0.00000	   0.00000	   0.00000	   0.34529
B         	  -9.06543	   6.46439	   0.00000	  -0.16619	   0.00600	  -0.00000	   0.00600	  -0.17865	  -0.00000	  -0.00000	  -0.00000	   0.34484
B         	  -6.48505	  -2.17858	   0.00000	  -0.16474	   0.01325	  -0.00000	   0.01325	  -0.17879	   0.00000	  -0.00000	   0.00000	   0.34353
B         	  -6.47990	   2.14725	   0.00000	  -0.16914	   0.01706	  -0.00000	   0.01706	  -0.17519	   0.00000	  -0.00000	   0.00000	   0.34433
B         	  -6.47717	   6.46741	   0.00000	  -0.16564	   0.01053	  -0.00000	   0.01053	  -0.17872	   0.00000	  -0.00000	   0.00000	   0.34436
B         	  -3.89945	  -2.17161	   0.00000	  -0.15438	   0.02053	  -0.00000	   0.02053	  -0.18281	  -0.00000	  -0.00000	  -0.00000	   0.33719
B         	  -3.88956	   2.15299	   0.00000	  -0.17351	   0.02932	  -0.00000	   0.02932	  -0.16703	   0.00000	  -0.00000	   0.00000	   0.34054
B         	  -3.88580	   6.47267	   0.00000	  -0.16398	   0.01172	   0.00000	   0.01172	  -0.17959	   0.00000	   0.00000	   0.00000	   0.34356
B         	  -1.29617	  -2.14741	   0.00000	  -0.11310	   0.04842	  -0.00000	   0.04842	  -0.20622	   0.00000	  -0.00000	   0.00000	   0.31933
B         	  -1.28636	   2.12636	   0.00000	  -0.20576	   0.02604	   0.00000	   0.02604	  -0.11534	  -0.00000	   0.00000	  -0.00000	   0.32110
B         	  -1.29292	  -6.48417	   0.00000	  -0.15999	   0.00677	  -0.00000	   0.00677	  -0.18156	  -0.00000	  -0.00000	  -0.00000	   0.34155
B         	   1.29617	  -2.14741	   0.00000	  -0.11310	  -0.04842	   0.00000	  -0.04842	  -0.20622	   0.00000	   0.00000	   0.00000	   0.31933
B         	   1.28636	   2.12636	   0.00000	  -0.20576	  -0.02604	   0.00000	  -0.02604	  -0.11534	  -0.00000	   0.00000	  -0.00000	   0.32110
B         	   1.29292	  -6.48417	   0.00000	  -0.15999	  -0.00677	   0.00000	  -0.00677	  -0.18156	  -0.00000	   0.00000	  -0.00000	   0.34155
B         	   3.89945	  -2.17161	   0.00000	  -0.15438	  -0.02053	   0.00000	  -0.02053	  -0.18281	  -0.00000	   0.00000	  -0.00000	   0.33719
B         	   3.88956	   2.15299	   0.00000	  -0.17351	  -0.02932	   0.00000	  -0.02932	  -0.16703	   0.00000	   0.00000	   0.00000	   0.34054
B         	   3.88580	   6.47267	   0.00000	  -0.16398	  -0.01172	   0.00000	  -0.01172	  -0.17959	  -0.00000	   0.00000	  -0.00000	   0.34356
B         	   6.48505	  -2.17858	   0.00000	  -0.16474	  -0.01325	   0.00000	  -0.01325	  -0.17879	   0.00000	   0.00000	   0.00000	   0.34353
B         	   6.47990	   2.14725	   0.00000	  -0.16914	  -0.01706	  -0.00000	  -0.01706	  -0.17519	  -0.00000	  -0.00000	  -0.00000	   0.34433
B         	   6.47717	   6.46741	   0.00000	  -0.16564	  -0.01053	  -0.00000	  -0.01053	  -0.17872	  -0.00000	  -0.00000	  -0.00000	   0.34436
B         	   9.06927	  -2.17980	   0.00000	  -0.16566	  -0.00630	  -0.00000	  -0.00630	  -0.17939	   0.00000	  -0.00000	   0.00000	   0.34505
B         	   9.06685	   2.14364	   0.00000	  -0.16728	  -0.00777	   0.00000	  -0.00777	  -0.17801	  -0.00000	   0.00000	  -0.00000	   0.34529
B         	   9.06543	   6.46439	   0.00000	  -0.16619	  -0.00600	   0.00000	  -0.00600	  -0.17865	  -0.00000	   0.00000	  -0.00000	   0.34484
N         	 -10.36253	  -2.89223	   0.00000	   0.06524	  -0.00123	  -0.00000	  -0.00123	  -0.05239	  -0.00000	  -0.00000	  -0.00000	  -0.01284
N         	 -10.36191	   1.43200	   0.00000	   0.06803	   0.00110	  -0.00000	   0.00110	  -0.05166	  -0.00000	  -0.00000	  -0.00000	  -0.01636
N         	 -10.36071	   5.75372	   0.00000	   0.07125	  -0.00027	  -0.00000	  -0.00027	  -0.05553	   0.00000	  -0.00000	   0.00000	  -0.01572
N         	  -7.78200	  -2.89087	   0.00000	   0.06452	  -0.00753	   0.00000	  -0.00753	  -0.05385	   0.00000	   0.00000	   0.00000	  -0.01067
N         	  -7.78061	   1.43496	   0.00000	   0.06810	   0.00169	   0.00000	   0.00169	  -0.05039	  -0.00000	   0.00000	  -0.00000	  -0.01771
N         	  -7.77588	   5.75641	   0.00000	   0.07350	  -0.00196	   0.00000	  -0.00196	  -0.05735	  -0.00000	   0.00000	  -0.00000	  -0.01615
N         	  -5.20050	  -2.88942	   0.00000	   0.06417	  -0.01323	  -0.00000	  -0.01323	  -0.05641	  -0.00000	  -0.00000	  -0.00000	  -0.00776
N         	  -5.19966	   1.44174	   0.00000	   0.07188	   0.00865	  -0.00000	   0.00865	  -0.04864	   0.00000	  -0.00000	   0.00000	  -0.02324
N         	  -5.18782	   5.76246	   0.00000	   0.07892	  -0.00120	   0.00000	  -0.00120	  -0.06206	  -0.00000	   0.00000	  -0.00000	  -0.01687
N         	  -2.61475	  -2.88792	   0.00000	   0.09041	   0.01239	  -0.00000	   0.01239	  -0.05083	  -0.00000	  -0.00000	  -0.00000	  -0.03958
N         	  -2.61838	   1.45301	   0.00000	   0.08408	   0.02729	  -0.00000	   0.02729	  -0.03758	  -0.00000	  -0.00000	  -0.00000	  -0.04649
N         	  -2.59331	   5.76937	   0.00000	   0.08247	  -0.00105	  -0.00000	  -0.00105	  -0.05996	   0.00000	  -0.00000	   0.00000	  -0.02251
N         	   0.00000	  -2.86984	   0.00000	   0.11796	   0.00000	  -0.00000	   0.00000	  -0.05648	  -0.00000	  -0.00000	  -0.00000	  -0.06149
N         	   0.00000	   5.77125	   0.00000	   0.07946	   0.00000	  -0.00000	   0.00000	  -0.05814	   0.00000	  -0.00000	   0.00000	  -0.02131
N         	   2.61475	  -2.88792	   0.00000	   0.09041	  -0.01239	  -0.00000	  -0.01239	  -0.05083	  -0.00000	  -0.00000	  -0.00000	  -0.03958
N         	   2.61838	   1.45301	   0.00000	   0.08408	  -0.02729	   0.00000	  -0.02729	  -0.03758	  -0.00000	   0.00000	  -0.00000	  -0.04649
N         	   2.59331	   5.76937	   0.00000	   0.08247	   0.00105	   0.00000	   0.00105	  -0.05996	  -0.00000	   0.00000	  -0.00000	  -0.02251
N         	   5.20050	  -2.88942	   0.00000	   0.06417	   0.01323	   0.00000	   0.01323	  -0.05641	  -0.00000	   0.00000	  -0.00000	  -0.00776
N         	   5.19966	   1.44174	   0.00000	   0.07188	  -0.00865	   0.00000	  -0.00865	  -0.04864	   0.00000	   0.00000	   0.00000	  -0.02324
N         	   5.18782	   5.76246	   0.00000	   0.07892	   0.00120	   0.00000	   0.00120	  -0.06206	   0.00000	   0.00000	   0.00000	  -0.01687
N         	   7.78200	  -2.89087	   0.00000	   0.06452	   0.00753	  -0.00000	   0.00753	  -0.05385	  -0.00000	  -0.00000	  -0.00000	  -0.01067
N         	   7.78061	   1.43496	   0.00000	   0.06810	  -0.00169	  -0.00000	  -0.00169	  -0.05039	  -0.00000	  -0.00000	  -0.00000	  -0.01771
N         	   7.77588	   5.75641	   0.00000	   0.07350	   0.00196	   0.00000	   0.00196	  -0.05735	  -0.00000	   0.00000	  -0.00000	  -0.01615
N         	  10.36253	  -2.89223	   0.00000	   0.06524	   0.00123	  -0.00000	   0.00123	  -0.05239	   0.00000	  -0.00000	   0.00000	  -0.01284
N         	  10.36191	   1.43200	   0.00000	   0.06803	  -0.00110	  -0.00000	  -0.00110	  -0.05166	   0.00000	  -0.00000	   0.00000	  -0.01636
N         	  10.36071	   5.75372	   0.00000	   0.07125	   0.00027	  -0.00000	   0.00027	  -0.05553	   0.00000	  -0.00000	   0.00000	  -0.01572
N         	 -11.65275	  -5.05389	   0.00000	   0.06812	   0.00000	  -0.00000	   0.00000	  -0.05406	  -0.00000	  -0.00000	  -0.00000	  -0.01406
N         	 -11.65275	  -0.73084	   0.00000	   0.06319	  -0.00000	  -0.00000	  -0.00000	  -0.04997	   0.00000	  -0.00000	   0.00000	  -0.01321
N         	 -11.65275	   3.59272	   0.00000	   0.07102	   0.00000	  -0.00000	   0.00000	  -0.05409	   0.00000	  -0.00000	   0.00000	  -0.01693
N         	  -9.06987	  -5.05251	   0.00000	   0.06928	  -0.00320	   0.00000	  -0.00320	  -0.05559	  -0.00000	   0.00000	  -0.00000	  -0.01369
N         	  -9.07467	  -0.72928	   0.00000	   0.06138	  -0.00236	   0.00000	  -0.00236	  -0.04993	  -0.00000	   0.00000	  -0.00000	  -0.01145
N         	  -9.06883	   3.59488	   0.00000	   0.07220	   0.00024	  -0.00000	   0.00024	  -0.05505	   0.00000	  -0.00000	   0.00000	  -0.01715
N         	  -6.48563	  -5.05008	   0.00000	   0.07060	  -0.00664	   0.00000	  -0.00664	  -0.05803	   0.00000	   0.00000	   0.00000	  -0.01257
N         	  -6.49963	  -0.72761	   0.00000	   0.05291	  -0.00627	   0.00000	  -0.00627	  -0.04516	   0.00000	   0.00000	   0.00000	  -0.00775
N         	  -6.48360	   3.59999	   0.00000	   0.07598	   0.00261	   0.00000	   0.00261	  -0.05614	   0.00000	   0.00000	   0.00000	  -0.01984
N         	  -3.89667	  -5.04548	   0.00000	   0.07613	  -0.00646	  -0.00000	  -0.00646	  -0.05852	  -0.00000	  -0.00000	  -0.00000	  -0.01761
N         	  -3.93588	  -0.72417	   0.00000	   0.05767	   0.00362	   0.00000	   0.00362	  -0.04315	   0.00000	   0.00000	   0.00000	  -0.01452
N         	  -3.89528	   3.60937	   0.00000	   0.08424	   0.00516	  -0.00000	   0.00516	  -0.06051	   0.00000	  -0.00000	   0.00000	  -0.02373
N         	  -1.29804	  -5.03476	   0.00000	   0.08429	   0.00203	   0.00000	   0.00203	  -0.05595	  -0.00000	   0.00000	  -0.00000	  -0.02835
N         	  -1.30011	   3.61049	   0.00000	   0.07261	  -0.00910	  -0.00000	  -0.00910	  -0.03190	   0.00000	  -0.00000	   0.00000	  -0.04071
N         	   1.29804	  -5.03476	   0.00000	   0.08429	  -0.00203	   0.00000	  -0.00203	  -0.05595	  -0.00000	   0.00000	  -0.00000	  -0.02835
N         	   1.30011	   3.61049	   0.00000	   0.07261	   0.00910	  -0.00000	   0.00910	  -0.03190	   0.00000	  -0.00000	   0.00000	  -0.04071
N         	   3.89667	  -5.04548	   0.00000	   0.07613	   0.00646	   0.00000	   0.00646	  -0.05852	  -0.00000	   0.00000	  -0.00000	  -0.01761
N         	   3.93588	  -0.72417	   0.00000	   0.05767	  -0.00362	   0.00000	  -0.00362	  -0.04315	   0.00000	   0.00000	   0.00000	  -0.01452
N         	   3.89528	   3.60937	   0.00000	   0.08424	  -0.00516	   0.00000	  -0.00516	  -0.06051	  -0.00000	   0.00000	  -0.00000	  -0.02373
N         	   6.48563	  -5.05008	   0.00000	   0.07060	   0.00664	   0.00000	   0.00664	  -0.05803	  -0.00000	   0.00000	  -0.00000	  -0.01257
N         	   6.49963	  -0.72761	   0.00000	   0.05291	   0.00627	  -0.00000	   0.00627	  -0.04516	   0.00000	  -0.00000	   0.00000	  -0.00775
N         	   6.48360	   3.59999	   0.00000	   0.07598	  -0.00261	  -0.00000	  -0.00261	  -0.05614	  -0.00000	  -0.00000	  -0.00000	  -0.01984
N         	   9.06987	  -5.05251	   0.00000	   0.06928	   0.00320	  -0.00000	   0.00320	  -0.05559	   0.00000	  -0.00000	   0.00000	  -0.01369
N         	   9.07467	  -0.72928	   0.00000	   0.06138	   0.00236	   0.00000	   0.00236	  -0.04993	   0.00000	   0.00000	   0.00000	  -0.01145
N         	   9.06883	   3.59488	   0.00000	   0.07220	  -0.00024	  -0.00000	  -0.00024	  -0.05505	   0.00000	  -0.00000	   0.00000	  -0.01715
N         	   1.44342	  -0.75976	   0.00000	   0.22466	  -0.27060	  -0.00000	  -0.27060	  -0.06838	   0.00000	  -0.00000	   0.00000	  -0.15628
N         	  -1.44342	  -0.75976	   0.00000	   0.22466	   0.27060	   0.00000	   0.27060	  -0.06838	  -0.00000	   0.00000	  -0.00000	  -0.15628
N         	   0.00000	   1.51952	   0.00000	  -0.11920	   0.00000	  -0.00000	   0.00000	   0.29775	  -0.00000	  -0.00000	  -0.00000	  -0.17855
