2183.00000	   0.00000	   0.00000	   0.00000
   1.35760	   2.13151	   7.50000	       11B
   1.35760	   6.41333	   7.50000	       10B
   1.35760	  10.69515	   7.50000	       10B
   4.07280	   2.13151	   7.50000	       10B
   4.07280	   6.41333	   7.50000	       11B
   4.07280	  10.69515	   7.50000	       11B
   6.78801	   2.13151	   7.50000	       11B
   6.78801	   6.41333	   7.50000	       11B
   6.78801	  10.69515	   7.50000	       11B
   9.50321	   2.13151	   7.50000	       10B
   9.50321	   6.41333	   7.50000	       11B
   9.50321	  10.69515	   7.50000	       11B
  12.21841	   2.13151	   7.50000	       11B
  12.21841	   6.41333	   7.50000	       11B
  12.21841	  10.69515	   7.50000	       11B
  14.93361	   2.13151	   7.50000	       11B
  14.93361	   6.41333	   7.50000	       11B
  14.93361	  10.69515	   7.50000	       11B
  17.64882	   2.13151	   7.50000	       10B
  17.64882	   6.41333	   7.50000	       11B
  17.64882	  10.69515	   7.50000	       11B
  20.36402	   2.13151	   7.50000	       11B
  20.36402	   6.41333	   7.50000	       11B
  20.36402	  10.69515	   7.50000	       11B
  23.07922	   2.13151	   7.50000	       11B
  23.07922	   6.41333	   7.50000	       10B
  23.07922	  10.69515	   7.50000	       11B
   0.00000	   4.27242	   7.50000	       11B
   0.00000	   8.55424	   7.50000	       10B
   0.00000	  12.83606	   7.50000	       11B
   2.71520	   4.27242	   7.50000	       11B
   2.71520	   8.55424	   7.50000	       11B
   2.71520	  12.83606	   7.50000	       11B
   5.43041	   4.27242	   7.50000	       11B
   5.43041	   8.55424	   7.50000	       10B
   5.43041	  12.83606	   7.50000	       11B
   8.14561	   4.27242	   7.50000	       11B
   8.14561	   8.55424	   7.50000	       11B
   8.14561	  12.83606	   7.50000	       11B
  10.86081	   4.27242	   7.50000	       11B
  10.86081	   8.55424	   7.50000	       11B
  10.86081	  12.83606	   7.50000	       11B
  13.57601	   4.27242	   7.50000	       11B
  13.57601	   8.55424	   7.50000	       11B
  13.57601	  12.83606	   7.50000	       11B
  16.29122	   4.27242	   7.50000	       11B
  16.29122	   8.55424	   7.50000	       11B
  16.29122	  12.83606	   7.50000	       10B
  19.00642	   4.27242	   7.50000	       11B
  19.00642	   8.55424	   7.50000	       11B
  19.00642	  12.83606	   7.50000	       11B
  21.72162	   4.27242	   7.50000	       11B
  21.72162	   8.55424	   7.50000	       10B
  21.72162	  12.83606	   7.50000	       11B
   1.35760	   3.58001	   7.50000	       14N
   1.35760	   7.86183	   7.50000	       14N
   1.35760	  12.14364	   7.50000	       14N
   4.07280	   3.58001	   7.50000	       14N
   4.07280	   7.86183	   7.50000	       14N
   4.07280	  12.14364	   7.50000	       14N
   6.78801	   3.58001	   7.50000	       14N
   6.78801	   7.86183	   7.50000	       14N
   6.78801	  12.14364	   7.50000	       14N
   9.50321	   3.58001	   7.50000	       14N
   9.50321	   7.86183	   7.50000	       14N
   9.50321	  12.14364	   7.50000	       14N
  12.21841	   3.58001	   7.50000	       14N
  12.21841	   7.86183	   7.50000	       14N
  12.21841	  12.14364	   7.50000	       14N
  14.93361	   3.58001	   7.50000	       14N
  14.93361	   7.86183	   7.50000	       14N
  14.93361	  12.14364	   7.50000	       14N
  17.64882	   3.58001	   7.50000	       14N
  17.64882	   7.86183	   7.50000	       14N
  17.64882	  12.14364	   7.50000	       14N
  20.36402	   3.58001	   7.50000	       14N
  20.36402	   7.86183	   7.50000	       14N
  20.36402	  12.14364	   7.50000	       14N
  23.07922	   3.58001	   7.50000	       14N
  23.07922	   7.86183	   7.50000	       14N
  23.07922	  12.14364	   7.50000	       14N
   0.00000	   1.43910	   7.50000	       14N
   0.00000	   5.72091	   7.50000	       14N
   0.00000	  10.00273	   7.50000	       14N
   2.71520	   1.43910	   7.50000	       14N
   2.71520	   5.72091	   7.50000	       14N
   2.71520	  10.00273	   7.50000	       14N
   5.43041	   1.43910	   7.50000	       14N
   5.43041	   5.72091	   7.50000	       14N
   5.43041	  10.00273	   7.50000	       14N
   8.14561	   1.43910	   7.50000	       14N
   8.14561	   5.72091	   7.50000	       14N
   8.14561	  10.00273	   7.50000	       14N
  10.86081	   1.43910	   7.50000	       14N
  10.86081	   5.72091	   7.50000	       14N
  10.86081	  10.00273	   7.50000	       14N
  13.57601	   1.43910	   7.50000	       14N
  13.57601	   5.72091	   7.50000	       14N
  13.57601	  10.00273	   7.50000	       14N
  16.29122	   1.43910	   7.50000	       14N
  16.29122	   5.72091	   7.50000	       14N
  16.29122	  10.00273	   7.50000	       14N
  19.00642	   1.43910	   7.50000	       14N
  19.00642	   5.72091	   7.50000	       14N
  19.00642	  10.00273	   7.50000	       14N
  21.72162	   1.43910	   7.50000	       14N
  21.72162	   5.72091	   7.50000	       14N
  21.72162	  10.00273	   7.50000	       14N
   1.35760	  14.97697	   7.50000	       11B
   1.35760	  19.25879	   7.50000	       11B
   1.35760	  23.54061	   7.50000	       10B
   4.07280	  14.97697	   7.50000	       11B
   4.07280	  19.25879	   7.50000	       11B
   4.07280	  23.54061	   7.50000	       10B
   6.78801	  14.97697	   7.50000	       11B
   6.78801	  19.25879	   7.50000	       11B
   6.78801	  23.54061	   7.50000	       11B
   9.50321	  14.97697	   7.50000	       10B
   9.50321	  19.25879	   7.50000	       11B
   9.50321	  23.54061	   7.50000	       10B
  12.21841	  14.97697	   7.50000	       11B
  12.21841	  19.25879	   7.50000	       11B
  12.21841	  23.54061	   7.50000	       11B
  14.93361	  14.97697	   7.50000	       11B
  14.93361	  19.25879	   7.50000	       11B
  14.93361	  23.54061	   7.50000	       11B
  17.64882	  14.97697	   7.50000	       11B
  17.64882	  19.25879	   7.50000	       11B
  17.64882	  23.54061	   7.50000	       11B
  20.36402	  14.97697	   7.50000	       11B
  20.36402	  19.25879	   7.50000	       11B
  20.36402	  23.54061	   7.50000	       11B
  23.07922	  14.97697	   7.50000	       10B
  23.07922	  19.25879	   7.50000	       11B
  23.07922	  23.54061	   7.50000	       11B
   0.00000	  17.11787	   7.50000	       10B
   0.00000	  21.39969	   7.50000	       11B
   0.00000	  25.68151	   7.50000	       11B
   2.71520	  17.11787	   7.50000	       11B
   2.71520	  21.39969	   7.50000	       11B
   2.71520	  25.68151	   7.50000	       11B
   5.43041	  17.11787	   7.50000	       11B
   5.43041	  21.39969	   7.50000	       11B
   5.43041	  25.68151	   7.50000	       10B
   8.14561	  17.11787	   7.50000	       10B
   8.14561	  21.39969	   7.50000	       11B
   8.14561	  25.68151	   7.50000	       11B
  10.86081	  17.11787	   7.50000	       11B
  10.86081	  21.39969	   7.50000	       10B
  10.86081	  25.68151	   7.50000	       11B
  13.57601	  17.11787	   7.50000	       11B
  13.57601	  21.39969	   7.50000	       10B
  13.57601	  25.68151	   7.50000	       11B
  16.29122	  17.11787	   7.50000	       10B
  16.29122	  21.39969	   7.50000	       11B
  16.29122	  25.68151	   7.50000	       10B
  19.00642	  17.11787	   7.50000	       11B
  19.00642	  21.39969	   7.50000	       11B
  19.00642	  25.68151	   7.50000	       11B
  21.72162	  17.11787	   7.50000	       11B
  21.72162	  21.39969	   7.50000	       11B
  21.72162	  25.68151	   7.50000	       11B
   1.35760	  16.42546	   7.50000	       14N
   1.35760	  20.70728	   7.50000	       14N
   1.35760	  24.98910	   7.50000	       14N
   4.07280	  16.42546	   7.50000	       14N
   4.07280	  20.70728	   7.50000	       14N
   4.07280	  24.98910	   7.50000	       14N
   6.78801	  16.42546	   7.50000	       14N
   6.78801	  20.70728	   7.50000	       14N
   6.78801	  24.98910	   7.50000	       14N
   9.50321	  16.42546	   7.50000	       14N
   9.50321	  20.70728	   7.50000	       14N
   9.50321	  24.98910	   7.50000	       14N
  12.21841	  16.42546	   7.50000	       14N
  12.21841	  20.70728	   7.50000	       14N
  12.21841	  24.98910	   7.50000	       14N
  14.93361	  16.42546	   7.50000	       14N
  14.93361	  20.70728	   7.50000	       14N
  14.93361	  24.98910	   7.50000	       14N
  17.64882	  16.42546	   7.50000	       14N
  17.64882	  20.70728	   7.50000	       14N
  17.64882	  24.98910	   7.50000	       14N
  20.36402	  16.42546	   7.50000	       14N
  20.36402	  20.70728	   7.50000	       14N
  20.36402	  24.98910	   7.50000	       14N
  23.07922	  16.42546	   7.50000	       14N
  23.07922	  20.70728	   7.50000	       14N
  23.07922	  24.98910	   7.50000	       14N
   0.00000	  14.28455	   7.50000	       14N
   0.00000	  18.56637	   7.50000	       14N
   0.00000	  22.84819	   7.50000	       14N
   2.71520	  14.28455	   7.50000	       14N
   2.71520	  18.56637	   7.50000	       14N
   2.71520	  22.84819	   7.50000	       14N
   5.43041	  14.28455	   7.50000	       14N
   5.43041	  18.56637	   7.50000	       14N
   5.43041	  22.84819	   7.50000	       14N
   8.14561	  14.28455	   7.50000	       14N
   8.14561	  18.56637	   7.50000	       14N
   8.14561	  22.84819	   7.50000	       14N
  10.86081	  14.28455	   7.50000	       14N
  10.86081	  18.56637	   7.50000	       14N
  10.86081	  22.84819	   7.50000	       14N
  13.57601	  14.28455	   7.50000	       14N
  13.57601	  18.56637	   7.50000	       14N
  13.57601	  22.84819	   7.50000	       14N
  16.29122	  14.28455	   7.50000	       14N
  16.29122	  18.56637	   7.50000	       14N
  16.29122	  22.84819	   7.50000	       14N
  19.00642	  14.28455	   7.50000	       14N
  19.00642	  18.56637	   7.50000	       14N
  19.00642	  22.84819	   7.50000	       14N
  21.72162	  14.28455	   7.50000	       14N
  21.72162	  18.56637	   7.50000	       14N
  21.72162	  22.84819	   7.50000	       14N
   1.35760	  27.82242	   7.50000	       11B
   1.35760	  32.10424	   7.50000	       11B
   1.35760	  36.38606	   7.50000	       10B
   4.07280	  27.82242	   7.50000	       10B
   4.07280	  32.10424	   7.50000	       11B
   4.07280	  36.38606	   7.50000	       10B
   6.78801	  27.82242	   7.50000	       11B
   6.78801	  32.10424	   7.50000	       11B
   6.78801	  36.38606	   7.50000	       11B
   9.50321	  27.82242	   7.50000	       11B
   9.50321	  32.10424	   7.50000	       11B
   9.50321	  36.38606	   7.50000	       10B
  12.21841	  27.82242	   7.50000	       11B
  12.21841	  32.10424	   7.50000	       11B
  12.21841	  36.38606	   7.50000	       11B
  14.93361	  27.82242	   7.50000	       10B
  14.93361	  32.10424	   7.50000	       11B
  14.93361	  36.38606	   7.50000	       11B
  17.64882	  27.82242	   7.50000	       11B
  17.64882	  32.10424	   7.50000	       10B
  17.64882	  36.38606	   7.50000	       11B
  20.36402	  27.82242	   7.50000	       10B
  20.36402	  32.10424	   7.50000	       11B
  20.36402	  36.38606	   7.50000	       10B
  23.07922	  27.82242	   7.50000	       11B
  23.07922	  32.10424	   7.50000	       11B
  23.07922	  36.38606	   7.50000	       11B
   0.00000	  29.96333	   7.50000	       11B
   0.00000	  34.24515	   7.50000	       10B
   0.00000	  38.52697	   7.50000	       10B
   2.71520	  29.96333	   7.50000	       11B
   2.71520	  34.24515	   7.50000	       10B
   2.71520	  38.52697	   7.50000	       11B
   5.43041	  29.96333	   7.50000	       11B
   5.43041	  34.24515	   7.50000	       11B
   5.43041	  38.52697	   7.50000	       11B
   8.14561	  29.96333	   7.50000	       11B
   8.14561	  34.24515	   7.50000	       11B
   8.14561	  38.52697	   7.50000	       11B
  10.86081	  29.96333	   7.50000	       11B
  10.86081	  34.24515	   7.50000	       10B
  10.86081	  38.52697	   7.50000	       11B
  13.57601	  29.96333	   7.50000	       11B
  13.57601	  34.24515	   7.50000	       11B
  13.57601	  38.52697	   7.50000	       11B
  16.29122	  29.96333	   7.50000	       11B
  16.29122	  34.24515	   7.50000	       11B
  16.29122	  38.52697	   7.50000	       11B
  19.00642	  29.96333	   7.50000	       11B
  19.00642	  34.24515	   7.50000	       11B
  19.00642	  38.52697	   7.50000	       11B
  21.72162	  29.96333	   7.50000	       11B
  21.72162	  34.24515	   7.50000	       11B
  21.72162	  38.52697	   7.50000	       11B
   1.35760	  29.27092	   7.50000	       14N
   1.35760	  33.55274	   7.50000	       14N
   1.35760	  37.83455	   7.50000	       14N
   4.07280	  29.27092	   7.50000	       14N
   4.07280	  33.55274	   7.50000	       14N
   4.07280	  37.83455	   7.50000	       14N
   6.78801	  29.27092	   7.50000	       14N
   6.78801	  33.55274	   7.50000	       14N
   6.78801	  37.83455	   7.50000	       14N
   9.50321	  29.27092	   7.50000	       14N
   9.50321	  33.55274	   7.50000	       14N
   9.50321	  37.83455	   7.50000	       14N
  12.21841	  29.27092	   7.50000	       14N
  12.21841	  33.55274	   7.50000	       14N
  12.21841	  37.83455	   7.50000	       14N
  14.93361	  29.27092	   7.50000	       14N
  14.93361	  33.55274	   7.50000	       14N
  14.93361	  37.83455	   7.50000	       14N
  17.64882	  29.27092	   7.50000	       14N
  17.64882	  33.55274	   7.50000	       14N
  17.64882	  37.83455	   7.50000	       14N
  20.36402	  29.27092	   7.50000	       14N
  20.36402	  33.55274	   7.50000	       14N
  20.36402	  37.83455	   7.50000	       14N
  23.07922	  29.27092	   7.50000	       14N
  23.07922	  33.55274	   7.50000	       14N
  23.07922	  37.83455	   7.50000	       14N
   0.00000	  27.13001	   7.50000	       15N
   0.00000	  31.41182	   7.50000	       14N
   0.00000	  35.69364	   7.50000	       14N
   2.71520	  27.13001	   7.50000	       14N
   2.71520	  31.41182	   7.50000	       14N
   2.71520	  35.69364	   7.50000	       14N
   5.43041	  27.13001	   7.50000	       14N
   5.43041	  31.41182	   7.50000	       14N
   5.43041	  35.69364	   7.50000	       14N
   8.14561	  27.13001	   7.50000	       14N
   8.14561	  31.41182	   7.50000	       14N
   8.14561	  35.69364	   7.50000	       14N
  10.86081	  27.13001	   7.50000	       14N
  10.86081	  31.41182	   7.50000	       14N
  10.86081	  35.69364	   7.50000	       14N
  13.57601	  27.13001	   7.50000	       14N
  13.57601	  31.41182	   7.50000	       14N
  13.57601	  35.69364	   7.50000	       14N
  16.29122	  27.13001	   7.50000	       14N
  16.29122	  31.41182	   7.50000	       14N
  16.29122	  35.69364	   7.50000	       14N
  19.00642	  27.13001	   7.50000	       14N
  19.00642	  31.41182	   7.50000	       14N
  19.00642	  35.69364	   7.50000	       14N
  21.72162	  27.13001	   7.50000	       14N
  21.72162	  31.41182	   7.50000	       14N
  21.72162	  35.69364	   7.50000	       14N
   1.35760	  40.66788	   7.50000	       11B
   1.35760	  44.94970	   7.50000	       11B
   1.35760	  49.23152	   7.50000	       11B
   4.07280	  40.66788	   7.50000	       11B
   4.07280	  44.94970	   7.50000	       11B
   4.07280	  49.23152	   7.50000	       10B
   6.78801	  40.66788	   7.50000	       11B
   6.78801	  44.94970	   7.50000	       11B
   6.78801	  49.23152	   7.50000	       10B
   9.50321	  40.66788	   7.50000	       10B
   9.50321	  44.94970	   7.50000	       11B
   9.50321	  49.23152	   7.50000	       11B
  12.21841	  40.66788	   7.50000	       11B
  12.21841	  44.94970	   7.50000	       11B
  12.21841	  49.23152	   7.50000	       10B
  14.93361	  40.66788	   7.50000	       11B
  14.93361	  44.94970	   7.50000	       11B
  14.93361	  49.23152	   7.50000	       10B
  17.64882	  40.66788	   7.50000	       11B
  17.64882	  44.94970	   7.50000	       11B
  17.64882	  49.23152	   7.50000	       11B
  20.36402	  40.66788	   7.50000	       11B
  20.36402	  44.94970	   7.50000	       10B
  20.36402	  49.23152	   7.50000	       11B
  23.07922	  40.66788	   7.50000	       11B
  23.07922	  44.94970	   7.50000	       11B
  23.07922	  49.23152	   7.50000	       11B
   0.00000	  42.80878	   7.50000	       11B
   0.00000	  47.09060	   7.50000	       11B
   0.00000	  51.37242	   7.50000	       11B
   2.71520	  42.80878	   7.50000	       11B
   2.71520	  47.09060	   7.50000	       11B
   2.71520	  51.37242	   7.50000	       11B
   5.43041	  42.80878	   7.50000	       11B
   5.43041	  47.09060	   7.50000	       11B
   5.43041	  51.37242	   7.50000	       11B
   8.14561	  42.80878	   7.50000	       11B
   8.14561	  47.09060	   7.50000	       10B
   8.14561	  51.37242	   7.50000	       11B
  10.86081	  42.80878	   7.50000	       10B
  10.86081	  47.09060	   7.50000	       11B
  10.86081	  51.37242	   7.50000	       11B
  13.57601	  42.80878	   7.50000	       11B
  13.57601	  47.09060	   7.50000	       10B
  13.57601	  51.37242	   7.50000	       11B
  16.29122	  42.80878	   7.50000	       11B
  16.29122	  47.09060	   7.50000	       11B
  16.29122	  51.37242	   7.50000	       11B
  19.00642	  42.80878	   7.50000	       11B
  19.00642	  47.09060	   7.50000	       11B
  19.00642	  51.37242	   7.50000	       10B
  21.72162	  42.80878	   7.50000	       11B
  21.72162	  47.09060	   7.50000	       11B
  21.72162	  51.37242	   7.50000	       11B
   1.35760	  42.11637	   7.50000	       14N
   1.35760	  46.39819	   7.50000	       14N
   1.35760	  50.68001	   7.50000	       14N
   4.07280	  42.11637	   7.50000	       14N
   4.07280	  46.39819	   7.50000	       14N
   4.07280	  50.68001	   7.50000	       14N
   6.78801	  42.11637	   7.50000	       14N
   6.78801	  46.39819	   7.50000	       14N
   6.78801	  50.68001	   7.50000	       14N
   9.50321	  42.11637	   7.50000	       14N
   9.50321	  46.39819	   7.50000	       14N
   9.50321	  50.68001	   7.50000	       14N
  12.21841	  42.11637	   7.50000	       14N
  12.21841	  46.39819	   7.50000	       14N
  12.21841	  50.68001	   7.50000	       14N
  14.93361	  42.11637	   7.50000	       14N
  14.93361	  46.39819	   7.50000	       14N
  14.93361	  50.68001	   7.50000	       14N
  17.64882	  42.11637	   7.50000	       14N
  17.64882	  46.39819	   7.50000	       14N
  17.64882	  50.68001	   7.50000	       14N
  20.36402	  42.11637	   7.50000	       14N
  20.36402	  46.39819	   7.50000	       14N
  20.36402	  50.68001	   7.50000	       14N
  23.07922	  42.11637	   7.50000	       14N
  23.07922	  46.39819	   7.50000	       14N
  23.07922	  50.68001	   7.50000	       14N
   0.00000	  39.97546	   7.50000	       14N
   0.00000	  44.25728	   7.50000	       14N
   0.00000	  48.53910	   7.50000	       14N
   2.71520	  39.97546	   7.50000	       14N
   2.71520	  44.25728	   7.50000	       14N
   2.71520	  48.53910	   7.50000	       14N
   5.43041	  39.97546	   7.50000	       14N
   5.43041	  44.25728	   7.50000	       14N
   5.43041	  48.53910	   7.50000	       14N
   8.14561	  39.97546	   7.50000	       14N
   8.14561	  44.25728	   7.50000	       14N
   8.14561	  48.53910	   7.50000	       14N
  10.86081	  39.97546	   7.50000	       14N
  10.86081	  44.25728	   7.50000	       14N
  10.86081	  48.53910	   7.50000	       14N
  13.57601	  39.97546	   7.50000	       14N
  13.57601	  44.25728	   7.50000	       14N
  13.57601	  48.53910	   7.50000	       14N
  16.29122	  39.97546	   7.50000	       14N
  16.29122	  44.25728	   7.50000	       14N
  16.29122	  48.53910	   7.50000	       14N
  19.00642	  39.97546	   7.50000	       14N
  19.00642	  44.25728	   7.50000	       14N
  19.00642	  48.53910	   7.50000	       14N
  21.72162	  39.97546	   7.50000	       14N
  21.72162	  44.25728	   7.50000	       14N
  21.72162	  48.53910	   7.50000	       14N
   1.35760	  53.51333	   7.50000	       11B
   1.35760	  57.79515	   7.50000	       10B
   1.35760	  62.07697	   7.50000	       11B
   4.07280	  53.51333	   7.50000	       11B
   4.07280	  57.79515	   7.50000	       10B
   4.07280	  62.07697	   7.50000	       10B
   6.78801	  53.51333	   7.50000	       11B
   6.78801	  57.79515	   7.50000	       11B
   6.78801	  62.07697	   7.50000	       11B
   9.50321	  53.51333	   7.50000	       11B
   9.50321	  57.79515	   7.50000	       11B
   9.50321	  62.07697	   7.50000	       10B
  12.21841	  53.51333	   7.50000	       10B
  12.21841	  57.79515	   7.50000	       10B
  12.21841	  62.07697	   7.50000	       11B
  14.93361	  53.51333	   7.50000	       11B
  14.93361	  57.79515	   7.50000	       11B
  14.93361	  62.07697	   7.50000	       11B
  17.64882	  53.51333	   7.50000	       11B
  17.64882	  57.79515	   7.50000	       10B
  17.64882	  62.07697	   7.50000	       10B
  20.36402	  53.51333	   7.50000	       11B
  20.36402	  57.79515	   7.50000	       10B
  20.36402	  62.07697	   7.50000	       11B
  23.07922	  53.51333	   7.50000	       11B
  23.07922	  57.79515	   7.50000	       11B
  23.07922	  62.07697	   7.50000	       10B
   0.00000	  55.65424	   7.50000	       10B
   0.00000	  59.93606	   7.50000	       11B
   0.00000	  64.21788	   7.50000	       11B
   2.71520	  55.65424	   7.50000	       11B
   2.71520	  59.93606	   7.50000	       11B
   2.71520	  64.21788	   7.50000	       11B
   5.43041	  55.65424	   7.50000	       11B
   5.43041	  59.93606	   7.50000	       10B
   5.43041	  64.21788	   7.50000	       11B
   8.14561	  55.65424	   7.50000	       11B
   8.14561	  59.93606	   7.50000	       11B
   8.14561	  64.21788	   7.50000	       11B
  10.86081	  55.65424	   7.50000	       10B
  10.86081	  59.93606	   7.50000	       10B
  10.86081	  64.21788	   7.50000	       10B
  13.57601	  55.65424	   7.50000	       11B
  13.57601	  59.93606	   7.50000	       11B
  13.57601	  64.21788	   7.50000	       11B
  16.29122	  55.65424	   7.50000	       11B
  16.29122	  59.93606	   7.50000	       11B
  16.29122	  64.21788	   7.50000	       11B
  19.00642	  55.65424	   7.50000	       11B
  19.00642	  59.93606	   7.50000	       11B
  19.00642	  64.21788	   7.50000	       11B
  21.72162	  55.65424	   7.50000	       11B
  21.72162	  59.93606	   7.50000	       11B
  21.72162	  64.21788	   7.50000	       11B
   1.35760	  54.96183	   7.50000	       14N
   1.35760	  59.24365	   7.50000	       14N
   1.35760	  63.52546	   7.50000	       14N
   4.07280	  54.96183	   7.50000	       14N
   4.07280	  59.24365	   7.50000	       14N
   4.07280	  63.52546	   7.50000	       14N
   6.78801	  54.96183	   7.50000	       14N
   6.78801	  59.24365	   7.50000	       14N
   6.78801	  63.52546	   7.50000	       14N
   9.50321	  54.96183	   7.50000	       14N
   9.50321	  59.24365	   7.50000	       14N
   9.50321	  63.52546	   7.50000	       14N
  12.21841	  54.96183	   7.50000	       14N
  12.21841	  59.24365	   7.50000	       14N
  12.21841	  63.52546	   7.50000	       14N
  14.93361	  54.96183	   7.50000	       14N
  14.93361	  59.24365	   7.50000	       14N
  14.93361	  63.52546	   7.50000	       14N
  17.64882	  54.96183	   7.50000	       14N
  17.64882	  59.24365	   7.50000	       14N
  17.64882	  63.52546	   7.50000	       14N
  20.36402	  54.96183	   7.50000	       14N
  20.36402	  59.24365	   7.50000	       14N
  20.36402	  63.52546	   7.50000	       14N
  23.07922	  54.96183	   7.50000	       14N
  23.07922	  59.24365	   7.50000	       14N
  23.07922	  63.52546	   7.50000	       14N
   0.00000	  52.82092	   7.50000	       14N
   0.00000	  57.10273	   7.50000	       14N
   0.00000	  61.38455	   7.50000	       14N
   2.71520	  52.82092	   7.50000	       14N
   2.71520	  57.10273	   7.50000	       14N
   2.71520	  61.38455	   7.50000	       14N
   5.43041	  52.82092	   7.50000	       14N
   5.43041	  57.10273	   7.50000	       14N
   5.43041	  61.38455	   7.50000	       14N
   8.14561	  52.82092	   7.50000	       14N
   8.14561	  57.10273	   7.50000	       14N
   8.14561	  61.38455	   7.50000	       14N
  10.86081	  52.82092	   7.50000	       14N
  10.86081	  57.10273	   7.50000	       14N
  10.86081	  61.38455	   7.50000	       14N
  13.57601	  52.82092	   7.50000	       14N
  13.57601	  57.10273	   7.50000	       14N
  13.57601	  61.38455	   7.50000	       14N
  16.29122	  52.82092	   7.50000	       14N
  16.29122	  57.10273	   7.50000	       14N
  16.29122	  61.38455	   7.50000	       14N
  19.00642	  52.82092	   7.50000	       14N
  19.00642	  57.10273	   7.50000	       14N
  19.00642	  61.38455	   7.50000	       14N
  21.72162	  52.82092	   7.50000	       14N
  21.72162	  57.10273	   7.50000	       14N
  21.72162	  61.38455	   7.50000	       14N
   1.35760	  66.35879	   7.50000	       11B
   1.35760	  70.64061	   7.50000	       11B
   1.35760	  74.92243	   7.50000	       11B
   4.07280	  66.35879	   7.50000	       11B
   4.07280	  70.64061	   7.50000	       11B
   4.07280	  74.92243	   7.50000	       11B
   6.78801	  66.35879	   7.50000	       11B
   6.78801	  70.64061	   7.50000	       11B
   6.78801	  74.92243	   7.50000	       11B
   9.50321	  66.35879	   7.50000	       11B
   9.50321	  70.64061	   7.50000	       10B
   9.50321	  74.92243	   7.50000	       11B
  12.21841	  66.35879	   7.50000	       11B
  12.21841	  70.64061	   7.50000	       11B
  12.21841	  74.92243	   7.50000	       11B
  14.93361	  66.35879	   7.50000	       11B
  14.93361	  70.64061	   7.50000	       11B
  14.93361	  74.92243	   7.50000	       11B
  17.64882	  66.35879	   7.50000	       11B
  17.64882	  70.64061	   7.50000	       11B
  17.64882	  74.92243	   7.50000	       11B
  20.36402	  66.35879	   7.50000	       10B
  20.36402	  70.64061	   7.50000	       11B
  20.36402	  74.92243	   7.50000	       11B
  23.07922	  66.35879	   7.50000	       10B
  23.07922	  70.64061	   7.50000	       10B
  23.07922	  74.92243	   7.50000	       10B
   0.00000	  68.49970	   7.50000	       11B
   0.00000	  72.78151	   7.50000	       11B
   0.00000	  77.06333	   7.50000	       11B
   2.71520	  68.49970	   7.50000	       11B
   2.71520	  72.78151	   7.50000	       11B
   2.71520	  77.06333	   7.50000	       11B
   5.43041	  68.49970	   7.50000	       11B
   5.43041	  72.78151	   7.50000	       11B
   5.43041	  77.06333	   7.50000	       11B
   8.14561	  68.49970	   7.50000	       11B
   8.14561	  72.78151	   7.50000	       11B
   8.14561	  77.06333	   7.50000	       11B
  10.86081	  68.49970	   7.50000	       10B
  10.86081	  72.78151	   7.50000	       10B
  10.86081	  77.06333	   7.50000	       11B
  13.57601	  68.49970	   7.50000	       11B
  13.57601	  72.78151	   7.50000	       11B
  13.57601	  77.06333	   7.50000	       11B
  16.29122	  68.49970	   7.50000	       11B
  16.29122	  72.78151	   7.50000	       11B
  16.29122	  77.06333	   7.50000	       11B
  19.00642	  68.49970	   7.50000	       11B
  19.00642	  72.78151	   7.50000	       10B
  19.00642	  77.06333	   7.50000	       10B
  21.72162	  68.49970	   7.50000	       11B
  21.72162	  72.78151	   7.50000	       11B
  21.72162	  77.06333	   7.50000	       11B
   1.35760	  67.80728	   7.50000	       14N
   1.35760	  72.08910	   7.50000	       14N
   1.35760	  76.37092	   7.50000	       14N
   4.07280	  67.80728	   7.50000	       14N
   4.07280	  72.08910	   7.50000	       14N
   4.07280	  76.37092	   7.50000	       14N
   6.78801	  67.80728	   7.50000	       14N
   6.78801	  72.08910	   7.50000	       14N
   6.78801	  76.37092	   7.50000	       14N
   9.50321	  67.80728	   7.50000	       14N
   9.50321	  72.08910	   7.50000	       14N
   9.50321	  76.37092	   7.50000	       14N
  12.21841	  67.80728	   7.50000	       14N
  12.21841	  72.08910	   7.50000	       14N
  12.21841	  76.37092	   7.50000	       15N
  14.93361	  67.80728	   7.50000	       14N
  14.93361	  72.08910	   7.50000	       14N
  14.93361	  76.37092	   7.50000	       14N
  17.64882	  67.80728	   7.50000	       14N
  17.64882	  72.08910	   7.50000	       14N
  17.64882	  76.37092	   7.50000	       14N
  20.36402	  67.80728	   7.50000	       14N
  20.36402	  72.08910	   7.50000	       14N
  20.36402	  76.37092	   7.50000	       14N
  23.07922	  67.80728	   7.50000	       14N
  23.07922	  72.08910	   7.50000	       14N
  23.07922	  76.37092	   7.50000	       14N
   0.00000	  65.66637	   7.50000	       14N
   0.00000	  69.94819	   7.50000	       14N
   0.00000	  74.23001	   7.50000	       14N
   2.71520	  65.66637	   7.50000	       14N
   2.71520	  69.94819	   7.50000	       14N
   2.71520	  74.23001	   7.50000	       14N
   5.43041	  65.66637	   7.50000	       14N
   5.43041	  69.94819	   7.50000	       14N
   5.43041	  74.23001	   7.50000	       14N
   8.14561	  65.66637	   7.50000	       14N
   8.14561	  69.94819	   7.50000	       14N
   8.14561	  74.23001	   7.50000	       14N
  10.86081	  65.66637	   7.50000	       14N
  10.86081	  69.94819	   7.50000	       14N
  10.86081	  74.23001	   7.50000	       14N
  13.57601	  65.66637	   7.50000	       14N
  13.57601	  69.94819	   7.50000	       14N
  13.57601	  74.23001	   7.50000	       14N
  16.29122	  65.66637	   7.50000	       14N
  16.29122	  69.94819	   7.50000	       14N
  16.29122	  74.23001	   7.50000	       14N
  19.00642	  65.66637	   7.50000	       14N
  19.00642	  69.94819	   7.50000	       14N
  19.00642	  74.23001	   7.50000	       14N
  21.72162	  65.66637	   7.50000	       14N
  21.72162	  69.94819	   7.50000	       14N
  21.72162	  74.23001	   7.50000	       14N
   1.35760	  79.20424	   7.50000	       11B
   4.07280	  79.20424	   7.50000	       11B
   6.78801	  79.20424	   7.50000	       11B
   9.50321	  79.20424	   7.50000	       11B
  12.21841	  79.20424	   7.50000	       11B
  14.93361	  79.20424	   7.50000	       11B
  17.64882	  79.20424	   7.50000	       11B
  20.36402	  79.20424	   7.50000	       11B
  23.07922	  79.20424	   7.50000	       11B
   0.00000	  78.51183	   7.50000	       14N
   2.71520	  78.51183	   7.50000	       14N
   5.43041	  78.51183	   7.50000	       14N
   8.14561	  78.51183	   7.50000	       14N
  10.86081	  78.51183	   7.50000	       14N
  13.57601	  78.51183	   7.50000	       14N
  16.29122	  78.51183	   7.50000	       14N
  19.00642	  78.51183	   7.50000	       14N
  21.72162	  78.51183	   7.50000	       14N
  25.79443	   2.13151	   7.50000	       11B
  25.79443	   6.41333	   7.50000	       11B
  25.79443	  10.69515	   7.50000	       11B
  28.50963	   2.13151	   7.50000	       10B
  28.50963	   6.41333	   7.50000	       11B
  28.50963	  10.69515	   7.50000	       11B
  31.22483	   2.13151	   7.50000	       11B
  31.22483	   6.41333	   7.50000	       11B
  31.22483	  10.69515	   7.50000	       11B
  33.94003	   2.13151	   7.50000	       10B
  33.94003	   6.41333	   7.50000	       11B
  33.94003	  10.69515	   7.50000	       11B
  36.65524	   2.13151	   7.50000	       11B
  36.65524	   6.41333	   7.50000	       11B
  36.65524	  10.69515	   7.50000	       11B
  39.37044	   2.13151	   7.50000	       11B
  39.37044	   6.41333	   7.50000	       10B
  39.37044	  10.69515	   7.50000	       11B
  42.08564	   2.13151	   7.50000	       11B
  42.08564	   6.41333	   7.50000	       11B
  42.08564	  10.69515	   7.50000	       10B
  44.80084	   2.13151	   7.50000	       11B
  44.80084	   6.41333	   7.50000	       11B
  44.80084	  10.69515	   7.50000	       11B
  47.51605	   2.13151	   7.50000	       11B
  47.51605	   6.41333	   7.50000	       10B
  47.51605	  10.69515	   7.50000	       10B
  24.43682	   4.27242	   7.50000	       11B
  24.43682	   8.55424	   7.50000	       11B
  24.43682	  12.83606	   7.50000	       11B
  27.15203	   4.27242	   7.50000	       11B
  27.15203	   8.55424	   7.50000	       11B
  27.15203	  12.83606	   7.50000	       11B
  29.86723	   4.27242	   7.50000	       11B
  29.86723	   8.55424	   7.50000	       11B
  29.86723	  12.83606	   7.50000	       11B
  32.58243	   4.27242	   7.50000	       11B
  32.58243	   8.55424	   7.50000	       11B
  32.58243	  12.83606	   7.50000	       11B
  35.29764	   4.27242	   7.50000	       11B
  35.29764	   8.55424	   7.50000	       11B
  35.29764	  12.83606	   7.50000	       10B
  38.01284	   4.27242	   7.50000	       11B
  38.01284	   8.55424	   7.50000	       11B
  38.01284	  12.83606	   7.50000	       11B
  40.72804	   4.27242	   7.50000	       11B
  40.72804	   8.55424	   7.50000	       11B
  40.72804	  12.83606	   7.50000	       11B
  43.44324	   4.27242	   7.50000	       11B
  43.44324	   8.55424	   7.50000	       11B
  43.44324	  12.83606	   7.50000	       10B
  46.15845	   4.27242	   7.50000	       11B
  46.15845	   8.55424	   7.50000	       11B
  46.15845	  12.83606	   7.50000	       11B
  25.79443	   3.58001	   7.50000	       14N
  25.79443	   7.86183	   7.50000	       14N
  25.79443	  12.14364	   7.50000	       14N
  28.50963	   3.58001	   7.50000	       14N
  28.50963	   7.86183	   7.50000	       14N
  28.50963	  12.14364	   7.50000	       14N
  31.22483	   3.58001	   7.50000	       14N
  31.22483	   7.86183	   7.50000	       14N
  31.22483	  12.14364	   7.50000	       14N
  33.94003	   3.58001	   7.50000	       14N
  33.94003	   7.86183	   7.50000	       14N
  33.94003	  12.14364	   7.50000	       14N
  36.65524	   3.58001	   7.50000	       14N
  36.65524	   7.86183	   7.50000	       14N
  36.65524	  12.14364	   7.50000	       14N
  39.37044	   3.58001	   7.50000	       14N
  39.37044	   7.86183	   7.50000	       14N
  39.37044	  12.14364	   7.50000	       14N
  42.08564	   3.58001	   7.50000	       14N
  42.08564	   7.86183	   7.50000	       14N
  42.08564	  12.14364	   7.50000	       14N
  44.80084	   3.58001	   7.50000	       14N
  44.80084	   7.86183	   7.50000	       14N
  44.80084	  12.14364	   7.50000	       14N
  47.51605	   3.58001	   7.50000	       14N
  47.51605	   7.86183	   7.50000	       14N
  47.51605	  12.14364	   7.50000	       14N
  24.43682	   1.43910	   7.50000	       14N
  24.43682	   5.72091	   7.50000	       14N
  24.43682	  10.00273	   7.50000	       14N
  27.15203	   1.43910	   7.50000	       14N
  27.15203	   5.72091	   7.50000	       14N
  27.15203	  10.00273	   7.50000	       14N
  29.86723	   1.43910	   7.50000	       14N
  29.86723	   5.72091	   7.50000	       14N
  29.86723	  10.00273	   7.50000	       14N
  32.58243	   1.43910	   7.50000	       14N
  32.58243	   5.72091	   7.50000	       14N
  32.58243	  10.00273	   7.50000	       14N
  35.29764	   1.43910	   7.50000	       14N
  35.29764	   5.72091	   7.50000	       14N
  35.29764	  10.00273	   7.50000	       14N
  38.01284	   1.43910	   7.50000	       14N
  38.01284	   5.72091	   7.50000	       14N
  38.01284	  10.00273	   7.50000	       14N
  40.72804	   1.43910	   7.50000	       14N
  40.72804	   5.72091	   7.50000	       14N
  40.72804	  10.00273	   7.50000	       14N
  43.44324	   1.43910	   7.50000	       14N
  43.44324	   5.72091	   7.50000	       14N
  43.44324	  10.00273	   7.50000	       14N
  46.15845	   1.43910	   7.50000	       14N
  46.15845	   5.72091	   7.50000	       14N
  46.15845	  10.00273	   7.50000	       14N
  25.79443	  14.97697	   7.50000	       11B
  25.79443	  19.25879	   7.50000	       10B
  25.79443	  23.54061	   7.50000	       11B
  28.50963	  14.97697	   7.50000	       10B
  28.50963	  19.25879	   7.50000	       11B
  28.50963	  23.54061	   7.50000	       11B
  31.22483	  14.97697	   7.50000	       10B
  31.22483	  19.25879	   7.50000	       11B
  31.22483	  23.54061	   7.50000	       11B
  33.94003	  14.97697	   7.50000	       10B
  33.94003	  19.25879	   7.50000	       10B
  33.94003	  23.54061	   7.50000	       11B
  36.65524	  14.97697	   7.50000	       11B
  36.65524	  19.25879	   7.50000	       11B
  36.65524	  23.54061	   7.50000	       11B
  39.37044	  14.97697	   7.50000	       10B
  39.37044	  19.25879	   7.50000	       10B
  39.37044	  23.54061	   7.50000	       11B
  42.08564	  14.97697	   7.50000	       10B
  42.08564	  19.25879	   7.50000	       10B
  42.08564	  23.54061	   7.50000	       11B
  44.80084	  14.97697	   7.50000	       11B
  44.80084	  19.25879	   7.50000	       11B
  44.80084	  23.54061	   7.50000	       11B
  47.51605	  14.97697	   7.50000	       11B
  47.51605	  19.25879	   7.50000	       11B
  47.51605	  23.54061	   7.50000	       11B
  24.43682	  17.11787	   7.50000	       10B
  24.43682	  21.39969	   7.50000	       11B
  24.43682	  25.68151	   7.50000	       10B
  27.15203	  17.11787	   7.50000	       11B
  27.15203	  21.39969	   7.50000	       11B
  27.15203	  25.68151	   7.50000	       11B
  29.86723	  17.11787	   7.50000	       10B
  29.86723	  21.39969	   7.50000	       11B
  29.86723	  25.68151	   7.50000	       11B
  32.58243	  17.11787	   7.50000	       11B
  32.58243	  21.39969	   7.50000	       11B
  32.58243	  25.68151	   7.50000	       11B
  35.29764	  17.11787	   7.50000	       10B
  35.29764	  21.39969	   7.50000	       11B
  35.29764	  25.68151	   7.50000	       11B
  38.01284	  17.11787	   7.50000	       11B
  38.01284	  21.39969	   7.50000	       11B
  38.01284	  25.68151	   7.50000	       11B
  40.72804	  17.11787	   7.50000	       11B
  40.72804	  21.39969	   7.50000	       11B
  40.72804	  25.68151	   7.50000	       11B
  43.44324	  17.11787	   7.50000	       11B
  43.44324	  21.39969	   7.50000	       11B
  43.44324	  25.68151	   7.50000	       11B
  46.15845	  17.11787	   7.50000	       11B
  46.15845	  21.39969	   7.50000	       10B
  46.15845	  25.68151	   7.50000	       11B
  25.79443	  16.42546	   7.50000	       14N
  25.79443	  20.70728	   7.50000	       14N
  25.79443	  24.98910	   7.50000	       14N
  28.50963	  16.42546	   7.50000	       14N
  28.50963	  20.70728	   7.50000	       14N
  28.50963	  24.98910	   7.50000	       14N
  31.22483	  16.42546	   7.50000	       14N
  31.22483	  20.70728	   7.50000	       14N
  31.22483	  24.98910	   7.50000	       14N
  33.94003	  16.42546	   7.50000	       14N
  33.94003	  20.70728	   7.50000	       14N
  33.94003	  24.98910	   7.50000	       14N
  36.65524	  16.42546	   7.50000	       14N
  36.65524	  20.70728	   7.50000	       14N
  36.65524	  24.98910	   7.50000	       14N
  39.37044	  16.42546	   7.50000	       14N
  39.37044	  20.70728	   7.50000	       14N
  39.37044	  24.98910	   7.50000	       14N
  42.08564	  16.42546	   7.50000	       14N
  42.08564	  20.70728	   7.50000	       14N
  42.08564	  24.98910	   7.50000	       14N
  44.80084	  16.42546	   7.50000	       14N
  44.80084	  20.70728	   7.50000	       14N
  44.80084	  24.98910	   7.50000	       14N
  47.51605	  16.42546	   7.50000	       14N
  47.51605	  20.70728	   7.50000	       14N
  47.51605	  24.98910	   7.50000	       14N
  24.43682	  14.28455	   7.50000	       14N
  24.43682	  18.56637	   7.50000	       14N
  24.43682	  22.84819	   7.50000	       14N
  27.15203	  14.28455	   7.50000	       14N
  27.15203	  18.56637	   7.50000	       14N
  27.15203	  22.84819	   7.50000	       14N
  29.86723	  14.28455	   7.50000	       14N
  29.86723	  18.56637	   7.50000	       14N
  29.86723	  22.84819	   7.50000	       14N
  32.58243	  14.28455	   7.50000	       14N
  32.58243	  18.56637	   7.50000	       14N
  32.58243	  22.84819	   7.50000	       14N
  35.29764	  14.28455	   7.50000	       14N
  35.29764	  18.56637	   7.50000	       14N
  35.29764	  22.84819	   7.50000	       14N
  38.01284	  14.28455	   7.50000	       14N
  38.01284	  18.56637	   7.50000	       14N
  38.01284	  22.84819	   7.50000	       14N
  40.72804	  14.28455	   7.50000	       14N
  40.72804	  18.56637	   7.50000	       14N
  40.72804	  22.84819	   7.50000	       14N
  43.44324	  14.28455	   7.50000	       14N
  43.44324	  18.56637	   7.50000	       14N
  43.44324	  22.84819	   7.50000	       14N
  46.15845	  14.28455	   7.50000	       14N
  46.15845	  18.56637	   7.50000	       14N
  46.15845	  22.84819	   7.50000	       14N
  25.79443	  27.82242	   7.50000	       11B
  25.79443	  32.10424	   7.50000	       11B
  25.79443	  36.38606	   7.50000	       11B
  28.50963	  27.82242	   7.50000	       11B
  28.50963	  32.10424	   7.50000	       11B
  28.50963	  36.38606	   7.50000	       10B
  31.22483	  27.82242	   7.50000	       11B
  31.22483	  32.10424	   7.50000	       11B
  31.22483	  36.38606	   7.50000	       11B
  33.94003	  27.82242	   7.50000	       11B
  33.94003	  32.10424	   7.50000	       11B
  33.94003	  36.38606	   7.50000	       11B
  36.65524	  27.82242	   7.50000	       10B
  36.65524	  32.10424	   7.50000	       11B
  36.65524	  36.38606	   7.50000	       10B
  39.37044	  27.82242	   7.50000	       11B
  39.37044	  32.10424	   7.50000	       11B
  39.37044	  36.38606	   7.50000	       10B
  42.08564	  27.82242	   7.50000	       11B
  42.08564	  32.10424	   7.50000	       11B
  42.08564	  36.38606	   7.50000	       10B
  44.80084	  27.82242	   7.50000	       11B
  44.80084	  32.10424	   7.50000	       11B
  44.80084	  36.38606	   7.50000	       11B
  47.51605	  27.82242	   7.50000	       11B
  47.51605	  32.10424	   7.50000	       11B
  47.51605	  36.38606	   7.50000	       11B
  24.43682	  29.96333	   7.50000	       11B
  24.43682	  34.24515	   7.50000	       11B
  24.43682	  38.52697	   7.50000	       11B
  27.15203	  29.96333	   7.50000	       11B
  27.15203	  34.24515	   7.50000	       11B
  27.15203	  38.52697	   7.50000	       10B
  29.86723	  29.96333	   7.50000	       11B
  29.86723	  34.24515	   7.50000	       11B
  29.86723	  38.52697	   7.50000	       11B
  32.58243	  29.96333	   7.50000	       10B
  32.58243	  34.24515	   7.50000	       11B
  32.58243	  38.52697	   7.50000	       11B
  35.29764	  29.96333	   7.50000	       11B
  35.29764	  34.24515	   7.50000	       10B
  35.29764	  38.52697	   7.50000	       11B
  38.01284	  29.96333	   7.50000	       11B
  38.01284	  34.24515	   7.50000	       10B
  38.01284	  38.52697	   7.50000	       10B
  40.72804	  29.96333	   7.50000	       11B
  40.72804	  34.24515	   7.50000	       11B
  40.72804	  38.52697	   7.50000	       11B
  43.44324	  29.96333	   7.50000	       11B
  43.44324	  34.24515	   7.50000	       10B
  43.44324	  38.52697	   7.50000	       10B
  46.15845	  29.96333	   7.50000	       11B
  46.15845	  34.24515	   7.50000	       10B
  46.15845	  38.52697	   7.50000	       11B
  25.79443	  29.27092	   7.50000	       14N
  25.79443	  33.55274	   7.50000	       14N
  25.79443	  37.83455	   7.50000	       14N
  28.50963	  29.27092	   7.50000	       14N
  28.50963	  33.55274	   7.50000	       14N
  28.50963	  37.83455	   7.50000	       14N
  31.22483	  29.27092	   7.50000	       14N
  31.22483	  33.55274	   7.50000	       14N
  31.22483	  37.83455	   7.50000	       14N
  33.94003	  29.27092	   7.50000	       14N
  33.94003	  33.55274	   7.50000	       14N
  33.94003	  37.83455	   7.50000	       14N
  36.65524	  29.27092	   7.50000	       14N
  36.65524	  33.55274	   7.50000	       14N
  36.65524	  37.83455	   7.50000	       14N
  39.37044	  29.27092	   7.50000	       14N
  39.37044	  33.55274	   7.50000	       14N
  39.37044	  37.83455	   7.50000	       14N
  42.08564	  29.27092	   7.50000	       14N
  42.08564	  33.55274	   7.50000	       14N
  42.08564	  37.83455	   7.50000	       14N
  44.80084	  29.27092	   7.50000	       14N
  44.80084	  33.55274	   7.50000	       14N
  44.80084	  37.83455	   7.50000	       14N
  47.51605	  29.27092	   7.50000	       14N
  47.51605	  33.55274	   7.50000	       14N
  47.51605	  37.83455	   7.50000	       14N
  24.43682	  27.13001	   7.50000	       14N
  24.43682	  31.41182	   7.50000	       14N
  24.43682	  35.69364	   7.50000	       14N
  27.15203	  27.13001	   7.50000	       14N
  27.15203	  31.41182	   7.50000	       14N
  27.15203	  35.69364	   7.50000	       14N
  29.86723	  27.13001	   7.50000	       14N
  29.86723	  31.41182	   7.50000	       14N
  29.86723	  35.69364	   7.50000	       14N
  32.58243	  27.13001	   7.50000	       14N
  32.58243	  31.41182	   7.50000	       14N
  32.58243	  35.69364	   7.50000	       14N
  35.29764	  27.13001	   7.50000	       14N
  35.29764	  31.41182	   7.50000	       14N
  35.29764	  35.69364	   7.50000	       14N
  38.01284	  27.13001	   7.50000	       14N
  38.01284	  31.41182	   7.50000	       14N
  38.01284	  35.69364	   7.50000	       14N
  40.72804	  27.13001	   7.50000	       14N
  40.72804	  31.41182	   7.50000	       14N
  40.72804	  35.69364	   7.50000	       14N
  43.44324	  27.13001	   7.50000	       14N
  43.44324	  31.41182	   7.50000	       14N
  43.44324	  35.69364	   7.50000	       14N
  46.15845	  27.13001	   7.50000	       14N
  46.15845	  31.41182	   7.50000	       14N
  46.15845	  35.69364	   7.50000	       14N
  25.78832	  40.65810	   7.50000	       11B
  25.78447	  44.94273	   7.50000	       11B
  25.79041	  49.22331	   7.50000	       10B
  28.49236	  40.65836	   7.50000	       11B
  28.47828	  44.94629	   7.50000	       11B
  28.49784	  49.22743	   7.50000	       11B
  31.19998	  40.66124	   7.50000	       11B
  31.15718	  44.95429	   7.50000	       11B
  31.21380	  49.23367	   7.50000	       11B
  33.91687	  40.67483	   7.50000	       11B
  33.81347	  44.96310	   7.50000	       11B
  33.94062	  49.23505	   7.50000	       10B
  36.65524	  40.71959	   7.50000	       11B
  36.65524	  49.23330	   7.50000	       11B
  39.39360	  40.67483	   7.50000	       11B
  39.49700	  44.96310	   7.50000	       11B
  39.36985	  49.23505	   7.50000	       11B
  42.11049	  40.66124	   7.50000	       11B
  42.15330	  44.95429	   7.50000	       11B
  42.09667	  49.23367	   7.50000	       11B
  44.81811	  40.65836	   7.50000	       11B
  44.83220	  44.94629	   7.50000	       10B
  44.81264	  49.22743	   7.50000	       11B
  47.52215	  40.65810	   7.50000	       11B
  47.52600	  44.94273	   7.50000	       11B
  47.52006	  49.22331	   7.50000	       11B
  24.43682	  42.80013	   7.50000	       11B
  24.43682	  47.08307	   7.50000	       11B
  24.43682	  51.36252	   7.50000	       11B
  27.13672	  42.80057	   7.50000	       11B
  27.13965	  47.08579	   7.50000	       11B
  27.14250	  51.36353	   7.50000	       11B
  29.83399	  42.80232	   7.50000	       11B
  29.84492	  47.09289	   7.50000	       11B
  29.85211	  51.36662	   7.50000	       11B
  32.52989	  42.80836	   7.50000	       11B
  32.55941	  47.10171	   7.50000	       10B
  32.57235	  51.37247	   7.50000	       11B
  35.26484	  42.84721	   7.50000	       11B
  35.30934	  47.05901	   7.50000	       11B
  35.29930	  51.39386	   7.50000	       10B
  38.04563	  42.84721	   7.50000	       11B
  38.00113	  47.05901	   7.50000	       11B
  38.01118	  51.39386	   7.50000	       11B
  40.78058	  42.80836	   7.50000	       11B
  40.75106	  47.10171	   7.50000	       11B
  40.73813	  51.37247	   7.50000	       11B
  43.47648	  42.80232	   7.50000	       11B
  43.46555	  47.09289	   7.50000	       11B
  43.45836	  51.36662	   7.50000	       11B
  46.17375	  42.80057	   7.50000	       11B
  46.17083	  47.08579	   7.50000	       10B
  46.16798	  51.36353	   7.50000	       11B
  25.78511	  42.10574	   7.50000	       14N
  25.78526	  46.39091	   7.50000	       14N
  25.78761	  50.67116	   7.50000	       14N
  28.48075	  42.10570	   7.50000	       14N
  28.48165	  46.39537	   7.50000	       14N
  28.49124	  50.67466	   7.50000	       14N
  31.17565	  42.10529	   7.50000	       14N
  31.17760	  46.40514	   7.50000	       14N
  31.20373	  50.68175	   7.50000	       14N
  33.87795	  42.10878	   7.50000	       14N
  33.87868	  46.41526	   7.50000	       14N
  33.93195	  50.69117	   7.50000	       14N
  36.65524	  42.16768	   7.50000	       14N
  36.65524	  50.69513	   7.50000	       14N
  39.43252	  42.10878	   7.50000	       14N
  39.43180	  46.41526	   7.50000	       14N
  39.37852	  50.69117	   7.50000	       14N
  42.13483	  42.10529	   7.50000	       14N
  42.13287	  46.40514	   7.50000	       14N
  42.10675	  50.68175	   7.50000	       14N
  44.82972	  42.10570	   7.50000	       14N
  44.82883	  46.39537	   7.50000	       14N
  44.81923	  50.67466	   7.50000	       14N
  47.52536	  42.10574	   7.50000	       14N
  47.52521	  46.39091	   7.50000	       14N
  47.52286	  50.67116	   7.50000	       14N
  24.43682	  39.96468	   7.50000	       14N
  24.43682	  44.24808	   7.50000	       14N
  24.43682	  48.53123	   7.50000	       14N
  27.13695	  39.96539	   7.50000	       14N
  27.12801	  44.24890	   7.50000	       14N
  27.13844	  48.53386	   7.50000	       14N
  29.84028	  39.96712	   7.50000	       14N
  29.81089	  44.25133	   7.50000	       14N
  29.84332	  48.54173	   7.50000	       14N
  32.55381	  39.97226	   7.50000	       14N
  32.46654	  44.25437	   7.50000	       14N
  32.55747	  48.55401	   7.50000	       14N
  35.29041	  39.99925	   7.50000	       14N
  35.28733	  48.54615	   7.50000	       14N
  38.02006	  39.99925	   7.50000	       14N
  38.02314	  48.54615	   7.50000	       14N
  40.75666	  39.97226	   7.50000	       14N
  40.84393	  44.25437	   7.50000	       14N
  40.75300	  48.55401	   7.50000	       14N
  43.47019	  39.96712	   7.50000	       14N
  43.49959	  44.25133	   7.50000	       14N
  43.46715	  48.54173	   7.50000	       14N
  46.17352	  39.96539	   7.50000	       14N
  46.18246	  44.24890	   7.50000	       14N
  46.17204	  48.53386	   7.50000	       14N
  38.29635	  44.21259	   7.50000	       14N
  35.01413	  44.21259	   7.50000	       14N
  36.65524	  46.48956	   7.50000	       14N
  25.79443	  53.51333	   7.50000	       11B
  25.79443	  57.79515	   7.50000	       11B
  25.79443	  62.07697	   7.50000	       11B
  28.50963	  53.51333	   7.50000	       11B
  28.50963	  57.79515	   7.50000	       11B
  28.50963	  62.07697	   7.50000	       10B
  31.22483	  53.51333	   7.50000	       11B
  31.22483	  57.79515	   7.50000	       11B
  31.22483	  62.07697	   7.50000	       11B
  33.94003	  53.51333	   7.50000	       11B
  33.94003	  57.79515	   7.50000	       11B
  33.94003	  62.07697	   7.50000	       11B
  36.65524	  53.51333	   7.50000	       11B
  36.65524	  57.79515	   7.50000	       10B
  36.65524	  62.07697	   7.50000	       11B
  39.37044	  53.51333	   7.50000	       11B
  39.37044	  57.79515	   7.50000	       11B
  39.37044	  62.07697	   7.50000	       11B
  42.08564	  53.51333	   7.50000	       10B
  42.08564	  57.79515	   7.50000	       10B
  42.08564	  62.07697	   7.50000	       10B
  44.80084	  53.51333	   7.50000	       11B
  44.80084	  57.79515	   7.50000	       10B
  44.80084	  62.07697	   7.50000	       11B
  47.51605	  53.51333	   7.50000	       11B
  47.51605	  57.79515	   7.50000	       11B
  47.51605	  62.07697	   7.50000	       11B
  24.43682	  55.65424	   7.50000	       11B
  24.43682	  59.93606	   7.50000	       11B
  24.43682	  64.21788	   7.50000	       11B
  27.15203	  55.65424	   7.50000	       11B
  27.15203	  59.93606	   7.50000	       11B
  27.15203	  64.21788	   7.50000	       11B
  29.86723	  55.65424	   7.50000	       10B
  29.86723	  59.93606	   7.50000	       11B
  29.86723	  64.21788	   7.50000	       11B
  32.58243	  55.65424	   7.50000	       11B
  32.58243	  59.93606	   7.50000	       11B
  32.58243	  64.21788	   7.50000	       11B
  35.29764	  55.65424	   7.50000	       11B
  35.29764	  59.93606	   7.50000	       10B
  35.29764	  64.21788	   7.50000	       11B
  38.01284	  55.65424	   7.50000	       11B
  38.01284	  59.93606	   7.50000	       11B
  38.01284	  64.21788	   7.50000	       11B
  40.72804	  55.65424	   7.50000	       10B
  40.72804	  59.93606	   7.50000	       11B
  40.72804	  64.21788	   7.50000	       11B
  43.44324	  55.65424	   7.50000	       11B
  43.44324	  59.93606	   7.50000	       11B
  43.44324	  64.21788	   7.50000	       11B
  46.15845	  55.65424	   7.50000	       10B
  46.15845	  59.93606	   7.50000	       11B
  46.15845	  64.21788	   7.50000	       11B
  25.79443	  54.96183	   7.50000	       14N
  25.79443	  59.24365	   7.50000	       14N
  25.79443	  63.52546	   7.50000	       14N
  28.50963	  54.96183	   7.50000	       14N
  28.50963	  59.24365	   7.50000	       14N
  28.50963	  63.52546	   7.50000	       14N
  31.22483	  54.96183	   7.50000	       14N
  31.22483	  59.24365	   7.50000	       14N
  31.22483	  63.52546	   7.50000	       14N
  33.94003	  54.96183	   7.50000	       14N
  33.94003	  59.24365	   7.50000	       14N
  33.94003	  63.52546	   7.50000	       14N
  36.65524	  54.96183	   7.50000	       14N
  36.65524	  59.24365	   7.50000	       14N
  36.65524	  63.52546	   7.50000	       14N
  39.37044	  54.96183	   7.50000	       14N
  39.37044	  59.24365	   7.50000	       14N
  39.37044	  63.52546	   7.50000	       14N
  42.08564	  54.96183	   7.50000	       14N
  42.08564	  59.24365	   7.50000	       14N
  42.08564	  63.52546	   7.50000	       14N
  44.80084	  54.96183	   7.50000	       14N
  44.80084	  59.24365	   7.50000	       14N
  44.80084	  63.52546	   7.50000	       14N
  47.51605	  54.96183	   7.50000	       14N
  47.51605	  59.24365	   7.50000	       14N
  47.51605	  63.52546	   7.50000	       14N
  24.43682	  52.82092	   7.50000	       14N
  24.43682	  57.10273	   7.50000	       14N
  24.43682	  61.38455	   7.50000	       14N
  27.15203	  52.82092	   7.50000	       14N
  27.15203	  57.10273	   7.50000	       14N
  27.15203	  61.38455	   7.50000	       14N
  29.86723	  52.82092	   7.50000	       14N
  29.86723	  57.10273	   7.50000	       14N
  29.86723	  61.38455	   7.50000	       14N
  32.58243	  52.82092	   7.50000	       14N
  32.58243	  57.10273	   7.50000	       14N
  32.58243	  61.38455	   7.50000	       14N
  35.29764	  52.82092	   7.50000	       14N
  35.29764	  57.10273	   7.50000	       14N
  35.29764	  61.38455	   7.50000	       14N
  38.01284	  52.82092	   7.50000	       14N
  38.01284	  57.10273	   7.50000	       14N
  38.01284	  61.38455	   7.50000	       14N
  40.72804	  52.82092	   7.50000	       14N
  40.72804	  57.10273	   7.50000	       14N
  40.72804	  61.38455	   7.50000	       14N
  43.44324	  52.82092	   7.50000	       14N
  43.44324	  57.10273	   7.50000	       14N
  43.44324	  61.38455	   7.50000	       14N
  46.15845	  52.82092	   7.50000	       14N
  46.15845	  57.10273	   7.50000	       14N
  46.15845	  61.38455	   7.50000	       14N
  25.79443	  66.35879	   7.50000	       11B
  25.79443	  70.64061	   7.50000	       10B
  25.79443	  74.92243	   7.50000	       11B
  28.50963	  66.35879	   7.50000	       10B
  28.50963	  70.64061	   7.50000	       11B
  28.50963	  74.92243	   7.50000	       11B
  31.22483	  66.35879	   7.50000	       11B
  31.22483	  70.64061	   7.50000	       11B
  31.22483	  74.92243	   7.50000	       11B
  33.94003	  66.35879	   7.50000	       11B
  33.94003	  70.64061	   7.50000	       11B
  33.94003	  74.92243	   7.50000	       11B
  36.65524	  66.35879	   7.50000	       11B
  36.65524	  70.64061	   7.50000	       11B
  36.65524	  74.92243	   7.50000	       11B
  39.37044	  66.35879	   7.50000	       10B
  39.37044	  70.64061	   7.50000	       11B
  39.37044	  74.92243	   7.50000	       11B
  42.08564	  66.35879	   7.50000	       11B
  42.08564	  70.64061	   7.50000	       11B
  42.08564	  74.92243	   7.50000	       11B
  44.80084	  66.35879	   7.50000	       11B
  44.80084	  70.64061	   7.50000	       11B
  44.80084	  74.92243	   7.50000	       11B
  47.51605	  66.35879	   7.50000	       11B
  47.51605	  70.64061	   7.50000	       10B
  47.51605	  74.92243	   7.50000	       11B
  24.43682	  68.49970	   7.50000	       11B
  24.43682	  72.78151	   7.50000	       11B
  24.43682	  77.06333	   7.50000	       11B
  27.15203	  68.49970	   7.50000	       11B
  27.15203	  72.78151	   7.50000	       11B
  27.15203	  77.06333	   7.50000	       11B
  29.86723	  68.49970	   7.50000	       11B
  29.86723	  72.78151	   7.50000	       11B
  29.86723	  77.06333	   7.50000	       11B
  32.58243	  68.49970	   7.50000	       11B
  32.58243	  72.78151	   7.50000	       11B
  32.58243	  77.06333	   7.50000	       10B
  35.29764	  68.49970	   7.50000	       11B
  35.29764	  72.78151	   7.50000	       10B
  35.29764	  77.06333	   7.50000	       11B
  38.01284	  68.49970	   7.50000	       11B
  38.01284	  72.78151	   7.50000	       11B
  38.01284	  77.06333	   7.50000	       11B
  40.72804	  68.49970	   7.50000	       11B
  40.72804	  72.78151	   7.50000	       11B
  40.72804	  77.06333	   7.50000	       11B
  43.44324	  68.49970	   7.50000	       11B
  43.44324	  72.78151	   7.50000	       11B
  43.44324	  77.06333	   7.50000	       11B
  46.15845	  68.49970	   7.50000	       11B
  46.15845	  72.78151	   7.50000	       10B
  46.15845	  77.06333	   7.50000	       11B
  25.79443	  67.80728	   7.50000	       14N
  25.79443	  72.08910	   7.50000	       14N
  25.79443	  76.37092	   7.50000	       14N
  28.50963	  67.80728	   7.50000	       14N
  28.50963	  72.08910	   7.50000	       14N
  28.50963	  76.37092	   7.50000	       14N
  31.22483	  67.80728	   7.50000	       14N
  31.22483	  72.08910	   7.50000	       14N
  31.22483	  76.37092	   7.50000	       14N
  33.94003	  67.80728	   7.50000	       14N
  33.94003	  72.08910	   7.50000	       14N
  33.94003	  76.37092	   7.50000	       14N
  36.65524	  67.80728	   7.50000	       14N
  36.65524	  72.08910	   7.50000	       14N
  36.65524	  76.37092	   7.50000	       14N
  39.37044	  67.80728	   7.50000	       14N
  39.37044	  72.08910	   7.50000	       14N
  39.37044	  76.37092	   7.50000	       14N
  42.08564	  67.80728	   7.50000	       14N
  42.08564	  72.08910	   7.50000	       14N
  42.08564	  76.37092	   7.50000	       14N
  44.80084	  67.80728	   7.50000	       14N
  44.80084	  72.08910	   7.50000	       14N
  44.80084	  76.37092	   7.50000	       14N
  47.51605	  67.80728	   7.50000	       14N
  47.51605	  72.08910	   7.50000	       14N
  47.51605	  76.37092	   7.50000	       14N
  24.43682	  65.66637	   7.50000	       14N
  24.43682	  69.94819	   7.50000	       14N
  24.43682	  74.23001	   7.50000	       14N
  27.15203	  65.66637	   7.50000	       14N
  27.15203	  69.94819	   7.50000	       14N
  27.15203	  74.23001	   7.50000	       14N
  29.86723	  65.66637	   7.50000	       14N
  29.86723	  69.94819	   7.50000	       14N
  29.86723	  74.23001	   7.50000	       14N
  32.58243	  65.66637	   7.50000	       14N
  32.58243	  69.94819	   7.50000	       14N
  32.58243	  74.23001	   7.50000	       14N
  35.29764	  65.66637	   7.50000	       14N
  35.29764	  69.94819	   7.50000	       14N
  35.29764	  74.23001	   7.50000	       14N
  38.01284	  65.66637	   7.50000	       14N
  38.01284	  69.94819	   7.50000	       14N
  38.01284	  74.23001	   7.50000	       14N
  40.72804	  65.66637	   7.50000	       14N
  40.72804	  69.94819	   7.50000	       14N
  40.72804	  74.23001	   7.50000	       14N
  43.44324	  65.66637	   7.50000	       14N
  43.44324	  69.94819	   7.50000	       14N
  43.44324	  74.23001	   7.50000	       14N
  46.15845	  65.66637	   7.50000	       14N
  46.15845	  69.94819	   7.50000	       14N
  46.15845	  74.23001	   7.50000	       14N
  25.79443	  79.20424	   7.50000	       11B
  28.50963	  79.20424	   7.50000	       11B
  31.22483	  79.20424	   7.50000	       11B
  33.94003	  79.20424	   7.50000	       11B
  36.65524	  79.20424	   7.50000	       11B
  39.37044	  79.20424	   7.50000	       11B
  42.08564	  79.20424	   7.50000	       10B
  44.80084	  79.20424	   7.50000	       11B
  47.51605	  79.20424	   7.50000	       11B
  24.43682	  78.51183	   7.50000	       14N
  27.15203	  78.51183	   7.50000	       14N
  29.86723	  78.51183	   7.50000	       14N
  32.58243	  78.51183	   7.50000	       14N
  35.29764	  78.51183	   7.50000	       14N
  38.01284	  78.51183	   7.50000	       14N
  40.72804	  78.51183	   7.50000	       14N
  43.44324	  78.51183	   7.50000	       14N
  46.15845	  78.51183	   7.50000	       14N
  50.23125	   2.13151	   7.50000	       11B
  50.23125	   6.41333	   7.50000	       10B
  50.23125	  10.69515	   7.50000	       11B
  52.94645	   2.13151	   7.50000	       10B
  52.94645	   6.41333	   7.50000	       11B
  52.94645	  10.69515	   7.50000	       11B
  55.66166	   2.13151	   7.50000	       11B
  55.66166	   6.41333	   7.50000	       11B
  55.66166	  10.69515	   7.50000	       10B
  58.37686	   2.13151	   7.50000	       11B
  58.37686	   6.41333	   7.50000	       10B
  58.37686	  10.69515	   7.50000	       11B
  61.09206	   2.13151	   7.50000	       11B
  61.09206	   6.41333	   7.50000	       11B
  61.09206	  10.69515	   7.50000	       11B
  63.80726	   2.13151	   7.50000	       11B
  63.80726	   6.41333	   7.50000	       11B
  63.80726	  10.69515	   7.50000	       11B
  66.52247	   2.13151	   7.50000	       11B
  66.52247	   6.41333	   7.50000	       11B
  66.52247	  10.69515	   7.50000	       11B
  69.23767	   2.13151	   7.50000	       11B
  69.23767	   6.41333	   7.50000	       10B
  69.23767	  10.69515	   7.50000	       11B
  71.95287	   2.13151	   7.50000	       11B
  71.95287	   6.41333	   7.50000	       11B
  71.95287	  10.69515	   7.50000	       11B
  48.87365	   4.27242	   7.50000	       11B
  48.87365	   8.55424	   7.50000	       11B
  48.87365	  12.83606	   7.50000	       11B
  51.58885	   4.27242	   7.50000	       11B
  51.58885	   8.55424	   7.50000	       11B
  51.58885	  12.83606	   7.50000	       11B
  54.30405	   4.27242	   7.50000	       11B
  54.30405	   8.55424	   7.50000	       11B
  54.30405	  12.83606	   7.50000	       11B
  57.01926	   4.27242	   7.50000	       11B
  57.01926	   8.55424	   7.50000	       11B
  57.01926	  12.83606	   7.50000	       11B
  59.73446	   4.27242	   7.50000	       10B
  59.73446	   8.55424	   7.50000	       11B
  59.73446	  12.83606	   7.50000	       11B
  62.44966	   4.27242	   7.50000	       11B
  62.44966	   8.55424	   7.50000	       11B
  62.44966	  12.83606	   7.50000	       11B
  65.16486	   4.27242	   7.50000	       10B
  65.16486	   8.55424	   7.50000	       10B
  65.16486	  12.83606	   7.50000	       11B
  67.88007	   4.27242	   7.50000	       10B
  67.88007	   8.55424	   7.50000	       11B
  67.88007	  12.83606	   7.50000	       11B
  70.59527	   4.27242	   7.50000	       10B
  70.59527	   8.55424	   7.50000	       11B
  70.59527	  12.83606	   7.50000	       11B
  50.23125	   3.58001	   7.50000	       14N
  50.23125	   7.86183	   7.50000	       14N
  50.23125	  12.14364	   7.50000	       14N
  52.94645	   3.58001	   7.50000	       14N
  52.94645	   7.86183	   7.50000	       14N
  52.94645	  12.14364	   7.50000	       14N
  55.66166	   3.58001	   7.50000	       14N
  55.66166	   7.86183	   7.50000	       14N
  55.66166	  12.14364	   7.50000	       14N
  58.37686	   3.58001	   7.50000	       14N
  58.37686	   7.86183	   7.50000	       14N
  58.37686	  12.14364	   7.50000	       14N
  61.09206	   3.58001	   7.50000	       14N
  61.09206	   7.86183	   7.50000	       14N
  61.09206	  12.14364	   7.50000	       14N
  63.80726	   3.58001	   7.50000	       14N
  63.80726	   7.86183	   7.50000	       14N
  63.80726	  12.14364	   7.50000	       14N
  66.52247	   3.58001	   7.50000	       14N
  66.52247	   7.86183	   7.50000	       14N
  66.52247	  12.14364	   7.50000	       14N
  69.23767	   3.58001	   7.50000	       14N
  69.23767	   7.86183	   7.50000	       14N
  69.23767	  12.14364	   7.50000	       14N
  71.95287	   3.58001	   7.50000	       14N
  71.95287	   7.86183	   7.50000	       14N
  71.95287	  12.14364	   7.50000	       14N
  48.87365	   1.43910	   7.50000	       14N
  48.87365	   5.72091	   7.50000	       14N
  48.87365	  10.00273	   7.50000	       14N
  51.58885	   1.43910	   7.50000	       14N
  51.58885	   5.72091	   7.50000	       14N
  51.58885	  10.00273	   7.50000	       14N
  54.30405	   1.43910	   7.50000	       14N
  54.30405	   5.72091	   7.50000	       14N
  54.30405	  10.00273	   7.50000	       14N
  57.01926	   1.43910	   7.50000	       14N
  57.01926	   5.72091	   7.50000	       14N
  57.01926	  10.00273	   7.50000	       14N
  59.73446	   1.43910	   7.50000	       14N
  59.73446	   5.72091	   7.50000	       14N
  59.73446	  10.00273	   7.50000	       14N
  62.44966	   1.43910	   7.50000	       14N
  62.44966	   5.72091	   7.50000	       14N
  62.44966	  10.00273	   7.50000	       15N
  65.16486	   1.43910	   7.50000	       14N
  65.16486	   5.72091	   7.50000	       14N
  65.16486	  10.00273	   7.50000	       14N
  67.88007	   1.43910	   7.50000	       14N
  67.88007	   5.72091	   7.50000	       14N
  67.88007	  10.00273	   7.50000	       14N
  70.59527	   1.43910	   7.50000	       14N
  70.59527	   5.72091	   7.50000	       14N
  70.59527	  10.00273	   7.50000	       14N
  50.23125	  14.97697	   7.50000	       11B
  50.23125	  19.25879	   7.50000	       11B
  50.23125	  23.54061	   7.50000	       11B
  52.94645	  14.97697	   7.50000	       11B
  52.94645	  19.25879	   7.50000	       11B
  52.94645	  23.54061	   7.50000	       10B
  55.66166	  14.97697	   7.50000	       11B
  55.66166	  19.25879	   7.50000	       11B
  55.66166	  23.54061	   7.50000	       11B
  58.37686	  14.97697	   7.50000	       11B
  58.37686	  19.25879	   7.50000	       11B
  58.37686	  23.54061	   7.50000	       10B
  61.09206	  14.97697	   7.50000	       11B
  61.09206	  19.25879	   7.50000	       11B
  61.09206	  23.54061	   7.50000	       10B
  63.80726	  14.97697	   7.50000	       11B
  63.80726	  19.25879	   7.50000	       11B
  63.80726	  23.54061	   7.50000	       11B
  66.52247	  14.97697	   7.50000	       11B
  66.52247	  19.25879	   7.50000	       10B
  66.52247	  23.54061	   7.50000	       10B
  69.23767	  14.97697	   7.50000	       11B
  69.23767	  19.25879	   7.50000	       11B
  69.23767	  23.54061	   7.50000	       11B
  71.95287	  14.97697	   7.50000	       11B
  71.95287	  19.25879	   7.50000	       11B
  71.95287	  23.54061	   7.50000	       10B
  48.87365	  17.11787	   7.50000	       10B
  48.87365	  21.39969	   7.50000	       11B
  48.87365	  25.68151	   7.50000	       11B
  51.58885	  17.11787	   7.50000	       11B
  51.58885	  21.39969	   7.50000	       11B
  51.58885	  25.68151	   7.50000	       11B
  54.30405	  17.11787	   7.50000	       11B
  54.30405	  21.39969	   7.50000	       11B
  54.30405	  25.68151	   7.50000	       10B
  57.01926	  17.11787	   7.50000	       11B
  57.01926	  21.39969	   7.50000	       11B
  57.01926	  25.68151	   7.50000	       11B
  59.73446	  17.11787	   7.50000	       11B
  59.73446	  21.39969	   7.50000	       11B
  59.73446	  25.68151	   7.50000	       11B
  62.44966	  17.11787	   7.50000	       11B
  62.44966	  21.39969	   7.50000	       11B
  62.44966	  25.68151	   7.50000	       11B
  65.16486	  17.11787	   7.50000	       11B
  65.16486	  21.39969	   7.50000	       11B
  65.16486	  25.68151	   7.50000	       11B
  67.88007	  17.11787	   7.50000	       11B
  67.88007	  21.39969	   7.50000	       11B
  67.88007	  25.68151	   7.50000	       11B
  70.59527	  17.11787	   7.50000	       11B
  70.59527	  21.39969	   7.50000	       11B
  70.59527	  25.68151	   7.50000	       11B
  50.23125	  16.42546	   7.50000	       14N
  50.23125	  20.70728	   7.50000	       14N
  50.23125	  24.98910	   7.50000	       14N
  52.94645	  16.42546	   7.50000	       14N
  52.94645	  20.70728	   7.50000	       14N
  52.94645	  24.98910	   7.50000	       14N
  55.66166	  16.42546	   7.50000	       14N
  55.66166	  20.70728	   7.50000	       14N
  55.66166	  24.98910	   7.50000	       14N
  58.37686	  16.42546	   7.50000	       14N
  58.37686	  20.70728	   7.50000	       14N
  58.37686	  24.98910	   7.50000	       14N
  61.09206	  16.42546	   7.50000	       14N
  61.09206	  20.70728	   7.50000	       14N
  61.09206	  24.98910	   7.50000	       14N
  63.80726	  16.42546	   7.50000	       14N
  63.80726	  20.70728	   7.50000	       14N
  63.80726	  24.98910	   7.50000	       14N
  66.52247	  16.42546	   7.50000	       14N
  66.52247	  20.70728	   7.50000	       14N
  66.52247	  24.98910	   7.50000	       14N
  69.23767	  16.42546	   7.50000	       14N
  69.23767	  20.70728	   7.50000	       14N
  69.23767	  24.98910	   7.50000	       14N
  71.95287	  16.42546	   7.50000	       14N
  71.95287	  20.70728	   7.50000	       14N
  71.95287	  24.98910	   7.50000	       14N
  48.87365	  14.28455	   7.50000	       14N
  48.87365	  18.56637	   7.50000	       14N
  48.87365	  22.84819	   7.50000	       14N
  51.58885	  14.28455	   7.50000	       14N
  51.58885	  18.56637	   7.50000	       14N
  51.58885	  22.84819	   7.50000	       14N
  54.30405	  14.28455	   7.50000	       14N
  54.30405	  18.56637	   7.50000	       14N
  54.30405	  22.84819	   7.50000	       14N
  57.01926	  14.28455	   7.50000	       14N
  57.01926	  18.56637	   7.50000	       14N
  57.01926	  22.84819	   7.50000	       14N
  59.73446	  14.28455	   7.50000	       14N
  59.73446	  18.56637	   7.50000	       14N
  59.73446	  22.84819	   7.50000	       14N
  62.44966	  14.28455	   7.50000	       14N
  62.44966	  18.56637	   7.50000	       14N
  62.44966	  22.84819	   7.50000	       14N
  65.16486	  14.28455	   7.50000	       14N
  65.16486	  18.56637	   7.50000	       14N
  65.16486	  22.84819	   7.50000	       14N
  67.88007	  14.28455	   7.50000	       14N
  67.88007	  18.56637	   7.50000	       14N
  67.88007	  22.84819	   7.50000	       14N
  70.59527	  14.28455	   7.50000	       14N
  70.59527	  18.56637	   7.50000	       14N
  70.59527	  22.84819	   7.50000	       14N
  50.23125	  27.82242	   7.50000	       11B
  50.23125	  32.10424	   7.50000	       11B
  50.23125	  36.38606	   7.50000	       11B
  52.94645	  27.82242	   7.50000	       11B
  52.94645	  32.10424	   7.50000	       11B
  52.94645	  36.38606	   7.50000	       11B
  55.66166	  27.82242	   7.50000	       11B
  55.66166	  32.10424	   7.50000	       11B
  55.66166	  36.38606	   7.50000	       11B
  58.37686	  27.82242	   7.50000	       10B
  58.37686	  32.10424	   7.50000	       11B
  58.37686	  36.38606	   7.50000	       11B
  61.09206	  27.82242	   7.50000	       10B
  61.09206	  32.10424	   7.50000	       11B
  61.09206	  36.38606	   7.50000	       11B
  63.80726	  27.82242	   7.50000	       11B
  63.80726	  32.10424	   7.50000	       11B
  63.80726	  36.38606	   7.50000	       11B
  66.52247	  27.82242	   7.50000	       11B
  66.52247	  32.10424	   7.50000	       10B
  66.52247	  36.38606	   7.50000	       11B
  69.23767	  27.82242	   7.50000	       11B
  69.23767	  32.10424	   7.50000	       10B
  69.23767	  36.38606	   7.50000	       11B
  71.95287	  27.82242	   7.50000	       11B
  71.95287	  32.10424	   7.50000	       11B
  71.95287	  36.38606	   7.50000	       11B
  48.87365	  29.96333	   7.50000	       11B
  48.87365	  34.24515	   7.50000	       11B
  48.87365	  38.52697	   7.50000	       10B
  51.58885	  29.96333	   7.50000	       11B
  51.58885	  34.24515	   7.50000	       10B
  51.58885	  38.52697	   7.50000	       11B
  54.30405	  29.96333	   7.50000	       11B
  54.30405	  34.24515	   7.50000	       10B
  54.30405	  38.52697	   7.50000	       11B
  57.01926	  29.96333	   7.50000	       11B
  57.01926	  34.24515	   7.50000	       10B
  57.01926	  38.52697	   7.50000	       11B
  59.73446	  29.96333	   7.50000	       11B
  59.73446	  34.24515	   7.50000	       11B
  59.73446	  38.52697	   7.50000	       11B
  62.44966	  29.96333	   7.50000	       10B
  62.44966	  34.24515	   7.50000	       11B
  62.44966	  38.52697	   7.50000	       11B
  65.16486	  29.96333	   7.50000	       10B
  65.16486	  34.24515	   7.50000	       10B
  65.16486	  38.52697	   7.50000	       11B
  67.88007	  29.96333	   7.50000	       10B
  67.88007	  34.24515	   7.50000	       11B
  67.88007	  38.52697	   7.50000	       11B
  70.59527	  29.96333	   7.50000	       11B
  70.59527	  34.24515	   7.50000	       11B
  70.59527	  38.52697	   7.50000	       11B
  50.23125	  29.27092	   7.50000	       14N
  50.23125	  33.55274	   7.50000	       14N
  50.23125	  37.83455	   7.50000	       14N
  52.94645	  29.27092	   7.50000	       14N
  52.94645	  33.55274	   7.50000	       14N
  52.94645	  37.83455	   7.50000	       14N
  55.66166	  29.27092	   7.50000	       14N
  55.66166	  33.55274	   7.50000	       14N
  55.66166	  37.83455	   7.50000	       14N
  58.37686	  29.27092	   7.50000	       14N
  58.37686	  33.55274	   7.50000	       14N
  58.37686	  37.83455	   7.50000	       14N
  61.09206	  29.27092	   7.50000	       14N
  61.09206	  33.55274	   7.50000	       15N
  61.09206	  37.83455	   7.50000	       14N
  63.80726	  29.27092	   7.50000	       14N
  63.80726	  33.55274	   7.50000	       14N
  63.80726	  37.83455	   7.50000	       14N
  66.52247	  29.27092	   7.50000	       14N
  66.52247	  33.55274	   7.50000	       14N
  66.52247	  37.83455	   7.50000	       14N
  69.23767	  29.27092	   7.50000	       14N
  69.23767	  33.55274	   7.50000	       14N
  69.23767	  37.83455	   7.50000	       14N
  71.95287	  29.27092	   7.50000	       14N
  71.95287	  33.55274	   7.50000	       14N
  71.95287	  37.83455	   7.50000	       14N
  48.87365	  27.13001	   7.50000	       14N
  48.87365	  31.41182	   7.50000	       14N
  48.87365	  35.69364	   7.50000	       14N
  51.58885	  27.13001	   7.50000	       14N
  51.58885	  31.41182	   7.50000	       14N
  51.58885	  35.69364	   7.50000	       14N
  54.30405	  27.13001	   7.50000	       14N
  54.30405	  31.41182	   7.50000	       14N
  54.30405	  35.69364	   7.50000	       14N
  57.01926	  27.13001	   7.50000	       14N
  57.01926	  31.41182	   7.50000	       14N
  57.01926	  35.69364	   7.50000	       14N
  59.73446	  27.13001	   7.50000	       14N
  59.73446	  31.41182	   7.50000	       14N
  59.73446	  35.69364	   7.50000	       14N
  62.44966	  27.13001	   7.50000	       14N
  62.44966	  31.41182	   7.50000	       14N
  62.44966	  35.69364	   7.50000	       14N
  65.16486	  27.13001	   7.50000	       14N
  65.16486	  31.41182	   7.50000	       14N
  65.16486	  35.69364	   7.50000	       14N
  67.88007	  27.13001	   7.50000	       14N
  67.88007	  31.41182	   7.50000	       14N
  67.88007	  35.69364	   7.50000	       14N
  70.59527	  27.13001	   7.50000	       14N
  70.59527	  31.41182	   7.50000	       14N
  70.59527	  35.69364	   7.50000	       14N
  50.23125	  40.66788	   7.50000	       11B
  50.23125	  44.94970	   7.50000	       11B
  50.23125	  49.23152	   7.50000	       10B
  52.94645	  40.66788	   7.50000	       11B
  52.94645	  44.94970	   7.50000	       11B
  52.94645	  49.23152	   7.50000	       10B
  55.66166	  40.66788	   7.50000	       10B
  55.66166	  44.94970	   7.50000	       11B
  55.66166	  49.23152	   7.50000	       10B
  58.37686	  40.66788	   7.50000	       11B
  58.37686	  44.94970	   7.50000	       11B
  58.37686	  49.23152	   7.50000	       10B
  61.09206	  40.66788	   7.50000	       11B
  61.09206	  44.94970	   7.50000	       11B
  61.09206	  49.23152	   7.50000	       11B
  63.80726	  40.66788	   7.50000	       10B
  63.80726	  44.94970	   7.50000	       10B
  63.80726	  49.23152	   7.50000	       11B
  66.52247	  40.66788	   7.50000	       10B
  66.52247	  44.94970	   7.50000	       11B
  66.52247	  49.23152	   7.50000	       11B
  69.23767	  40.66788	   7.50000	       11B
  69.23767	  44.94970	   7.50000	       11B
  69.23767	  49.23152	   7.50000	       11B
  71.95287	  40.66788	   7.50000	       11B
  71.95287	  44.94970	   7.50000	       11B
  71.95287	  49.23152	   7.50000	       11B
  48.87365	  42.80878	   7.50000	       11B
  48.87365	  47.09060	   7.50000	       11B
  48.87365	  51.37242	   7.50000	       10B
  51.58885	  42.80878	   7.50000	       11B
  51.58885	  47.09060	   7.50000	       11B
  51.58885	  51.37242	   7.50000	       10B
  54.30405	  42.80878	   7.50000	       11B
  54.30405	  47.09060	   7.50000	       11B
  54.30405	  51.37242	   7.50000	       11B
  57.01926	  42.80878	   7.50000	       11B
  57.01926	  47.09060	   7.50000	       11B
  57.01926	  51.37242	   7.50000	       11B
  59.73446	  42.80878	   7.50000	       10B
  59.73446	  47.09060	   7.50000	       10B
  59.73446	  51.37242	   7.50000	       10B
  62.44966	  42.80878	   7.50000	       11B
  62.44966	  47.09060	   7.50000	       11B
  62.44966	  51.37242	   7.50000	       11B
  65.16486	  42.80878	   7.50000	       11B
  65.16486	  47.09060	   7.50000	       11B
  65.16486	  51.37242	   7.50000	       11B
  67.88007	  42.80878	   7.50000	       10B
  67.88007	  47.09060	   7.50000	       11B
  67.88007	  51.37242	   7.50000	       11B
  70.59527	  42.80878	   7.50000	       11B
  70.59527	  47.09060	   7.50000	       11B
  70.59527	  51.37242	   7.50000	       11B
  50.23125	  42.11637	   7.50000	       14N
  50.23125	  46.39819	   7.50000	       14N
  50.23125	  50.68001	   7.50000	       14N
  52.94645	  42.11637	   7.50000	       14N
  52.94645	  46.39819	   7.50000	       14N
  52.94645	  50.68001	   7.50000	       14N
  55.66166	  42.11637	   7.50000	       14N
  55.66166	  46.39819	   7.50000	       14N
  55.66166	  50.68001	   7.50000	       14N
  58.37686	  42.11637	   7.50000	       14N
  58.37686	  46.39819	   7.50000	       14N
  58.37686	  50.68001	   7.50000	       14N
  61.09206	  42.11637	   7.50000	       14N
  61.09206	  46.39819	   7.50000	       14N
  61.09206	  50.68001	   7.50000	       14N
  63.80726	  42.11637	   7.50000	       14N
  63.80726	  46.39819	   7.50000	       14N
  63.80726	  50.68001	   7.50000	       14N
  66.52247	  42.11637	   7.50000	       14N
  66.52247	  46.39819	   7.50000	       14N
  66.52247	  50.68001	   7.50000	       14N
  69.23767	  42.11637	   7.50000	       14N
  69.23767	  46.39819	   7.50000	       14N
  69.23767	  50.68001	   7.50000	       14N
  71.95287	  42.11637	   7.50000	       14N
  71.95287	  46.39819	   7.50000	       14N
  71.95287	  50.68001	   7.50000	       14N
  48.87365	  39.97546	   7.50000	       14N
  48.87365	  44.25728	   7.50000	       14N
  48.87365	  48.53910	   7.50000	       14N
  51.58885	  39.97546	   7.50000	       14N
  51.58885	  44.25728	   7.50000	       14N
  51.58885	  48.53910	   7.50000	       14N
  54.30405	  39.97546	   7.50000	       14N
  54.30405	  44.25728	   7.50000	       14N
  54.30405	  48.53910	   7.50000	       14N
  57.01926	  39.97546	   7.50000	       14N
  57.01926	  44.25728	   7.50000	       14N
  57.01926	  48.53910	   7.50000	       14N
  59.73446	  39.97546	   7.50000	       14N
  59.73446	  44.25728	   7.50000	       14N
  59.73446	  48.53910	   7.50000	       14N
  62.44966	  39.97546	   7.50000	       14N
  62.44966	  44.25728	   7.50000	       14N
  62.44966	  48.53910	   7.50000	       14N
  65.16486	  39.97546	   7.50000	       14N
  65.16486	  44.25728	   7.50000	       14N
  65.16486	  48.53910	   7.50000	       14N
  67.88007	  39.97546	   7.50000	       14N
  67.88007	  44.25728	   7.50000	       14N
  67.88007	  48.53910	   7.50000	       14N
  70.59527	  39.97546	   7.50000	       14N
  70.59527	  44.25728	   7.50000	       14N
  70.59527	  48.53910	   7.50000	       14N
  50.23125	  53.51333	   7.50000	       11B
  50.23125	  57.79515	   7.50000	       11B
  50.23125	  62.07697	   7.50000	       11B
  52.94645	  53.51333	   7.50000	       10B
  52.94645	  57.79515	   7.50000	       11B
  52.94645	  62.07697	   7.50000	       11B
  55.66166	  53.51333	   7.50000	       11B
  55.66166	  57.79515	   7.50000	       11B
  55.66166	  62.07697	   7.50000	       11B
  58.37686	  53.51333	   7.50000	       11B
  58.37686	  57.79515	   7.50000	       10B
  58.37686	  62.07697	   7.50000	       10B
  61.09206	  53.51333	   7.50000	       11B
  61.09206	  57.79515	   7.50000	       11B
  61.09206	  62.07697	   7.50000	       11B
  63.80726	  53.51333	   7.50000	       11B
  63.80726	  57.79515	   7.50000	       11B
  63.80726	  62.07697	   7.50000	       10B
  66.52247	  53.51333	   7.50000	       11B
  66.52247	  57.79515	   7.50000	       11B
  66.52247	  62.07697	   7.50000	       11B
  69.23767	  53.51333	   7.50000	       11B
  69.23767	  57.79515	   7.50000	       11B
  69.23767	  62.07697	   7.50000	       11B
  71.95287	  53.51333	   7.50000	       11B
  71.95287	  57.79515	   7.50000	       10B
  71.95287	  62.07697	   7.50000	       11B
  48.87365	  55.65424	   7.50000	       11B
  48.87365	  59.93606	   7.50000	       11B
  48.87365	  64.21788	   7.50000	       11B
  51.58885	  55.65424	   7.50000	       11B
  51.58885	  59.93606	   7.50000	       11B
  51.58885	  64.21788	   7.50000	       11B
  54.30405	  55.65424	   7.50000	       11B
  54.30405	  59.93606	   7.50000	       11B
  54.30405	  64.21788	   7.50000	       11B
  57.01926	  55.65424	   7.50000	       11B
  57.01926	  59.93606	   7.50000	       11B
  57.01926	  64.21788	   7.50000	       11B
  59.73446	  55.65424	   7.50000	       11B
  59.73446	  59.93606	   7.50000	       11B
  59.73446	  64.21788	   7.50000	       10B
  62.44966	  55.65424	   7.50000	       11B
  62.44966	  59.93606	   7.50000	       10B
  62.44966	  64.21788	   7.50000	       10B
  65.16486	  55.65424	   7.50000	       11B
  65.16486	  59.93606	   7.50000	       11B
  65.16486	  64.21788	   7.50000	       11B
  67.88007	  55.65424	   7.50000	       11B
  67.88007	  59.93606	   7.50000	       11B
  67.88007	  64.21788	   7.50000	       11B
  70.59527	  55.65424	   7.50000	       11B
  70.59527	  59.93606	   7.50000	       11B
  70.59527	  64.21788	   7.50000	       11B
  50.23125	  54.96183	   7.50000	       14N
  50.23125	  59.24365	   7.50000	       14N
  50.23125	  63.52546	   7.50000	       14N
  52.94645	  54.96183	   7.50000	       14N
  52.94645	  59.24365	   7.50000	       14N
  52.94645	  63.52546	   7.50000	       14N
  55.66166	  54.96183	   7.50000	       14N
  55.66166	  59.24365	   7.50000	       14N
  55.66166	  63.52546	   7.50000	       14N
  58.37686	  54.96183	   7.50000	       14N
  58.37686	  59.24365	   7.50000	       14N
  58.37686	  63.52546	   7.50000	       14N
  61.09206	  54.96183	   7.50000	       14N
  61.09206	  59.24365	   7.50000	       14N
  61.09206	  63.52546	   7.50000	       14N
  63.80726	  54.96183	   7.50000	       14N
  63.80726	  59.24365	   7.50000	       14N
  63.80726	  63.52546	   7.50000	       14N
  66.52247	  54.96183	   7.50000	       14N
  66.52247	  59.24365	   7.50000	       14N
  66.52247	  63.52546	   7.50000	       14N
  69.23767	  54.96183	   7.50000	       14N
  69.23767	  59.24365	   7.50000	       14N
  69.23767	  63.52546	   7.50000	       14N
  71.95287	  54.96183	   7.50000	       14N
  71.95287	  59.24365	   7.50000	       14N
  71.95287	  63.52546	   7.50000	       14N
  48.87365	  52.82092	   7.50000	       14N
  48.87365	  57.10273	   7.50000	       14N
  48.87365	  61.38455	   7.50000	       14N
  51.58885	  52.82092	   7.50000	       14N
  51.58885	  57.10273	   7.50000	       14N
  51.58885	  61.38455	   7.50000	       14N
  54.30405	  52.82092	   7.50000	       14N
  54.30405	  57.10273	   7.50000	       14N
  54.30405	  61.38455	   7.50000	       14N
  57.01926	  52.82092	   7.50000	       14N
  57.01926	  57.10273	   7.50000	       14N
  57.01926	  61.38455	   7.50000	       14N
  59.73446	  52.82092	   7.50000	       14N
  59.73446	  57.10273	   7.50000	       14N
  59.73446	  61.38455	   7.50000	       14N
  62.44966	  52.82092	   7.50000	       14N
  62.44966	  57.10273	   7.50000	       14N
  62.44966	  61.38455	   7.50000	       14N
  65.16486	  52.82092	   7.50000	       14N
  65.16486	  57.10273	   7.50000	       14N
  65.16486	  61.38455	   7.50000	       14N
  67.88007	  52.82092	   7.50000	       14N
  67.88007	  57.10273	   7.50000	       14N
  67.88007	  61.38455	   7.50000	       14N
  70.59527	  52.82092	   7.50000	       14N
  70.59527	  57.10273	   7.50000	       14N
  70.59527	  61.38455	   7.50000	       14N
  50.23125	  66.35879	   7.50000	       11B
  50.23125	  70.64061	   7.50000	       11B
  50.23125	  74.92243	   7.50000	       11B
  52.94645	  66.35879	   7.50000	       11B
  52.94645	  70.64061	   7.50000	       10B
  52.94645	  74.92243	   7.50000	       11B
  55.66166	  66.35879	   7.50000	       11B
  55.66166	  70.64061	   7.50000	       10B
  55.66166	  74.92243	   7.50000	       11B
  58.37686	  66.35879	   7.50000	       10B
  58.37686	  70.64061	   7.50000	       11B
  58.37686	  74.92243	   7.50000	       11B
  61.09206	  66.35879	   7.50000	       11B
  61.09206	  70.64061	   7.50000	       10B
  61.09206	  74.92243	   7.50000	       11B
  63.80726	  66.35879	   7.50000	       11B
  63.80726	  70.64061	   7.50000	       11B
  63.80726	  74.92243	   7.50000	       11B
  66.52247	  66.35879	   7.50000	       11B
  66.52247	  70.64061	   7.50000	       10B
  66.52247	  74.92243	   7.50000	       11B
  69.23767	  66.35879	   7.50000	       11B
  69.23767	  70.64061	   7.50000	       10B
  69.23767	  74.92243	   7.50000	       11B
  71.95287	  66.35879	   7.50000	       11B
  71.95287	  70.64061	   7.50000	       11B
  71.95287	  74.92243	   7.50000	       11B
  48.87365	  68.49970	   7.50000	       11B
  48.87365	  72.78151	   7.50000	       11B
  48.87365	  77.06333	   7.50000	       11B
  51.58885	  68.49970	   7.50000	       11B
  51.58885	  72.78151	   7.50000	       11B
  51.58885	  77.06333	   7.50000	       11B
  54.30405	  68.49970	   7.50000	       11B
  54.30405	  72.78151	   7.50000	       11B
  54.30405	  77.06333	   7.50000	       11B
  57.01926	  68.49970	   7.50000	       11B
  57.01926	  72.78151	   7.50000	       11B
  57.01926	  77.06333	   7.50000	       11B
  59.73446	  68.49970	   7.50000	       11B
  59.73446	  72.78151	   7.50000	       10B
  59.73446	  77.06333	   7.50000	       10B
  62.44966	  68.49970	   7.50000	       11B
  62.44966	  72.78151	   7.50000	       11B
  62.44966	  77.06333	   7.50000	       11B
  65.16486	  68.49970	   7.50000	       11B
  65.16486	  72.78151	   7.50000	       11B
  65.16486	  77.06333	   7.50000	       11B
  67.88007	  68.49970	   7.50000	       11B
  67.88007	  72.78151	   7.50000	       11B
  67.88007	  77.06333	   7.50000	       11B
  70.59527	  68.49970	   7.50000	       11B
  70.59527	  72.78151	   7.50000	       11B
  70.59527	  77.06333	   7.50000	       11B
  50.23125	  67.80728	   7.50000	       14N
  50.23125	  72.08910	   7.50000	       14N
  50.23125	  76.37092	   7.50000	       14N
  52.94645	  67.80728	   7.50000	       14N
  52.94645	  72.08910	   7.50000	       14N
  52.94645	  76.37092	   7.50000	       14N
  55.66166	  67.80728	   7.50000	       14N
  55.66166	  72.08910	   7.50000	       14N
  55.66166	  76.37092	   7.50000	       14N
  58.37686	  67.80728	   7.50000	       14N
  58.37686	  72.08910	   7.50000	       14N
  58.37686	  76.37092	   7.50000	       14N
  61.09206	  67.80728	   7.50000	       14N
  61.09206	  72.08910	   7.50000	       14N
  61.09206	  76.37092	   7.50000	       14N
  63.80726	  67.80728	   7.50000	       14N
  63.80726	  72.08910	   7.50000	       14N
  63.80726	  76.37092	   7.50000	       14N
  66.52247	  67.80728	   7.50000	       14N
  66.52247	  72.08910	   7.50000	       14N
  66.52247	  76.37092	   7.50000	       14N
  69.23767	  67.80728	   7.50000	       14N
  69.23767	  72.08910	   7.50000	       14N
  69.23767	  76.37092	   7.50000	       14N
  71.95287	  67.80728	   7.50000	       14N
  71.95287	  72.08910	   7.50000	       14N
  71.95287	  76.37092	   7.50000	       14N
  48.87365	  65.66637	   7.50000	       14N
  48.87365	  69.94819	   7.50000	       14N
  48.87365	  74.23001	   7.50000	       14N
  51.58885	  65.66637	   7.50000	       14N
  51.58885	  69.94819	   7.50000	       14N
  51.58885	  74.23001	   7.50000	       14N
  54.30405	  65.66637	   7.50000	       14N
  54.30405	  69.94819	   7.50000	       14N
  54.30405	  74.23001	   7.50000	       14N
  57.01926	  65.66637	   7.50000	       14N
  57.01926	  69.94819	   7.50000	       14N
  57.01926	  74.23001	   7.50000	       14N
  59.73446	  65.66637	   7.50000	       14N
  59.73446	  69.94819	   7.50000	       14N
  59.73446	  74.23001	   7.50000	       14N
  62.44966	  65.66637	   7.50000	       14N
  62.44966	  69.94819	   7.50000	       14N
  62.44966	  74.23001	   7.50000	       14N
  65.16486	  65.66637	   7.50000	       14N
  65.16486	  69.94819	   7.50000	       14N
  65.16486	  74.23001	   7.50000	       14N
  67.88007	  65.66637	   7.50000	       14N
  67.88007	  69.94819	   7.50000	       14N
  67.88007	  74.23001	   7.50000	       14N
  70.59527	  65.66637	   7.50000	       14N
  70.59527	  69.94819	   7.50000	       14N
  70.59527	  74.23001	   7.50000	       14N
  50.23125	  79.20424	   7.50000	       11B
  52.94645	  79.20424	   7.50000	       11B
  55.66166	  79.20424	   7.50000	       11B
  58.37686	  79.20424	   7.50000	       11B
  61.09206	  79.20424	   7.50000	       11B
  63.80726	  79.20424	   7.50000	       10B
  66.52247	  79.20424	   7.50000	       11B
  69.23767	  79.20424	   7.50000	       11B
  71.95287	  79.20424	   7.50000	       11B
  48.87365	  78.51183	   7.50000	       14N
  51.58885	  78.51183	   7.50000	       14N
  54.30405	  78.51183	   7.50000	       14N
  57.01926	  78.51183	   7.50000	       14N
  59.73446	  78.51183	   7.50000	       14N
  62.44966	  78.51183	   7.50000	       14N
  65.16486	  78.51183	   7.50000	       14N
  67.88007	  78.51183	   7.50000	       14N
  70.59527	  78.51183	   7.50000	       14N
  74.66807	   2.13151	   7.50000	       10B
  74.66807	   6.41333	   7.50000	       11B
  74.66807	  10.69515	   7.50000	       10B
  77.38328	   2.13151	   7.50000	       11B
  77.38328	   6.41333	   7.50000	       10B
  77.38328	  10.69515	   7.50000	       11B
  73.31047	   4.27242	   7.50000	       11B
  73.31047	   8.55424	   7.50000	       11B
  73.31047	  12.83606	   7.50000	       11B
  76.02568	   4.27242	   7.50000	       11B
  76.02568	   8.55424	   7.50000	       11B
  76.02568	  12.83606	   7.50000	       10B
  78.74088	   4.27242	   7.50000	       11B
  78.74088	   8.55424	   7.50000	       10B
  78.74088	  12.83606	   7.50000	       10B
  74.66807	   3.58001	   7.50000	       14N
  74.66807	   7.86183	   7.50000	       14N
  74.66807	  12.14364	   7.50000	       14N
  77.38328	   3.58001	   7.50000	       15N
  77.38328	   7.86183	   7.50000	       14N
  77.38328	  12.14364	   7.50000	       14N
  73.31047	   1.43910	   7.50000	       14N
  73.31047	   5.72091	   7.50000	       14N
  73.31047	  10.00273	   7.50000	       14N
  76.02568	   1.43910	   7.50000	       14N
  76.02568	   5.72091	   7.50000	       14N
  76.02568	  10.00273	   7.50000	       14N
  78.74088	   1.43910	   7.50000	       14N
  78.74088	   5.72091	   7.50000	       14N
  78.74088	  10.00273	   7.50000	       15N
  74.66807	  14.97697	   7.50000	       11B
  74.66807	  19.25879	   7.50000	       11B
  74.66807	  23.54061	   7.50000	       11B
  77.38328	  14.97697	   7.50000	       11B
  77.38328	  19.25879	   7.50000	       10B
  77.38328	  23.54061	   7.50000	       11B
  73.31047	  17.11787	   7.50000	       10B
  73.31047	  21.39969	   7.50000	       11B
  73.31047	  25.68151	   7.50000	       11B
  76.02568	  17.11787	   7.50000	       11B
  76.02568	  21.39969	   7.50000	       11B
  76.02568	  25.68151	   7.50000	       11B
  78.74088	  17.11787	   7.50000	       11B
  78.74088	  21.39969	   7.50000	       11B
  78.74088	  25.68151	   7.50000	       11B
  74.66807	  16.42546	   7.50000	       14N
  74.66807	  20.70728	   7.50000	       14N
  74.66807	  24.98910	   7.50000	       14N
  77.38328	  16.42546	   7.50000	       14N
  77.38328	  20.70728	   7.50000	       14N
  77.38328	  24.98910	   7.50000	       14N
  73.31047	  14.28455	   7.50000	       14N
  73.31047	  18.56637	   7.50000	       14N
  73.31047	  22.84819	   7.50000	       14N
  76.02568	  14.28455	   7.50000	       14N
  76.02568	  18.56637	   7.50000	       14N
  76.02568	  22.84819	   7.50000	       14N
  78.74088	  14.28455	   7.50000	       14N
  78.74088	  18.56637	   7.50000	       14N
  78.74088	  22.84819	   7.50000	       14N
  74.66807	  27.82242	   7.50000	       11B
  74.66807	  32.10424	   7.50000	       11B
  74.66807	  36.38606	   7.50000	       11B
  77.38328	  27.82242	   7.50000	       11B
  77.38328	  32.10424	   7.50000	       11B
  77.38328	  36.38606	   7.50000	       11B
  73.31047	  29.96333	   7.50000	       11B
  73.31047	  34.24515	   7.50000	       11B
  73.31047	  38.52697	   7.50000	       11B
  76.02568	  29.96333	   7.50000	       11B
  76.02568	  34.24515	   7.50000	       11B
  76.02568	  38.52697	   7.50000	       11B
  78.74088	  29.96333	   7.50000	       11B
  78.74088	  34.24515	   7.50000	       10B
  78.74088	  38.52697	   7.50000	       11B
  74.66807	  29.27092	   7.50000	       14N
  74.66807	  33.55274	   7.50000	       14N
  74.66807	  37.83455	   7.50000	       14N
  77.38328	  29.27092	   7.50000	       14N
  77.38328	  33.55274	   7.50000	       14N
  77.38328	  37.83455	   7.50000	       14N
  73.31047	  27.13001	   7.50000	       14N
  73.31047	  31.41182	   7.50000	       14N
  73.31047	  35.69364	   7.50000	       14N
  76.02568	  27.13001	   7.50000	       14N
  76.02568	  31.41182	   7.50000	       14N
  76.02568	  35.69364	   7.50000	       14N
  78.74088	  27.13001	   7.50000	       14N
  78.74088	  31.41182	   7.50000	       14N
  78.74088	  35.69364	   7.50000	       14N
  74.66807	  40.66788	   7.50000	       11B
  74.66807	  44.94970	   7.50000	       10B
  74.66807	  49.23152	   7.50000	       10B
  77.38328	  40.66788	   7.50000	       11B
  77.38328	  44.94970	   7.50000	       11B
  77.38328	  49.23152	   7.50000	       11B
  73.31047	  42.80878	   7.50000	       11B
  73.31047	  47.09060	   7.50000	       10B
  73.31047	  51.37242	   7.50000	       11B
  76.02568	  42.80878	   7.50000	       11B
  76.02568	  47.09060	   7.50000	       11B
  76.02568	  51.37242	   7.50000	       11B
  78.74088	  42.80878	   7.50000	       10B
  78.74088	  47.09060	   7.50000	       11B
  78.74088	  51.37242	   7.50000	       11B
  74.66807	  42.11637	   7.50000	       14N
  74.66807	  46.39819	   7.50000	       14N
  74.66807	  50.68001	   7.50000	       14N
  77.38328	  42.11637	   7.50000	       14N
  77.38328	  46.39819	   7.50000	       14N
  77.38328	  50.68001	   7.50000	       14N
  73.31047	  39.97546	   7.50000	       14N
  73.31047	  44.25728	   7.50000	       14N
  73.31047	  48.53910	   7.50000	       14N
  76.02568	  39.97546	   7.50000	       14N
  76.02568	  44.25728	   7.50000	       14N
  76.02568	  48.53910	   7.50000	       14N
  78.74088	  39.97546	   7.50000	       14N
  78.74088	  44.25728	   7.50000	       14N
  78.74088	  48.53910	   7.50000	       14N
  74.66807	  53.51333	   7.50000	       10B
  74.66807	  57.79515	   7.50000	       11B
  74.66807	  62.07697	   7.50000	       11B
  77.38328	  53.51333	   7.50000	       10B
  77.38328	  57.79515	   7.50000	       11B
  77.38328	  62.07697	   7.50000	       11B
  73.31047	  55.65424	   7.50000	       11B
  73.31047	  59.93606	   7.50000	       11B
  73.31047	  64.21788	   7.50000	       10B
  76.02568	  55.65424	   7.50000	       11B
  76.02568	  59.93606	   7.50000	       11B
  76.02568	  64.21788	   7.50000	       10B
  78.74088	  55.65424	   7.50000	       10B
  78.74088	  59.93606	   7.50000	       11B
  78.74088	  64.21788	   7.50000	       11B
  74.66807	  54.96183	   7.50000	       14N
  74.66807	  59.24365	   7.50000	       14N
  74.66807	  63.52546	   7.50000	       14N
  77.38328	  54.96183	   7.50000	       14N
  77.38328	  59.24365	   7.50000	       14N
  77.38328	  63.52546	   7.50000	       14N
  73.31047	  52.82092	   7.50000	       14N
  73.31047	  57.10273	   7.50000	       14N
  73.31047	  61.38455	   7.50000	       14N
  76.02568	  52.82092	   7.50000	       14N
  76.02568	  57.10273	   7.50000	       14N
  76.02568	  61.38455	   7.50000	       14N
  78.74088	  52.82092	   7.50000	       14N
  78.74088	  57.10273	   7.50000	       14N
  78.74088	  61.38455	   7.50000	       14N
  74.66807	  66.35879	   7.50000	       10B
  74.66807	  70.64061	   7.50000	       11B
  74.66807	  74.92243	   7.50000	       11B
  77.38328	  66.35879	   7.50000	       11B
  77.38328	  70.64061	   7.50000	       11B
  77.38328	  74.92243	   7.50000	       11B
  73.31047	  68.49970	   7.50000	       11B
  73.31047	  72.78151	   7.50000	       11B
  73.31047	  77.06333	   7.50000	       11B
  76.02568	  68.49970	   7.50000	       10B
  76.02568	  72.78151	   7.50000	       11B
  76.02568	  77.06333	   7.50000	       10B
  78.74088	  68.49970	   7.50000	       11B
  78.74088	  72.78151	   7.50000	       10B
  78.74088	  77.06333	   7.50000	       11B
  74.66807	  67.80728	   7.50000	       14N
  74.66807	  72.08910	   7.50000	       14N
  74.66807	  76.37092	   7.50000	       14N
  77.38328	  67.80728	   7.50000	       14N
  77.38328	  72.08910	   7.50000	       14N
  77.38328	  76.37092	   7.50000	       14N
  73.31047	  65.66637	   7.50000	       14N
  73.31047	  69.94819	   7.50000	       14N
  73.31047	  74.23001	   7.50000	       14N
  76.02568	  65.66637	   7.50000	       14N
  76.02568	  69.94819	   7.50000	       14N
  76.02568	  74.23001	   7.50000	       14N
  78.74088	  65.66637	   7.50000	       14N
  78.74088	  69.94819	   7.50000	       14N
  78.74088	  74.23001	   7.50000	       14N
  74.66807	  79.20424	   7.50000	       11B
  77.38328	  79.20424	   7.50000	       11B
  73.31047	  78.51183	   7.50000	       14N
  76.02568	  78.51183	   7.50000	       14N
  78.74088	  78.51183	   7.50000	       14N
