--------------------------------------------------------------------------------------------------------------------------------------------------------------------------
  AtomName	    r_1i_X	    r_1i_Y	    r_1i_Z	     EFGxx	     EFGxy	     EFGxz	     EFGyx	     EFGyy	     EFGyz	     EFGzx	     EFGzy	     EFGzz	[Hatree/Bohr_radius^2]
--------------------------------------------------------------------------------------------------------------------------------------------------------------------------
10B  eQ___:	  8.459000	[Q/milibarn]*(10^-1)
11B  eQ___:	  4.059000	[Q/milibarn]*(10^-1)
14N  eQ___:	  2.044000	[Q/milibarn]*(10^-1)
15N  eQ___:	  0.000000	[Q/milibarn]*(10^-1)
10B  etc____:	---       	---       	---       	  -0.14233	  -0.00000	  -0.00000	  -0.00000	  -0.18783	  -0.00000	  -0.00000	  -0.00000	   0.33016
11B  etc____:	---       	---       	---       	  -0.14233	  -0.00000	  -0.00000	  -0.00000	  -0.18783	  -0.00000	  -0.00000	  -0.00000	   0.33016
14N  etc____:	---       	---       	---       	   0.18669	   0.00000	  -0.00000	   0.00000	  -0.11889	   0.00000	  -0.00000	   0.00000	  -0.06780
15N  etc____:	---       	---       	---       	   0.18669	   0.00000	  -0.00000	   0.00000	  -0.11889	   0.00000	  -0.00000	   0.00000	  -0.06780
MinDif[A]:	 -12.21841	  -6.42317	   0.00000
MaxDif[A]:	  10.87077	   6.40089	   0.00000
--------------------------------------------------------------------------------------------------------------------------------------------------------------------------
B         	 -10.86692	  -4.31348	   0.00000	  -0.14167	   0.00296	  -0.00000	   0.00296	  -0.18837	   0.00000	  -0.00000	   0.00000	   0.33005
B         	 -10.87077	  -0.02885	   0.00000	  -0.14296	   0.00337	  -0.00000	   0.00337	  -0.18832	   0.00000	  -0.00000	   0.00000	   0.33128
B         	 -10.86482	   4.25173	   0.00000	  -0.14293	   0.00448	   0.00000	   0.00448	  -0.18738	   0.00000	   0.00000	   0.00000	   0.33032
B         	  -8.16288	  -4.31322	   0.00000	  -0.14078	   0.00862	   0.00000	   0.00862	  -0.18842	   0.00000	   0.00000	   0.00000	   0.32918
B         	  -8.17696	  -0.02529	   0.00000	  -0.14377	   0.01215	   0.00000	   0.01215	  -0.18816	   0.00000	   0.00000	   0.00000	   0.33193
B         	  -8.15740	   4.25585	   0.00000	  -0.14255	   0.01225	  -0.00000	   0.01225	  -0.18712	   0.00000	  -0.00000	   0.00000	   0.32967
B         	  -5.45526	  -4.31034	   0.00000	  -0.13497	   0.01231	   0.00000	   0.01231	  -0.19133	   0.00000	   0.00000	   0.00000	   0.32630
B         	  -5.49806	  -0.01729	   0.00000	  -0.14577	   0.02284	  -0.00000	   0.02284	  -0.18812	   0.00000	  -0.00000	   0.00000	   0.33390
B         	  -5.44144	   4.26209	   0.00000	  -0.14289	   0.02033	   0.00000	   0.02033	  -0.18476	   0.00000	   0.00000	   0.00000	   0.32765
B         	  -2.73836	  -4.29675	   0.00000	  -0.12285	   0.01334	  -0.00000	   0.01334	  -0.19836	  -0.00000	  -0.00000	  -0.00000	   0.32122
B         	  -2.84177	  -0.00848	   0.00000	  -0.13011	   0.05293	   0.00000	   0.05293	  -0.19715	  -0.00000	   0.00000	  -0.00000	   0.32726
B         	  -2.71462	   4.26348	   0.00000	  -0.14411	   0.02128	  -0.00000	   0.02128	  -0.17872	  -0.00000	  -0.00000	  -0.00000	   0.32283
B         	   0.00000	  -4.25199	   0.00000	  -0.11225	   0.00000	   0.00000	   0.00000	  -0.20208	   0.00000	   0.00000	   0.00000	   0.31433
B         	   0.00000	   4.26172	   0.00000	  -0.14782	   0.00000	   0.00000	   0.00000	  -0.17197	   0.00000	   0.00000	   0.00000	   0.31979
B         	   2.73836	  -4.29675	   0.00000	  -0.12285	  -0.01334	  -0.00000	  -0.01334	  -0.19836	   0.00000	  -0.00000	   0.00000	   0.32122
B         	   2.84177	  -0.00848	   0.00000	  -0.13011	  -0.05293	   0.00000	  -0.05293	  -0.19715	  -0.00000	   0.00000	  -0.00000	   0.32726
B         	   2.71462	   4.26348	   0.00000	  -0.14411	  -0.02128	   0.00000	  -0.02128	  -0.17872	  -0.00000	   0.00000	  -0.00000	   0.32283
B         	   5.45526	  -4.31034	   0.00000	  -0.13497	  -0.01231	   0.00000	  -0.01231	  -0.19133	   0.00000	   0.00000	   0.00000	   0.32630
B         	   5.49806	  -0.01729	   0.00000	  -0.14577	  -0.02284	  -0.00000	  -0.02284	  -0.18812	  -0.00000	  -0.00000	  -0.00000	   0.33390
B         	   5.44144	   4.26209	   0.00000	  -0.14289	  -0.02033	   0.00000	  -0.02033	  -0.18476	   0.00000	   0.00000	   0.00000	   0.32765
B         	   8.16288	  -4.31322	   0.00000	  -0.14078	  -0.00862	   0.00000	  -0.00862	  -0.18842	   0.00000	   0.00000	   0.00000	   0.32918
B         	   8.17696	  -0.02529	   0.00000	  -0.14377	  -0.01215	   0.00000	  -0.01215	  -0.18816	   0.00000	   0.00000	   0.00000	   0.33193
B         	   8.15740	   4.25585	   0.00000	  -0.14255	  -0.01225	   0.00000	  -0.01225	  -0.18712	  -0.00000	   0.00000	  -0.00000	   0.32967
B         	  10.86692	  -4.31348	   0.00000	  -0.14167	  -0.00296	   0.00000	  -0.00296	  -0.18837	  -0.00000	   0.00000	  -0.00000	   0.33005
B         	  10.87077	  -0.02885	   0.00000	  -0.14296	  -0.00337	  -0.00000	  -0.00337	  -0.18832	   0.00000	  -0.00000	   0.00000	   0.33128
B         	  10.86482	   4.25173	   0.00000	  -0.14293	  -0.00448	  -0.00000	  -0.00448	  -0.18738	  -0.00000	  -0.00000	  -0.00000	   0.33032
B         	 -12.21841	  -2.17145	   0.00000	  -0.14207	  -0.00000	   0.00000	  -0.00000	  -0.18837	   0.00000	   0.00000	   0.00000	   0.33045
B         	 -12.21841	   2.11149	   0.00000	  -0.14316	  -0.00000	   0.00000	  -0.00000	  -0.18765	   0.00000	   0.00000	   0.00000	   0.33081
B         	 -12.21841	   6.39094	   0.00000	  -0.14233	  -0.00000	  -0.00000	  -0.00000	  -0.18783	  -0.00000	  -0.00000	  -0.00000	   0.33016
B         	  -9.51852	  -2.17101	   0.00000	  -0.14187	   0.00699	  -0.00000	   0.00699	  -0.18834	  -0.00000	  -0.00000	  -0.00000	   0.33021
B         	  -9.51559	   2.11421	   0.00000	  -0.14311	   0.00933	  -0.00000	   0.00933	  -0.18749	   0.00000	  -0.00000	   0.00000	   0.33060
B         	  -9.51274	   6.39195	   0.00000	  -0.14199	   0.00631	  -0.00000	   0.00631	  -0.18782	   0.00000	  -0.00000	   0.00000	   0.32980
B         	  -6.82125	  -2.16926	   0.00000	  -0.14087	   0.01329	   0.00000	   0.01329	  -0.18795	  -0.00000	   0.00000	  -0.00000	   0.32882
B         	  -6.81032	   2.12131	   0.00000	  -0.14388	   0.02119	   0.00000	   0.02119	  -0.18568	  -0.00000	   0.00000	  -0.00000	   0.32955
B         	  -6.80313	   6.39504	   0.00000	  -0.14001	   0.01120	  -0.00000	   0.01120	  -0.18855	   0.00000	  -0.00000	   0.00000	   0.32855
B         	  -4.12534	  -2.16321	   0.00000	  -0.13221	   0.01979	  -0.00000	   0.01979	  -0.18906	  -0.00000	  -0.00000	  -0.00000	   0.32127
B         	  -4.09583	   2.13013	   0.00000	  -0.14594	   0.03714	  -0.00000	   0.03714	  -0.17803	   0.00000	  -0.00000	   0.00000	   0.32399
B         	  -4.08289	   6.40089	   0.00000	  -0.13682	   0.01321	   0.00000	   0.01321	  -0.18964	   0.00000	   0.00000	   0.00000	   0.32646
B         	  -1.39039	  -2.12437	   0.00000	  -0.08833	   0.06295	  -0.00000	   0.06295	  -0.20420	  -0.00000	  -0.00000	  -0.00000	   0.29253
B         	  -1.34590	   2.08743	   0.00000	  -0.17396	   0.03762	   0.00000	   0.03762	  -0.12612	  -0.00000	   0.00000	  -0.00000	   0.30008
B         	  -1.35594	  -6.42317	   0.00000	  -0.13225	   0.00855	   0.00000	   0.00855	  -0.18983	  -0.00000	   0.00000	  -0.00000	   0.32207
B         	   1.39039	  -2.12437	   0.00000	  -0.08833	  -0.06295	  -0.00000	  -0.06295	  -0.20420	  -0.00000	  -0.00000	  -0.00000	   0.29253
B         	   1.34590	   2.08743	   0.00000	  -0.17396	  -0.03762	   0.00000	  -0.03762	  -0.12612	   0.00000	   0.00000	   0.00000	   0.30008
B         	   1.35594	  -6.42317	   0.00000	  -0.13225	  -0.00855	   0.00000	  -0.00855	  -0.18983	   0.00000	   0.00000	   0.00000	   0.32207
B         	   4.12534	  -2.16321	   0.00000	  -0.13221	  -0.01979	   0.00000	  -0.01979	  -0.18906	   0.00000	   0.00000	   0.00000	   0.32127
B         	   4.09583	   2.13013	   0.00000	  -0.14594	  -0.03714	  -0.00000	  -0.03714	  -0.17803	  -0.00000	  -0.00000	  -0.00000	   0.32399
B         	   4.08289	   6.40089	   0.00000	  -0.13682	  -0.01321	   0.00000	  -0.01321	  -0.18964	   0.00000	   0.00000	   0.00000	   0.32646
B         	   6.82125	  -2.16926	   0.00000	  -0.14087	  -0.01329	   0.00000	  -0.01329	  -0.18795	   0.00000	   0.00000	   0.00000	   0.32882
B         	   6.81032	   2.12131	   0.00000	  -0.14388	  -0.02119	   0.00000	  -0.02119	  -0.18568	   0.00000	   0.00000	   0.00000	   0.32955
B         	   6.80313	   6.39504	   0.00000	  -0.14001	  -0.01120	   0.00000	  -0.01120	  -0.18855	  -0.00000	   0.00000	  -0.00000	   0.32855
B         	   9.51852	  -2.17101	   0.00000	  -0.14187	  -0.00699	  -0.00000	  -0.00699	  -0.18834	  -0.00000	  -0.00000	  -0.00000	   0.33021
B         	   9.51559	   2.11421	   0.00000	  -0.14311	  -0.00933	  -0.00000	  -0.00933	  -0.18749	  -0.00000	  -0.00000	  -0.00000	   0.33060
B         	   9.51274	   6.39195	   0.00000	  -0.14199	  -0.00631	   0.00000	  -0.00631	  -0.18782	  -0.00000	   0.00000	  -0.00000	   0.32980
N         	 -10.87013	  -2.86584	   0.00000	   0.18167	  -0.00324	  -0.00000	  -0.00324	  -0.11612	   0.00000	  -0.00000	   0.00000	  -0.06555
N         	 -10.86998	   1.41933	   0.00000	   0.18467	   0.00185	  -0.00000	   0.00185	  -0.11412	   0.00000	  -0.00000	   0.00000	  -0.07055
N         	 -10.86763	   5.69958	   0.00000	   0.19052	  -0.00107	   0.00000	  -0.00107	  -0.12060	   0.00000	   0.00000	   0.00000	  -0.06993
N         	  -8.17448	  -2.86588	   0.00000	   0.17822	  -0.01139	   0.00000	  -0.01139	  -0.11643	   0.00000	   0.00000	   0.00000	  -0.06179
N         	  -8.17359	   1.42379	   0.00000	   0.18530	   0.00666	  -0.00000	   0.00666	  -0.11186	   0.00000	  -0.00000	   0.00000	  -0.07344
N         	  -8.16399	   5.70308	   0.00000	   0.19608	  -0.00193	  -0.00000	  -0.00193	  -0.12514	   0.00000	  -0.00000	   0.00000	  -0.07095
N         	  -5.47959	  -2.86629	   0.00000	   0.17704	  -0.02493	   0.00000	  -0.02493	  -0.12074	   0.00000	   0.00000	   0.00000	  -0.05630
N         	  -5.47764	   1.43356	   0.00000	   0.19255	   0.02253	   0.00000	   0.02253	  -0.10960	  -0.00000	   0.00000	  -0.00000	  -0.08295
N         	  -5.45151	   5.71017	   0.00000	   0.20808	  -0.00162	   0.00000	  -0.00162	  -0.13236	   0.00000	   0.00000	   0.00000	  -0.07572
N         	  -2.77729	  -2.86280	   0.00000	   0.22481	   0.01009	  -0.00000	   0.01009	  -0.11930	  -0.00000	  -0.00000	  -0.00000	  -0.10550
N         	  -2.77656	   1.44369	   0.00000	   0.21883	   0.05333	  -0.00000	   0.05333	  -0.10212	  -0.00000	  -0.00000	  -0.00000	  -0.11672
N         	  -2.72329	   5.71959	   0.00000	   0.21408	   0.00200	   0.00000	   0.00200	  -0.12219	   0.00000	   0.00000	   0.00000	  -0.09189
N         	   0.00000	  -2.80390	   0.00000	   0.27715	  -0.00000	   0.00000	  -0.00000	  -0.11866	   0.00000	   0.00000	   0.00000	  -0.15849
N         	   0.00000	   5.72355	   0.00000	   0.20426	  -0.00000	   0.00000	  -0.00000	  -0.11367	  -0.00000	   0.00000	  -0.00000	  -0.09059
N         	   2.77729	  -2.86280	   0.00000	   0.22481	  -0.01009	  -0.00000	  -0.01009	  -0.11930	   0.00000	  -0.00000	   0.00000	  -0.10550
N         	   2.77656	   1.44369	   0.00000	   0.21883	  -0.05333	  -0.00000	  -0.05333	  -0.10212	   0.00000	  -0.00000	   0.00000	  -0.11672
N         	   2.72329	   5.71959	   0.00000	   0.21408	  -0.00200	  -0.00000	  -0.00200	  -0.12219	  -0.00000	  -0.00000	  -0.00000	  -0.09189
N         	   5.47959	  -2.86629	   0.00000	   0.17704	   0.02493	   0.00000	   0.02493	  -0.12074	   0.00000	   0.00000	   0.00000	  -0.05630
N         	   5.47764	   1.43356	   0.00000	   0.19255	  -0.02253	   0.00000	  -0.02253	  -0.10960	  -0.00000	   0.00000	  -0.00000	  -0.08295
N         	   5.45151	   5.71017	   0.00000	   0.20808	   0.00162	  -0.00000	   0.00162	  -0.13236	  -0.00000	  -0.00000	  -0.00000	  -0.07572
N         	   8.17448	  -2.86588	   0.00000	   0.17822	   0.01139	   0.00000	   0.01139	  -0.11643	  -0.00000	   0.00000	  -0.00000	  -0.06179
N         	   8.17359	   1.42379	   0.00000	   0.18530	  -0.00666	   0.00000	  -0.00666	  -0.11186	  -0.00000	   0.00000	  -0.00000	  -0.07344
N         	   8.16399	   5.70308	   0.00000	   0.19608	   0.00193	   0.00000	   0.00193	  -0.12514	  -0.00000	   0.00000	  -0.00000	  -0.07095
N         	  10.87013	  -2.86584	   0.00000	   0.18167	   0.00324	   0.00000	   0.00324	  -0.11612	  -0.00000	   0.00000	  -0.00000	  -0.06555
N         	  10.86998	   1.41933	   0.00000	   0.18467	  -0.00185	   0.00000	  -0.00185	  -0.11412	  -0.00000	   0.00000	  -0.00000	  -0.07055
N         	  10.86763	   5.69958	   0.00000	   0.19052	   0.00107	  -0.00000	   0.00107	  -0.12060	   0.00000	  -0.00000	   0.00000	  -0.06993
N         	 -12.21841	  -5.00690	   0.00000	   0.18669	   0.00000	  -0.00000	   0.00000	  -0.11889	   0.00000	  -0.00000	   0.00000	  -0.06780
N         	 -12.21841	  -0.72350	   0.00000	   0.17649	   0.00000	  -0.00000	   0.00000	  -0.11122	  -0.00000	  -0.00000	  -0.00000	  -0.06525
N         	 -12.21841	   3.55965	   0.00000	   0.19050	   0.00000	   0.00000	   0.00000	  -0.11870	   0.00000	   0.00000	   0.00000	  -0.07180
N         	  -9.51828	  -5.00619	   0.00000	   0.18800	  -0.00492	  -0.00000	  -0.00492	  -0.12109	   0.00000	  -0.00000	   0.00000	  -0.06690
N         	  -9.52723	  -0.72268	   0.00000	   0.17258	  -0.00382	   0.00000	  -0.00382	  -0.10878	  -0.00000	   0.00000	  -0.00000	  -0.06379
N         	  -9.51680	   3.56228	   0.00000	   0.19192	   0.00221	   0.00000	   0.00221	  -0.11935	   0.00000	   0.00000	   0.00000	  -0.07257
N         	  -6.81496	  -5.00446	   0.00000	   0.19237	  -0.01081	   0.00000	  -0.01081	  -0.12690	  -0.00000	   0.00000	  -0.00000	  -0.06547
N         	  -6.84435	  -0.72024	   0.00000	   0.15297	  -0.00864	  -0.00000	  -0.00864	  -0.09704	  -0.00000	  -0.00000	  -0.00000	  -0.05593
N         	  -6.81191	   3.57016	   0.00000	   0.20155	   0.00700	   0.00000	   0.00700	  -0.12337	  -0.00000	   0.00000	  -0.00000	  -0.07819
N         	  -4.10142	  -4.99932	   0.00000	   0.20438	  -0.01184	   0.00000	  -0.01184	  -0.12762	   0.00000	   0.00000	   0.00000	  -0.07676
N         	  -4.18870	  -0.71721	   0.00000	   0.12738	  -0.00329	  -0.00000	  -0.00329	  -0.08022	  -0.00000	  -0.00000	  -0.00000	  -0.04715
N         	  -4.09776	   3.58243	   0.00000	   0.21576	   0.01325	   0.00000	   0.01325	  -0.12898	   0.00000	   0.00000	   0.00000	  -0.08678
N         	  -1.36482	  -4.97233	   0.00000	   0.21942	   0.01155	  -0.00000	   0.01155	  -0.11567	  -0.00000	  -0.00000	  -0.00000	  -0.10375
N         	  -1.36790	   3.57458	   0.00000	   0.20244	  -0.00878	  -0.00000	  -0.00878	  -0.08711	  -0.00000	  -0.00000	  -0.00000	  -0.11533
N         	   1.36482	  -4.97233	   0.00000	   0.21942	  -0.01155	   0.00000	  -0.01155	  -0.11567	   0.00000	   0.00000	   0.00000	  -0.10375
N         	   1.36790	   3.57458	   0.00000	   0.20244	   0.00878	  -0.00000	   0.00878	  -0.08711	   0.00000	  -0.00000	   0.00000	  -0.11533
N         	   4.10142	  -4.99932	   0.00000	   0.20438	   0.01184	   0.00000	   0.01184	  -0.12762	  -0.00000	   0.00000	  -0.00000	  -0.07676
N         	   4.18870	  -0.71721	   0.00000	   0.12738	   0.00329	  -0.00000	   0.00329	  -0.08022	   0.00000	  -0.00000	   0.00000	  -0.04715
N         	   4.09776	   3.58243	   0.00000	   0.21576	  -0.01325	   0.00000	  -0.01325	  -0.12898	  -0.00000	   0.00000	  -0.00000	  -0.08678
N         	   6.81496	  -5.00446	   0.00000	   0.19237	   0.01081	   0.00000	   0.01081	  -0.12690	   0.00000	   0.00000	   0.00000	  -0.06547
N         	   6.84435	  -0.72024	   0.00000	   0.15297	   0.00864	  -0.00000	   0.00864	  -0.09704	   0.00000	  -0.00000	   0.00000	  -0.05593
N         	   6.81191	   3.57016	   0.00000	   0.20155	  -0.00700	  -0.00000	  -0.00700	  -0.12337	   0.00000	  -0.00000	   0.00000	  -0.07819
N         	   9.51828	  -5.00619	   0.00000	   0.18800	   0.00492	   0.00000	   0.00492	  -0.12109	  -0.00000	   0.00000	  -0.00000	  -0.06690
N         	   9.52723	  -0.72268	   0.00000	   0.17258	   0.00382	  -0.00000	   0.00382	  -0.10878	  -0.00000	  -0.00000	  -0.00000	  -0.06379
N         	   9.51680	   3.56228	   0.00000	   0.19192	  -0.00221	   0.00000	  -0.00221	  -0.11935	   0.00000	   0.00000	   0.00000	  -0.07257
N         	   1.64111	  -0.75899	   0.00000	   0.20584	  -0.26394	   0.00000	  -0.26394	  -0.05506	  -0.00000	   0.00000	  -0.00000	  -0.15078
N         	  -1.64111	  -0.75899	   0.00000	   0.20584	   0.26394	   0.00000	   0.26394	  -0.05506	   0.00000	   0.00000	   0.00000	  -0.15078
N         	   0.00000	   1.51798	   0.00000	   0.02934	   0.00000	   0.00000	   0.00000	   0.22121	  -0.00000	   0.00000	  -0.00000	  -0.25055
