--------------------------------------------------------------------------------------------------------------------------------------------------------------------------
  AtomName	    r_1i_X	    r_1i_Y	    r_1i_Z	     EFGxx	     EFGxy	     EFGxz	     EFGyx	     EFGyy	     EFGyz	     EFGzx	     EFGzy	     EFGzz	[Hatree/Bohr_radius^2]
--------------------------------------------------------------------------------------------------------------------------------------------------------------------------
10B  eQ___:	  8.459000	[Q/milibarn]*(10^-1)
11B  eQ___:	  4.059000	[Q/milibarn]*(10^-1)
14N  eQ___:	  2.044000	[Q/milibarn]*(10^-1)
15N  eQ___:	  0.000000	[Q/milibarn]*(10^-1)
10B  etc____:	---       	---       	---       	  -0.16211	  -0.00000	  -0.00000	  -0.00000	  -0.20561	   0.00000	  -0.00000	   0.00000	   0.36772
11B  etc____:	---       	---       	---       	  -0.16211	  -0.00000	  -0.00000	  -0.00000	  -0.20561	   0.00000	  -0.00000	   0.00000	   0.36772
14N  etc____:	---       	---       	---       	   0.19283	  -0.00000	  -0.00000	  -0.00000	  -0.11727	   0.00000	  -0.00000	   0.00000	  -0.07556
15N  etc____:	---       	---       	---       	   0.19283	  -0.00000	  -0.00000	  -0.00000	  -0.11727	   0.00000	  -0.00000	   0.00000	  -0.07556
MinDif[A]:	 -12.21841	  -6.42317	   0.00000
MaxDif[A]:	  10.87077	   6.40089	   0.00000
--------------------------------------------------------------------------------------------------------------------------------------------------------------------------
B         	 -10.86692	  -4.31348	   0.00000	  -0.16124	   0.00330	   0.00000	   0.00330	  -0.20589	  -0.00000	   0.00000	  -0.00000	   0.36714
B         	 -10.87077	  -0.02885	   0.00000	  -0.16216	   0.00383	  -0.00000	   0.00383	  -0.20595	   0.00000	  -0.00000	   0.00000	   0.36811
B         	 -10.86482	   4.25173	   0.00000	  -0.16243	   0.00471	  -0.00000	   0.00471	  -0.20490	  -0.00000	  -0.00000	  -0.00000	   0.36733
B         	  -8.16288	  -4.31322	   0.00000	  -0.16063	   0.00903	   0.00000	   0.00903	  -0.20584	  -0.00000	   0.00000	  -0.00000	   0.36647
B         	  -8.17696	  -0.02529	   0.00000	  -0.16304	   0.01272	  -0.00000	   0.01272	  -0.20572	  -0.00000	  -0.00000	  -0.00000	   0.36876
B         	  -8.15740	   4.25585	   0.00000	  -0.16222	   0.01270	   0.00000	   0.01270	  -0.20455	  -0.00000	   0.00000	  -0.00000	   0.36678
B         	  -5.45526	  -4.31034	   0.00000	  -0.15553	   0.01326	   0.00000	   0.01326	  -0.20863	  -0.00000	   0.00000	  -0.00000	   0.36414
B         	  -5.49806	  -0.01729	   0.00000	  -0.16503	   0.02274	  -0.00000	   0.02274	  -0.20549	  -0.00000	  -0.00000	  -0.00000	   0.37052
B         	  -5.44144	   4.26209	   0.00000	  -0.16361	   0.02163	  -0.00000	   0.02163	  -0.20157	   0.00000	  -0.00000	   0.00000	   0.36518
B         	  -2.73836	  -4.29675	   0.00000	  -0.14230	   0.01242	   0.00000	   0.01242	  -0.21715	  -0.00000	   0.00000	  -0.00000	   0.35946
B         	  -2.84177	  -0.00848	   0.00000	  -0.14492	   0.04490	   0.00000	   0.04490	  -0.21793	   0.00000	   0.00000	   0.00000	   0.36285
B         	  -2.71462	   4.26348	   0.00000	  -0.16650	   0.02536	  -0.00000	   0.02536	  -0.19471	  -0.00000	  -0.00000	  -0.00000	   0.36121
B         	   0.00000	  -4.25199	   0.00000	  -0.13507	  -0.00000	  -0.00000	  -0.00000	  -0.21873	  -0.00000	  -0.00000	  -0.00000	   0.35380
B         	   0.00000	   4.26172	   0.00000	  -0.17232	   0.00000	  -0.00000	   0.00000	  -0.18682	  -0.00000	  -0.00000	  -0.00000	   0.35913
B         	   2.73836	  -4.29675	   0.00000	  -0.14230	  -0.01242	  -0.00000	  -0.01242	  -0.21715	  -0.00000	  -0.00000	  -0.00000	   0.35946
B         	   2.84177	  -0.00848	   0.00000	  -0.14492	  -0.04490	  -0.00000	  -0.04490	  -0.21793	   0.00000	  -0.00000	   0.00000	   0.36285
B         	   2.71462	   4.26348	   0.00000	  -0.16650	  -0.02536	  -0.00000	  -0.02536	  -0.19471	  -0.00000	  -0.00000	  -0.00000	   0.36121
B         	   5.45526	  -4.31034	   0.00000	  -0.15553	  -0.01326	   0.00000	  -0.01326	  -0.20863	   0.00000	   0.00000	   0.00000	   0.36414
B         	   5.49806	  -0.01729	   0.00000	  -0.16503	  -0.02274	  -0.00000	  -0.02274	  -0.20549	   0.00000	  -0.00000	   0.00000	   0.37052
B         	   5.44144	   4.26209	   0.00000	  -0.16361	  -0.02163	  -0.00000	  -0.02163	  -0.20157	   0.00000	  -0.00000	   0.00000	   0.36518
B         	   8.16288	  -4.31322	   0.00000	  -0.16063	  -0.00903	  -0.00000	  -0.00903	  -0.20584	  -0.00000	  -0.00000	  -0.00000	   0.36647
B         	   8.17696	  -0.02529	   0.00000	  -0.16304	  -0.01272	   0.00000	  -0.01272	  -0.20572	  -0.00000	   0.00000	  -0.00000	   0.36876
B         	   8.15740	   4.25585	   0.00000	  -0.16222	  -0.01270	  -0.00000	  -0.01270	  -0.20455	  -0.00000	  -0.00000	  -0.00000	   0.36678
B         	  10.86692	  -4.31348	   0.00000	  -0.16124	  -0.00330	   0.00000	  -0.00330	  -0.20589	   0.00000	   0.00000	   0.00000	   0.36714
B         	  10.87077	  -0.02885	   0.00000	  -0.16216	  -0.00383	   0.00000	  -0.00383	  -0.20595	  -0.00000	   0.00000	  -0.00000	   0.36811
B         	  10.86482	   4.25173	   0.00000	  -0.16243	  -0.00471	  -0.00000	  -0.00471	  -0.20490	  -0.00000	  -0.00000	  -0.00000	   0.36733
B         	 -12.21841	  -2.17145	   0.00000	  -0.16171	   0.00000	   0.00000	   0.00000	  -0.20547	  -0.00000	   0.00000	  -0.00000	   0.36719
B         	 -12.21841	   2.11149	   0.00000	  -0.16137	   0.00000	  -0.00000	   0.00000	  -0.20607	  -0.00000	  -0.00000	  -0.00000	   0.36745
B         	 -12.21841	   6.39094	   0.00000	  -0.16211	  -0.00000	  -0.00000	  -0.00000	  -0.20561	   0.00000	  -0.00000	   0.00000	   0.36772
B         	  -9.51852	  -2.17101	   0.00000	  -0.16172	   0.00683	   0.00000	   0.00683	  -0.20523	   0.00000	   0.00000	   0.00000	   0.36695
B         	  -9.51559	   2.11421	   0.00000	  -0.16196	   0.00687	   0.00000	   0.00687	  -0.20530	   0.00000	   0.00000	   0.00000	   0.36725
B         	  -9.51274	   6.39195	   0.00000	  -0.16280	   0.00955	  -0.00000	   0.00955	  -0.20480	  -0.00000	  -0.00000	  -0.00000	   0.36760
B         	  -6.82125	  -2.16926	   0.00000	  -0.15984	   0.01286	   0.00000	   0.01286	  -0.20601	   0.00000	   0.00000	   0.00000	   0.36584
B         	  -6.81032	   2.12131	   0.00000	  -0.16056	   0.01403	   0.00000	   0.01403	  -0.20550	  -0.00000	   0.00000	  -0.00000	   0.36606
B         	  -6.80313	   6.39504	   0.00000	  -0.16321	   0.02175	  -0.00000	   0.02175	  -0.20340	  -0.00000	  -0.00000	  -0.00000	   0.36661
B         	  -4.12534	  -2.16321	   0.00000	  -0.15770	   0.01471	  -0.00000	   0.01471	  -0.20639	  -0.00000	  -0.00000	  -0.00000	   0.36409
B         	  -4.09583	   2.13013	   0.00000	  -0.15216	   0.02012	  -0.00000	   0.02012	  -0.20729	   0.00000	  -0.00000	   0.00000	   0.35946
B         	  -4.08289	   6.40089	   0.00000	  -0.16654	   0.03948	  -0.00000	   0.03948	  -0.19529	  -0.00000	  -0.00000	  -0.00000	   0.36183
B         	  -1.39039	  -2.12437	   0.00000	  -0.15466	   0.00883	  -0.00000	   0.00883	  -0.20590	   0.00000	  -0.00000	   0.00000	   0.36057
B         	  -1.34590	   2.08743	   0.00000	  -0.11490	   0.05651	  -0.00000	   0.05651	  -0.21616	  -0.00000	  -0.00000	  -0.00000	   0.33106
B         	  -1.35594	  -6.42317	   0.00000	  -0.19358	   0.05078	  -0.00000	   0.05078	  -0.14462	  -0.00000	  -0.00000	  -0.00000	   0.33819
B         	   1.39039	  -2.12437	   0.00000	  -0.15466	  -0.00883	   0.00000	  -0.00883	  -0.20590	   0.00000	   0.00000	   0.00000	   0.36057
B         	   1.34590	   2.08743	   0.00000	  -0.11490	  -0.05651	   0.00000	  -0.05651	  -0.21616	  -0.00000	   0.00000	  -0.00000	   0.33106
B         	   1.35594	  -6.42317	   0.00000	  -0.19358	  -0.05078	   0.00000	  -0.05078	  -0.14462	  -0.00000	   0.00000	  -0.00000	   0.33819
B         	   4.12534	  -2.16321	   0.00000	  -0.15770	  -0.01471	   0.00000	  -0.01471	  -0.20639	  -0.00000	   0.00000	  -0.00000	   0.36409
B         	   4.09583	   2.13013	   0.00000	  -0.15216	  -0.02012	   0.00000	  -0.02012	  -0.20729	  -0.00000	   0.00000	  -0.00000	   0.35945
B         	   4.08289	   6.40089	   0.00000	  -0.16654	  -0.03948	  -0.00000	  -0.03948	  -0.19529	   0.00000	  -0.00000	   0.00000	   0.36183
B         	   6.82125	  -2.16926	   0.00000	  -0.15984	  -0.01286	  -0.00000	  -0.01286	  -0.20601	   0.00000	  -0.00000	   0.00000	   0.36584
B         	   6.81032	   2.12131	   0.00000	  -0.16056	  -0.01403	  -0.00000	  -0.01403	  -0.20550	  -0.00000	  -0.00000	  -0.00000	   0.36606
B         	   6.80313	   6.39504	   0.00000	  -0.16321	  -0.02175	  -0.00000	  -0.02175	  -0.20340	  -0.00000	  -0.00000	  -0.00000	   0.36661
B         	   9.51852	  -2.17101	   0.00000	  -0.16172	  -0.00683	  -0.00000	  -0.00683	  -0.20523	   0.00000	  -0.00000	   0.00000	   0.36695
B         	   9.51559	   2.11421	   0.00000	  -0.16196	  -0.00687	  -0.00000	  -0.00687	  -0.20530	   0.00000	  -0.00000	   0.00000	   0.36725
B         	   9.51274	   6.39195	   0.00000	  -0.16280	  -0.00955	   0.00000	  -0.00955	  -0.20480	  -0.00000	   0.00000	  -0.00000	   0.36760
N         	 -10.87013	  -2.86584	   0.00000	   0.18765	  -0.00430	   0.00000	  -0.00430	  -0.11442	   0.00000	   0.00000	   0.00000	  -0.07323
N         	 -10.86998	   1.41933	   0.00000	   0.19060	   0.00063	  -0.00000	   0.00063	  -0.11212	  -0.00000	  -0.00000	  -0.00000	  -0.07848
N         	 -10.86763	   5.69958	   0.00000	   0.19703	  -0.00179	  -0.00000	  -0.00179	  -0.11917	   0.00000	  -0.00000	   0.00000	  -0.07785
N         	  -8.17448	  -2.86588	   0.00000	   0.18534	  -0.01241	   0.00000	  -0.01241	  -0.11512	  -0.00000	   0.00000	  -0.00000	  -0.07021
N         	  -8.17359	   1.42379	   0.00000	   0.19073	   0.00487	  -0.00000	   0.00487	  -0.10965	  -0.00000	  -0.00000	  -0.00000	  -0.08108
N         	  -8.16399	   5.70308	   0.00000	   0.20248	  -0.00292	   0.00000	  -0.00292	  -0.12357	   0.00000	   0.00000	   0.00000	  -0.07891
N         	  -5.47959	  -2.86629	   0.00000	   0.18417	  -0.02708	   0.00000	  -0.02708	  -0.11910	  -0.00000	   0.00000	  -0.00000	  -0.06507
N         	  -5.47764	   1.43356	   0.00000	   0.19695	   0.01882	  -0.00000	   0.01882	  -0.10788	  -0.00000	  -0.00000	  -0.00000	  -0.08907
N         	  -5.45151	   5.71017	   0.00000	   0.21352	  -0.00349	   0.00000	  -0.00349	  -0.13047	   0.00000	   0.00000	   0.00000	  -0.08306
N         	  -2.77729	  -2.86280	   0.00000	   0.23036	   0.00041	  -0.00000	   0.00041	  -0.12113	   0.00000	  -0.00000	   0.00000	  -0.10924
N         	  -2.77656	   1.44369	   0.00000	   0.21957	   0.04442	  -0.00000	   0.04442	  -0.10936	   0.00000	  -0.00000	   0.00000	  -0.11020
N         	  -2.72329	   5.71959	   0.00000	   0.21926	   0.00036	  -0.00000	   0.00036	  -0.12028	   0.00000	  -0.00000	   0.00000	  -0.09898
N         	   0.00000	  -2.80390	   0.00000	   0.27293	   0.00000	  -0.00000	   0.00000	  -0.10939	   0.00000	  -0.00000	   0.00000	  -0.16354
N         	   0.00000	   5.72355	   0.00000	   0.21090	   0.00000	   0.00000	   0.00000	  -0.11180	   0.00000	   0.00000	   0.00000	  -0.09910
N         	   2.77729	  -2.86280	   0.00000	   0.23036	  -0.00041	   0.00000	  -0.00041	  -0.12113	  -0.00000	   0.00000	  -0.00000	  -0.10924
N         	   2.77656	   1.44369	   0.00000	   0.21957	  -0.04442	   0.00000	  -0.04442	  -0.10936	   0.00000	   0.00000	   0.00000	  -0.11020
N         	   2.72329	   5.71959	   0.00000	   0.21926	  -0.00036	  -0.00000	  -0.00036	  -0.12028	  -0.00000	  -0.00000	  -0.00000	  -0.09898
N         	   5.47959	  -2.86629	   0.00000	   0.18417	   0.02708	  -0.00000	   0.02708	  -0.11910	   0.00000	  -0.00000	   0.00000	  -0.06507
N         	   5.47764	   1.43356	   0.00000	   0.19695	  -0.01882	  -0.00000	  -0.01882	  -0.10788	  -0.00000	  -0.00000	  -0.00000	  -0.08907
N         	   5.45151	   5.71017	   0.00000	   0.21352	   0.00349	  -0.00000	   0.00349	  -0.13047	   0.00000	  -0.00000	   0.00000	  -0.08306
N         	   8.17448	  -2.86588	   0.00000	   0.18534	   0.01241	  -0.00000	   0.01241	  -0.11512	  -0.00000	  -0.00000	  -0.00000	  -0.07021
N         	   8.17359	   1.42379	   0.00000	   0.19073	  -0.00487	   0.00000	  -0.00487	  -0.10965	  -0.00000	   0.00000	  -0.00000	  -0.08108
N         	   8.16399	   5.70308	   0.00000	   0.20248	   0.00292	  -0.00000	   0.00292	  -0.12357	   0.00000	  -0.00000	   0.00000	  -0.07891
N         	  10.87013	  -2.86584	   0.00000	   0.18765	   0.00430	  -0.00000	   0.00430	  -0.11442	   0.00000	  -0.00000	   0.00000	  -0.07323
N         	  10.86998	   1.41933	   0.00000	   0.19060	  -0.00063	   0.00000	  -0.00063	  -0.11212	  -0.00000	   0.00000	  -0.00000	  -0.07848
N         	  10.86763	   5.69958	   0.00000	   0.19703	   0.00179	   0.00000	   0.00179	  -0.11917	  -0.00000	   0.00000	  -0.00000	  -0.07785
N         	 -12.21841	  -5.00690	   0.00000	   0.19283	  -0.00000	  -0.00000	  -0.00000	  -0.11727	   0.00000	  -0.00000	   0.00000	  -0.07556
N         	 -12.21841	  -0.72350	   0.00000	   0.18281	   0.00000	  -0.00000	   0.00000	  -0.10942	  -0.00000	  -0.00000	  -0.00000	  -0.07338
N         	 -12.21841	   3.55965	   0.00000	   0.19654	  -0.00000	  -0.00000	  -0.00000	  -0.11738	  -0.00000	  -0.00000	  -0.00000	  -0.07917
N         	  -9.51828	  -5.00619	   0.00000	   0.19441	  -0.00627	   0.00000	  -0.00627	  -0.11953	   0.00000	   0.00000	   0.00000	  -0.07489
N         	  -9.52723	  -0.72268	   0.00000	   0.17844	  -0.00490	  -0.00000	  -0.00490	  -0.10606	  -0.00000	  -0.00000	  -0.00000	  -0.07239
N         	  -9.51680	   3.56228	   0.00000	   0.19782	   0.00126	  -0.00000	   0.00126	  -0.11746	  -0.00000	  -0.00000	  -0.00000	  -0.08036
N         	  -6.81496	  -5.00446	   0.00000	   0.19907	  -0.01266	   0.00000	  -0.01266	  -0.12551	   0.00000	   0.00000	   0.00000	  -0.07356
N         	  -6.84435	  -0.72024	   0.00000	   0.15792	  -0.01111	  -0.00000	  -0.01111	  -0.09485	   0.00000	  -0.00000	   0.00000	  -0.06307
N         	  -6.81191	   3.57016	   0.00000	   0.20684	   0.00493	   0.00000	   0.00493	  -0.12207	   0.00000	   0.00000	   0.00000	  -0.08476
N         	  -4.10142	  -4.99932	   0.00000	   0.20968	  -0.01420	   0.00000	  -0.01420	  -0.12542	  -0.00000	   0.00000	  -0.00000	  -0.08426
N         	  -4.18870	  -0.71721	   0.00000	   0.13035	  -0.00886	   0.00000	  -0.00886	  -0.07782	   0.00000	   0.00000	   0.00000	  -0.05253
N         	  -4.09776	   3.58243	   0.00000	   0.22169	   0.01095	  -0.00000	   0.01095	  -0.12991	  -0.00000	  -0.00000	  -0.00000	  -0.09177
N         	  -1.36482	  -4.97233	   0.00000	   0.22348	   0.01040	   0.00000	   0.01040	  -0.11147	   0.00000	   0.00000	   0.00000	  -0.11202
N         	  -1.36790	   3.57458	   0.00000	   0.21425	  -0.00847	   0.00000	  -0.00847	  -0.10052	  -0.00000	   0.00000	  -0.00000	  -0.11372
N         	   1.36482	  -4.97233	   0.00000	   0.22348	  -0.01040	  -0.00000	  -0.01040	  -0.11147	  -0.00000	  -0.00000	  -0.00000	  -0.11202
N         	   1.36790	   3.57458	   0.00000	   0.21425	   0.00847	  -0.00000	   0.00847	  -0.10052	   0.00000	  -0.00000	   0.00000	  -0.11372
N         	   4.10142	  -4.99932	   0.00000	   0.20968	   0.01420	   0.00000	   0.01420	  -0.12542	  -0.00000	   0.00000	  -0.00000	  -0.08426
N         	   4.18870	  -0.71721	   0.00000	   0.13035	   0.00886	   0.00000	   0.00886	  -0.07782	   0.00000	   0.00000	   0.00000	  -0.05253
N         	   4.09776	   3.58243	   0.00000	   0.22169	  -0.01095	  -0.00000	  -0.01095	  -0.12991	  -0.00000	  -0.00000	  -0.00000	  -0.09177
N         	   6.81496	  -5.00446	   0.00000	   0.19907	   0.01266	  -0.00000	   0.01266	  -0.12551	   0.00000	  -0.00000	   0.00000	  -0.07356
N         	   6.84435	  -0.72024	   0.00000	   0.15792	   0.01111	   0.00000	   0.01111	  -0.09485	  -0.00000	   0.00000	  -0.00000	  -0.06307
N         	   6.81191	   3.57016	   0.00000	   0.20684	  -0.00493	  -0.00000	  -0.00493	  -0.12207	   0.00000	  -0.00000	   0.00000	  -0.08476
N         	   9.51828	  -5.00619	   0.00000	   0.19441	   0.00627	  -0.00000	   0.00627	  -0.11953	   0.00000	  -0.00000	   0.00000	  -0.07489
N         	   9.52723	  -0.72268	   0.00000	   0.17844	   0.00490	   0.00000	   0.00490	  -0.10606	  -0.00000	   0.00000	  -0.00000	  -0.07239
N         	   9.51680	   3.56228	   0.00000	   0.19782	  -0.00126	   0.00000	  -0.00126	  -0.11746	  -0.00000	   0.00000	  -0.00000	  -0.08036
N         	   1.64111	  -0.75899	   0.00000	   0.29310	  -0.35681	   0.00000	  -0.35681	  -0.03502	   0.00000	   0.00000	   0.00000	  -0.25807
N         	  -1.64111	  -0.75899	   0.00000	   0.29310	   0.35681	   0.00000	   0.35681	  -0.03502	   0.00000	   0.00000	   0.00000	  -0.25807
N         	   0.00000	   1.51798	   0.00000	   0.04556	   0.00000	  -0.00000	   0.00000	   0.17034	   0.00000	  -0.00000	   0.00000	  -0.21590
