--------------------------------------------------------------------------------------------------------------------------------------------------------------------------
  AtomName	    r_1i_X	    r_1i_Y	    r_1i_Z	  iso[MHz]	       Axx	       Axy	       Axz	       Ayx	       Ayy	       Ayz	       Azx	       Azy	       Azz
--------------------------------------------------------------------------------------------------------------------------------------------------------------------------
10B  g-factor___:   0.600215 [No-unit]
11B  g-factor___:   1.792433 [No-unit]
14N  g-factor___:   0.403761 [No-unit]
15N  g-factor___:  -0.566378 [No-unit]
10B  etc____:	---       	---       	---       	   0.00000
11B  etc____:	---       	---       	---       	   0.00000
14N  etc____:	---       	---       	---       	   0.00000
15N  etc____:	---       	---       	---       	   0.00000
MinDif[A]:	 -12.21841	  -6.42317	   0.00000
MaxDif[A]:	  10.87077	   6.40089	   0.00000
--------------------------------------------------------------------------------------------------------------------------------------------------------------------------
B         	 -10.86692	  -4.31348	   0.00000	   0.00000	   0.06098	   0.00000	   0.00000	   0.00000	  -0.01525	  -0.00000	   0.00000	  -0.00000	  -0.04574
B         	 -10.87077	  -0.02885	   0.00000	   0.00000	   0.07623	  -0.00000	   0.00000	  -0.00000	  -0.03049	   0.00000	   0.00000	   0.00000	  -0.04574
B         	 -10.86482	   4.25173	   0.00000	   0.00000	   0.06098	  -0.00000	  -0.00000	  -0.00000	  -0.01525	   0.00000	  -0.00000	   0.00000	  -0.04574
B         	  -8.16288	  -4.31322	   0.00000	  -0.01525	   0.07623	   0.03049	  -0.00000	   0.03049	  -0.01525	  -0.00000	  -0.00000	  -0.00000	  -0.06098
B         	  -8.17696	  -0.02529	   0.00000	   0.18294	   0.15245	  -0.03049	  -0.00000	  -0.03049	  -0.06098	  -0.00000	  -0.00000	  -0.00000	  -0.09147
B         	  -8.15740	   4.25585	   0.00000	  -0.00000	   0.06098	  -0.01525	  -0.00000	  -0.01525	  -0.00000	   0.00000	  -0.00000	   0.00000	  -0.06098
B         	  -5.45526	  -4.31034	   0.00000	  -0.15245	   0.12196	   0.12196	   0.00000	   0.12196	   0.07623	   0.00000	   0.00000	   0.00000	  -0.19819
B         	  -5.49806	  -0.01729	   0.00000	   2.30202	   0.59456	  -0.39637	  -0.00000	  -0.39637	  -0.10672	   0.00000	  -0.00000	   0.00000	  -0.48785
B         	  -5.44144	   4.26209	   0.00000	  -0.01525	   0.07623	  -0.10672	   0.00000	  -0.10672	   0.07623	  -0.00000	   0.00000	  -0.00000	  -0.13721
B         	  -2.73836	  -4.29675	   0.00000	   4.55831	  -0.60981	  -0.01525	   0.00000	  -0.01525	   1.49403	  -0.00000	   0.00000	  -0.00000	  -0.88422
B         	  -2.84177	  -0.00848	   0.00000	   0.51834	   2.75938	  -3.53688	  -0.00000	  -3.53688	   1.18912	   0.00000	  -0.00000	   0.00000	  -3.94850
B         	  -2.71462	   4.26348	   0.00000	   2.40874	   0.39637	  -0.53358	   0.00000	  -0.53358	   0.18294	  -0.00000	   0.00000	  -0.00000	  -0.56407
B         	   0.00000	  -4.25199	   0.00000	  -0.76226	  -0.15245	  -0.00000	   0.00000	  -0.00000	   0.70128	   0.00000	   0.00000	   0.00000	  -0.54883
B         	   0.00000	   4.26172	   0.00000	  -0.35064	  -0.39637	  -0.00000	  -0.00000	  -0.00000	   1.21961	   0.00000	  -0.00000	   0.00000	  -0.82324
B         	   2.73836	  -4.29675	   0.00000	   4.55831	  -0.60981	   0.01525	  -0.00000	   0.01525	   1.49403	  -0.00000	  -0.00000	  -0.00000	  -0.88422
B         	   2.84177	  -0.00848	   0.00000	   0.51834	   2.75938	   3.53688	  -0.00000	   3.53688	   1.18912	   0.00000	  -0.00000	   0.00000	  -3.94850
B         	   2.71462	   4.26348	   0.00000	   2.40874	   0.39637	   0.53358	  -0.00000	   0.53358	   0.18294	  -0.00000	  -0.00000	  -0.00000	  -0.56407
B         	   5.45526	  -4.31034	   0.00000	  -0.15245	   0.12196	  -0.12196	   0.00000	  -0.12196	   0.07623	  -0.00000	   0.00000	  -0.00000	  -0.19819
B         	   5.49806	  -0.01729	   0.00000	   2.30202	   0.59456	   0.39637	  -0.00000	   0.39637	  -0.10672	  -0.00000	  -0.00000	  -0.00000	  -0.48785
B         	   5.44144	   4.26209	   0.00000	  -0.01525	   0.07623	   0.10672	   0.00000	   0.10672	   0.07623	  -0.00000	   0.00000	  -0.00000	  -0.13721
B         	   8.16288	  -4.31322	   0.00000	  -0.01525	   0.07623	  -0.03049	   0.00000	  -0.03049	  -0.01525	   0.00000	   0.00000	   0.00000	  -0.06098
B         	   8.17696	  -0.02529	   0.00000	   0.18294	   0.15245	   0.03049	  -0.00000	   0.03049	  -0.06098	   0.00000	  -0.00000	   0.00000	  -0.09147
B         	   8.15740	   4.25585	   0.00000	  -0.00000	   0.06098	   0.01525	   0.00000	   0.01525	  -0.00000	   0.00000	   0.00000	   0.00000	  -0.06098
B         	  10.86692	  -4.31348	   0.00000	   0.00000	   0.06098	  -0.00000	   0.00000	  -0.00000	  -0.01525	  -0.00000	   0.00000	  -0.00000	  -0.04574
B         	  10.87077	  -0.02885	   0.00000	   0.00000	   0.07623	   0.00000	  -0.00000	   0.00000	  -0.03049	  -0.00000	  -0.00000	  -0.00000	  -0.04574
B         	  10.86482	   4.25173	   0.00000	   0.00000	   0.06098	   0.00000	  -0.00000	   0.00000	  -0.01525	  -0.00000	  -0.00000	  -0.00000	  -0.04574
B         	 -12.21841	  -2.17145	   0.00000	   0.00000	   0.06098	   0.00000	   0.00000	   0.00000	  -0.01525	  -0.00000	   0.00000	  -0.00000	  -0.03049
B         	 -12.21841	   2.11149	   0.00000	   0.00000	   0.07623	  -0.00000	  -0.00000	  -0.00000	  -0.03049	  -0.00000	  -0.00000	  -0.00000	  -0.04574
B         	 -12.21841	   6.39094	   0.00000	   0.00000	   0.06098	   0.00000	   0.00000	   0.00000	  -0.03049	  -0.00000	   0.00000	  -0.00000	  -0.04574
B         	  -9.51852	  -2.17101	   0.00000	   0.00000	   0.06098	   0.00000	  -0.00000	   0.00000	  -0.01525	  -0.00000	  -0.00000	  -0.00000	  -0.04574
B         	  -9.51559	   2.11421	   0.00000	   0.00000	   0.09147	   0.01525	  -0.00000	   0.01525	  -0.03049	  -0.00000	  -0.00000	  -0.00000	  -0.04574
B         	  -9.51274	   6.39195	   0.00000	   0.00000	   0.07623	  -0.01525	  -0.00000	  -0.01525	  -0.03049	  -0.00000	  -0.00000	  -0.00000	  -0.04574
B         	  -6.82125	  -2.16926	   0.00000	  -0.01525	   0.04574	   0.00000	   0.00000	   0.00000	   0.03049	  -0.00000	   0.00000	  -0.00000	  -0.07623
B         	  -6.81032	   2.12131	   0.00000	  -0.09147	   0.19819	   0.07623	  -0.00000	   0.07623	  -0.04574	  -0.00000	  -0.00000	  -0.00000	  -0.15245
B         	  -6.80313	   6.39504	   0.00000	  -0.03049	   0.13721	  -0.07623	  -0.00000	  -0.07623	  -0.03049	  -0.00000	  -0.00000	  -0.00000	  -0.10672
B         	  -4.12534	  -2.16321	   0.00000	   0.22868	  -0.06098	  -0.06098	  -0.00000	  -0.06098	   0.27441	  -0.00000	  -0.00000	  -0.00000	  -0.21343
B         	  -4.09583	   2.13013	   0.00000	  -1.70746	   0.88422	   0.54883	   0.00000	   0.54883	   0.03049	   0.00000	   0.00000	   0.00000	  -0.92996
B         	  -4.08289	   6.40089	   0.00000	  -1.03667	   0.35064	  -0.30490	   0.00000	  -0.30490	   0.09147	   0.00000	   0.00000	   0.00000	  -0.44211
B         	  -1.39039	  -2.12437	   0.00000	  -0.09147	  -0.18294	  -0.01525	   0.00000	  -0.01525	   0.42687	   0.00000	   0.00000	   0.00000	  -0.24392
B         	  -1.34590	   2.08743	   0.00000	  -6.25053	  -1.23486	  -2.24104	  -0.00000	  -2.24104	   6.12856	   0.00000	  -0.00000	   0.00000	  -4.89370
B         	  -1.35594	  -6.42317	   0.00000	  -5.24434	   4.26865	  -2.07335	   0.00000	  -2.07335	  -0.32015	   0.00000	   0.00000	   0.00000	  -3.94850
B         	   1.39039	  -2.12437	   0.00000	  -0.09147	  -0.18294	   0.01525	  -0.00000	   0.01525	   0.42687	   0.00000	  -0.00000	   0.00000	  -0.24392
B         	   1.34590	   2.08743	   0.00000	  -6.25053	  -1.23486	   2.24104	   0.00000	   2.24104	   6.12856	   0.00000	   0.00000	   0.00000	  -4.89370
B         	   1.35594	  -6.42317	   0.00000	  -5.24434	   4.26865	   2.07335	   0.00000	   2.07335	  -0.32015	   0.00000	   0.00000	   0.00000	  -3.94850
B         	   4.12534	  -2.16321	   0.00000	   0.22868	  -0.06098	   0.06098	   0.00000	   0.06098	   0.27441	  -0.00000	   0.00000	  -0.00000	  -0.21343
B         	   4.09583	   2.13013	   0.00000	  -1.70746	   0.88422	  -0.54883	  -0.00000	  -0.54883	   0.03049	  -0.00000	  -0.00000	  -0.00000	  -0.92996
B         	   4.08289	   6.40089	   0.00000	  -1.03667	   0.35064	   0.30490	   0.00000	   0.30490	   0.09147	  -0.00000	   0.00000	  -0.00000	  -0.44211
B         	   6.82125	  -2.16926	   0.00000	  -0.01525	   0.04574	  -0.00000	   0.00000	  -0.00000	   0.03049	  -0.00000	   0.00000	  -0.00000	  -0.07623
B         	   6.81032	   2.12131	   0.00000	  -0.09147	   0.19819	  -0.07623	   0.00000	  -0.07623	  -0.04574	   0.00000	   0.00000	   0.00000	  -0.15245
B         	   6.80313	   6.39504	   0.00000	  -0.03049	   0.13721	   0.07623	  -0.00000	   0.07623	  -0.03049	   0.00000	  -0.00000	   0.00000	  -0.10672
B         	   9.51852	  -2.17101	   0.00000	   0.00000	   0.06098	  -0.00000	  -0.00000	  -0.00000	  -0.01525	  -0.00000	  -0.00000	  -0.00000	  -0.04574
B         	   9.51559	   2.11421	   0.00000	   0.00000	   0.09147	  -0.01525	   0.00000	  -0.01525	  -0.03049	  -0.00000	   0.00000	  -0.00000	  -0.04574
B         	   9.51274	   6.39195	   0.00000	   0.00000	   0.07623	   0.01525	  -0.00000	   0.01525	  -0.03049	  -0.00000	  -0.00000	  -0.00000	  -0.04574
N         	 -10.87013	  -2.86584	   0.00000	   0.00000	   0.07623	   0.00000	  -0.00000	   0.00000	  -0.03049	  -0.00000	  -0.00000	  -0.00000	  -0.04574
N         	 -10.86998	   1.41933	   0.00000	   0.00000	   0.07623	  -0.00000	   0.00000	  -0.00000	  -0.03049	  -0.00000	   0.00000	  -0.00000	  -0.04574
N         	 -10.86763	   5.69958	   0.00000	   0.00000	   0.06098	  -0.00000	   0.00000	  -0.00000	  -0.01525	   0.00000	   0.00000	   0.00000	  -0.04574
N         	  -8.17448	  -2.86588	   0.00000	   0.04574	   0.10672	   0.04574	   0.00000	   0.04574	  -0.03049	   0.00000	   0.00000	   0.00000	  -0.07623
N         	  -8.17359	   1.42379	   0.00000	  -0.01525	   0.10672	  -0.03049	   0.00000	  -0.03049	  -0.04574	   0.00000	   0.00000	   0.00000	  -0.07623
N         	  -8.16399	   5.70308	   0.00000	   0.00000	   0.06098	  -0.00000	   0.00000	  -0.00000	   0.00000	   0.00000	   0.00000	   0.00000	  -0.06098
N         	  -5.47959	  -2.86629	   0.00000	   0.77750	   0.28966	   0.38113	  -0.00000	   0.38113	   0.04574	  -0.00000	  -0.00000	  -0.00000	  -0.33539
N         	  -5.47764	   1.43356	   0.00000	  -0.24392	   0.28966	  -0.13721	  -0.00000	  -0.13721	  -0.03049	  -0.00000	  -0.00000	  -0.00000	  -0.24392
N         	  -5.45151	   5.71017	   0.00000	   0.04574	   0.00000	   0.01525	  -0.00000	   0.01525	   0.15245	  -0.00000	  -0.00000	  -0.00000	  -0.15245
N         	  -2.77729	  -2.86280	   0.00000	  40.32352	   1.53976	   9.25383	   0.00000	   9.25383	   4.54307	   0.00000	   0.00000	   0.00000	  -6.09807
N         	  -2.77656	   1.44369	   0.00000	  -0.94520	  -0.82324	   0.36588	  -0.00000	   0.36588	   3.76556	   0.00000	  -0.00000	   0.00000	  -2.95757
N         	  -2.72329	   5.71959	   0.00000	   1.69222	  -0.12196	  -0.25917	  -0.00000	  -0.25917	   0.47260	   0.00000	  -0.00000	   0.00000	  -0.35064
N         	   0.00000	  -2.80390	   0.00000	   6.09807	   3.29296	  -0.00000	   0.00000	  -0.00000	  -0.06098	   0.00000	   0.00000	   0.00000	  -3.24722
N         	   0.00000	   5.72355	   0.00000	  -0.06098	  -0.21343	  -0.00000	   0.00000	  -0.00000	   0.53358	   0.00000	   0.00000	   0.00000	  -0.32015
N         	   2.77729	  -2.86280	   0.00000	  40.32352	   1.53976	  -9.25383	   0.00000	  -9.25383	   4.54307	  -0.00000	   0.00000	  -0.00000	  -6.09807
N         	   2.77656	   1.44369	   0.00000	  -0.94520	  -0.82324	  -0.36588	  -0.00000	  -0.36588	   3.76556	   0.00000	  -0.00000	   0.00000	  -2.95757
N         	   2.72329	   5.71959	   0.00000	   1.69222	  -0.12196	   0.25917	   0.00000	   0.25917	   0.47260	   0.00000	   0.00000	   0.00000	  -0.35064
N         	   5.47959	  -2.86629	   0.00000	   0.77750	   0.28966	  -0.38113	  -0.00000	  -0.38113	   0.04574	  -0.00000	  -0.00000	  -0.00000	  -0.33539
N         	   5.47764	   1.43356	   0.00000	  -0.24392	   0.28966	   0.13721	  -0.00000	   0.13721	  -0.03049	   0.00000	  -0.00000	   0.00000	  -0.24392
N         	   5.45151	   5.71017	   0.00000	   0.04574	   0.00000	  -0.01525	  -0.00000	  -0.01525	   0.15245	  -0.00000	  -0.00000	  -0.00000	  -0.15245
N         	   8.17448	  -2.86588	   0.00000	   0.04574	   0.10672	  -0.04574	   0.00000	  -0.04574	  -0.03049	   0.00000	   0.00000	   0.00000	  -0.07623
N         	   8.17359	   1.42379	   0.00000	  -0.01525	   0.10672	   0.03049	  -0.00000	   0.03049	  -0.04574	   0.00000	  -0.00000	   0.00000	  -0.07623
N         	   8.16399	   5.70308	   0.00000	   0.00000	   0.06098	   0.00000	  -0.00000	   0.00000	   0.00000	   0.00000	  -0.00000	   0.00000	  -0.06098
N         	  10.87013	  -2.86584	   0.00000	   0.00000	   0.07623	  -0.00000	  -0.00000	  -0.00000	  -0.03049	  -0.00000	  -0.00000	  -0.00000	  -0.04574
N         	  10.86998	   1.41933	   0.00000	   0.00000	   0.07623	   0.00000	   0.00000	   0.00000	  -0.03049	   0.00000	   0.00000	   0.00000	  -0.04574
N         	  10.86763	   5.69958	   0.00000	   0.00000	   0.06098	   0.00000	   0.00000	   0.00000	  -0.01525	  -0.00000	   0.00000	  -0.00000	  -0.04574
N         	 -12.21841	  -5.00690	   0.00000	   0.00000	   0.06098	   0.00000	   0.00000	   0.00000	  -0.01525	  -0.00000	   0.00000	  -0.00000	  -0.03049
N         	 -12.21841	  -0.72350	   0.00000	   0.00000	   0.07623	  -0.00000	   0.00000	  -0.00000	  -0.03049	   0.00000	   0.00000	   0.00000	  -0.04574
N         	 -12.21841	   3.55965	   0.00000	   0.00000	   0.06098	  -0.00000	   0.00000	  -0.00000	  -0.03049	  -0.00000	   0.00000	  -0.00000	  -0.03049
N         	  -9.51828	  -5.00619	   0.00000	   0.00000	   0.06098	   0.01525	  -0.00000	   0.01525	  -0.01525	  -0.00000	  -0.00000	  -0.00000	  -0.04574
N         	  -9.52723	  -0.72268	   0.00000	   0.07623	   0.10672	   0.01525	  -0.00000	   0.01525	  -0.04574	  -0.00000	  -0.00000	  -0.00000	  -0.06098
N         	  -9.51680	   3.56228	   0.00000	   0.00000	   0.06098	  -0.01525	   0.00000	  -0.01525	  -0.01525	  -0.00000	   0.00000	  -0.00000	  -0.04574
N         	  -6.81496	  -5.00446	   0.00000	   0.06098	   0.06098	   0.07623	  -0.00000	   0.07623	   0.03049	   0.00000	  -0.00000	   0.00000	  -0.10672
N         	  -6.84435	  -0.72024	   0.00000	   1.18912	   0.48785	   0.13721	   0.00000	   0.13721	  -0.21343	  -0.00000	   0.00000	  -0.00000	  -0.27441
N         	  -6.81191	   3.57016	   0.00000	  -0.01525	   0.09147	  -0.06098	  -0.00000	  -0.06098	   0.01525	  -0.00000	  -0.00000	  -0.00000	  -0.09147
N         	  -4.10142	  -4.99932	   0.00000	   2.36300	   0.00000	   0.73177	   0.00000	   0.73177	   0.60981	   0.00000	   0.00000	   0.00000	  -0.60981
N         	  -4.18870	  -0.71721	   0.00000	  22.27322	   5.99136	   3.44541	  -0.00000	   3.44541	  -2.45447	  -0.00000	  -0.00000	  -0.00000	  -3.55213
N         	  -4.09776	   3.58243	   0.00000	   0.47260	   0.09147	  -0.28966	   0.00000	  -0.28966	   0.25917	   0.00000	   0.00000	   0.00000	  -0.35064
N         	  -1.36482	  -4.97233	   0.00000	  -0.07623	  -0.10672	   0.10672	   0.00000	   0.10672	   0.53358	   0.00000	   0.00000	   0.00000	  -0.42687
N         	  -1.36790	   3.57458	   0.00000	  23.03548	  -2.13433	  -3.20149	   0.00000	  -3.20149	   5.44253	  -0.00000	   0.00000	  -0.00000	  -3.32345
N         	   1.36482	  -4.97233	   0.00000	  -0.07623	  -0.10672	  -0.10672	  -0.00000	  -0.10672	   0.53358	   0.00000	  -0.00000	   0.00000	  -0.42687
N         	   1.36790	   3.57458	   0.00000	  23.03548	  -2.13433	   3.20149	  -0.00000	   3.20149	   5.44253	  -0.00000	  -0.00000	  -0.00000	  -3.32345
N         	   4.10142	  -4.99932	   0.00000	   2.36300	   0.00000	  -0.73177	   0.00000	  -0.73177	   0.60981	   0.00000	   0.00000	   0.00000	  -0.60981
N         	   4.18870	  -0.71721	   0.00000	  22.27322	   5.99136	  -3.44541	  -0.00000	  -3.44541	  -2.45447	   0.00000	  -0.00000	   0.00000	  -3.55213
N         	   4.09776	   3.58243	   0.00000	   0.47260	   0.09147	   0.28966	  -0.00000	   0.28966	   0.25917	   0.00000	  -0.00000	   0.00000	  -0.35064
N         	   6.81496	  -5.00446	   0.00000	   0.06098	   0.06098	  -0.07623	   0.00000	  -0.07623	   0.03049	  -0.00000	   0.00000	  -0.00000	  -0.10672
N         	   6.84435	  -0.72024	   0.00000	   1.18912	   0.48785	  -0.13721	   0.00000	  -0.13721	  -0.21343	  -0.00000	   0.00000	  -0.00000	  -0.27441
N         	   6.81191	   3.57016	   0.00000	  -0.01525	   0.09147	   0.06098	   0.00000	   0.06098	   0.01525	  -0.00000	   0.00000	  -0.00000	  -0.09147
N         	   9.51828	  -5.00619	   0.00000	   0.00000	   0.06098	  -0.01525	   0.00000	  -0.01525	  -0.01525	   0.00000	   0.00000	   0.00000	  -0.04574
N         	   9.52723	  -0.72268	   0.00000	   0.07623	   0.10672	  -0.01525	  -0.00000	  -0.01525	  -0.04574	  -0.00000	  -0.00000	  -0.00000	  -0.06098
N         	   9.51680	   3.56228	   0.00000	   0.00000	   0.06098	   0.01525	  -0.00000	   0.01525	  -0.01525	  -0.00000	  -0.00000	  -0.00000	  -0.04574
N         	   1.64111	  -0.75899	   0.00000	 232.06222	  70.37178	-116.27504	   0.00000	-116.27504	   3.32345	   0.00000	   0.00000	   0.00000	 -73.69523
N         	  -1.64111	  -0.75899	   0.00000	 232.06222	  70.37178	 116.27504	   0.00000	 116.27504	   3.32345	   0.00000	   0.00000	   0.00000	 -73.69523
N         	   0.00000	   1.51798	   0.00000	 244.95965	 -67.74961	   0.00000	  -0.00000	   0.00000	 128.94378	   0.00000	  -0.00000	   0.00000	 -61.19418
