--------------------------------------------------------------------------------------------------------------------------------------------------------------------------
  AtomName	    r_1i_X	    r_1i_Y	    r_1i_Z	  iso[MHz]	       Axx	       Axy	       Axz	       Ayx	       Ayy	       Ayz	       Azx	       Azy	       Azz
--------------------------------------------------------------------------------------------------------------------------------------------------------------------------
10B  g-factor___:   0.600215 [No-unit]
11B  g-factor___:   1.792433 [No-unit]
14N  g-factor___:   0.403761 [No-unit]
15N  g-factor___:  -0.566378 [No-unit]
10B  etc____:	---       	---       	---       	   0.00000
11B  etc____:	---       	---       	---       	   0.00000
14N  etc____:	---       	---       	---       	   0.00000
15N  etc____:	---       	---       	---       	   0.00000
MinDif[A]:	 -12.21841	  -6.42317	   0.00000
MaxDif[A]:	  10.87077	   6.40089	   0.00000
--------------------------------------------------------------------------------------------------------------------------------------------------------------------------
B         	 -10.86692	  -4.31348	   0.00000	  -0.00000	   0.06098	   0.00000	  -0.00000	   0.00000	  -0.01525	  -0.00000	  -0.00000	  -0.00000	  -0.04574
B         	 -10.87077	  -0.02885	   0.00000	   0.01525	   0.07623	  -0.00000	   0.00000	  -0.00000	  -0.03049	   0.00000	   0.00000	   0.00000	  -0.04574
B         	 -10.86482	   4.25173	   0.00000	  -0.00000	   0.06098	  -0.00000	   0.00000	  -0.00000	  -0.01525	   0.00000	   0.00000	   0.00000	  -0.04574
B         	  -8.16288	  -4.31322	   0.00000	  -0.01525	   0.07623	   0.03049	  -0.00000	   0.03049	  -0.01525	   0.00000	  -0.00000	   0.00000	  -0.06098
B         	  -8.17696	  -0.02529	   0.00000	   0.25917	   0.15245	  -0.03049	  -0.00000	  -0.03049	  -0.06098	  -0.00000	  -0.00000	  -0.00000	  -0.09147
B         	  -8.15740	   4.25585	   0.00000	  -0.00000	   0.06098	  -0.01525	  -0.00000	  -0.01525	  -0.00000	  -0.00000	  -0.00000	  -0.00000	  -0.06098
B         	  -5.45526	  -4.31034	   0.00000	  -0.18294	   0.13721	   0.09147	   0.00000	   0.09147	   0.09147	   0.00000	   0.00000	   0.00000	  -0.21343
B         	  -5.49806	  -0.01729	   0.00000	   2.83560	   0.59456	  -0.41162	   0.00000	  -0.41162	  -0.09147	   0.00000	   0.00000	   0.00000	  -0.50309
B         	  -5.44144	   4.26209	   0.00000	   0.01525	   0.07623	  -0.12196	   0.00000	  -0.12196	   0.07623	  -0.00000	   0.00000	  -0.00000	  -0.15245
B         	  -2.73836	  -4.29675	   0.00000	   5.42729	  -0.67079	  -0.03049	   0.00000	  -0.03049	   1.63123	  -0.00000	   0.00000	  -0.00000	  -0.96045
B         	  -2.84177	  -0.00848	   0.00000	   2.95757	   2.60693	  -3.01855	  -0.00000	  -3.01855	   1.11290	   0.00000	  -0.00000	   0.00000	  -3.73507
B         	  -2.71462	   4.26348	   0.00000	   3.82654	   0.54883	  -0.68603	  -0.00000	  -0.68603	   0.13721	  -0.00000	  -0.00000	  -0.00000	  -0.68603
B         	   0.00000	  -4.25199	   0.00000	  -0.57932	  -0.13721	  -0.00000	  -0.00000	  -0.00000	   0.68603	   0.00000	  -0.00000	   0.00000	  -0.56407
B         	   0.00000	   4.26172	   0.00000	  -0.70128	  -0.33539	  -0.00000	  -0.00000	  -0.00000	   1.23486	   0.00000	  -0.00000	   0.00000	  -0.89947
B         	   2.73836	  -4.29675	   0.00000	   5.42729	  -0.67079	   0.03049	  -0.00000	   0.03049	   1.63123	  -0.00000	  -0.00000	  -0.00000	  -0.96045
B         	   2.84177	  -0.00848	   0.00000	   2.95757	   2.60693	   3.01855	  -0.00000	   3.01855	   1.11290	   0.00000	  -0.00000	   0.00000	  -3.73507
B         	   2.71462	   4.26348	   0.00000	   3.82654	   0.54883	   0.68603	   0.00000	   0.68603	   0.13721	  -0.00000	   0.00000	  -0.00000	  -0.68603
B         	   5.45526	  -4.31034	   0.00000	  -0.18294	   0.13721	  -0.09147	  -0.00000	  -0.09147	   0.09147	   0.00000	  -0.00000	   0.00000	  -0.21343
B         	   5.49806	  -0.01729	   0.00000	   2.83560	   0.59456	   0.41162	   0.00000	   0.41162	  -0.09147	  -0.00000	   0.00000	  -0.00000	  -0.50309
B         	   5.44144	   4.26209	   0.00000	   0.01525	   0.07623	   0.12196	   0.00000	   0.12196	   0.07623	  -0.00000	   0.00000	  -0.00000	  -0.15245
B         	   8.16288	  -4.31322	   0.00000	  -0.01525	   0.07623	  -0.03049	   0.00000	  -0.03049	  -0.01525	  -0.00000	   0.00000	  -0.00000	  -0.06098
B         	   8.17696	  -0.02529	   0.00000	   0.25917	   0.15245	   0.03049	  -0.00000	   0.03049	  -0.06098	   0.00000	  -0.00000	   0.00000	  -0.09147
B         	   8.15740	   4.25585	   0.00000	  -0.00000	   0.06098	   0.01525	  -0.00000	   0.01525	  -0.00000	   0.00000	  -0.00000	   0.00000	  -0.06098
B         	  10.86692	  -4.31348	   0.00000	  -0.00000	   0.06098	  -0.00000	  -0.00000	  -0.00000	  -0.01525	  -0.00000	  -0.00000	  -0.00000	  -0.04574
B         	  10.87077	  -0.02885	   0.00000	   0.01525	   0.07623	   0.00000	   0.00000	   0.00000	  -0.03049	  -0.00000	   0.00000	  -0.00000	  -0.04574
B         	  10.86482	   4.25173	   0.00000	  -0.00000	   0.06098	   0.00000	   0.00000	   0.00000	  -0.01525	  -0.00000	   0.00000	  -0.00000	  -0.04574
B         	 -12.21841	  -2.17145	   0.00000	  -0.00000	   0.06098	  -0.00000	  -0.00000	  -0.00000	  -0.03049	  -0.00000	  -0.00000	  -0.00000	  -0.04574
B         	 -12.21841	   2.11149	   0.00000	   0.00000	   0.06098	   0.00000	  -0.00000	   0.00000	  -0.03049	   0.00000	  -0.00000	   0.00000	  -0.03049
B         	 -12.21841	   6.39094	   0.00000	  -0.00000	   0.06098	   0.00000	  -0.00000	   0.00000	  -0.01525	  -0.00000	  -0.00000	  -0.00000	  -0.03049
B         	  -9.51852	  -2.17101	   0.00000	  -0.01525	   0.09147	   0.01525	   0.00000	   0.01525	  -0.03049	   0.00000	   0.00000	   0.00000	  -0.04574
B         	  -9.51559	   2.11421	   0.00000	   0.00000	   0.07623	  -0.01525	   0.00000	  -0.01525	  -0.03049	   0.00000	   0.00000	   0.00000	  -0.04574
B         	  -9.51274	   6.39195	   0.00000	  -0.00000	   0.06098	   0.00000	   0.00000	   0.00000	  -0.01525	  -0.00000	   0.00000	  -0.00000	  -0.04574
B         	  -6.82125	  -2.16926	   0.00000	  -0.10672	   0.19819	   0.07623	  -0.00000	   0.07623	  -0.04574	  -0.00000	  -0.00000	  -0.00000	  -0.15245
B         	  -6.81032	   2.12131	   0.00000	  -0.01525	   0.13721	  -0.06098	  -0.00000	  -0.06098	  -0.01525	  -0.00000	  -0.00000	  -0.00000	  -0.10672
B         	  -6.80313	   6.39504	   0.00000	  -0.01525	   0.06098	  -0.00000	   0.00000	  -0.00000	   0.03049	   0.00000	   0.00000	   0.00000	  -0.09147
B         	  -4.12534	  -2.16321	   0.00000	  -1.76844	   0.82324	   0.44211	   0.00000	   0.44211	   0.09147	   0.00000	   0.00000	   0.00000	  -0.91471
B         	  -4.09583	   2.13013	   0.00000	  -0.62505	   0.38113	  -0.32015	  -0.00000	  -0.32015	   0.10672	   0.00000	  -0.00000	   0.00000	  -0.48785
B         	  -4.08289	   6.40089	   0.00000	   0.56407	  -0.06098	  -0.10672	  -0.00000	  -0.10672	   0.30490	  -0.00000	  -0.00000	  -0.00000	  -0.25917
B         	  -1.39039	  -2.12437	   0.00000	  -3.11002	  -1.00618	  -1.75320	  -0.00000	  -1.75320	   5.56449	   0.00000	  -0.00000	   0.00000	  -4.57356
B         	  -1.34590	   2.08743	   0.00000	  -5.13763	   4.48208	  -2.08859	  -0.00000	  -2.08859	  -0.33539	   0.00000	  -0.00000	   0.00000	  -4.13145
B         	  -1.35594	  -6.42317	   0.00000	  -0.09147	  -0.16770	  -0.01525	  -0.00000	  -0.01525	   0.44211	   0.00000	  -0.00000	   0.00000	  -0.27441
B         	   1.39039	  -2.12437	   0.00000	  -3.11002	  -1.00618	   1.75320	   0.00000	   1.75320	   5.56449	   0.00000	   0.00000	   0.00000	  -4.57356
B         	   1.34590	   2.08743	   0.00000	  -5.13763	   4.48208	   2.08859	   0.00000	   2.08859	  -0.33539	   0.00000	   0.00000	   0.00000	  -4.13145
B         	   1.35594	  -6.42317	   0.00000	  -0.09147	  -0.16770	   0.01525	   0.00000	   0.01525	   0.44211	   0.00000	   0.00000	   0.00000	  -0.27441
B         	   4.12534	  -2.16321	   0.00000	  -1.76844	   0.82324	  -0.44211	   0.00000	  -0.44211	   0.09147	  -0.00000	   0.00000	  -0.00000	  -0.91471
B         	   4.09583	   2.13013	   0.00000	  -0.62505	   0.38113	   0.32015	  -0.00000	   0.32015	   0.10672	  -0.00000	  -0.00000	  -0.00000	  -0.48785
B         	   4.08289	   6.40089	   0.00000	   0.56407	  -0.06098	   0.10672	  -0.00000	   0.10672	   0.30490	  -0.00000	  -0.00000	  -0.00000	  -0.25917
B         	   6.82125	  -2.16926	   0.00000	  -0.10672	   0.19819	  -0.07623	  -0.00000	  -0.07623	  -0.04574	   0.00000	  -0.00000	   0.00000	  -0.15245
B         	   6.81032	   2.12131	   0.00000	  -0.01525	   0.13721	   0.06098	  -0.00000	   0.06098	  -0.01525	   0.00000	  -0.00000	   0.00000	  -0.10672
B         	   6.80313	   6.39504	   0.00000	  -0.01525	   0.06098	   0.00000	  -0.00000	   0.00000	   0.03049	  -0.00000	  -0.00000	  -0.00000	  -0.09147
B         	   9.51852	  -2.17101	   0.00000	  -0.01525	   0.09147	  -0.01525	   0.00000	  -0.01525	  -0.03049	  -0.00000	   0.00000	  -0.00000	  -0.04574
B         	   9.51559	   2.11421	   0.00000	   0.00000	   0.07623	   0.01525	   0.00000	   0.01525	  -0.03049	  -0.00000	   0.00000	  -0.00000	  -0.04574
B         	   9.51274	   6.39195	   0.00000	  -0.00000	   0.06098	  -0.00000	   0.00000	  -0.00000	  -0.01525	   0.00000	   0.00000	   0.00000	  -0.04574
N         	 -10.87013	  -2.86584	   0.00000	   0.00000	   0.07623	   0.00000	  -0.00000	   0.00000	  -0.03049	  -0.00000	  -0.00000	  -0.00000	  -0.04574
N         	 -10.86998	   1.41933	   0.00000	   0.00000	   0.07623	  -0.00000	   0.00000	  -0.00000	  -0.03049	  -0.00000	   0.00000	  -0.00000	  -0.04574
N         	 -10.86763	   5.69958	   0.00000	   0.00000	   0.06098	  -0.00000	   0.00000	  -0.00000	  -0.01525	   0.00000	   0.00000	   0.00000	  -0.04574
N         	  -8.17448	  -2.86588	   0.00000	   0.09147	   0.10672	   0.06098	   0.00000	   0.06098	  -0.03049	  -0.00000	   0.00000	  -0.00000	  -0.07623
N         	  -8.17359	   1.42379	   0.00000	  -0.00000	   0.10672	  -0.03049	  -0.00000	  -0.03049	  -0.04574	   0.00000	  -0.00000	   0.00000	  -0.07623
N         	  -8.16399	   5.70308	   0.00000	   0.01525	   0.06098	   0.00000	   0.00000	   0.00000	   0.00000	   0.00000	   0.00000	   0.00000	  -0.06098
N         	  -5.47959	  -2.86629	   0.00000	   1.41780	   0.33539	   0.53358	  -0.00000	   0.53358	   0.10672	   0.00000	  -0.00000	   0.00000	  -0.44211
N         	  -5.47764	   1.43356	   0.00000	  -0.07623	   0.28966	  -0.09147	   0.00000	  -0.09147	  -0.01525	  -0.00000	   0.00000	  -0.00000	  -0.27441
N         	  -5.45151	   5.71017	   0.00000	   0.13721	  -0.01525	   0.04574	   0.00000	   0.04574	   0.21343	   0.00000	   0.00000	   0.00000	  -0.19819
N         	  -2.77729	  -2.86280	   0.00000	  42.59505	   1.81418	  10.22952	   0.00000	  10.22952	   5.00042	   0.00000	   0.00000	   0.00000	  -6.81460
N         	  -2.77656	   1.44369	   0.00000	   5.61023	  -0.83849	   0.85373	  -0.00000	   0.85373	   4.19243	   0.00000	  -0.00000	   0.00000	  -3.36919
N         	  -2.72329	   5.71959	   0.00000	   2.65266	  -0.15245	  -0.38113	  -0.00000	  -0.38113	   0.62505	  -0.00000	  -0.00000	  -0.00000	  -0.47260
N         	   0.00000	  -2.80390	   0.00000	   9.45202	   3.93326	  -0.00000	   0.00000	  -0.00000	  -0.54883	   0.00000	   0.00000	   0.00000	  -3.38443
N         	   0.00000	   5.72355	   0.00000	   0.27441	  -0.24392	  -0.00000	   0.00000	  -0.00000	   0.59456	   0.00000	   0.00000	   0.00000	  -0.35064
N         	   2.77729	  -2.86280	   0.00000	  42.59505	   1.81418	 -10.22952	   0.00000	 -10.22952	   5.00042	  -0.00000	   0.00000	  -0.00000	  -6.81460
N         	   2.77656	   1.44369	   0.00000	   5.61023	  -0.83849	  -0.85373	  -0.00000	  -0.85373	   4.19243	   0.00000	  -0.00000	   0.00000	  -3.36919
N         	   2.72329	   5.71959	   0.00000	   2.65266	  -0.15245	   0.38113	   0.00000	   0.38113	   0.62505	  -0.00000	   0.00000	  -0.00000	  -0.47260
N         	   5.47959	  -2.86629	   0.00000	   1.41780	   0.33539	  -0.53358	  -0.00000	  -0.53358	   0.10672	   0.00000	  -0.00000	   0.00000	  -0.44211
N         	   5.47764	   1.43356	   0.00000	  -0.07623	   0.28966	   0.09147	   0.00000	   0.09147	  -0.01525	   0.00000	   0.00000	   0.00000	  -0.27441
N         	   5.45151	   5.71017	   0.00000	   0.13721	  -0.01525	  -0.04574	  -0.00000	  -0.04574	   0.21343	  -0.00000	  -0.00000	  -0.00000	  -0.19819
N         	   8.17448	  -2.86588	   0.00000	   0.09147	   0.10672	  -0.06098	   0.00000	  -0.06098	  -0.03049	   0.00000	   0.00000	   0.00000	  -0.07623
N         	   8.17359	   1.42379	   0.00000	  -0.00000	   0.10672	   0.03049	  -0.00000	   0.03049	  -0.04574	  -0.00000	  -0.00000	  -0.00000	  -0.07623
N         	   8.16399	   5.70308	   0.00000	   0.01525	   0.06098	  -0.00000	   0.00000	  -0.00000	   0.00000	  -0.00000	   0.00000	  -0.00000	  -0.06098
N         	  10.87013	  -2.86584	   0.00000	   0.00000	   0.07623	  -0.00000	  -0.00000	  -0.00000	  -0.03049	  -0.00000	  -0.00000	  -0.00000	  -0.04574
N         	  10.86998	   1.41933	   0.00000	   0.00000	   0.07623	   0.00000	   0.00000	   0.00000	  -0.03049	   0.00000	   0.00000	   0.00000	  -0.04574
N         	  10.86763	   5.69958	   0.00000	   0.00000	   0.06098	   0.00000	  -0.00000	   0.00000	  -0.01525	   0.00000	  -0.00000	   0.00000	  -0.04574
N         	 -12.21841	  -5.00690	   0.00000	   0.00000	   0.06098	   0.00000	  -0.00000	   0.00000	  -0.01525	  -0.00000	  -0.00000	  -0.00000	  -0.03049
N         	 -12.21841	  -0.72350	   0.00000	   0.01525	   0.07623	  -0.00000	   0.00000	  -0.00000	  -0.03049	  -0.00000	   0.00000	  -0.00000	  -0.04574
N         	 -12.21841	   3.55965	   0.00000	  -0.00000	   0.06098	  -0.00000	   0.00000	  -0.00000	  -0.01525	   0.00000	   0.00000	   0.00000	  -0.03049
N         	  -9.51828	  -5.00619	   0.00000	   0.01525	   0.06098	   0.01525	   0.00000	   0.01525	  -0.01525	  -0.00000	   0.00000	  -0.00000	  -0.04574
N         	  -9.52723	  -0.72268	   0.00000	   0.10672	   0.12196	   0.01525	  -0.00000	   0.01525	  -0.04574	   0.00000	  -0.00000	   0.00000	  -0.06098
N         	  -9.51680	   3.56228	   0.00000	   0.00000	   0.06098	  -0.01525	  -0.00000	  -0.01525	  -0.01525	  -0.00000	  -0.00000	  -0.00000	  -0.04574
N         	  -6.81496	  -5.00446	   0.00000	   0.15245	   0.06098	   0.09147	  -0.00000	   0.09147	   0.06098	  -0.00000	  -0.00000	  -0.00000	  -0.12196
N         	  -6.84435	  -0.72024	   0.00000	   1.61599	   0.56407	   0.19819	   0.00000	   0.19819	  -0.22868	  -0.00000	   0.00000	  -0.00000	  -0.33539
N         	  -6.81191	   3.57016	   0.00000	  -0.01525	   0.09147	  -0.04574	   0.00000	  -0.04574	   0.01525	  -0.00000	   0.00000	  -0.00000	  -0.10672
N         	  -4.10142	  -4.99932	   0.00000	   3.36919	  -0.01525	   0.96045	  -0.00000	   0.96045	   0.82324	  -0.00000	  -0.00000	  -0.00000	  -0.80799
N         	  -4.18870	  -0.71721	   0.00000	  24.10264	   6.20479	   4.05522	  -0.00000	   4.05522	  -2.28678	  -0.00000	  -0.00000	  -0.00000	  -3.91801
N         	  -4.09776	   3.58243	   0.00000	   0.76226	   0.06098	  -0.33539	   0.00000	  -0.33539	   0.33539	   0.00000	   0.00000	   0.00000	  -0.39637
N         	  -1.36482	  -4.97233	   0.00000	   0.19819	  -0.07623	   0.15245	   0.00000	   0.15245	   0.51834	   0.00000	   0.00000	   0.00000	  -0.44211
N         	  -1.36790	   3.57458	   0.00000	  30.56660	  -2.82036	  -4.02473	   0.00000	  -4.02473	   7.13475	  -0.00000	   0.00000	  -0.00000	  -4.29914
N         	   1.36482	  -4.97233	   0.00000	   0.19819	  -0.07623	  -0.15245	  -0.00000	  -0.15245	   0.51834	   0.00000	  -0.00000	   0.00000	  -0.44211
N         	   1.36790	   3.57458	   0.00000	  30.56660	  -2.82036	   4.02473	  -0.00000	   4.02473	   7.13475	  -0.00000	  -0.00000	  -0.00000	  -4.29914
N         	   4.10142	  -4.99932	   0.00000	   3.36919	  -0.01525	  -0.96045	  -0.00000	  -0.96045	   0.82324	   0.00000	  -0.00000	   0.00000	  -0.80799
N         	   4.18870	  -0.71721	   0.00000	  24.10264	   6.20479	  -4.05522	  -0.00000	  -4.05522	  -2.28678	   0.00000	  -0.00000	   0.00000	  -3.91801
N         	   4.09776	   3.58243	   0.00000	   0.76226	   0.06098	   0.33539	   0.00000	   0.33539	   0.33539	  -0.00000	   0.00000	  -0.00000	  -0.39637
N         	   6.81496	  -5.00446	   0.00000	   0.15245	   0.06098	  -0.09147	  -0.00000	  -0.09147	   0.06098	   0.00000	  -0.00000	   0.00000	  -0.12196
N         	   6.84435	  -0.72024	   0.00000	   1.61599	   0.56407	  -0.19819	   0.00000	  -0.19819	  -0.22868	  -0.00000	   0.00000	  -0.00000	  -0.33539
N         	   6.81191	   3.57016	   0.00000	  -0.01525	   0.09147	   0.04574	   0.00000	   0.04574	   0.01525	   0.00000	   0.00000	   0.00000	  -0.10672
N         	   9.51828	  -5.00619	   0.00000	   0.01525	   0.06098	  -0.01525	   0.00000	  -0.01525	  -0.01525	   0.00000	   0.00000	   0.00000	  -0.04574
N         	   9.52723	  -0.72268	   0.00000	   0.10672	   0.12196	  -0.01525	  -0.00000	  -0.01525	  -0.04574	  -0.00000	  -0.00000	  -0.00000	  -0.06098
N         	   9.51680	   3.56228	   0.00000	   0.00000	   0.06098	   0.01525	  -0.00000	   0.01525	  -0.01525	   0.00000	  -0.00000	   0.00000	  -0.04574
N         	   1.64111	  -0.75899	   0.00000	 234.24229	  61.91070	-102.96599	   0.00000	-102.96599	   4.57356	   0.00000	   0.00000	   0.00000	 -66.48426
N         	  -1.64111	  -0.75899	   0.00000	 234.24229	  61.91070	 102.96599	   0.00000	 102.96599	   4.57356	   0.00000	   0.00000	   0.00000	 -66.48426
N         	   0.00000	   1.51798	   0.00000	 249.86860	 -70.99683	   0.00000	  -0.00000	   0.00000	 137.43535	   0.00000	  -0.00000	   0.00000	 -66.43852
