--------------------------------------------------------------------------------------------------------------------------------------------------------------------------
  AtomName	    r_1i_X	    r_1i_Y	    r_1i_Z	     EFGxx	     EFGxy	     EFGxz	     EFGyx	     EFGyy	     EFGyz	     EFGzx	     EFGzy	     EFGzz	[Hatree/Bohr_radius^2]
--------------------------------------------------------------------------------------------------------------------------------------------------------------------------
10B  eQ___:	  8.459000	[Q/milibarn]*(10^-1)
11B  eQ___:	  4.059000	[Q/milibarn]*(10^-1)
14N  eQ___:	  2.044000	[Q/milibarn]*(10^-1)
15N  eQ___:	  0.000000	[Q/milibarn]*(10^-1)
10B  etc____:	---       	---       	---       	  -0.19777	   0.00000	   0.00000	   0.00000	  -0.19327	   0.00005	   0.00000	   0.00005	   0.39104
11B  etc____:	---       	---       	---       	  -0.19777	   0.00000	   0.00000	   0.00000	  -0.19327	   0.00005	   0.00000	   0.00005	   0.39104
14N  etc____:	---       	---       	---       	  -0.02981	  -0.00000	   0.00000	  -0.00000	   0.00019	  -0.00001	   0.00000	  -0.00001	   0.02963
15N  etc____:	---       	---       	---       	  -0.02981	  -0.00000	   0.00000	  -0.00000	   0.00019	  -0.00001	   0.00000	  -0.00001	   0.02963
MinDif[A]:	 -11.10651	  -6.47655	  -0.46749
MaxDif[A]:	   9.87095	   6.46279	   0.09673
--------------------------------------------------------------------------------------------------------------------------------------------------------------------------
B         	  -9.86984	  -4.32278	  -0.46749	  -0.19722	   0.00278	   0.00008	   0.00278	  -0.19373	  -0.00001	   0.00008	  -0.00001	   0.39095
B         	  -9.86850	  -0.00994	  -0.46749	  -0.19818	   0.00383	   0.00006	   0.00383	  -0.19267	  -0.00001	   0.00006	  -0.00001	   0.39085
B         	  -9.86984	   4.30506	  -0.46749	  -0.19802	   0.00283	   0.00008	   0.00283	  -0.19299	  -0.00001	   0.00008	  -0.00001	   0.39101
B         	  -7.39520	  -4.32007	  -0.46744	  -0.19534	   0.00895	   0.00059	   0.00895	  -0.19518	  -0.00014	   0.00059	  -0.00014	   0.39052
B         	  -7.39257	  -0.00853	  -0.46744	  -0.19779	   0.01141	   0.00065	   0.01141	  -0.19250	  -0.00019	   0.00065	  -0.00019	   0.39028
B         	  -7.39514	   4.30485	  -0.46744	  -0.19929	   0.00962	   0.00048	   0.00962	  -0.19139	  -0.00009	   0.00048	  -0.00009	   0.39067
B         	  -4.92467	  -4.31642	  -0.38923	  -0.18773	   0.01159	  -0.04551	   0.01159	  -0.19836	   0.00994	  -0.04551	   0.00994	   0.38609
B         	  -4.91364	  -0.00729	  -0.40122	  -0.19564	   0.02355	  -0.04133	   0.02355	  -0.18923	   0.01094	  -0.04133	   0.01094	   0.38487
B         	  -4.92424	   4.30878	  -0.39448	  -0.19719	   0.01389	  -0.04331	   0.01389	  -0.18979	   0.00911	  -0.04331	   0.00911	   0.38699
B         	  -2.46362	  -4.30965	  -0.14585	  -0.17465	   0.01171	  -0.05521	   0.01171	  -0.20908	  -0.00198	  -0.05521	  -0.00198	   0.38373
B         	  -2.42747	   0.00151	  -0.16552	  -0.17268	   0.05925	  -0.05460	   0.05925	  -0.18945	   0.00311	  -0.05460	   0.00311	   0.36215
B         	  -2.46226	   4.30854	  -0.15978	  -0.19944	   0.01505	  -0.05924	   0.01505	  -0.18357	  -0.00037	  -0.05924	  -0.00037	   0.38299
B         	   0.00000	  -4.31264	  -0.00783	  -0.17147	  -0.00000	  -0.00000	  -0.00000	  -0.21753	  -0.01295	  -0.00000	  -0.01295	   0.38899
B         	   0.00000	   4.30972	  -0.02217	  -0.20641	  -0.00000	  -0.00000	  -0.00000	  -0.18040	  -0.00549	  -0.00000	  -0.00549	   0.38681
B         	   2.46362	  -4.30965	  -0.14585	  -0.17465	  -0.01171	   0.05521	  -0.01171	  -0.20908	  -0.00198	   0.05521	  -0.00198	   0.38373
B         	   2.42747	   0.00151	  -0.16552	  -0.17268	  -0.05925	   0.05460	  -0.05925	  -0.18945	   0.00311	   0.05460	   0.00311	   0.36215
B         	   2.46226	   4.30854	  -0.15978	  -0.19943	  -0.01505	   0.05924	  -0.01505	  -0.18357	  -0.00037	   0.05924	  -0.00037	   0.38299
B         	   4.92467	  -4.31642	  -0.38923	  -0.18773	  -0.01159	   0.04551	  -0.01159	  -0.19836	   0.00994	   0.04551	   0.00994	   0.38609
B         	   4.91364	  -0.00729	  -0.40122	  -0.19564	  -0.02356	   0.04133	  -0.02356	  -0.18923	   0.01094	   0.04133	   0.01094	   0.38487
B         	   4.92424	   4.30878	  -0.39448	  -0.19719	  -0.01389	   0.04331	  -0.01389	  -0.18979	   0.00911	   0.04331	   0.00911	   0.38699
B         	   7.39520	  -4.32007	  -0.46744	  -0.19534	  -0.00895	  -0.00059	  -0.00895	  -0.19518	  -0.00014	  -0.00059	  -0.00014	   0.39052
B         	   7.39257	  -0.00853	  -0.46744	  -0.19779	  -0.01141	  -0.00065	  -0.01141	  -0.19250	  -0.00019	  -0.00065	  -0.00019	   0.39028
B         	   7.39514	   4.30485	  -0.46744	  -0.19929	  -0.00962	  -0.00048	  -0.00962	  -0.19139	  -0.00009	  -0.00048	  -0.00009	   0.39067
B         	   9.86984	  -4.32278	  -0.46749	  -0.19722	  -0.00278	  -0.00008	  -0.00278	  -0.19373	  -0.00001	  -0.00008	  -0.00001	   0.39095
B         	   9.86850	  -0.00994	  -0.46749	  -0.19818	  -0.00383	  -0.00006	  -0.00383	  -0.19267	  -0.00001	  -0.00006	  -0.00001	   0.39085
B         	   9.86984	   4.30506	  -0.46749	  -0.19802	  -0.00283	  -0.00008	  -0.00283	  -0.19299	  -0.00001	  -0.00008	  -0.00001	   0.39101
B         	 -11.10651	   6.46175	  -0.46749	  -0.19777	   0.00000	   0.00000	   0.00000	  -0.19327	   0.00005	   0.00000	   0.00005	   0.39104
B         	 -11.10651	  -2.16607	  -0.46749	  -0.19722	   0.00000	  -0.00000	   0.00000	  -0.19376	   0.00005	  -0.00000	   0.00005	   0.39098
B         	 -11.10651	   2.14724	  -0.46749	  -0.19836	   0.00000	  -0.00000	   0.00000	  -0.19263	   0.00004	  -0.00000	   0.00004	   0.39098
B         	  -8.63245	   6.46279	  -0.46748	  -0.19711	   0.00589	   0.00050	   0.00589	  -0.19368	  -0.00042	   0.00050	  -0.00042	   0.39080
B         	  -8.63188	  -2.16595	  -0.46748	  -0.19735	   0.00662	   0.00051	   0.00662	  -0.19335	  -0.00042	   0.00051	  -0.00042	   0.39070
B         	  -8.63231	   2.14799	  -0.46748	  -0.19842	   0.00670	   0.00042	   0.00670	  -0.19243	  -0.00036	   0.00042	  -0.00036	   0.39085
B         	  -6.15995	  -6.47655	  -0.46649	  -0.19640	   0.00961	  -0.01371	   0.00961	  -0.19395	   0.00672	  -0.01371	   0.00672	   0.39034
B         	  -6.15536	  -2.16267	  -0.46649	  -0.19422	   0.01442	  -0.01406	   0.01442	  -0.19500	   0.00721	  -0.01406	   0.00721	   0.38922
B         	  -6.15605	   2.14796	  -0.46649	  -0.20069	   0.01550	  -0.01144	   0.01550	  -0.18915	   0.00562	  -0.01144	   0.00562	   0.38984
B         	  -3.69357	  -6.47251	  -0.28319	  -0.18831	   0.01184	  -0.06058	   0.01184	  -0.19567	  -0.00175	  -0.06058	  -0.00175	   0.38398
B         	  -3.68573	  -2.15609	  -0.28337	  -0.17736	   0.02137	  -0.06153	   0.02137	  -0.20109	   0.00716	  -0.06153	   0.00716	   0.37846
B         	  -3.68814	   2.15003	  -0.29334	  -0.20013	   0.02588	  -0.06235	   0.02588	  -0.18090	   0.00132	  -0.06235	   0.00132	   0.38103
B         	  -1.23410	  -6.47130	  -0.06110	  -0.18995	   0.00617	  -0.03382	   0.00617	  -0.19837	  -0.01100	  -0.03382	  -0.01100	   0.38831
B         	  -1.21509	  -2.14073	  -0.04517	  -0.14045	   0.03439	  -0.03376	   0.03439	  -0.22915	  -0.00063	  -0.03376	  -0.00063	   0.36960
B         	  -1.22744	   2.13601	  -0.03139	  -0.22841	   0.01855	  -0.05879	   0.01855	  -0.13748	   0.00153	  -0.05879	   0.00153	   0.36588
B         	   1.23410	  -6.47130	  -0.06110	  -0.18995	  -0.00617	   0.03382	  -0.00617	  -0.19837	  -0.01100	   0.03382	  -0.01100	   0.38831
B         	   1.21510	  -2.14073	  -0.04517	  -0.14045	  -0.03439	   0.03376	  -0.03439	  -0.22915	  -0.00063	   0.03376	  -0.00063	   0.36960
B         	   1.22744	   2.13601	  -0.03139	  -0.22841	  -0.01855	   0.05879	  -0.01855	  -0.13748	   0.00153	   0.05879	   0.00153	   0.36588
B         	   3.69357	  -6.47251	  -0.28319	  -0.18831	  -0.01184	   0.06058	  -0.01184	  -0.19567	  -0.00175	   0.06058	  -0.00175	   0.38398
B         	   3.68573	  -2.15609	  -0.28337	  -0.17736	  -0.02137	   0.06153	  -0.02137	  -0.20109	   0.00716	   0.06153	   0.00716	   0.37846
B         	   3.68814	   2.15003	  -0.29334	  -0.20013	  -0.02588	   0.06235	  -0.02588	  -0.18090	   0.00132	   0.06235	   0.00132	   0.38103
B         	   6.15995	  -6.47655	  -0.46649	  -0.19640	  -0.00961	   0.01371	  -0.00961	  -0.19395	   0.00672	   0.01371	   0.00672	   0.39034
B         	   6.15536	  -2.16267	  -0.46649	  -0.19422	  -0.01442	   0.01406	  -0.01442	  -0.19500	   0.00721	   0.01406	   0.00721	   0.38922
B         	   6.15605	   2.14796	  -0.46649	  -0.20069	  -0.01550	   0.01144	  -0.01550	  -0.18915	   0.00562	   0.01144	   0.00562	   0.38984
B         	   8.63245	   6.46279	  -0.46748	  -0.19711	  -0.00589	  -0.00050	  -0.00589	  -0.19368	  -0.00042	  -0.00050	  -0.00042	   0.39080
B         	   8.63188	  -2.16595	  -0.46748	  -0.19735	  -0.00662	  -0.00051	  -0.00662	  -0.19335	  -0.00042	  -0.00051	  -0.00042	   0.39070
B         	   8.63231	   2.14799	  -0.46748	  -0.19842	  -0.00670	  -0.00042	  -0.00670	  -0.19243	  -0.00036	  -0.00042	  -0.00036	   0.39085
N         	  -9.87095	  -2.88688	  -0.46749	  -0.02923	  -0.00097	   0.00058	  -0.00097	  -0.00001	   0.00008	   0.00058	   0.00008	   0.02924
N         	  -9.87083	   1.42682	  -0.46749	  -0.02976	  -0.00171	   0.00048	  -0.00171	   0.00057	   0.00008	   0.00048	   0.00008	   0.02921
N         	  -9.87092	   5.74151	  -0.46749	  -0.02935	  -0.00045	   0.00058	  -0.00045	   0.00029	   0.00008	   0.00058	   0.00008	   0.02907
N         	  -7.39879	  -2.88492	  -0.46744	  -0.02940	  -0.00290	  -0.01080	  -0.00290	  -0.00083	  -0.00273	  -0.01080	  -0.00273	   0.03024
N         	  -7.39961	   1.42833	  -0.46744	  -0.02867	  -0.00480	  -0.00910	  -0.00480	  -0.00050	  -0.00257	  -0.00910	  -0.00257	   0.02917
N         	  -7.39987	   5.74222	  -0.46744	  -0.02964	  -0.00257	  -0.01087	  -0.00257	   0.00064	  -0.00274	  -0.01087	  -0.00274	   0.02900
N         	  -4.92745	  -2.88289	  -0.40752	  -0.03372	  -0.00533	   0.00529	  -0.00533	   0.00059	   0.00535	   0.00529	   0.00535	   0.03314
N         	  -4.92877	   1.43100	  -0.41896	  -0.02876	  -0.00871	   0.00441	  -0.00871	  -0.00048	   0.00598	   0.00441	   0.00598	   0.02925
N         	  -4.92928	   5.74648	  -0.40981	  -0.02852	  -0.00264	   0.00668	  -0.00264	  -0.00249	   0.00438	   0.00668	   0.00438	   0.03101
N         	  -2.46823	  -2.88232	  -0.14413	  -0.02870	   0.01088	   0.00196	   0.01088	   0.00792	  -0.00408	   0.00196	  -0.00408	   0.02078
N         	  -2.47361	   1.43982	  -0.16209	  -0.01936	  -0.00094	   0.00026	  -0.00094	   0.00276	   0.00152	   0.00026	   0.00152	   0.01660
N         	  -2.46959	   5.74826	  -0.15766	  -0.02617	  -0.00378	   0.00057	  -0.00378	  -0.00598	  -0.00688	   0.00057	  -0.00688	   0.03214
N         	   0.00000	  -2.89594	   0.01464	  -0.01997	   0.00000	  -0.00000	   0.00000	  -0.00187	  -0.01243	  -0.00000	  -0.01243	   0.02185
N         	   0.00000	   5.75023	  -0.01616	  -0.02200	   0.00000	  -0.00000	   0.00000	  -0.00966	  -0.01515	  -0.00000	  -0.01515	   0.03166
N         	   2.46823	  -2.88232	  -0.14413	  -0.02870	  -0.01088	  -0.00196	  -0.01088	   0.00792	  -0.00408	  -0.00196	  -0.00408	   0.02078
N         	   2.47361	   1.43982	  -0.16209	  -0.01936	   0.00094	  -0.00026	   0.00094	   0.00276	   0.00152	  -0.00026	   0.00152	   0.01660
N         	   2.46959	   5.74826	  -0.15766	  -0.02617	   0.00378	  -0.00057	   0.00378	  -0.00597	  -0.00688	  -0.00057	  -0.00688	   0.03214
N         	   4.92745	  -2.88289	  -0.40752	  -0.03372	   0.00533	  -0.00529	   0.00533	   0.00059	   0.00535	  -0.00529	   0.00535	   0.03314
N         	   4.92877	   1.43100	  -0.41896	  -0.02876	   0.00871	  -0.00441	   0.00871	  -0.00048	   0.00598	  -0.00441	   0.00598	   0.02925
N         	   4.92928	   5.74648	  -0.40981	  -0.02852	   0.00264	  -0.00668	   0.00264	  -0.00249	   0.00438	  -0.00668	   0.00438	   0.03101
N         	   7.39879	  -2.88492	  -0.46744	  -0.02940	   0.00290	   0.01080	   0.00290	  -0.00083	  -0.00273	   0.01080	  -0.00273	   0.03024
N         	   7.39961	   1.42833	  -0.46744	  -0.02867	   0.00480	   0.00910	   0.00480	  -0.00050	  -0.00257	   0.00910	  -0.00257	   0.02917
N         	   7.39987	   5.74222	  -0.46744	  -0.02964	   0.00257	   0.01087	   0.00257	   0.00064	  -0.00274	   0.01087	  -0.00274	   0.02900
N         	   9.87095	  -2.88688	  -0.46749	  -0.02923	   0.00097	  -0.00058	   0.00097	  -0.00001	   0.00008	  -0.00058	   0.00008	   0.02924
N         	   9.87083	   1.42682	  -0.46749	  -0.02977	   0.00171	  -0.00048	   0.00171	   0.00057	   0.00008	  -0.00048	   0.00008	   0.02921
N         	   9.87092	   5.74151	  -0.46749	  -0.02935	   0.00045	  -0.00058	   0.00045	   0.00029	   0.00008	  -0.00058	   0.00008	   0.02907
N         	 -11.10651	  -5.04381	  -0.46749	  -0.02981	  -0.00000	   0.00000	  -0.00000	   0.00019	  -0.00001	   0.00000	  -0.00001	   0.02963
N         	 -11.10651	  -0.73014	  -0.46749	  -0.02806	  -0.00000	   0.00000	  -0.00000	  -0.00072	  -0.00001	   0.00000	  -0.00001	   0.02878
N         	 -11.10651	   3.58408	  -0.46749	  -0.02996	  -0.00000	   0.00000	  -0.00000	   0.00116	  -0.00001	   0.00000	  -0.00001	   0.02879
N         	  -8.63522	  -5.04270	  -0.46748	  -0.02946	  -0.00164	  -0.00029	  -0.00164	   0.00025	   0.00001	  -0.00029	   0.00001	   0.02922
N         	  -8.63420	  -0.72971	  -0.46748	  -0.02842	  -0.00221	  -0.00022	  -0.00221	  -0.00084	   0.00002	  -0.00022	   0.00002	   0.02927
N         	  -8.63563	   3.58480	  -0.46748	  -0.02870	  -0.00233	  -0.00028	  -0.00233	  -0.00024	   0.00004	  -0.00028	   0.00004	   0.02894
N         	  -6.16408	  -5.04084	  -0.46649	  -0.03075	  -0.00322	  -0.00493	  -0.00322	   0.00015	   0.01767	  -0.00493	   0.01767	   0.03058
N         	  -6.16092	  -0.72740	  -0.46649	  -0.02627	  -0.00678	  -0.00610	  -0.00678	  -0.00314	   0.01629	  -0.00610	   0.01629	   0.02941
N         	  -6.16402	   3.58658	  -0.46649	  -0.02821	  -0.00357	  -0.00457	  -0.00357	   0.00034	   0.01512	  -0.00457	   0.01512	   0.02787
N         	  -3.69929	  -5.03784	  -0.27560	  -0.03321	  -0.00414	   0.00224	  -0.00414	   0.00032	   0.00538	   0.00224	   0.00538	   0.03288
N         	  -3.69203	  -0.72386	  -0.29525	  -0.00669	   0.00140	   0.00526	   0.00140	  -0.01139	   0.00253	   0.00526	   0.00253	   0.01808
N         	  -3.70020	   3.59187	  -0.28769	  -0.02419	  -0.00424	   0.00221	  -0.00424	  -0.00455	   0.00640	   0.00221	   0.00640	   0.02875
N         	  -1.23825	  -5.04026	  -0.03993	  -0.02761	  -0.00480	   0.00081	  -0.00480	  -0.00245	  -0.00956	   0.00081	  -0.00956	   0.03005
N         	  -1.23791	   3.59658	  -0.04426	  -0.02833	  -0.00821	  -0.00354	  -0.00821	   0.01207	  -0.02048	  -0.00354	  -0.02048	   0.01626
N         	   1.23825	  -5.04026	  -0.03993	  -0.02760	   0.00480	  -0.00081	   0.00480	  -0.00245	  -0.00956	  -0.00081	  -0.00956	   0.03005
N         	   1.23791	   3.59658	  -0.04426	  -0.02833	   0.00821	   0.00354	   0.00821	   0.01207	  -0.02048	   0.00354	  -0.02048	   0.01626
N         	   3.69929	  -5.03784	  -0.27560	  -0.03321	   0.00414	  -0.00224	   0.00414	   0.00032	   0.00538	  -0.00224	   0.00538	   0.03288
N         	   3.69203	  -0.72386	  -0.29525	  -0.00669	  -0.00140	  -0.00526	  -0.00140	  -0.01139	   0.00253	  -0.00526	   0.00253	   0.01808
N         	   3.70020	   3.59187	  -0.28769	  -0.02419	   0.00423	  -0.00221	   0.00423	  -0.00455	   0.00640	  -0.00221	   0.00640	   0.02875
N         	   6.16408	  -5.04084	  -0.46649	  -0.03075	   0.00322	   0.00493	   0.00322	   0.00015	   0.01767	   0.00493	   0.01767	   0.03058
N         	   6.16092	  -0.72740	  -0.46649	  -0.02627	   0.00678	   0.00610	   0.00678	  -0.00314	   0.01629	   0.00610	   0.01629	   0.02941
N         	   6.16402	   3.58658	  -0.46649	  -0.02821	   0.00357	   0.00457	   0.00357	   0.00034	   0.01512	   0.00457	   0.01512	   0.02787
N         	   8.63522	  -5.04270	  -0.46748	  -0.02946	   0.00164	   0.00029	   0.00164	   0.00025	   0.00001	   0.00029	   0.00001	   0.02922
N         	   8.63420	  -0.72971	  -0.46748	  -0.02842	   0.00221	   0.00022	   0.00221	  -0.00084	   0.00002	   0.00022	   0.00002	   0.02927
N         	   8.63563	   3.58480	  -0.46748	  -0.02870	   0.00233	   0.00028	   0.00233	  -0.00024	   0.00004	   0.00028	   0.00004	   0.02895
N         	   1.26549	  -0.74918	  -0.04836	   0.25820	  -0.28814	  -0.01589	  -0.28814	  -0.08121	   0.00759	  -0.01589	   0.00759	  -0.17699
N         	  -1.26549	  -0.74918	  -0.04836	   0.25820	   0.28815	   0.01589	   0.28815	  -0.08121	   0.00759	   0.01589	   0.00759	  -0.17700
N         	   0.00000	   1.49836	   0.09673	  -0.27915	   0.00000	  -0.00000	   0.00000	   0.48362	   0.08939	  -0.00000	   0.08939	  -0.20446
