--------------------------------------------------------------------------------------------------------------------------------------------------------------------------
  AtomName	    r_1i_X	    r_1i_Y	    r_1i_Z	  iso[MHz]	       Axx	       Axy	       Axz	       Ayx	       Ayy	       Ayz	       Azx	       Azy	       Azz
--------------------------------------------------------------------------------------------------------------------------------------------------------------------------
10B  g-factor___:   0.600215 [No-unit]
11B  g-factor___:   1.792433 [No-unit]
14N  g-factor___:   0.403761 [No-unit]
15N  g-factor___:  -0.566378 [No-unit]
10B  etc____:	---       	---       	---       	   0.00000
11B  etc____:	---       	---       	---       	   0.00000
14N  etc____:	---       	---       	---       	   0.00000
15N  etc____:	---       	---       	---       	   0.00000
MinDif[A]:	 -11.10651	  -6.47655	  -0.46749
MaxDif[A]:	   9.87095	   6.46279	   0.09673
--------------------------------------------------------------------------------------------------------------------------------------------------------------------------
B         	  -9.86984	  -4.32278	  -0.46749	   0.00000	   0.06098	   0.00000	   0.00000	   0.00000	  -0.01525	   0.00000	   0.00000	   0.00000	  -0.04574
B         	  -9.86850	  -0.00994	  -0.46749	   0.01525	   0.09147	  -0.00000	   0.00000	  -0.00000	  -0.04574	  -0.00000	   0.00000	  -0.00000	  -0.04574
B         	  -9.86984	   4.30506	  -0.46749	   0.00000	   0.06098	  -0.00000	   0.00000	  -0.00000	  -0.01525	  -0.00000	   0.00000	  -0.00000	  -0.04574
B         	  -7.39520	  -4.32007	  -0.46744	  -0.01525	   0.07623	   0.03049	   0.00000	   0.03049	  -0.00000	   0.00000	   0.00000	   0.00000	  -0.07623
B         	  -7.39257	  -0.00853	  -0.46744	   0.19819	   0.18294	  -0.04574	   0.01525	  -0.04574	  -0.07623	  -0.00000	   0.01525	  -0.00000	  -0.10672
B         	  -7.39514	   4.30485	  -0.46744	   0.00000	   0.07623	  -0.03049	   0.00000	  -0.03049	  -0.00000	  -0.00000	   0.00000	  -0.00000	  -0.06098
B         	  -4.92467	  -4.31642	  -0.38923	  -0.04574	   0.10672	   0.12196	   0.03049	   0.12196	   0.07623	   0.01525	   0.03049	   0.01525	  -0.18294
B         	  -4.91364	  -0.00729	  -0.40122	   2.50021	   0.74701	  -0.48785	   0.07623	  -0.48785	  -0.13721	  -0.01525	   0.07623	  -0.01525	  -0.60981
B         	  -4.92424	   4.30878	  -0.39448	  -0.04574	   0.07623	  -0.10672	   0.01525	  -0.10672	   0.06098	  -0.01525	   0.01525	  -0.01525	  -0.13721
B         	  -2.46362	  -4.30965	  -0.14585	   2.31727	  -0.38113	   0.12196	   0.01525	   0.12196	   0.99094	   0.01525	   0.01525	   0.01525	  -0.60981
B         	  -2.42747	   0.00151	  -0.16552	   0.28966	   3.27772	  -3.91801	   0.99094	  -3.91801	   1.32633	  -0.56407	   0.99094	  -0.56407	  -4.58880
B         	  -2.46226	   4.30854	  -0.15978	   2.62217	   0.47260	  -0.64030	   0.04574	  -0.64030	   0.18294	  -0.03049	   0.04574	  -0.03049	  -0.64030
B         	   0.00000	  -4.31264	  -0.00783	  -0.94520	  -0.21343	  -0.00000	  -0.00000	  -0.00000	   0.71652	  -0.01525	  -0.00000	  -0.01525	  -0.50309
B         	   0.00000	   4.30972	  -0.02217	  -1.02143	  -0.38113	  -0.00000	  -0.00000	  -0.00000	   1.29584	  -0.09147	  -0.00000	  -0.09147	  -0.91471
B         	   2.46362	  -4.30965	  -0.14585	   2.31727	  -0.38113	  -0.12196	  -0.01525	  -0.12196	   0.99094	   0.01525	  -0.01525	   0.01525	  -0.60981
B         	   2.42747	   0.00151	  -0.16552	   0.28966	   3.27772	   3.91801	  -0.99094	   3.91801	   1.32633	  -0.56407	  -0.99094	  -0.56407	  -4.58880
B         	   2.46226	   4.30854	  -0.15978	   2.62217	   0.47260	   0.64030	  -0.04574	   0.64030	   0.18294	  -0.03049	  -0.04574	  -0.03049	  -0.64030
B         	   4.92467	  -4.31642	  -0.38923	  -0.04574	   0.10672	  -0.12196	  -0.03049	  -0.12196	   0.07623	   0.01525	  -0.03049	   0.01525	  -0.18294
B         	   4.91364	  -0.00729	  -0.40122	   2.50021	   0.74701	   0.48785	  -0.07623	   0.48785	  -0.13721	  -0.01525	  -0.07623	  -0.01525	  -0.60981
B         	   4.92424	   4.30878	  -0.39448	  -0.04574	   0.07623	   0.10672	  -0.01525	   0.10672	   0.06098	  -0.01525	  -0.01525	  -0.01525	  -0.13721
B         	   7.39520	  -4.32007	  -0.46744	  -0.01525	   0.07623	  -0.03049	  -0.00000	  -0.03049	  -0.00000	   0.00000	  -0.00000	   0.00000	  -0.07623
B         	   7.39257	  -0.00853	  -0.46744	   0.19819	   0.18294	   0.04574	  -0.01525	   0.04574	  -0.07623	  -0.00000	  -0.01525	  -0.00000	  -0.10672
B         	   7.39514	   4.30485	  -0.46744	   0.00000	   0.07623	   0.03049	  -0.00000	   0.03049	  -0.00000	  -0.00000	  -0.00000	  -0.00000	  -0.06098
B         	   9.86984	  -4.32278	  -0.46749	   0.00000	   0.06098	  -0.00000	  -0.00000	  -0.00000	  -0.01525	   0.00000	  -0.00000	   0.00000	  -0.04574
B         	   9.86850	  -0.00994	  -0.46749	   0.01525	   0.09147	   0.00000	  -0.00000	   0.00000	  -0.04574	  -0.00000	  -0.00000	  -0.00000	  -0.04574
B         	   9.86984	   4.30506	  -0.46749	   0.00000	   0.06098	   0.00000	  -0.00000	   0.00000	  -0.01525	  -0.00000	  -0.00000	  -0.00000	  -0.04574
B         	 -11.10651	   6.46175	  -0.46749	   0.00000	   0.06098	   0.00000	   0.00000	   0.00000	  -0.01525	   0.00000	   0.00000	   0.00000	  -0.04574
B         	 -11.10651	  -2.16607	  -0.46749	   0.00000	   0.07623	  -0.00000	   0.00000	  -0.00000	  -0.03049	   0.00000	   0.00000	   0.00000	  -0.04574
B         	 -11.10651	   2.14724	  -0.46749	   0.00000	   0.07623	   0.00000	   0.00000	   0.00000	  -0.03049	  -0.00000	   0.00000	  -0.00000	  -0.04574
B         	  -8.63245	   6.46279	  -0.46748	   0.00000	   0.06098	   0.00000	   0.00000	   0.00000	  -0.00000	  -0.00000	   0.00000	  -0.00000	  -0.04574
B         	  -8.63188	  -2.16595	  -0.46748	   0.00000	   0.10672	   0.01525	   0.00000	   0.01525	  -0.03049	   0.00000	   0.00000	   0.00000	  -0.06098
B         	  -8.63231	   2.14799	  -0.46748	   0.00000	   0.09147	  -0.01525	   0.00000	  -0.01525	  -0.03049	  -0.00000	   0.00000	  -0.00000	  -0.06098
B         	  -6.15995	  -6.47655	  -0.46649	   0.00000	   0.04574	   0.00000	   0.01525	   0.00000	   0.04574	   0.00000	   0.01525	   0.00000	  -0.07623
B         	  -6.15536	  -2.16267	  -0.46649	  -0.07623	   0.21343	   0.10672	   0.03049	   0.10672	  -0.04574	   0.00000	   0.03049	   0.00000	  -0.16770
B         	  -6.15605	   2.14796	  -0.46649	   0.00000	   0.16770	  -0.09147	   0.01525	  -0.09147	  -0.03049	  -0.00000	   0.01525	  -0.00000	  -0.13721
B         	  -3.69357	  -6.47251	  -0.28319	   0.10672	  -0.04574	  -0.06098	   0.01525	  -0.06098	   0.22868	  -0.01525	   0.01525	  -0.01525	  -0.19819
B         	  -3.68573	  -2.15609	  -0.28337	  -0.99094	   0.77750	   0.64030	   0.18294	   0.64030	   0.10672	   0.06098	   0.18294	   0.06098	  -0.88422
B         	  -3.68814	   2.15003	  -0.29334	  -0.91471	   0.41162	  -0.32015	   0.09147	  -0.32015	   0.07623	  -0.03049	   0.09147	  -0.03049	  -0.48785
B         	  -1.23410	  -6.47130	  -0.06110	  -0.07623	  -0.18294	  -0.01525	   0.01525	  -0.01525	   0.44211	  -0.00000	   0.01525	  -0.00000	  -0.24392
B         	  -1.21509	  -2.14073	  -0.04517	  -0.10672	  -1.67697	  -0.88422	   0.15245	  -0.88422	   6.22004	  -0.09147	   0.15245	  -0.09147	  -4.54307
B         	  -1.22744	   2.13601	  -0.03139	  -0.54883	   5.07665	  -2.94232	   1.34158	  -2.94232	  -0.53358	  -0.41162	   1.34158	  -0.41162	  -4.54307
B         	   1.23410	  -6.47130	  -0.06110	  -0.07623	  -0.18294	   0.01525	  -0.01525	   0.01525	   0.44211	  -0.00000	  -0.01525	  -0.00000	  -0.24392
B         	   1.21510	  -2.14073	  -0.04517	  -0.10672	  -1.67697	   0.88422	  -0.15245	   0.88422	   6.22004	  -0.09147	  -0.15245	  -0.09147	  -4.54307
B         	   1.22744	   2.13601	  -0.03139	  -0.54883	   5.07665	   2.94232	  -1.34158	   2.94232	  -0.53358	  -0.41162	  -1.34158	  -0.41162	  -4.54307
B         	   3.69357	  -6.47251	  -0.28319	   0.10672	  -0.04574	   0.06098	  -0.01525	   0.06098	   0.22868	  -0.01525	  -0.01525	  -0.01525	  -0.19819
B         	   3.68573	  -2.15609	  -0.28337	  -0.99094	   0.77750	  -0.64030	  -0.18294	  -0.64030	   0.10672	   0.06098	  -0.18294	   0.06098	  -0.88422
B         	   3.68814	   2.15003	  -0.29334	  -0.91471	   0.41162	   0.32015	  -0.09147	   0.32015	   0.07623	  -0.03049	  -0.09147	  -0.03049	  -0.48785
B         	   6.15995	  -6.47655	  -0.46649	   0.00000	   0.04574	  -0.00000	  -0.01525	  -0.00000	   0.04574	   0.00000	  -0.01525	   0.00000	  -0.07623
B         	   6.15536	  -2.16267	  -0.46649	  -0.07623	   0.21343	  -0.10672	  -0.03049	  -0.10672	  -0.04574	   0.00000	  -0.03049	   0.00000	  -0.16770
B         	   6.15605	   2.14796	  -0.46649	   0.00000	   0.16770	   0.09147	  -0.01525	   0.09147	  -0.03049	  -0.00000	  -0.01525	  -0.00000	  -0.13721
B         	   8.63245	   6.46279	  -0.46748	   0.00000	   0.06098	  -0.00000	  -0.00000	  -0.00000	  -0.00000	  -0.00000	  -0.00000	  -0.00000	  -0.04574
B         	   8.63188	  -2.16595	  -0.46748	   0.00000	   0.10672	  -0.01525	  -0.00000	  -0.01525	  -0.03049	   0.00000	  -0.00000	   0.00000	  -0.06098
B         	   8.63231	   2.14799	  -0.46748	   0.00000	   0.09147	   0.01525	  -0.00000	   0.01525	  -0.03049	  -0.00000	  -0.00000	  -0.00000	  -0.06098
N         	  -9.87095	  -2.88688	  -0.46749	   0.00000	   0.07623	   0.01525	   0.00000	   0.01525	  -0.03049	   0.00000	   0.00000	   0.00000	  -0.04574
N         	  -9.87083	   1.42682	  -0.46749	   0.00000	   0.09147	  -0.00000	   0.00000	  -0.00000	  -0.03049	  -0.00000	   0.00000	  -0.00000	  -0.04574
N         	  -9.87092	   5.74151	  -0.46749	   0.00000	   0.06098	  -0.00000	   0.00000	  -0.00000	  -0.01525	  -0.00000	   0.00000	  -0.00000	  -0.04574
N         	  -7.39879	  -2.88492	  -0.46744	   0.04574	   0.12196	   0.04574	   0.01525	   0.04574	  -0.03049	   0.00000	   0.01525	   0.00000	  -0.09147
N         	  -7.39961	   1.42833	  -0.46744	   0.00000	   0.13721	  -0.03049	   0.01525	  -0.03049	  -0.04574	  -0.00000	   0.01525	  -0.00000	  -0.09147
N         	  -7.39987	   5.74222	  -0.46744	   0.00000	   0.06098	  -0.01525	   0.00000	  -0.01525	   0.01525	  -0.00000	   0.00000	  -0.00000	  -0.06098
N         	  -4.92745	  -2.88289	  -0.40752	   0.57932	   0.32015	   0.32015	   0.04574	   0.32015	  -0.01525	   0.01525	   0.04574	   0.01525	  -0.30490
N         	  -4.92877	   1.43100	  -0.41896	   0.01525	   0.42687	  -0.10672	   0.07623	  -0.10672	  -0.07623	  -0.01525	   0.07623	  -0.01525	  -0.35064
N         	  -4.92928	   5.74648	  -0.40981	   0.01525	   0.01525	  -0.01525	   0.01525	  -0.01525	   0.12196	  -0.01525	   0.01525	  -0.01525	  -0.13721
N         	  -2.46823	  -2.88232	  -0.14413	  24.60573	   1.73795	   5.85415	   0.57932	   5.85415	   2.13433	   0.59456	   0.57932	   0.59456	  -3.88752
N         	  -2.47361	   1.43982	  -0.16209	   1.41780	   0.92996	   1.49403	   0.04574	   1.49403	   2.21055	  -0.01525	   0.04574	  -0.01525	  -3.14051
N         	  -2.46959	   5.74826	  -0.15766	   1.64648	  -0.22868	  -0.28966	   0.01525	  -0.28966	   0.64030	  -0.00000	   0.01525	  -0.00000	  -0.41162
N         	   0.00000	  -2.89594	   0.01464	   0.32015	   3.18624	   0.00000	   0.00000	   0.00000	  -0.07623	  -0.00000	   0.00000	  -0.00000	  -3.09477
N         	   0.00000	   5.75023	  -0.01616	   0.59456	  -0.32015	  -0.00000	   0.00000	  -0.00000	   0.73177	   0.04574	   0.00000	   0.04574	  -0.41162
N         	   2.46823	  -2.88232	  -0.14413	  24.60573	   1.73795	  -5.85415	  -0.57932	  -5.85415	   2.13433	   0.59456	  -0.57932	   0.59456	  -3.88752
N         	   2.47361	   1.43982	  -0.16209	   1.41780	   0.92996	  -1.49403	  -0.04574	  -1.49403	   2.21055	  -0.01525	  -0.04574	  -0.01525	  -3.14051
N         	   2.46959	   5.74826	  -0.15766	   1.64648	  -0.22868	   0.28966	  -0.01525	   0.28966	   0.64030	  -0.00000	  -0.01525	  -0.00000	  -0.41162
N         	   4.92745	  -2.88289	  -0.40752	   0.57932	   0.32015	  -0.32015	  -0.04574	  -0.32015	  -0.01525	   0.01525	  -0.04574	   0.01525	  -0.30490
N         	   4.92877	   1.43100	  -0.41896	   0.01525	   0.42687	   0.10672	  -0.07623	   0.10672	  -0.07623	  -0.01525	  -0.07623	  -0.01525	  -0.35064
N         	   4.92928	   5.74648	  -0.40981	   0.01525	   0.01525	   0.01525	  -0.01525	   0.01525	   0.12196	  -0.01525	  -0.01525	  -0.01525	  -0.13721
N         	   7.39879	  -2.88492	  -0.46744	   0.04574	   0.12196	  -0.04574	  -0.01525	  -0.04574	  -0.03049	   0.00000	  -0.01525	   0.00000	  -0.09147
N         	   7.39961	   1.42833	  -0.46744	   0.00000	   0.13721	   0.03049	  -0.01525	   0.03049	  -0.04574	  -0.00000	  -0.01525	  -0.00000	  -0.09147
N         	   7.39987	   5.74222	  -0.46744	   0.00000	   0.06098	   0.01525	  -0.00000	   0.01525	   0.01525	  -0.00000	  -0.00000	  -0.00000	  -0.06098
N         	   9.87095	  -2.88688	  -0.46749	   0.00000	   0.07623	  -0.01525	  -0.00000	  -0.01525	  -0.03049	   0.00000	  -0.00000	   0.00000	  -0.04574
N         	   9.87083	   1.42682	  -0.46749	   0.00000	   0.09147	   0.00000	  -0.00000	   0.00000	  -0.03049	  -0.00000	  -0.00000	  -0.00000	  -0.04574
N         	   9.87092	   5.74151	  -0.46749	   0.00000	   0.06098	   0.00000	  -0.00000	   0.00000	  -0.01525	  -0.00000	  -0.00000	  -0.00000	  -0.04574
N         	 -11.10651	  -5.04381	  -0.46749	   0.00000	   0.06098	   0.00000	   0.00000	   0.00000	  -0.01525	   0.00000	   0.00000	   0.00000	  -0.04574
N         	 -11.10651	  -0.73014	  -0.46749	   0.00000	   0.09147	  -0.00000	   0.00000	  -0.00000	  -0.04574	   0.00000	   0.00000	   0.00000	  -0.04574
N         	 -11.10651	   3.58408	  -0.46749	   0.00000	   0.07623	  -0.00000	  -0.00000	  -0.00000	  -0.03049	  -0.00000	  -0.00000	  -0.00000	  -0.04574
N         	  -8.63522	  -5.04270	  -0.46748	   0.00000	   0.06098	   0.01525	   0.00000	   0.01525	  -0.01525	   0.00000	   0.00000	   0.00000	  -0.04574
N         	  -8.63420	  -0.72971	  -0.46748	   0.09147	   0.13721	   0.01525	   0.00000	   0.01525	  -0.06098	   0.00000	   0.00000	   0.00000	  -0.07623
N         	  -8.63563	   3.58480	  -0.46748	   0.00000	   0.07623	  -0.01525	   0.00000	  -0.01525	  -0.01525	  -0.00000	   0.00000	  -0.00000	  -0.06098
N         	  -6.16408	  -5.04084	  -0.46649	   0.03049	   0.06098	   0.06098	   0.01525	   0.06098	   0.03049	   0.00000	   0.01525	   0.00000	  -0.09147
N         	  -6.16092	  -0.72740	  -0.46649	   1.53976	   0.64030	   0.13721	   0.03049	   0.13721	  -0.28966	   0.00000	   0.03049	   0.00000	  -0.35064
N         	  -6.16402	   3.58658	  -0.46649	  -0.01525	   0.10672	  -0.07623	   0.01525	  -0.07623	   0.01525	  -0.00000	   0.01525	  -0.00000	  -0.10672
N         	  -3.69929	  -5.03784	  -0.27560	   1.12814	  -0.04574	   0.41162	   0.03049	   0.41162	   0.45736	   0.04574	   0.03049	   0.04574	  -0.39637
N         	  -3.69203	  -0.72386	  -0.29525	  26.28270	   7.16524	   2.85085	   1.43305	   2.85085	  -3.30821	   0.36588	   1.43305	   0.36588	  -3.85703
N         	  -3.70020	   3.59187	  -0.28769	  -0.06098	   0.10672	  -0.25917	   0.04574	  -0.25917	   0.24392	   0.01525	   0.04574	   0.01525	  -0.35064
N         	  -1.23825	  -5.04026	  -0.03993	   0.13721	  -0.10672	   0.13721	   0.01525	   0.13721	   0.51834	   0.00000	   0.01525	   0.00000	  -0.41162
N         	  -1.23791	   3.59658	  -0.04426	  26.57236	  -3.36919	  -3.23198	   0.32015	  -3.23198	   7.48539	  -1.21961	   0.32015	  -1.21961	  -4.11620
N         	   1.23825	  -5.04026	  -0.03993	   0.13721	  -0.10672	  -0.13721	  -0.01525	  -0.13721	   0.51834	   0.00000	  -0.01525	   0.00000	  -0.41162
N         	   1.23791	   3.59658	  -0.04426	  26.57236	  -3.36919	   3.23198	  -0.32015	   3.23198	   7.48539	  -1.21961	  -0.32015	  -1.21961	  -4.11620
N         	   3.69929	  -5.03784	  -0.27560	   1.12814	  -0.04574	  -0.41162	  -0.03049	  -0.41162	   0.45736	   0.04574	  -0.03049	   0.04574	  -0.39637
N         	   3.69203	  -0.72386	  -0.29525	  26.28270	   7.16524	  -2.85085	  -1.43305	  -2.85085	  -3.30821	   0.36588	  -1.43305	   0.36588	  -3.85703
N         	   3.70020	   3.59187	  -0.28769	  -0.06098	   0.10672	   0.25917	  -0.04574	   0.25917	   0.24392	   0.01525	  -0.04574	   0.01525	  -0.35064
N         	   6.16408	  -5.04084	  -0.46649	   0.03049	   0.06098	  -0.06098	  -0.01525	  -0.06098	   0.03049	   0.00000	  -0.01525	   0.00000	  -0.09147
N         	   6.16092	  -0.72740	  -0.46649	   1.53976	   0.64030	  -0.13721	  -0.03049	  -0.13721	  -0.28966	   0.00000	  -0.03049	   0.00000	  -0.35064
N         	   6.16402	   3.58658	  -0.46649	  -0.01525	   0.10672	   0.07623	  -0.01525	   0.07623	   0.01525	  -0.00000	  -0.01525	  -0.00000	  -0.10672
N         	   8.63522	  -5.04270	  -0.46748	   0.00000	   0.06098	  -0.01525	  -0.00000	  -0.01525	  -0.01525	   0.00000	  -0.00000	   0.00000	  -0.04574
N         	   8.63420	  -0.72971	  -0.46748	   0.09147	   0.13721	  -0.01525	  -0.00000	  -0.01525	  -0.06098	   0.00000	  -0.00000	   0.00000	  -0.07623
N         	   8.63563	   3.58480	  -0.46748	   0.00000	   0.07623	   0.01525	  -0.00000	   0.01525	  -0.01525	  -0.00000	  -0.00000	  -0.00000	  -0.06098
N         	   1.26549	  -0.74918	  -0.04836	 322.23750	  90.60214	 -94.13902	 -10.15329	 -94.13902	 -23.40136	   6.55543	 -10.15329	   6.55543	 -67.20078
N         	  -1.26549	  -0.74918	  -0.04836	 322.23750	  90.60214	  94.15427	  10.15329	  94.15427	 -23.40136	   6.55543	  10.15329	   6.55543	 -67.21603
N         	   0.00000	   1.49836	   0.09673	 311.12376	 -80.49458	   0.00000	  -0.00000	   0.00000	 150.92734	  15.01651	  -0.00000	  15.01651	 -70.43276
