--------------------------------------------------------------------------------------------------------------------------------------------------------------------------
  AtomName	    r_1i_X	    r_1i_Y	    r_1i_Z	  iso[MHz]	       Axx	       Axy	       Axz	       Ayx	       Ayy	       Ayz	       Azx	       Azy	       Azz
--------------------------------------------------------------------------------------------------------------------------------------------------------------------------
10B  g-factor___:   0.600215 [No-unit]
11B  g-factor___:   1.792433 [No-unit]
14N  g-factor___:   0.403761 [No-unit]
15N  g-factor___:  -0.566378 [No-unit]
10B  etc____:	---       	---       	---       	   0.00000
11B  etc____:	---       	---       	---       	   0.00000
14N  etc____:	---       	---       	---       	   0.00000
15N  etc____:	---       	---       	---       	   0.00000
MinDif[A]:	 -11.20021	  -6.53652	  -0.46790
MaxDif[A]:	   9.95457	   6.52394	   0.09793
--------------------------------------------------------------------------------------------------------------------------------------------------------------------------
B         	  -9.95379	  -4.36222	  -0.46790	  -0.00000	   0.06098	   0.00000	   0.00000	   0.00000	  -0.01525	   0.00000	   0.00000	   0.00000	  -0.04574
B         	  -9.95145	  -0.00900	  -0.46790	   0.01525	   0.09147	  -0.00000	   0.00000	  -0.00000	  -0.04574	  -0.00000	   0.00000	  -0.00000	  -0.04574
B         	  -9.95364	   4.34455	  -0.46790	   0.00000	   0.06098	  -0.00000	   0.00000	  -0.00000	  -0.01525	  -0.00000	   0.00000	  -0.00000	  -0.04574
B         	  -7.45845	  -4.36041	  -0.46785	  -0.01525	   0.07623	   0.03049	   0.00000	   0.03049	  -0.00000	   0.00000	   0.00000	   0.00000	  -0.07623
B         	  -7.45581	  -0.00766	  -0.46785	   0.30490	   0.19819	  -0.06098	   0.01525	  -0.06098	  -0.07623	   0.00000	   0.01525	   0.00000	  -0.12196
B         	  -7.45798	   4.34705	  -0.46785	  -0.00000	   0.07623	  -0.03049	   0.00000	  -0.03049	  -0.00000	  -0.00000	   0.00000	  -0.00000	  -0.06098
B         	  -4.96753	  -4.35652	  -0.38904	  -0.07623	   0.10672	   0.12196	   0.03049	   0.12196	   0.09147	   0.01525	   0.03049	   0.01525	  -0.19819
B         	  -4.95853	  -0.00589	  -0.40052	   3.26247	   0.80799	  -0.56407	   0.07623	  -0.56407	  -0.13721	  -0.01525	   0.07623	  -0.01525	  -0.67079
B         	  -4.96556	   4.35094	  -0.39458	  -0.04574	   0.07623	  -0.10672	   0.03049	  -0.10672	   0.07623	  -0.01525	   0.03049	  -0.01525	  -0.15245
B         	  -2.48586	  -4.35165	  -0.14554	   3.00330	  -0.42687	   0.09147	   0.01525	   0.09147	   1.09765	   0.01525	   0.01525	   0.01525	  -0.67079
B         	  -2.45234	   0.00252	  -0.16537	   1.93614	   3.18624	  -3.64360	   0.96045	  -3.64360	   1.26535	  -0.51834	   0.96045	  -0.51834	  -4.46684
B         	  -2.48396	   4.35301	  -0.16161	   3.27772	   0.53358	  -0.68603	   0.04574	  -0.68603	   0.16770	  -0.03049	   0.04574	  -0.03049	  -0.70128
B         	   0.00000	  -4.35214	  -0.00919	  -0.77750	  -0.19819	  -0.00000	   0.00000	  -0.00000	   0.73177	  -0.01525	   0.00000	  -0.01525	  -0.53358
B         	   0.00000	   4.35398	  -0.02486	  -1.12814	  -0.27441	  -0.00000	  -0.00000	  -0.00000	   1.18912	  -0.09147	  -0.00000	  -0.09147	  -0.91471
B         	   2.48586	  -4.35165	  -0.14554	   3.00330	  -0.42687	  -0.09147	  -0.01525	  -0.09147	   1.09765	   0.01525	  -0.01525	   0.01525	  -0.67079
B         	   2.45234	   0.00252	  -0.16537	   1.93614	   3.18624	   3.64360	  -0.96045	   3.64360	   1.26535	  -0.51834	  -0.96045	  -0.51834	  -4.46684
B         	   2.48396	   4.35301	  -0.16161	   3.27772	   0.53358	   0.68603	  -0.04574	   0.68603	   0.16770	  -0.03049	  -0.04574	  -0.03049	  -0.70128
B         	   4.96753	  -4.35652	  -0.38904	  -0.07623	   0.10672	  -0.12196	  -0.03049	  -0.12196	   0.09147	   0.01525	  -0.03049	   0.01525	  -0.19819
B         	   4.95853	  -0.00589	  -0.40052	   3.26247	   0.80799	   0.56407	  -0.07623	   0.56407	  -0.13721	  -0.01525	  -0.07623	  -0.01525	  -0.67079
B         	   4.96556	   4.35094	  -0.39458	  -0.04574	   0.07623	   0.10672	  -0.03049	   0.10672	   0.07623	  -0.01525	  -0.03049	  -0.01525	  -0.15245
B         	   7.45845	  -4.36041	  -0.46785	  -0.01525	   0.07623	  -0.03049	  -0.00000	  -0.03049	  -0.00000	   0.00000	  -0.00000	   0.00000	  -0.07623
B         	   7.45581	  -0.00766	  -0.46785	   0.30490	   0.19819	   0.06098	  -0.01525	   0.06098	  -0.07623	   0.00000	  -0.01525	   0.00000	  -0.12196
B         	   7.45798	   4.34705	  -0.46785	  -0.00000	   0.07623	   0.03049	  -0.00000	   0.03049	  -0.00000	  -0.00000	  -0.00000	  -0.00000	  -0.06098
B         	   9.95378	  -4.36222	  -0.46790	  -0.00000	   0.06098	  -0.00000	  -0.00000	  -0.00000	  -0.01525	   0.00000	  -0.00000	   0.00000	  -0.04574
B         	   9.95145	  -0.00900	  -0.46790	   0.01525	   0.09147	   0.00000	  -0.00000	   0.00000	  -0.04574	  -0.00000	  -0.00000	  -0.00000	  -0.04574
B         	   9.95364	   4.34455	  -0.46790	   0.00000	   0.06098	   0.00000	  -0.00000	   0.00000	  -0.01525	  -0.00000	  -0.00000	  -0.00000	  -0.04574
B         	 -11.20021	   6.52241	  -0.46790	  -0.00000	   0.06098	  -0.00000	  -0.00000	  -0.00000	  -0.01525	   0.00000	  -0.00000	   0.00000	  -0.04574
B         	 -11.20021	  -2.18403	  -0.46790	  -0.00000	   0.07623	   0.00000	   0.00000	   0.00000	  -0.03049	   0.00000	   0.00000	   0.00000	  -0.04574
B         	 -11.20021	   2.16626	  -0.46790	   0.00000	   0.07623	   0.00000	   0.00000	   0.00000	  -0.03049	  -0.00000	   0.00000	  -0.00000	  -0.04574
B         	  -8.70599	   6.52394	  -0.46790	  -0.00000	   0.06098	   0.00000	   0.00000	   0.00000	  -0.00000	  -0.00000	   0.00000	  -0.00000	  -0.04574
B         	  -8.70487	  -2.18536	  -0.46790	  -0.01525	   0.10672	   0.01525	   0.00000	   0.01525	  -0.03049	   0.00000	   0.00000	   0.00000	  -0.06098
B         	  -8.70498	   2.16912	  -0.46790	   0.00000	   0.09147	  -0.01525	   0.00000	  -0.01525	  -0.03049	  -0.00000	   0.00000	  -0.00000	  -0.06098
B         	  -6.21236	  -6.53652	  -0.46690	  -0.00000	   0.04574	   0.00000	   0.01525	   0.00000	   0.04574	   0.00000	   0.01525	   0.00000	  -0.09147
B         	  -6.20850	  -2.18305	  -0.46690	  -0.10672	   0.21343	   0.09147	   0.03049	   0.09147	  -0.03049	   0.00000	   0.03049	   0.00000	  -0.18294
B         	  -6.20816	   2.17051	  -0.46690	   0.03049	   0.16770	  -0.09147	   0.01525	  -0.09147	  -0.03049	  -0.00000	   0.01525	  -0.00000	  -0.13721
B         	  -3.72597	  -6.53255	  -0.28153	   0.24392	  -0.03049	  -0.09147	   0.01525	  -0.09147	   0.25917	  -0.01525	   0.01525	  -0.01525	  -0.21343
B         	  -3.71930	  -2.17644	  -0.28286	  -1.11290	   0.74701	   0.56407	   0.16770	   0.56407	   0.16770	   0.06098	   0.16770	   0.06098	  -0.91471
B         	  -3.71948	   2.17263	  -0.29226	  -0.77750	   0.42687	  -0.32015	   0.10672	  -0.32015	   0.09147	  -0.03049	   0.10672	  -0.03049	  -0.51834
B         	  -1.24441	  -6.52998	  -0.06220	  -0.07623	  -0.16770	  -0.01525	   0.01525	  -0.01525	   0.44211	  -0.00000	   0.01525	  -0.00000	  -0.25917
B         	  -1.22805	  -2.16297	  -0.04467	   1.84467	  -1.49403	  -0.79275	   0.16770	  -0.79275	   5.94562	  -0.10672	   0.16770	  -0.10672	  -4.45159
B         	  -1.23801	   2.16095	  -0.03095	   1.57025	   4.66503	  -2.74413	   1.26535	  -2.74413	  -0.30490	  -0.39637	   1.26535	  -0.39637	  -4.37537
B         	   1.24441	  -6.52998	  -0.06220	  -0.07623	  -0.16770	   0.01525	  -0.01525	   0.01525	   0.44211	  -0.00000	  -0.01525	  -0.00000	  -0.25917
B         	   1.22805	  -2.16297	  -0.04467	   1.84467	  -1.49403	   0.79275	  -0.16770	   0.79275	   5.94562	  -0.10672	  -0.16770	  -0.10672	  -4.45159
B         	   1.23801	   2.16095	  -0.03095	   1.57025	   4.66503	   2.74413	  -1.26535	   2.74413	  -0.30490	  -0.39637	  -1.26535	  -0.39637	  -4.37537
B         	   3.72597	  -6.53255	  -0.28153	   0.24392	  -0.03049	   0.09147	  -0.01525	   0.09147	   0.25917	  -0.01525	  -0.01525	  -0.01525	  -0.21343
B         	   3.71930	  -2.17644	  -0.28286	  -1.11290	   0.74701	  -0.56407	  -0.16770	  -0.56407	   0.16770	   0.06098	  -0.16770	   0.06098	  -0.91471
B         	   3.71948	   2.17263	  -0.29226	  -0.77750	   0.42687	   0.32015	  -0.10672	   0.32015	   0.09147	  -0.03049	  -0.10672	  -0.03049	  -0.51834
B         	   6.21236	  -6.53652	  -0.46690	  -0.00000	   0.04574	  -0.00000	  -0.01525	  -0.00000	   0.04574	   0.00000	  -0.01525	   0.00000	  -0.09147
B         	   6.20850	  -2.18305	  -0.46690	  -0.10672	   0.21343	  -0.09147	  -0.03049	  -0.09147	  -0.03049	   0.00000	  -0.03049	   0.00000	  -0.18294
B         	   6.20816	   2.17051	  -0.46690	   0.03049	   0.16770	   0.09147	  -0.01525	   0.09147	  -0.03049	  -0.00000	  -0.01525	  -0.00000	  -0.13721
B         	   8.70599	   6.52394	  -0.46790	  -0.00000	   0.06098	  -0.00000	  -0.00000	  -0.00000	  -0.00000	  -0.00000	  -0.00000	  -0.00000	  -0.04574
B         	   8.70487	  -2.18536	  -0.46790	  -0.01525	   0.10672	  -0.01525	  -0.00000	  -0.01525	  -0.03049	   0.00000	  -0.00000	   0.00000	  -0.06098
B         	   8.70498	   2.16912	  -0.46790	   0.00000	   0.09147	   0.01525	  -0.00000	   0.01525	  -0.03049	  -0.00000	  -0.00000	  -0.00000	  -0.06098
N         	  -9.95457	  -2.91263	  -0.46790	   0.01525	   0.07623	   0.01525	   0.00000	   0.01525	  -0.03049	   0.00000	   0.00000	   0.00000	  -0.04574
N         	  -9.95378	   1.44059	  -0.46790	   0.00000	   0.09147	  -0.00000	   0.00000	  -0.00000	  -0.03049	  -0.00000	   0.00000	  -0.00000	  -0.04574
N         	  -9.95450	   5.79492	  -0.46790	  -0.00000	   0.06098	  -0.00000	   0.00000	  -0.00000	  -0.01525	  -0.00000	   0.00000	  -0.00000	  -0.04574
N         	  -7.46200	  -2.91193	  -0.46785	   0.09147	   0.12196	   0.06098	   0.01525	   0.06098	  -0.03049	   0.00000	   0.01525	   0.00000	  -0.09147
N         	  -7.46197	   1.44285	  -0.46785	   0.03049	   0.15245	  -0.03049	   0.01525	  -0.03049	  -0.04574	  -0.00000	   0.01525	  -0.00000	  -0.09147
N         	  -7.46272	   5.79749	  -0.46785	   0.00000	   0.06098	  -0.01525	   0.00000	  -0.01525	   0.01525	  -0.00000	   0.00000	  -0.00000	  -0.06098
N         	  -4.97093	  -2.91009	  -0.40590	   1.11290	   0.41162	   0.41162	   0.04574	   0.41162	  -0.01525	   0.03049	   0.04574	   0.03049	  -0.38113
N         	  -4.97119	   1.44617	  -0.41637	   0.18294	   0.45736	  -0.04574	   0.07623	  -0.04574	  -0.07623	  -0.01525	   0.07623	  -0.01525	  -0.36588
N         	  -4.97166	   5.80180	  -0.40757	   0.06098	   0.00000	  -0.00000	   0.01525	  -0.00000	   0.15245	  -0.01525	   0.01525	  -0.01525	  -0.15245
N         	  -2.49279	  -2.91174	  -0.14340	  28.21884	   2.24104	   6.73837	   0.67079	   6.73837	   2.28678	   0.64030	   0.67079	   0.64030	  -4.52782
N         	  -2.49527	   1.45533	  -0.16032	   5.45778	   0.76226	   2.04285	  -0.04574	   2.04285	   2.68315	  -0.03049	  -0.04574	  -0.03049	  -3.44541
N         	  -2.49087	   5.80529	  -0.15699	   2.27153	  -0.28966	  -0.36588	   0.01525	  -0.36588	   0.79275	  -0.01525	   0.01525	  -0.01525	  -0.51834
N         	   0.00000	  -2.92295	   0.01235	   4.83272	   3.96375	   0.00000	   0.00000	   0.00000	  -0.56407	   0.04574	   0.00000	   0.04574	  -3.39968
N         	   0.00000	   5.80724	  -0.01949	   1.14339	  -0.41162	  -0.00000	   0.00000	  -0.00000	   0.89947	   0.07623	   0.00000	   0.07623	  -0.48785
N         	   2.49279	  -2.91174	  -0.14340	  28.21884	   2.24104	  -6.73837	  -0.67079	  -6.73837	   2.28678	   0.64030	  -0.67079	   0.64030	  -4.52782
N         	   2.49527	   1.45533	  -0.16032	   5.45778	   0.76226	  -2.04285	   0.04574	  -2.04285	   2.68315	  -0.03049	   0.04574	  -0.03049	  -3.44541
N         	   2.49087	   5.80529	  -0.15699	   2.27153	  -0.28966	   0.36588	  -0.01525	   0.36588	   0.79275	  -0.01525	  -0.01525	  -0.01525	  -0.51834
N         	   4.97093	  -2.91009	  -0.40590	   1.11290	   0.41162	  -0.41162	  -0.04574	  -0.41162	  -0.01525	   0.03049	  -0.04574	   0.03049	  -0.38113
N         	   4.97119	   1.44617	  -0.41637	   0.18294	   0.45736	   0.04574	  -0.07623	   0.04574	  -0.07623	  -0.01525	  -0.07623	  -0.01525	  -0.36588
N         	   4.97166	   5.80180	  -0.40757	   0.06098	   0.00000	   0.00000	  -0.01525	   0.00000	   0.15245	  -0.01525	  -0.01525	  -0.01525	  -0.15245
N         	   7.46200	  -2.91193	  -0.46785	   0.09147	   0.12196	  -0.06098	  -0.01525	  -0.06098	  -0.03049	   0.00000	  -0.01525	   0.00000	  -0.09147
N         	   7.46197	   1.44285	  -0.46785	   0.03049	   0.15245	   0.03049	  -0.01525	   0.03049	  -0.04574	  -0.00000	  -0.01525	  -0.00000	  -0.09147
N         	   7.46272	   5.79749	  -0.46785	   0.00000	   0.06098	   0.01525	  -0.00000	   0.01525	   0.01525	  -0.00000	  -0.00000	  -0.00000	  -0.06098
N         	   9.95457	  -2.91263	  -0.46790	   0.01525	   0.07623	  -0.01525	  -0.00000	  -0.01525	  -0.03049	   0.00000	  -0.00000	   0.00000	  -0.04574
N         	   9.95378	   1.44059	  -0.46790	   0.00000	   0.09147	   0.00000	  -0.00000	   0.00000	  -0.03049	  -0.00000	  -0.00000	  -0.00000	  -0.04574
N         	   9.95450	   5.79492	  -0.46790	  -0.00000	   0.06098	   0.00000	  -0.00000	   0.00000	  -0.01525	  -0.00000	  -0.00000	  -0.00000	  -0.04574
N         	 -11.20021	  -5.09104	  -0.46790	   0.00000	   0.06098	   0.00000	   0.00000	   0.00000	  -0.01525	   0.00000	   0.00000	   0.00000	  -0.04574
N         	 -11.20021	  -0.73532	  -0.46790	   0.01525	   0.09147	   0.00000	   0.00000	   0.00000	  -0.04574	   0.00000	   0.00000	   0.00000	  -0.04574
N         	 -11.20021	   3.61661	  -0.46790	  -0.00000	   0.06098	  -0.00000	  -0.00000	  -0.00000	  -0.03049	  -0.00000	  -0.00000	  -0.00000	  -0.04574
N         	  -8.70883	  -5.08971	  -0.46790	   0.00000	   0.06098	   0.01525	   0.00000	   0.01525	  -0.01525	   0.00000	   0.00000	   0.00000	  -0.04574
N         	  -8.70737	  -0.73594	  -0.46790	   0.16770	   0.15245	   0.01525	   0.00000	   0.01525	  -0.07623	   0.00000	   0.00000	   0.00000	  -0.09147
N         	  -8.70844	   3.61908	  -0.46790	  -0.00000	   0.07623	  -0.01525	   0.00000	  -0.01525	  -0.01525	  -0.00000	   0.00000	  -0.00000	  -0.06098
N         	  -6.21698	  -5.08772	  -0.46690	   0.06098	   0.06098	   0.06098	   0.01525	   0.06098	   0.03049	   0.00000	   0.01525	   0.00000	  -0.10672
N         	  -6.21475	  -0.73410	  -0.46690	   2.19531	   0.80799	   0.19819	   0.03049	   0.19819	  -0.36588	   0.00000	   0.03049	   0.00000	  -0.44211
N         	  -6.21622	   3.62234	  -0.46690	  -0.00000	   0.10672	  -0.06098	   0.01525	  -0.06098	   0.01525	  -0.01525	   0.01525	  -0.01525	  -0.10672
N         	  -3.73197	  -5.08502	  -0.27520	   1.70746	  -0.06098	   0.53358	   0.04574	   0.53358	   0.57932	   0.06098	   0.04574	   0.06098	  -0.51834
N         	  -3.72813	  -0.73089	  -0.29611	  30.09400	   8.15617	   3.46066	   1.64648	   3.46066	  -3.67409	   0.44211	   1.64648	   0.44211	  -4.48208
N         	  -3.73131	   3.62801	  -0.28906	   0.09147	   0.06098	  -0.24392	   0.04574	  -0.24392	   0.30490	   0.04574	   0.04574	   0.04574	  -0.36588
N         	  -1.24880	  -5.08633	  -0.04174	   0.39637	  -0.06098	   0.18294	   0.01525	   0.18294	   0.50309	   0.00000	   0.01525	   0.00000	  -0.44211
N         	  -1.24912	   3.63635	  -0.04717	  29.63664	  -3.88752	  -3.39968	   0.33539	  -3.39968	   8.56779	  -1.32633	   0.33539	  -1.32633	  -4.68027
N         	   1.24880	  -5.08633	  -0.04174	   0.39637	  -0.06098	  -0.18294	  -0.01525	  -0.18294	   0.50309	   0.00000	  -0.01525	   0.00000	  -0.44211
N         	   1.24912	   3.63635	  -0.04717	  29.63664	  -3.88752	   3.39968	  -0.33539	   3.39968	   8.56779	  -1.32633	  -0.33539	  -1.32633	  -4.68027
N         	   3.73197	  -5.08502	  -0.27520	   1.70746	  -0.06098	  -0.53358	  -0.04574	  -0.53358	   0.57932	   0.06098	  -0.04574	   0.06098	  -0.51834
N         	   3.72813	  -0.73089	  -0.29611	  30.09400	   8.15617	  -3.46066	  -1.64648	  -3.46066	  -3.67409	   0.44211	  -1.64648	   0.44211	  -4.48208
N         	   3.73131	   3.62801	  -0.28906	   0.09147	   0.06098	   0.24392	  -0.04574	   0.24392	   0.30490	   0.04574	  -0.04574	   0.04574	  -0.36588
N         	   6.21698	  -5.08772	  -0.46690	   0.06098	   0.06098	  -0.06098	  -0.01525	  -0.06098	   0.03049	   0.00000	  -0.01525	   0.00000	  -0.10672
N         	   6.21475	  -0.73410	  -0.46690	   2.19531	   0.80799	  -0.19819	  -0.03049	  -0.19819	  -0.36588	   0.00000	  -0.03049	   0.00000	  -0.44211
N         	   6.21622	   3.62234	  -0.46690	  -0.00000	   0.10672	   0.06098	  -0.01525	   0.06098	   0.01525	  -0.01525	  -0.01525	  -0.01525	  -0.10672
N         	   8.70883	  -5.08971	  -0.46790	   0.00000	   0.06098	  -0.01525	  -0.00000	  -0.01525	  -0.01525	   0.00000	  -0.00000	   0.00000	  -0.04574
N         	   8.70737	  -0.73594	  -0.46790	   0.16770	   0.15245	  -0.01525	  -0.00000	  -0.01525	  -0.07623	   0.00000	  -0.00000	   0.00000	  -0.09147
N         	   8.70844	   3.61908	  -0.46790	  -0.00000	   0.07623	   0.01525	  -0.00000	   0.01525	  -0.01525	  -0.00000	  -0.00000	  -0.00000	  -0.06098
N         	   1.29224	  -0.76452	  -0.04897	 317.32855	  87.15673	 -89.82464	 -10.39722	 -89.82464	 -21.46522	   6.64690	 -10.39722	   6.64690	 -65.67626
N         	  -1.29224	  -0.76452	  -0.04897	 317.32855	  87.15673	  89.83988	  10.39722	  89.83988	 -21.46522	   6.64690	  10.39722	   6.64690	 -65.67626
N         	   0.00000	   1.52905	   0.09793	 309.90415	 -74.21357	   0.00000	  -0.00000	   0.00000	 141.46008	  13.52248	  -0.00000	  13.52248	 -67.24652
