--------------------------------------------------------------------------------------------------------------------------------------------------------------------------
  AtomName	    r_1i_X	    r_1i_Y	    r_1i_Z	     EFGxx	     EFGxy	     EFGxz	     EFGyx	     EFGyy	     EFGyz	     EFGzx	     EFGzy	     EFGzz	[Hatree/Bohr_radius^2]
--------------------------------------------------------------------------------------------------------------------------------------------------------------------------
10B  eQ___:	  8.459000	[Q/milibarn]*(10^-1)
11B  eQ___:	  4.059000	[Q/milibarn]*(10^-1)
14N  eQ___:	  2.044000	[Q/milibarn]*(10^-1)
15N  eQ___:	  0.000000	[Q/milibarn]*(10^-1)
10B  etc____:	---       	---       	---       	  -0.18088	   0.00000	  -0.00000	   0.00000	  -0.17485	   0.00006	  -0.00000	   0.00006	   0.35574
11B  etc____:	---       	---       	---       	  -0.18088	   0.00000	  -0.00000	   0.00000	  -0.17485	   0.00006	  -0.00000	   0.00006	   0.35574
14N  etc____:	---       	---       	---       	  -0.03385	  -0.00000	  -0.00000	  -0.00000	   0.00274	  -0.00001	  -0.00000	  -0.00001	   0.03111
15N  etc____:	---       	---       	---       	  -0.03385	  -0.00000	  -0.00000	  -0.00000	   0.00274	  -0.00001	  -0.00000	  -0.00001	   0.03111
MinDif[A]:	 -11.20021	  -6.53652	  -0.46790
MaxDif[A]:	   9.95457	   6.52394	   0.09793
--------------------------------------------------------------------------------------------------------------------------------------------------------------------------
B         	  -9.95379	  -4.36222	  -0.46790	  -0.17989	   0.00237	   0.00008	   0.00237	  -0.17577	  -0.00001	   0.00008	  -0.00001	   0.35566
B         	  -9.95145	  -0.00900	  -0.46790	  -0.18079	   0.00386	   0.00007	   0.00386	  -0.17500	  -0.00001	   0.00007	  -0.00001	   0.35579
B         	  -9.95364	   4.34455	  -0.46790	  -0.18142	   0.00251	   0.00008	   0.00251	  -0.17442	  -0.00001	   0.00008	  -0.00001	   0.35584
B         	  -7.45845	  -4.36041	  -0.46785	  -0.17833	   0.00842	   0.00055	   0.00842	  -0.17689	  -0.00004	   0.00055	  -0.00004	   0.35523
B         	  -7.45581	  -0.00766	  -0.46785	  -0.18051	   0.01076	   0.00060	   0.01076	  -0.17460	  -0.00009	   0.00060	  -0.00009	   0.35512
B         	  -7.45798	   4.34705	  -0.46785	  -0.18170	   0.00913	   0.00043	   0.00913	  -0.17375	   0.00001	   0.00043	   0.00001	   0.35546
B         	  -4.96753	  -4.35652	  -0.38904	  -0.17100	   0.01084	  -0.04127	   0.01084	  -0.18006	   0.00863	  -0.04127	   0.00863	   0.35106
B         	  -4.95853	  -0.00589	  -0.40052	  -0.17768	   0.02179	  -0.03717	   0.02179	  -0.17199	   0.00912	  -0.03717	   0.00912	   0.34968
B         	  -4.96556	   4.35094	  -0.39458	  -0.18036	   0.01375	  -0.03894	   0.01375	  -0.17172	   0.00757	  -0.03894	   0.00757	   0.35208
B         	  -2.48586	  -4.35165	  -0.14554	  -0.16005	   0.01147	  -0.04939	   0.01147	  -0.18913	  -0.00215	  -0.04939	  -0.00215	   0.34918
B         	  -2.45234	   0.00252	  -0.16537	  -0.15203	   0.06046	  -0.04890	   0.06046	  -0.17539	   0.00339	  -0.04890	   0.00339	   0.32741
B         	  -2.48396	   4.35301	  -0.16161	  -0.18250	   0.01384	  -0.05321	   0.01384	  -0.16595	  -0.00109	  -0.05321	  -0.00109	   0.34845
B         	   0.00000	  -4.35214	  -0.00919	  -0.15505	  -0.00000	  -0.00000	  -0.00000	  -0.19824	  -0.01161	  -0.00000	  -0.01161	   0.35330
B         	   0.00000	   4.35398	  -0.02486	  -0.18850	  -0.00000	   0.00000	  -0.00000	  -0.16249	  -0.00496	   0.00000	  -0.00496	   0.35099
B         	   2.48586	  -4.35165	  -0.14554	  -0.16005	  -0.01147	   0.04939	  -0.01147	  -0.18913	  -0.00215	   0.04939	  -0.00215	   0.34918
B         	   2.45234	   0.00252	  -0.16537	  -0.15203	  -0.06046	   0.04890	  -0.06046	  -0.17539	   0.00339	   0.04890	   0.00339	   0.32741
B         	   2.48396	   4.35301	  -0.16161	  -0.18250	  -0.01384	   0.05321	  -0.01384	  -0.16595	  -0.00109	   0.05321	  -0.00109	   0.34845
B         	   4.96753	  -4.35652	  -0.38904	  -0.17100	  -0.01084	   0.04127	  -0.01084	  -0.18006	   0.00863	   0.04127	   0.00863	   0.35106
B         	   4.95853	  -0.00589	  -0.40052	  -0.17768	  -0.02179	   0.03717	  -0.02179	  -0.17199	   0.00912	   0.03717	   0.00912	   0.34968
B         	   4.96556	   4.35094	  -0.39458	  -0.18036	  -0.01375	   0.03894	  -0.01375	  -0.17172	   0.00757	   0.03894	   0.00757	   0.35208
B         	   7.45845	  -4.36041	  -0.46785	  -0.17833	  -0.00842	  -0.00055	  -0.00842	  -0.17689	  -0.00004	  -0.00055	  -0.00004	   0.35523
B         	   7.45581	  -0.00766	  -0.46785	  -0.18051	  -0.01076	  -0.00060	  -0.01076	  -0.17460	  -0.00009	  -0.00060	  -0.00009	   0.35512
B         	   7.45798	   4.34705	  -0.46785	  -0.18170	  -0.00913	  -0.00043	  -0.00913	  -0.17375	   0.00001	  -0.00043	   0.00001	   0.35546
B         	   9.95378	  -4.36222	  -0.46790	  -0.17989	  -0.00237	  -0.00008	  -0.00237	  -0.17577	  -0.00001	  -0.00008	  -0.00001	   0.35566
B         	   9.95145	  -0.00900	  -0.46790	  -0.18079	  -0.00386	  -0.00007	  -0.00386	  -0.17500	  -0.00001	  -0.00007	  -0.00001	   0.35579
B         	   9.95364	   4.34455	  -0.46790	  -0.18142	  -0.00251	  -0.00008	  -0.00251	  -0.17442	  -0.00001	  -0.00008	  -0.00001	   0.35584
B         	 -11.20021	   6.52241	  -0.46790	  -0.18088	   0.00000	  -0.00000	   0.00000	  -0.17485	   0.00006	  -0.00000	   0.00006	   0.35574
B         	 -11.20021	  -2.18403	  -0.46790	  -0.17943	   0.00000	  -0.00000	   0.00000	  -0.17641	   0.00005	  -0.00000	   0.00005	   0.35584
B         	 -11.20021	   2.16626	  -0.46790	  -0.18188	   0.00000	   0.00000	   0.00000	  -0.17403	   0.00005	   0.00000	   0.00005	   0.35591
B         	  -8.70599	   6.52394	  -0.46790	  -0.18011	   0.00556	   0.00052	   0.00556	  -0.17541	  -0.00044	   0.00052	  -0.00044	   0.35552
B         	  -8.70487	  -2.18536	  -0.46790	  -0.18011	   0.00635	   0.00052	   0.00635	  -0.17541	  -0.00043	   0.00052	  -0.00043	   0.35552
B         	  -8.70498	   2.16912	  -0.46790	  -0.18103	   0.00661	   0.00044	   0.00661	  -0.17466	  -0.00038	   0.00044	  -0.00038	   0.35568
B         	  -6.21236	  -6.53652	  -0.46690	  -0.17920	   0.00923	  -0.01304	   0.00923	  -0.17597	   0.00642	  -0.01304	   0.00642	   0.35518
B         	  -6.20850	  -2.18305	  -0.46690	  -0.17748	   0.01369	  -0.01319	   0.01369	  -0.17632	   0.00677	  -0.01319	   0.00677	   0.35380
B         	  -6.20816	   2.17051	  -0.46690	  -0.18277	   0.01502	  -0.01105	   0.01502	  -0.17170	   0.00550	  -0.01105	   0.00550	   0.35447
B         	  -3.72597	  -6.53255	  -0.28153	  -0.17259	   0.01092	  -0.05446	   0.01092	  -0.17713	  -0.00136	  -0.05446	  -0.00136	   0.34970
B         	  -3.71930	  -2.17644	  -0.28286	  -0.16103	   0.02010	  -0.05522	   0.02010	  -0.18211	   0.00688	  -0.05522	   0.00688	   0.34314
B         	  -3.71948	   2.17263	  -0.29226	  -0.18261	   0.02490	  -0.05601	   0.02490	  -0.16318	   0.00227	  -0.05601	   0.00227	   0.34579
B         	  -1.24441	  -6.52998	  -0.06220	  -0.17308	   0.00612	  -0.02966	   0.00612	  -0.18024	  -0.00985	  -0.02966	  -0.00985	   0.35334
B         	  -1.22805	  -2.16297	  -0.04467	  -0.12389	   0.03791	  -0.02937	   0.03791	  -0.21084	  -0.00046	  -0.02937	  -0.00046	   0.33474
B         	  -1.23801	   2.16095	  -0.03095	  -0.21583	   0.01826	  -0.05331	   0.01826	  -0.11539	   0.00180	  -0.05331	   0.00180	   0.33121
B         	   1.24441	  -6.52998	  -0.06220	  -0.17308	  -0.00612	   0.02966	  -0.00612	  -0.18024	  -0.00985	   0.02966	  -0.00985	   0.35334
B         	   1.22805	  -2.16297	  -0.04467	  -0.12389	  -0.03790	   0.02937	  -0.03790	  -0.21085	  -0.00046	   0.02937	  -0.00046	   0.33474
B         	   1.23801	   2.16095	  -0.03095	  -0.21583	  -0.01825	   0.05331	  -0.01825	  -0.11539	   0.00180	   0.05331	   0.00180	   0.33121
B         	   3.72597	  -6.53255	  -0.28153	  -0.17259	  -0.01092	   0.05446	  -0.01092	  -0.17713	  -0.00136	   0.05446	  -0.00136	   0.34970
B         	   3.71930	  -2.17644	  -0.28286	  -0.16103	  -0.02010	   0.05522	  -0.02010	  -0.18211	   0.00688	   0.05522	   0.00688	   0.34314
B         	   3.71948	   2.17263	  -0.29226	  -0.18261	  -0.02490	   0.05601	  -0.02490	  -0.16318	   0.00227	   0.05601	   0.00227	   0.34579
B         	   6.21236	  -6.53652	  -0.46690	  -0.17920	  -0.00923	   0.01304	  -0.00923	  -0.17597	   0.00642	   0.01304	   0.00642	   0.35518
B         	   6.20850	  -2.18305	  -0.46690	  -0.17748	  -0.01369	   0.01319	  -0.01369	  -0.17632	   0.00677	   0.01319	   0.00677	   0.35380
B         	   6.20816	   2.17051	  -0.46690	  -0.18277	  -0.01502	   0.01105	  -0.01502	  -0.17170	   0.00550	   0.01105	   0.00550	   0.35447
B         	   8.70599	   6.52394	  -0.46790	  -0.18011	  -0.00556	  -0.00052	  -0.00556	  -0.17541	  -0.00044	  -0.00052	  -0.00044	   0.35552
B         	   8.70487	  -2.18536	  -0.46790	  -0.18011	  -0.00635	  -0.00052	  -0.00635	  -0.17541	  -0.00043	  -0.00052	  -0.00043	   0.35552
B         	   8.70498	   2.16912	  -0.46790	  -0.18103	  -0.00661	  -0.00044	  -0.00661	  -0.17466	  -0.00038	  -0.00044	  -0.00038	   0.35568
N         	  -9.95457	  -2.91263	  -0.46790	  -0.03231	  -0.00118	   0.00058	  -0.00118	   0.00156	   0.00008	   0.00058	   0.00008	   0.03075
N         	  -9.95378	   1.44059	  -0.46790	  -0.03140	  -0.00091	   0.00049	  -0.00091	   0.00008	   0.00008	   0.00049	   0.00008	   0.03130
N         	  -9.95450	   5.79492	  -0.46790	  -0.03240	   0.00014	   0.00059	   0.00014	   0.00187	   0.00008	   0.00059	   0.00008	   0.03052
N         	  -7.46200	  -2.91193	  -0.46785	  -0.03248	  -0.00281	  -0.01058	  -0.00281	   0.00001	  -0.00245	  -0.01058	  -0.00245	   0.03247
N         	  -7.46197	   1.44285	  -0.46785	  -0.03154	  -0.00354	  -0.00911	  -0.00354	   0.00126	  -0.00236	  -0.00911	  -0.00236	   0.03030
N         	  -7.46272	   5.79749	  -0.46785	  -0.03192	  -0.00189	  -0.01078	  -0.00189	   0.00072	  -0.00247	  -0.01078	  -0.00247	   0.03121
N         	  -4.97093	  -2.91009	  -0.40590	  -0.03640	  -0.00454	   0.00457	  -0.00454	   0.00090	   0.00575	   0.00457	   0.00575	   0.03549
N         	  -4.97119	   1.44617	  -0.41637	  -0.03119	  -0.00601	   0.00466	  -0.00601	   0.00258	   0.00615	   0.00466	   0.00615	   0.02861
N         	  -4.97166	   5.80180	  -0.40757	  -0.03088	  -0.00286	   0.00681	  -0.00286	  -0.00206	   0.00477	   0.00681	   0.00477	   0.03294
N         	  -2.49279	  -2.91174	  -0.14340	  -0.02512	   0.01609	   0.00273	   0.01609	   0.00779	  -0.00365	   0.00273	  -0.00365	   0.01734
N         	  -2.49527	   1.45533	  -0.16032	  -0.02235	   0.00643	  -0.00085	   0.00643	   0.01350	   0.00226	  -0.00085	   0.00226	   0.00885
N         	  -2.49087	   5.80529	  -0.15699	  -0.02754	  -0.00279	  -0.00029	  -0.00279	  -0.00560	  -0.00601	  -0.00029	  -0.00601	   0.03314
N         	   0.00000	  -2.92295	   0.01235	  -0.00849	   0.00000	  -0.00000	   0.00000	  -0.00586	  -0.01200	  -0.00000	  -0.01200	   0.01435
N         	   0.00000	   5.80724	  -0.01949	  -0.02458	   0.00000	  -0.00000	   0.00000	  -0.00915	  -0.01438	  -0.00000	  -0.01438	   0.03374
N         	   2.49279	  -2.91174	  -0.14340	  -0.02512	  -0.01609	  -0.00273	  -0.01609	   0.00779	  -0.00365	  -0.00273	  -0.00365	   0.01734
N         	   2.49527	   1.45533	  -0.16032	  -0.02235	  -0.00643	   0.00085	  -0.00643	   0.01350	   0.00226	   0.00085	   0.00226	   0.00885
N         	   2.49087	   5.80529	  -0.15699	  -0.02754	   0.00279	   0.00029	   0.00279	  -0.00560	  -0.00601	   0.00029	  -0.00601	   0.03314
N         	   4.97093	  -2.91009	  -0.40590	  -0.03640	   0.00454	  -0.00457	   0.00454	   0.00090	   0.00575	  -0.00457	   0.00575	   0.03549
N         	   4.97119	   1.44617	  -0.41637	  -0.03119	   0.00601	  -0.00466	   0.00601	   0.00258	   0.00615	  -0.00466	   0.00615	   0.02861
N         	   4.97166	   5.80180	  -0.40757	  -0.03088	   0.00286	  -0.00681	   0.00286	  -0.00206	   0.00477	  -0.00681	   0.00477	   0.03294
N         	   7.46200	  -2.91193	  -0.46785	  -0.03248	   0.00281	   0.01058	   0.00281	   0.00001	  -0.00245	   0.01058	  -0.00245	   0.03247
N         	   7.46197	   1.44285	  -0.46785	  -0.03154	   0.00354	   0.00911	   0.00354	   0.00126	  -0.00236	   0.00911	  -0.00236	   0.03030
N         	   7.46272	   5.79749	  -0.46785	  -0.03192	   0.00189	   0.01078	   0.00189	   0.00072	  -0.00247	   0.01078	  -0.00247	   0.03121
N         	   9.95457	  -2.91263	  -0.46790	  -0.03231	   0.00118	  -0.00058	   0.00118	   0.00156	   0.00008	  -0.00058	   0.00008	   0.03075
N         	   9.95378	   1.44059	  -0.46790	  -0.03140	   0.00091	  -0.00049	   0.00091	   0.00008	   0.00008	  -0.00049	   0.00008	   0.03130
N         	   9.95450	   5.79492	  -0.46790	  -0.03240	  -0.00014	  -0.00059	  -0.00014	   0.00187	   0.00008	  -0.00059	   0.00008	   0.03052
N         	 -11.20021	  -5.09104	  -0.46790	  -0.03385	  -0.00000	  -0.00000	  -0.00000	   0.00274	  -0.00001	  -0.00000	  -0.00001	   0.03111
N         	 -11.20021	  -0.73532	  -0.46790	  -0.02996	  -0.00000	  -0.00000	  -0.00000	  -0.00094	  -0.00002	  -0.00000	  -0.00002	   0.03088
N         	 -11.20021	   3.61661	  -0.46790	  -0.03250	  -0.00000	  -0.00000	  -0.00000	   0.00172	  -0.00001	  -0.00000	  -0.00001	   0.03078
N         	  -8.70883	  -5.08971	  -0.46790	  -0.03242	  -0.00161	  -0.00017	  -0.00161	   0.00158	  -0.00000	  -0.00017	  -0.00000	   0.03082
N         	  -8.70737	  -0.73594	  -0.46790	  -0.03164	  -0.00201	  -0.00013	  -0.00201	   0.00019	   0.00000	  -0.00013	   0.00000	   0.03146
N         	  -8.70844	   3.61908	  -0.46790	  -0.03087	  -0.00122	  -0.00019	  -0.00122	   0.00015	   0.00003	  -0.00019	   0.00003	   0.03072
N         	  -6.21698	  -5.08772	  -0.46690	  -0.03329	  -0.00308	  -0.00506	  -0.00308	   0.00028	   0.01765	  -0.00506	   0.01765	   0.03301
N         	  -6.21475	  -0.73410	  -0.46690	  -0.03011	  -0.00560	  -0.00574	  -0.00560	  -0.00097	   0.01626	  -0.00574	   0.01626	   0.03109
N         	  -6.21622	   3.62234	  -0.46690	  -0.03006	  -0.00309	  -0.00454	  -0.00309	   0.00100	   0.01502	  -0.00454	   0.01502	   0.02906
N         	  -3.73197	  -5.08502	  -0.27520	  -0.03467	  -0.00377	   0.00184	  -0.00377	   0.00017	   0.00458	   0.00184	   0.00458	   0.03449
N         	  -3.72813	  -0.73089	  -0.29611	  -0.00429	   0.00745	   0.00541	   0.00745	  -0.01036	   0.00321	   0.00541	   0.00321	   0.01465
N         	  -3.73131	   3.62801	  -0.28906	  -0.02729	  -0.00286	   0.00137	  -0.00286	  -0.00121	   0.00576	   0.00137	   0.00576	   0.02852
N         	  -1.24880	  -5.08633	  -0.04174	  -0.02700	  -0.00374	   0.00057	  -0.00374	  -0.00350	  -0.00967	   0.00057	  -0.00967	   0.03050
N         	  -1.24912	   3.63635	  -0.04717	  -0.03484	  -0.00768	  -0.00383	  -0.00768	   0.02027	  -0.02205	  -0.00383	  -0.02205	   0.01457
N         	   1.24880	  -5.08633	  -0.04174	  -0.02700	   0.00374	  -0.00057	   0.00374	  -0.00350	  -0.00967	  -0.00057	  -0.00967	   0.03050
N         	   1.24912	   3.63635	  -0.04717	  -0.03484	   0.00768	   0.00383	   0.00768	   0.02027	  -0.02205	   0.00383	  -0.02205	   0.01457
N         	   3.73197	  -5.08502	  -0.27520	  -0.03467	   0.00376	  -0.00184	   0.00376	   0.00017	   0.00458	  -0.00184	   0.00458	   0.03449
N         	   3.72813	  -0.73089	  -0.29611	  -0.00429	  -0.00745	  -0.00541	  -0.00745	  -0.01036	   0.00321	  -0.00541	   0.00321	   0.01465
N         	   3.73131	   3.62801	  -0.28906	  -0.02729	   0.00286	  -0.00137	   0.00286	  -0.00121	   0.00576	  -0.00137	   0.00576	   0.02852
N         	   6.21698	  -5.08772	  -0.46690	  -0.03329	   0.00308	   0.00506	   0.00308	   0.00028	   0.01765	   0.00506	   0.01765	   0.03301
N         	   6.21475	  -0.73410	  -0.46690	  -0.03011	   0.00560	   0.00574	   0.00560	  -0.00097	   0.01626	   0.00574	   0.01626	   0.03109
N         	   6.21622	   3.62234	  -0.46690	  -0.03006	   0.00309	   0.00454	   0.00309	   0.00100	   0.01502	   0.00454	   0.01502	   0.02906
N         	   8.70883	  -5.08971	  -0.46790	  -0.03242	   0.00161	   0.00017	   0.00161	   0.00158	  -0.00000	   0.00017	  -0.00000	   0.03082
N         	   8.70737	  -0.73594	  -0.46790	  -0.03164	   0.00201	   0.00013	   0.00201	   0.00019	   0.00000	   0.00013	   0.00000	   0.03146
N         	   8.70844	   3.61908	  -0.46790	  -0.03087	   0.00122	   0.00019	   0.00122	   0.00015	   0.00003	   0.00019	   0.00003	   0.03072
N         	   1.29224	  -0.76452	  -0.04897	   0.21599	  -0.25318	  -0.01373	  -0.25318	  -0.07674	   0.00759	  -0.01373	   0.00759	  -0.13926
N         	  -1.29224	  -0.76452	  -0.04897	   0.21599	   0.25318	   0.01373	   0.25318	  -0.07674	   0.00759	   0.01373	   0.00759	  -0.13926
N         	   0.00000	   1.52905	   0.09793	  -0.25035	   0.00000	  -0.00000	   0.00000	   0.39520	   0.08497	  -0.00000	   0.08497	  -0.14485
