--------------------------------------------------------------------------------------------------------------------------------------------------------------------------
  AtomName	    r_1i_X	    r_1i_Y	    r_1i_Z	     EFGxx	     EFGxy	     EFGxz	     EFGyx	     EFGyy	     EFGyz	     EFGzx	     EFGzy	     EFGzz	[Hatree/Bohr_radius^2]
--------------------------------------------------------------------------------------------------------------------------------------------------------------------------
10B  eQ___:	  8.459000	[Q/milibarn]*(10^-1)
11B  eQ___:	  4.059000	[Q/milibarn]*(10^-1)
14N  eQ___:	  2.044000	[Q/milibarn]*(10^-1)
15N  eQ___:	  0.000000	[Q/milibarn]*(10^-1)
10B  etc____:	---       	---       	---       	  -0.19778	   0.00000	  -0.00000	   0.00000	  -0.19327	   0.00005	  -0.00000	   0.00005	   0.39105
11B  etc____:	---       	---       	---       	  -0.19778	   0.00000	  -0.00000	   0.00000	  -0.19327	   0.00005	  -0.00000	   0.00005	   0.39105
14N  etc____:	---       	---       	---       	  -0.02981	  -0.00000	  -0.00000	  -0.00000	   0.00019	  -0.00001	  -0.00000	  -0.00001	   0.02963
15N  etc____:	---       	---       	---       	  -0.02981	  -0.00000	  -0.00000	  -0.00000	   0.00019	  -0.00001	  -0.00000	  -0.00001	   0.02963
MinDif[A]:	 -11.20021	  -6.53652	  -0.46790
MaxDif[A]:	   9.95457	   6.52394	   0.09793
--------------------------------------------------------------------------------------------------------------------------------------------------------------------------
B         	  -9.95379	  -4.36222	  -0.46790	  -0.19722	   0.00278	   0.00008	   0.00278	  -0.19373	  -0.00001	   0.00008	  -0.00001	   0.39095
B         	  -9.95145	  -0.00900	  -0.46790	  -0.19817	   0.00383	   0.00006	   0.00383	  -0.19268	  -0.00001	   0.00006	  -0.00001	   0.39085
B         	  -9.95364	   4.34455	  -0.46790	  -0.19802	   0.00283	   0.00008	   0.00283	  -0.19299	  -0.00001	   0.00008	  -0.00001	   0.39101
B         	  -7.45845	  -4.36041	  -0.46785	  -0.19534	   0.00896	   0.00059	   0.00896	  -0.19518	  -0.00014	   0.00059	  -0.00014	   0.39052
B         	  -7.45581	  -0.00766	  -0.46785	  -0.19779	   0.01140	   0.00065	   0.01140	  -0.19249	  -0.00019	   0.00065	  -0.00019	   0.39028
B         	  -7.45798	   4.34705	  -0.46785	  -0.19929	   0.00962	   0.00048	   0.00962	  -0.19138	  -0.00008	   0.00048	  -0.00008	   0.39067
B         	  -4.96753	  -4.35652	  -0.38904	  -0.18773	   0.01159	  -0.04550	   0.01159	  -0.19836	   0.00994	  -0.04550	   0.00994	   0.38608
B         	  -4.95853	  -0.00589	  -0.40052	  -0.19565	   0.02355	  -0.04133	   0.02355	  -0.18923	   0.01094	  -0.04133	   0.01094	   0.38488
B         	  -4.96556	   4.35094	  -0.39458	  -0.19719	   0.01388	  -0.04331	   0.01388	  -0.18979	   0.00912	  -0.04331	   0.00912	   0.38699
B         	  -2.48586	  -4.35165	  -0.14554	  -0.17465	   0.01171	  -0.05521	   0.01171	  -0.20908	  -0.00198	  -0.05521	  -0.00198	   0.38373
B         	  -2.45234	   0.00252	  -0.16537	  -0.17269	   0.05925	  -0.05459	   0.05925	  -0.18945	   0.00311	  -0.05459	   0.00311	   0.36215
B         	  -2.48396	   4.35301	  -0.16161	  -0.19943	   0.01505	  -0.05924	   0.01505	  -0.18357	  -0.00037	  -0.05924	  -0.00037	   0.38299
B         	   0.00000	  -4.35214	  -0.00919	  -0.17147	  -0.00000	  -0.00000	  -0.00000	  -0.21753	  -0.01296	  -0.00000	  -0.01296	   0.38899
B         	   0.00000	   4.35398	  -0.02486	  -0.20641	  -0.00000	   0.00000	  -0.00000	  -0.18040	  -0.00549	   0.00000	  -0.00549	   0.38681
B         	   2.48586	  -4.35165	  -0.14554	  -0.17465	  -0.01171	   0.05521	  -0.01171	  -0.20908	  -0.00198	   0.05521	  -0.00198	   0.38373
B         	   2.45234	   0.00252	  -0.16537	  -0.17268	  -0.05925	   0.05459	  -0.05925	  -0.18945	   0.00311	   0.05459	   0.00311	   0.36214
B         	   2.48396	   4.35301	  -0.16161	  -0.19943	  -0.01505	   0.05924	  -0.01505	  -0.18357	  -0.00037	   0.05924	  -0.00037	   0.38299
B         	   4.96753	  -4.35652	  -0.38904	  -0.18773	  -0.01159	   0.04550	  -0.01159	  -0.19836	   0.00994	   0.04550	   0.00994	   0.38608
B         	   4.95853	  -0.00589	  -0.40052	  -0.19565	  -0.02355	   0.04133	  -0.02355	  -0.18923	   0.01094	   0.04133	   0.01094	   0.38488
B         	   4.96556	   4.35094	  -0.39458	  -0.19719	  -0.01389	   0.04331	  -0.01389	  -0.18979	   0.00912	   0.04331	   0.00912	   0.38699
B         	   7.45845	  -4.36041	  -0.46785	  -0.19534	  -0.00896	  -0.00059	  -0.00896	  -0.19518	  -0.00014	  -0.00059	  -0.00014	   0.39052
B         	   7.45581	  -0.00766	  -0.46785	  -0.19779	  -0.01140	  -0.00065	  -0.01140	  -0.19249	  -0.00019	  -0.00065	  -0.00019	   0.39028
B         	   7.45798	   4.34705	  -0.46785	  -0.19929	  -0.00962	  -0.00048	  -0.00962	  -0.19138	  -0.00008	  -0.00048	  -0.00008	   0.39067
B         	   9.95378	  -4.36222	  -0.46790	  -0.19722	  -0.00278	  -0.00008	  -0.00278	  -0.19373	  -0.00001	  -0.00008	  -0.00001	   0.39095
B         	   9.95145	  -0.00900	  -0.46790	  -0.19817	  -0.00383	  -0.00006	  -0.00383	  -0.19268	  -0.00001	  -0.00006	  -0.00001	   0.39085
B         	   9.95364	   4.34455	  -0.46790	  -0.19802	  -0.00284	  -0.00008	  -0.00284	  -0.19299	  -0.00001	  -0.00008	  -0.00001	   0.39101
B         	 -11.20021	   6.52241	  -0.46790	  -0.19778	   0.00000	  -0.00000	   0.00000	  -0.19327	   0.00005	  -0.00000	   0.00005	   0.39105
B         	 -11.20021	  -2.18403	  -0.46790	  -0.19723	   0.00000	   0.00000	   0.00000	  -0.19376	   0.00005	   0.00000	   0.00005	   0.39099
B         	 -11.20021	   2.16626	  -0.46790	  -0.19836	   0.00000	   0.00000	   0.00000	  -0.19263	   0.00004	   0.00000	   0.00004	   0.39099
B         	  -8.70599	   6.52394	  -0.46790	  -0.19711	   0.00589	   0.00051	   0.00589	  -0.19368	  -0.00042	   0.00051	  -0.00042	   0.39080
B         	  -8.70487	  -2.18536	  -0.46790	  -0.19735	   0.00662	   0.00052	   0.00662	  -0.19335	  -0.00042	   0.00052	  -0.00042	   0.39070
B         	  -8.70498	   2.16912	  -0.46790	  -0.19841	   0.00670	   0.00042	   0.00670	  -0.19243	  -0.00036	   0.00042	  -0.00036	   0.39085
B         	  -6.21236	  -6.53652	  -0.46690	  -0.19640	   0.00961	  -0.01371	   0.00961	  -0.19394	   0.00671	  -0.01371	   0.00671	   0.39034
B         	  -6.20850	  -2.18305	  -0.46690	  -0.19422	   0.01442	  -0.01406	   0.01442	  -0.19499	   0.00720	  -0.01406	   0.00720	   0.38922
B         	  -6.20816	   2.17051	  -0.46690	  -0.20070	   0.01550	  -0.01144	   0.01550	  -0.18915	   0.00561	  -0.01144	   0.00561	   0.38985
B         	  -3.72597	  -6.53255	  -0.28153	  -0.18832	   0.01184	  -0.06058	   0.01184	  -0.19567	  -0.00175	  -0.06058	  -0.00175	   0.38399
B         	  -3.71930	  -2.17644	  -0.28286	  -0.17736	   0.02136	  -0.06153	   0.02136	  -0.20109	   0.00715	  -0.06153	   0.00715	   0.37845
B         	  -3.71948	   2.17263	  -0.29226	  -0.20013	   0.02588	  -0.06235	   0.02588	  -0.18090	   0.00132	  -0.06235	   0.00132	   0.38103
B         	  -1.24441	  -6.52998	  -0.06220	  -0.18995	   0.00617	  -0.03382	   0.00617	  -0.19836	  -0.01100	  -0.03382	  -0.01100	   0.38830
B         	  -1.22805	  -2.16297	  -0.04467	  -0.14045	   0.03439	  -0.03376	   0.03439	  -0.22915	  -0.00062	  -0.03376	  -0.00062	   0.36960
B         	  -1.23801	   2.16095	  -0.03095	  -0.22840	   0.01856	  -0.05878	   0.01856	  -0.13748	   0.00153	  -0.05878	   0.00153	   0.36587
B         	   1.24441	  -6.52998	  -0.06220	  -0.18995	  -0.00617	   0.03382	  -0.00617	  -0.19836	  -0.01100	   0.03382	  -0.01100	   0.38830
B         	   1.22805	  -2.16297	  -0.04467	  -0.14045	  -0.03439	   0.03376	  -0.03439	  -0.22915	  -0.00062	   0.03376	  -0.00062	   0.36960
B         	   1.23801	   2.16095	  -0.03095	  -0.22840	  -0.01855	   0.05878	  -0.01855	  -0.13748	   0.00153	   0.05878	   0.00153	   0.36587
B         	   3.72597	  -6.53255	  -0.28153	  -0.18832	  -0.01184	   0.06058	  -0.01184	  -0.19567	  -0.00175	   0.06058	  -0.00175	   0.38399
B         	   3.71930	  -2.17644	  -0.28286	  -0.17736	  -0.02136	   0.06153	  -0.02136	  -0.20109	   0.00715	   0.06153	   0.00715	   0.37846
B         	   3.71948	   2.17263	  -0.29226	  -0.20013	  -0.02588	   0.06235	  -0.02588	  -0.18090	   0.00132	   0.06235	   0.00132	   0.38103
B         	   6.21236	  -6.53652	  -0.46690	  -0.19640	  -0.00961	   0.01371	  -0.00961	  -0.19394	   0.00671	   0.01371	   0.00671	   0.39034
B         	   6.20850	  -2.18305	  -0.46690	  -0.19422	  -0.01442	   0.01406	  -0.01442	  -0.19499	   0.00720	   0.01406	   0.00720	   0.38922
B         	   6.20816	   2.17051	  -0.46690	  -0.20070	  -0.01550	   0.01144	  -0.01550	  -0.18915	   0.00561	   0.01144	   0.00561	   0.38985
B         	   8.70599	   6.52394	  -0.46790	  -0.19711	  -0.00589	  -0.00051	  -0.00589	  -0.19368	  -0.00042	  -0.00051	  -0.00042	   0.39080
B         	   8.70487	  -2.18536	  -0.46790	  -0.19735	  -0.00662	  -0.00052	  -0.00662	  -0.19335	  -0.00042	  -0.00052	  -0.00042	   0.39070
B         	   8.70498	   2.16912	  -0.46790	  -0.19842	  -0.00670	  -0.00042	  -0.00670	  -0.19243	  -0.00036	  -0.00042	  -0.00036	   0.39085
N         	  -9.95457	  -2.91263	  -0.46790	  -0.02923	  -0.00096	   0.00058	  -0.00096	  -0.00001	   0.00008	   0.00058	   0.00008	   0.02924
N         	  -9.95378	   1.44059	  -0.46790	  -0.02977	  -0.00171	   0.00048	  -0.00171	   0.00057	   0.00008	   0.00048	   0.00008	   0.02921
N         	  -9.95450	   5.79492	  -0.46790	  -0.02935	  -0.00046	   0.00058	  -0.00046	   0.00028	   0.00008	   0.00058	   0.00008	   0.02907
N         	  -7.46200	  -2.91193	  -0.46785	  -0.02940	  -0.00290	  -0.01080	  -0.00290	  -0.00084	  -0.00273	  -0.01080	  -0.00273	   0.03024
N         	  -7.46197	   1.44285	  -0.46785	  -0.02867	  -0.00480	  -0.00910	  -0.00480	  -0.00050	  -0.00257	  -0.00910	  -0.00257	   0.02917
N         	  -7.46272	   5.79749	  -0.46785	  -0.02964	  -0.00257	  -0.01087	  -0.00257	   0.00064	  -0.00274	  -0.01087	  -0.00274	   0.02900
N         	  -4.97093	  -2.91009	  -0.40590	  -0.03372	  -0.00533	   0.00529	  -0.00533	   0.00059	   0.00535	   0.00529	   0.00535	   0.03314
N         	  -4.97119	   1.44617	  -0.41637	  -0.02876	  -0.00871	   0.00441	  -0.00871	  -0.00048	   0.00598	   0.00441	   0.00598	   0.02925
N         	  -4.97166	   5.80180	  -0.40757	  -0.02852	  -0.00264	   0.00668	  -0.00264	  -0.00249	   0.00438	   0.00668	   0.00438	   0.03101
N         	  -2.49279	  -2.91174	  -0.14340	  -0.02870	   0.01088	   0.00194	   0.01088	   0.00792	  -0.00408	   0.00194	  -0.00408	   0.02078
N         	  -2.49527	   1.45533	  -0.16032	  -0.01936	  -0.00094	   0.00026	  -0.00094	   0.00276	   0.00152	   0.00026	   0.00152	   0.01660
N         	  -2.49087	   5.80529	  -0.15699	  -0.02617	  -0.00378	   0.00057	  -0.00378	  -0.00597	  -0.00688	   0.00057	  -0.00688	   0.03214
N         	   0.00000	  -2.92295	   0.01235	  -0.01997	   0.00000	   0.00000	   0.00000	  -0.00187	  -0.01243	   0.00000	  -0.01243	   0.02186
N         	   0.00000	   5.80724	  -0.01949	  -0.02200	   0.00000	  -0.00000	   0.00000	  -0.00965	  -0.01515	  -0.00000	  -0.01515	   0.03166
N         	   2.49279	  -2.91174	  -0.14340	  -0.02870	  -0.01088	  -0.00196	  -0.01088	   0.00792	  -0.00408	  -0.00196	  -0.00408	   0.02078
N         	   2.49527	   1.45533	  -0.16032	  -0.01936	   0.00094	  -0.00026	   0.00094	   0.00276	   0.00152	  -0.00026	   0.00152	   0.01660
N         	   2.49087	   5.80529	  -0.15699	  -0.02617	   0.00378	  -0.00057	   0.00378	  -0.00597	  -0.00688	  -0.00057	  -0.00688	   0.03214
N         	   4.97093	  -2.91009	  -0.40590	  -0.03372	   0.00533	  -0.00529	   0.00533	   0.00059	   0.00535	  -0.00529	   0.00535	   0.03314
N         	   4.97119	   1.44617	  -0.41637	  -0.02876	   0.00871	  -0.00441	   0.00871	  -0.00048	   0.00598	  -0.00441	   0.00598	   0.02925
N         	   4.97166	   5.80180	  -0.40757	  -0.02852	   0.00264	  -0.00668	   0.00264	  -0.00250	   0.00438	  -0.00668	   0.00438	   0.03101
N         	   7.46200	  -2.91193	  -0.46785	  -0.02940	   0.00290	   0.01080	   0.00290	  -0.00084	  -0.00273	   0.01080	  -0.00273	   0.03024
N         	   7.46197	   1.44285	  -0.46785	  -0.02868	   0.00480	   0.00910	   0.00480	  -0.00050	  -0.00257	   0.00910	  -0.00257	   0.02917
N         	   7.46272	   5.79749	  -0.46785	  -0.02964	   0.00257	   0.01087	   0.00257	   0.00064	  -0.00274	   0.01087	  -0.00274	   0.02900
N         	   9.95457	  -2.91263	  -0.46790	  -0.02923	   0.00096	  -0.00058	   0.00096	  -0.00001	   0.00008	  -0.00058	   0.00008	   0.02924
N         	   9.95378	   1.44059	  -0.46790	  -0.02977	   0.00171	  -0.00048	   0.00171	   0.00057	   0.00008	  -0.00048	   0.00008	   0.02921
N         	   9.95450	   5.79492	  -0.46790	  -0.02935	   0.00046	  -0.00058	   0.00046	   0.00028	   0.00008	  -0.00058	   0.00008	   0.02907
N         	 -11.20021	  -5.09104	  -0.46790	  -0.02981	  -0.00000	  -0.00000	  -0.00000	   0.00019	  -0.00001	  -0.00000	  -0.00001	   0.02963
N         	 -11.20021	  -0.73532	  -0.46790	  -0.02807	  -0.00000	  -0.00000	  -0.00000	  -0.00072	  -0.00001	  -0.00000	  -0.00001	   0.02879
N         	 -11.20021	   3.61661	  -0.46790	  -0.02996	  -0.00000	  -0.00000	  -0.00000	   0.00116	  -0.00001	  -0.00000	  -0.00001	   0.02880
N         	  -8.70883	  -5.08971	  -0.46790	  -0.02946	  -0.00164	  -0.00029	  -0.00164	   0.00025	   0.00001	  -0.00029	   0.00001	   0.02922
N         	  -8.70737	  -0.73594	  -0.46790	  -0.02842	  -0.00221	  -0.00022	  -0.00221	  -0.00084	   0.00002	  -0.00022	   0.00002	   0.02927
N         	  -8.70844	   3.61908	  -0.46790	  -0.02870	  -0.00233	  -0.00028	  -0.00233	  -0.00024	   0.00004	  -0.00028	   0.00004	   0.02894
N         	  -6.21698	  -5.08772	  -0.46690	  -0.03075	  -0.00322	  -0.00493	  -0.00322	   0.00015	   0.01768	  -0.00493	   0.01768	   0.03058
N         	  -6.21475	  -0.73410	  -0.46690	  -0.02627	  -0.00679	  -0.00610	  -0.00679	  -0.00314	   0.01629	  -0.00610	   0.01629	   0.02941
N         	  -6.21622	   3.62234	  -0.46690	  -0.02821	  -0.00357	  -0.00457	  -0.00357	   0.00033	   0.01512	  -0.00457	   0.01512	   0.02787
N         	  -3.73197	  -5.08502	  -0.27520	  -0.03321	  -0.00414	   0.00224	  -0.00414	   0.00032	   0.00538	   0.00224	   0.00538	   0.03289
N         	  -3.72813	  -0.73089	  -0.29611	  -0.00669	   0.00140	   0.00526	   0.00140	  -0.01139	   0.00253	   0.00526	   0.00253	   0.01808
N         	  -3.73131	   3.62801	  -0.28906	  -0.02419	  -0.00424	   0.00220	  -0.00424	  -0.00456	   0.00640	   0.00220	   0.00640	   0.02875
N         	  -1.24880	  -5.08633	  -0.04174	  -0.02761	  -0.00480	   0.00081	  -0.00480	  -0.00245	  -0.00956	   0.00081	  -0.00956	   0.03006
N         	  -1.24912	   3.63635	  -0.04717	  -0.02833	  -0.00822	  -0.00354	  -0.00822	   0.01208	  -0.02048	  -0.00354	  -0.02048	   0.01626
N         	   1.24880	  -5.08633	  -0.04174	  -0.02761	   0.00480	  -0.00081	   0.00480	  -0.00245	  -0.00956	  -0.00081	  -0.00956	   0.03005
N         	   1.24912	   3.63635	  -0.04717	  -0.02833	   0.00822	   0.00354	   0.00822	   0.01208	  -0.02048	   0.00354	  -0.02048	   0.01626
N         	   3.73197	  -5.08502	  -0.27520	  -0.03321	   0.00414	  -0.00223	   0.00414	   0.00032	   0.00538	  -0.00223	   0.00538	   0.03289
N         	   3.72813	  -0.73089	  -0.29611	  -0.00669	  -0.00140	  -0.00526	  -0.00140	  -0.01139	   0.00253	  -0.00526	   0.00253	   0.01808
N         	   3.73131	   3.62801	  -0.28906	  -0.02419	   0.00424	  -0.00220	   0.00424	  -0.00456	   0.00640	  -0.00220	   0.00640	   0.02875
N         	   6.21698	  -5.08772	  -0.46690	  -0.03075	   0.00322	   0.00493	   0.00322	   0.00015	   0.01768	   0.00493	   0.01768	   0.03058
N         	   6.21475	  -0.73410	  -0.46690	  -0.02627	   0.00679	   0.00610	   0.00679	  -0.00314	   0.01629	   0.00610	   0.01629	   0.02941
N         	   6.21622	   3.62234	  -0.46690	  -0.02821	   0.00357	   0.00457	   0.00357	   0.00033	   0.01512	   0.00457	   0.01512	   0.02787
N         	   8.70883	  -5.08971	  -0.46790	  -0.02946	   0.00164	   0.00029	   0.00164	   0.00025	   0.00001	   0.00029	   0.00001	   0.02922
N         	   8.70737	  -0.73594	  -0.46790	  -0.02842	   0.00221	   0.00022	   0.00221	  -0.00084	   0.00002	   0.00022	   0.00002	   0.02927
N         	   8.70844	   3.61908	  -0.46790	  -0.02870	   0.00233	   0.00028	   0.00233	  -0.00024	   0.00004	   0.00028	   0.00004	   0.02894
N         	   1.29224	  -0.76452	  -0.04897	   0.25819	  -0.28814	  -0.01586	  -0.28814	  -0.08122	   0.00758	  -0.01586	   0.00758	  -0.17697
N         	  -1.29224	  -0.76452	  -0.04897	   0.25820	   0.28814	   0.01587	   0.28814	  -0.08122	   0.00758	   0.01587	   0.00758	  -0.17698
N         	   0.00000	   1.52905	   0.09793	  -0.27917	   0.00000	  -0.00000	   0.00000	   0.48360	   0.08944	  -0.00000	   0.08944	  -0.20443
