--------------------------------------------------------------------------------------------------------------------------------------------------------------------------
  AtomName	    r_1i_X	    r_1i_Y	    r_1i_Z	  iso[MHz]	       Axx	       Axy	       Axz	       Ayx	       Ayy	       Ayz	       Azx	       Azy	       Azz
--------------------------------------------------------------------------------------------------------------------------------------------------------------------------
10B  g-factor___:   0.600215 [No-unit]
11B  g-factor___:   1.792433 [No-unit]
14N  g-factor___:   0.403761 [No-unit]
15N  g-factor___:  -0.566378 [No-unit]
10B  etc____:	---       	---       	---       	   0.00000
11B  etc____:	---       	---       	---       	   0.00000
14N  etc____:	---       	---       	---       	   0.00000
15N  etc____:	---       	---       	---       	   0.00000
MinDif[A]:	 -11.20021	  -6.53652	  -0.46790
MaxDif[A]:	   9.95457	   6.52394	   0.09793
--------------------------------------------------------------------------------------------------------------------------------------------------------------------------
B         	  -9.95379	  -4.36222	  -0.46790	   0.00000	   0.06098	   0.00000	   0.00000	   0.00000	  -0.01525	   0.00000	   0.00000	   0.00000	  -0.04574
B         	  -9.95145	  -0.00900	  -0.46790	   0.01525	   0.09147	  -0.00000	   0.00000	  -0.00000	  -0.04574	  -0.00000	   0.00000	  -0.00000	  -0.04574
B         	  -9.95364	   4.34455	  -0.46790	   0.00000	   0.06098	  -0.00000	   0.00000	  -0.00000	  -0.01525	  -0.00000	   0.00000	  -0.00000	  -0.04574
B         	  -7.45845	  -4.36041	  -0.46785	  -0.01525	   0.07623	   0.03049	   0.00000	   0.03049	  -0.00000	   0.00000	   0.00000	   0.00000	  -0.07623
B         	  -7.45581	  -0.00766	  -0.46785	   0.19819	   0.18294	  -0.04574	   0.01525	  -0.04574	  -0.07623	  -0.00000	   0.01525	  -0.00000	  -0.10672
B         	  -7.45798	   4.34705	  -0.46785	   0.00000	   0.07623	  -0.03049	   0.00000	  -0.03049	  -0.00000	  -0.00000	   0.00000	  -0.00000	  -0.06098
B         	  -4.96753	  -4.35652	  -0.38904	  -0.04574	   0.10672	   0.12196	   0.03049	   0.12196	   0.07623	   0.01525	   0.03049	   0.01525	  -0.18294
B         	  -4.95853	  -0.00589	  -0.40052	   2.50021	   0.74701	  -0.48785	   0.07623	  -0.48785	  -0.13721	  -0.01525	   0.07623	  -0.01525	  -0.60981
B         	  -4.96556	   4.35094	  -0.39458	  -0.04574	   0.07623	  -0.10672	   0.01525	  -0.10672	   0.06098	  -0.01525	   0.01525	  -0.01525	  -0.13721
B         	  -2.48586	  -4.35165	  -0.14554	   2.31727	  -0.38113	   0.12196	   0.01525	   0.12196	   0.99094	   0.01525	   0.01525	   0.01525	  -0.60981
B         	  -2.45234	   0.00252	  -0.16537	   0.28966	   3.27772	  -3.91801	   0.99094	  -3.91801	   1.32633	  -0.56407	   0.99094	  -0.56407	  -4.58880
B         	  -2.48396	   4.35301	  -0.16161	   2.62217	   0.47260	  -0.64030	   0.04574	  -0.64030	   0.18294	  -0.03049	   0.04574	  -0.03049	  -0.64030
B         	   0.00000	  -4.35214	  -0.00919	  -0.94520	  -0.21343	  -0.00000	  -0.00000	  -0.00000	   0.71652	  -0.01525	  -0.00000	  -0.01525	  -0.50309
B         	   0.00000	   4.35398	  -0.02486	  -1.02143	  -0.38113	   0.00000	   0.00000	   0.00000	   1.29584	  -0.09147	   0.00000	  -0.09147	  -0.91471
B         	   2.48586	  -4.35165	  -0.14554	   2.31727	  -0.38113	  -0.12196	  -0.01525	  -0.12196	   0.99094	   0.01525	  -0.01525	   0.01525	  -0.60981
B         	   2.45234	   0.00252	  -0.16537	   0.28966	   3.27772	   3.91801	  -0.99094	   3.91801	   1.32633	  -0.56407	  -0.99094	  -0.56407	  -4.58880
B         	   2.48396	   4.35301	  -0.16161	   2.62217	   0.47260	   0.64030	  -0.04574	   0.64030	   0.18294	  -0.03049	  -0.04574	  -0.03049	  -0.64030
B         	   4.96753	  -4.35652	  -0.38904	  -0.04574	   0.10672	  -0.12196	  -0.03049	  -0.12196	   0.07623	   0.01525	  -0.03049	   0.01525	  -0.18294
B         	   4.95853	  -0.00589	  -0.40052	   2.50021	   0.74701	   0.48785	  -0.07623	   0.48785	  -0.13721	  -0.01525	  -0.07623	  -0.01525	  -0.60981
B         	   4.96556	   4.35094	  -0.39458	  -0.04574	   0.07623	   0.10672	  -0.01525	   0.10672	   0.06098	  -0.01525	  -0.01525	  -0.01525	  -0.13721
B         	   7.45845	  -4.36041	  -0.46785	  -0.01525	   0.07623	  -0.03049	  -0.00000	  -0.03049	  -0.00000	   0.00000	  -0.00000	   0.00000	  -0.07623
B         	   7.45581	  -0.00766	  -0.46785	   0.19819	   0.18294	   0.04574	  -0.01525	   0.04574	  -0.07623	  -0.00000	  -0.01525	  -0.00000	  -0.10672
B         	   7.45798	   4.34705	  -0.46785	   0.00000	   0.07623	   0.03049	  -0.00000	   0.03049	  -0.00000	  -0.00000	  -0.00000	  -0.00000	  -0.06098
B         	   9.95378	  -4.36222	  -0.46790	   0.00000	   0.06098	  -0.00000	  -0.00000	  -0.00000	  -0.01525	   0.00000	  -0.00000	   0.00000	  -0.04574
B         	   9.95145	  -0.00900	  -0.46790	   0.01525	   0.09147	   0.00000	  -0.00000	   0.00000	  -0.04574	  -0.00000	  -0.00000	  -0.00000	  -0.04574
B         	   9.95364	   4.34455	  -0.46790	   0.00000	   0.06098	   0.00000	  -0.00000	   0.00000	  -0.01525	  -0.00000	  -0.00000	  -0.00000	  -0.04574
B         	 -11.20021	   6.52241	  -0.46790	   0.00000	   0.06098	   0.00000	   0.00000	   0.00000	  -0.01525	   0.00000	   0.00000	   0.00000	  -0.04574
B         	 -11.20021	  -2.18403	  -0.46790	   0.00000	   0.07623	  -0.00000	   0.00000	  -0.00000	  -0.03049	   0.00000	   0.00000	   0.00000	  -0.04574
B         	 -11.20021	   2.16626	  -0.46790	   0.00000	   0.07623	   0.00000	   0.00000	   0.00000	  -0.03049	  -0.00000	   0.00000	  -0.00000	  -0.04574
B         	  -8.70599	   6.52394	  -0.46790	   0.00000	   0.06098	   0.00000	   0.00000	   0.00000	  -0.00000	   0.00000	   0.00000	   0.00000	  -0.04574
B         	  -8.70487	  -2.18536	  -0.46790	   0.00000	   0.10672	   0.01525	   0.00000	   0.01525	  -0.03049	   0.00000	   0.00000	   0.00000	  -0.06098
B         	  -8.70498	   2.16912	  -0.46790	   0.00000	   0.09147	  -0.01525	   0.00000	  -0.01525	  -0.03049	  -0.00000	   0.00000	  -0.00000	  -0.06098
B         	  -6.21236	  -6.53652	  -0.46690	   0.00000	   0.04574	   0.00000	   0.01525	   0.00000	   0.04574	   0.00000	   0.01525	   0.00000	  -0.07623
B         	  -6.20850	  -2.18305	  -0.46690	  -0.07623	   0.21343	   0.10672	   0.03049	   0.10672	  -0.04574	   0.00000	   0.03049	   0.00000	  -0.16770
B         	  -6.20816	   2.17051	  -0.46690	   0.00000	   0.16770	  -0.09147	   0.01525	  -0.09147	  -0.03049	  -0.00000	   0.01525	  -0.00000	  -0.13721
B         	  -3.72597	  -6.53255	  -0.28153	   0.10672	  -0.04574	  -0.06098	   0.01525	  -0.06098	   0.22868	  -0.01525	   0.01525	  -0.01525	  -0.19819
B         	  -3.71930	  -2.17644	  -0.28286	  -0.99094	   0.77750	   0.64030	   0.18294	   0.64030	   0.10672	   0.06098	   0.18294	   0.06098	  -0.88422
B         	  -3.71948	   2.17263	  -0.29226	  -0.91471	   0.41162	  -0.32015	   0.09147	  -0.32015	   0.07623	  -0.03049	   0.09147	  -0.03049	  -0.48785
B         	  -1.24441	  -6.52998	  -0.06220	  -0.07623	  -0.18294	  -0.01525	   0.01525	  -0.01525	   0.44211	  -0.00000	   0.01525	  -0.00000	  -0.24392
B         	  -1.22805	  -2.16297	  -0.04467	  -0.10672	  -1.67697	  -0.88422	   0.15245	  -0.88422	   6.22004	  -0.09147	   0.15245	  -0.09147	  -4.54307
B         	  -1.23801	   2.16095	  -0.03095	  -0.54883	   5.07665	  -2.94232	   1.34158	  -2.94232	  -0.53358	  -0.41162	   1.34158	  -0.41162	  -4.54307
B         	   1.24441	  -6.52998	  -0.06220	  -0.07623	  -0.18294	   0.01525	  -0.01525	   0.01525	   0.44211	  -0.00000	  -0.01525	  -0.00000	  -0.24392
B         	   1.22805	  -2.16297	  -0.04467	  -0.10672	  -1.67697	   0.88422	  -0.15245	   0.88422	   6.22004	  -0.09147	  -0.15245	  -0.09147	  -4.54307
B         	   1.23801	   2.16095	  -0.03095	  -0.54883	   5.07665	   2.94232	  -1.34158	   2.94232	  -0.53358	  -0.41162	  -1.34158	  -0.41162	  -4.54307
B         	   3.72597	  -6.53255	  -0.28153	   0.10672	  -0.04574	   0.06098	  -0.01525	   0.06098	   0.22868	  -0.01525	  -0.01525	  -0.01525	  -0.19819
B         	   3.71930	  -2.17644	  -0.28286	  -0.99094	   0.77750	  -0.64030	  -0.18294	  -0.64030	   0.10672	   0.06098	  -0.18294	   0.06098	  -0.88422
B         	   3.71948	   2.17263	  -0.29226	  -0.91471	   0.41162	   0.32015	  -0.09147	   0.32015	   0.07623	  -0.03049	  -0.09147	  -0.03049	  -0.48785
B         	   6.21236	  -6.53652	  -0.46690	   0.00000	   0.04574	  -0.00000	  -0.01525	  -0.00000	   0.04574	   0.00000	  -0.01525	   0.00000	  -0.07623
B         	   6.20850	  -2.18305	  -0.46690	  -0.07623	   0.21343	  -0.10672	  -0.03049	  -0.10672	  -0.04574	   0.00000	  -0.03049	   0.00000	  -0.16770
B         	   6.20816	   2.17051	  -0.46690	   0.00000	   0.16770	   0.09147	  -0.01525	   0.09147	  -0.03049	  -0.00000	  -0.01525	  -0.00000	  -0.13721
B         	   8.70599	   6.52394	  -0.46790	   0.00000	   0.06098	  -0.00000	  -0.00000	  -0.00000	  -0.00000	   0.00000	  -0.00000	   0.00000	  -0.04574
B         	   8.70487	  -2.18536	  -0.46790	   0.00000	   0.10672	  -0.01525	  -0.00000	  -0.01525	  -0.03049	   0.00000	  -0.00000	   0.00000	  -0.06098
B         	   8.70498	   2.16912	  -0.46790	   0.00000	   0.09147	   0.01525	  -0.00000	   0.01525	  -0.03049	  -0.00000	  -0.00000	  -0.00000	  -0.06098
N         	  -9.95457	  -2.91263	  -0.46790	   0.00000	   0.07623	   0.01525	   0.00000	   0.01525	  -0.03049	   0.00000	   0.00000	   0.00000	  -0.04574
N         	  -9.95378	   1.44059	  -0.46790	   0.00000	   0.09147	  -0.00000	   0.00000	  -0.00000	  -0.03049	  -0.00000	   0.00000	  -0.00000	  -0.04574
N         	  -9.95450	   5.79492	  -0.46790	   0.00000	   0.06098	  -0.00000	   0.00000	  -0.00000	  -0.01525	  -0.00000	   0.00000	  -0.00000	  -0.04574
N         	  -7.46200	  -2.91193	  -0.46785	   0.04574	   0.12196	   0.04574	   0.01525	   0.04574	  -0.03049	   0.00000	   0.01525	   0.00000	  -0.09147
N         	  -7.46197	   1.44285	  -0.46785	   0.00000	   0.13721	  -0.03049	   0.01525	  -0.03049	  -0.04574	  -0.00000	   0.01525	  -0.00000	  -0.09147
N         	  -7.46272	   5.79749	  -0.46785	   0.00000	   0.06098	  -0.01525	   0.00000	  -0.01525	   0.01525	  -0.00000	   0.00000	  -0.00000	  -0.06098
N         	  -4.97093	  -2.91009	  -0.40590	   0.57932	   0.32015	   0.32015	   0.04574	   0.32015	  -0.01525	   0.01525	   0.04574	   0.01525	  -0.30490
N         	  -4.97119	   1.44617	  -0.41637	   0.01525	   0.42687	  -0.10672	   0.07623	  -0.10672	  -0.07623	  -0.01525	   0.07623	  -0.01525	  -0.35064
N         	  -4.97166	   5.80180	  -0.40757	   0.01525	   0.01525	  -0.01525	   0.01525	  -0.01525	   0.12196	  -0.01525	   0.01525	  -0.01525	  -0.13721
N         	  -2.49279	  -2.91174	  -0.14340	  24.60573	   1.73795	   5.85415	   0.57932	   5.85415	   2.13433	   0.59456	   0.57932	   0.59456	  -3.88752
N         	  -2.49527	   1.45533	  -0.16032	   1.41780	   0.92996	   1.49403	   0.04574	   1.49403	   2.21055	  -0.01525	   0.04574	  -0.01525	  -3.14051
N         	  -2.49087	   5.80529	  -0.15699	   1.64648	  -0.22868	  -0.28966	   0.01525	  -0.28966	   0.64030	  -0.00000	   0.01525	  -0.00000	  -0.41162
N         	   0.00000	  -2.92295	   0.01235	   0.32015	   3.18624	   0.00000	   0.00000	   0.00000	  -0.07623	  -0.00000	   0.00000	  -0.00000	  -3.09477
N         	   0.00000	   5.80724	  -0.01949	   0.59456	  -0.32015	  -0.00000	  -0.00000	  -0.00000	   0.73177	   0.04574	  -0.00000	   0.04574	  -0.41162
N         	   2.49279	  -2.91174	  -0.14340	  24.60573	   1.73795	  -5.85415	  -0.57932	  -5.85415	   2.13433	   0.59456	  -0.57932	   0.59456	  -3.88752
N         	   2.49527	   1.45533	  -0.16032	   1.41780	   0.92996	  -1.49403	  -0.04574	  -1.49403	   2.21055	  -0.01525	  -0.04574	  -0.01525	  -3.14051
N         	   2.49087	   5.80529	  -0.15699	   1.64648	  -0.22868	   0.28966	  -0.01525	   0.28966	   0.64030	  -0.00000	  -0.01525	  -0.00000	  -0.41162
N         	   4.97093	  -2.91009	  -0.40590	   0.57932	   0.32015	  -0.32015	  -0.04574	  -0.32015	  -0.01525	   0.01525	  -0.04574	   0.01525	  -0.30490
N         	   4.97119	   1.44617	  -0.41637	   0.01525	   0.42687	   0.10672	  -0.07623	   0.10672	  -0.07623	  -0.01525	  -0.07623	  -0.01525	  -0.35064
N         	   4.97166	   5.80180	  -0.40757	   0.01525	   0.01525	   0.01525	  -0.01525	   0.01525	   0.12196	  -0.01525	  -0.01525	  -0.01525	  -0.13721
N         	   7.46200	  -2.91193	  -0.46785	   0.04574	   0.12196	  -0.04574	  -0.01525	  -0.04574	  -0.03049	   0.00000	  -0.01525	   0.00000	  -0.09147
N         	   7.46197	   1.44285	  -0.46785	   0.00000	   0.13721	   0.03049	  -0.01525	   0.03049	  -0.04574	  -0.00000	  -0.01525	  -0.00000	  -0.09147
N         	   7.46272	   5.79749	  -0.46785	   0.00000	   0.06098	   0.01525	  -0.00000	   0.01525	   0.01525	  -0.00000	  -0.00000	  -0.00000	  -0.06098
N         	   9.95457	  -2.91263	  -0.46790	   0.00000	   0.07623	  -0.01525	  -0.00000	  -0.01525	  -0.03049	   0.00000	  -0.00000	   0.00000	  -0.04574
N         	   9.95378	   1.44059	  -0.46790	   0.00000	   0.09147	   0.00000	  -0.00000	   0.00000	  -0.03049	  -0.00000	  -0.00000	  -0.00000	  -0.04574
N         	   9.95450	   5.79492	  -0.46790	   0.00000	   0.06098	   0.00000	  -0.00000	   0.00000	  -0.01525	  -0.00000	  -0.00000	  -0.00000	  -0.04574
N         	 -11.20021	  -5.09104	  -0.46790	   0.00000	   0.06098	   0.00000	  -0.00000	   0.00000	  -0.01525	   0.00000	  -0.00000	   0.00000	  -0.04574
N         	 -11.20021	  -0.73532	  -0.46790	   0.00000	   0.09147	  -0.00000	   0.00000	  -0.00000	  -0.04574	   0.00000	   0.00000	   0.00000	  -0.04574
N         	 -11.20021	   3.61661	  -0.46790	   0.00000	   0.07623	  -0.00000	  -0.00000	  -0.00000	  -0.03049	  -0.00000	  -0.00000	  -0.00000	  -0.04574
N         	  -8.70883	  -5.08971	  -0.46790	   0.00000	   0.06098	   0.01525	   0.00000	   0.01525	  -0.01525	   0.00000	   0.00000	   0.00000	  -0.04574
N         	  -8.70737	  -0.73594	  -0.46790	   0.09147	   0.13721	   0.01525	   0.00000	   0.01525	  -0.06098	   0.00000	   0.00000	   0.00000	  -0.07623
N         	  -8.70844	   3.61908	  -0.46790	   0.00000	   0.07623	  -0.01525	   0.00000	  -0.01525	  -0.01525	  -0.00000	   0.00000	  -0.00000	  -0.06098
N         	  -6.21698	  -5.08772	  -0.46690	   0.03049	   0.06098	   0.06098	   0.01525	   0.06098	   0.03049	   0.00000	   0.01525	   0.00000	  -0.09147
N         	  -6.21475	  -0.73410	  -0.46690	   1.53976	   0.64030	   0.13721	   0.03049	   0.13721	  -0.28966	   0.00000	   0.03049	   0.00000	  -0.35064
N         	  -6.21622	   3.62234	  -0.46690	  -0.01525	   0.10672	  -0.07623	   0.01525	  -0.07623	   0.01525	  -0.00000	   0.01525	  -0.00000	  -0.10672
N         	  -3.73197	  -5.08502	  -0.27520	   1.12814	  -0.04574	   0.41162	   0.03049	   0.41162	   0.45736	   0.04574	   0.03049	   0.04574	  -0.39637
N         	  -3.72813	  -0.73089	  -0.29611	  26.28270	   7.16524	   2.85085	   1.43305	   2.85085	  -3.30821	   0.36588	   1.43305	   0.36588	  -3.85703
N         	  -3.73131	   3.62801	  -0.28906	  -0.06098	   0.10672	  -0.25917	   0.04574	  -0.25917	   0.24392	   0.01525	   0.04574	   0.01525	  -0.35064
N         	  -1.24880	  -5.08633	  -0.04174	   0.13721	  -0.10672	   0.13721	   0.01525	   0.13721	   0.51834	   0.00000	   0.01525	   0.00000	  -0.41162
N         	  -1.24912	   3.63635	  -0.04717	  26.57236	  -3.36919	  -3.23198	   0.32015	  -3.23198	   7.48539	  -1.21961	   0.32015	  -1.21961	  -4.11620
N         	   1.24880	  -5.08633	  -0.04174	   0.13721	  -0.10672	  -0.13721	  -0.01525	  -0.13721	   0.51834	   0.00000	  -0.01525	   0.00000	  -0.41162
N         	   1.24912	   3.63635	  -0.04717	  26.57236	  -3.36919	   3.23198	  -0.32015	   3.23198	   7.48539	  -1.21961	  -0.32015	  -1.21961	  -4.11620
N         	   3.73197	  -5.08502	  -0.27520	   1.12814	  -0.04574	  -0.41162	  -0.03049	  -0.41162	   0.45736	   0.04574	  -0.03049	   0.04574	  -0.39637
N         	   3.72813	  -0.73089	  -0.29611	  26.28270	   7.16524	  -2.85085	  -1.43305	  -2.85085	  -3.30821	   0.36588	  -1.43305	   0.36588	  -3.85703
N         	   3.73131	   3.62801	  -0.28906	  -0.06098	   0.10672	   0.25917	  -0.04574	   0.25917	   0.24392	   0.01525	  -0.04574	   0.01525	  -0.35064
N         	   6.21698	  -5.08772	  -0.46690	   0.03049	   0.06098	  -0.06098	  -0.01525	  -0.06098	   0.03049	   0.00000	  -0.01525	   0.00000	  -0.09147
N         	   6.21475	  -0.73410	  -0.46690	   1.53976	   0.64030	  -0.13721	  -0.03049	  -0.13721	  -0.28966	   0.00000	  -0.03049	   0.00000	  -0.35064
N         	   6.21622	   3.62234	  -0.46690	  -0.01525	   0.10672	   0.07623	  -0.01525	   0.07623	   0.01525	  -0.00000	  -0.01525	  -0.00000	  -0.10672
N         	   8.70883	  -5.08971	  -0.46790	   0.00000	   0.06098	  -0.01525	  -0.00000	  -0.01525	  -0.01525	   0.00000	  -0.00000	   0.00000	  -0.04574
N         	   8.70737	  -0.73594	  -0.46790	   0.09147	   0.13721	  -0.01525	  -0.00000	  -0.01525	  -0.06098	   0.00000	  -0.00000	   0.00000	  -0.07623
N         	   8.70844	   3.61908	  -0.46790	   0.00000	   0.07623	   0.01525	  -0.00000	   0.01525	  -0.01525	  -0.00000	  -0.00000	  -0.00000	  -0.06098
N         	   1.29224	  -0.76452	  -0.04897	 322.23750	  90.60214	 -94.13902	 -10.13805	 -94.13902	 -23.40136	   6.55543	 -10.13805	   6.55543	 -67.20078
N         	  -1.29224	  -0.76452	  -0.04897	 322.23750	  90.60214	  94.15427	  10.13805	  94.15427	 -23.40136	   6.55543	  10.13805	   6.55543	 -67.20078
N         	   0.00000	   1.52905	   0.09793	 311.12376	 -80.49458	   0.00000	  -0.00000	   0.00000	 150.92734	  15.03175	  -0.00000	  15.03175	 -70.43276
