&Exspin
exspin = P1
naddspin = 1
types = 14N
spins = 1.0
eqs = 2.044
gyros = 1.9337792
avaax = 4
A(1) =   14N    89.51536   12.73981    8.99881   12.73981   74.83150    5.20020    8.99881    5.20020   71.15304
A(2) =   14N    89.53546  -12.72820   -9.00292  -12.72820   74.81140    5.19310   -9.00292    5.19310   71.15304
A(3) =   14N    67.46947   -0.01161    0.00410   -0.01161   96.87739  -10.39330    0.00410  -10.39330   71.15304
A(4) =   14N    67.47870    0.00000    0.00000    0.00000   67.46947    0.01231    0.00000    0.01231  100.55173
Q(1) =   14N    -0.55634   -0.64363   -0.45420   -0.64363    0.18622   -0.26234   -0.45420   -0.26234    0.37013
Q(2) =   14N    -0.55682    0.64335    0.45429    0.64335    0.18670   -0.26217    0.45429   -0.26217    0.37013
Q(3) =   14N     0.55798    0.00027   -0.00010    0.00027   -0.92810    0.52452   -0.00010    0.52452    0.37013
Q(4) =   14N     0.55556    0.00000    0.00000    0.00000    0.55798   -0.00029    0.00000   -0.00029   -1.11353
