--------------------------------------------------------------------------------------------------------------------------------------------------------------------------
  AtomName	    r_1i_X	    r_1i_Y	    r_1i_Z	  iso[MHz]	       Axx	       Axy	       Axz	       Ayx	       Ayy	       Ayz	       Azx	       Azy	       Azz
--------------------------------------------------------------------------------------------------------------------------------------------------------------------------
10B  g-factor___:   0.600215 [No-unit]
11B  g-factor___:   1.792433 [No-unit]
14N  g-factor___:   0.403761 [No-unit]
15N  g-factor___:  -0.566378 [No-unit]
10B  etc____:	---       	---       	---       	   0.00000
11B  etc____:	---       	---       	---       	   0.00000
14N  etc____:	---       	---       	---       	   0.00000
15N  etc____:	---       	---       	---       	   0.00000
MinDif[A]:	 -10.40828	  -6.55247	  -2.77112
MaxDif[A]:	   9.16587	   6.50714	   0.33747
--------------------------------------------------------------------------------------------------------------------------------------------------------------------------
B         	  -9.16460	  -4.37770	  -2.77112	  -0.00000	   0.06098	   0.01525	   0.01525	   0.01525	  -0.01525	   0.00000	   0.01525	   0.00000	  -0.04574
B         	  -9.16189	  -0.02442	  -2.77112	   0.01525	   0.09147	  -0.00000	   0.01525	  -0.00000	  -0.04574	  -0.00000	   0.01525	  -0.00000	  -0.04574
B         	  -9.16354	   4.32868	  -2.77112	  -0.00000	   0.06098	  -0.00000	   0.01525	  -0.00000	  -0.01525	  -0.00000	   0.01525	  -0.00000	  -0.04574
B         	  -6.67715	  -4.37654	  -2.77110	  -0.00000	   0.06098	   0.03049	   0.04574	   0.03049	  -0.00000	   0.01525	   0.04574	   0.01525	  -0.04574
B         	  -6.66653	  -0.02474	  -2.77110	   0.24392	   0.15245	  -0.04574	   0.07623	  -0.04574	  -0.07623	  -0.00000	   0.07623	  -0.00000	  -0.07623
B         	  -6.67426	   4.32898	  -2.77110	  -0.00000	   0.04574	  -0.03049	   0.03049	  -0.03049	  -0.00000	  -0.01525	   0.03049	  -0.01525	  -0.04574
B         	  -4.26923	  -4.36737	  -2.31484	  -0.06098	   0.01525	   0.09147	   0.12196	   0.09147	   0.07623	   0.06098	   0.12196	   0.06098	  -0.10672
B         	  -4.23407	  -0.01863	  -2.34106	   2.71364	   0.57932	  -0.48785	   0.33539	  -0.48785	  -0.18294	  -0.03049	   0.33539	  -0.03049	  -0.39637
B         	  -4.26617	   4.33695	  -2.30977	  -0.04574	   0.01525	  -0.09147	   0.10672	  -0.09147	   0.06098	  -0.07623	   0.10672	  -0.07623	  -0.07623
B         	  -2.26539	  -4.36568	  -0.84816	   2.30202	  -0.44211	   0.15245	   0.09147	   0.15245	   0.97569	  -0.04574	   0.09147	  -0.04574	  -0.53358
B         	  -2.15791	  -0.02171	  -0.91508	   1.49403	  -0.77750	  -1.64648	   3.09477	  -1.64648	   0.70128	  -3.06428	   3.09477	  -3.06428	   0.07623
B         	  -2.26408	   4.33999	  -0.84656	   3.84179	   0.28966	  -0.67079	   0.57932	  -0.67079	   0.13721	  -0.35064	   0.57932	  -0.35064	  -0.42687
B         	  -0.00000	  -4.36432	   0.05346	  -0.91471	  -0.19819	   0.00000	  -0.00000	   0.00000	   0.70128	  -0.04574	  -0.00000	  -0.04574	  -0.50309
B         	  -0.00000	   4.35337	   0.04062	  -1.00618	  -0.38113	   0.00000	   0.00000	   0.00000	   1.26535	  -0.19819	   0.00000	  -0.19819	  -0.88422
B         	   2.26538	  -4.36568	  -0.84816	   2.30202	  -0.44211	  -0.15245	  -0.09147	  -0.15245	   0.97569	  -0.04574	  -0.09147	  -0.04574	  -0.53358
B         	   2.15791	  -0.02171	  -0.91508	   1.49403	  -0.77750	   1.64648	  -3.09477	   1.64648	   0.70128	  -3.06428	  -3.09477	  -3.06428	   0.07623
B         	   2.26408	   4.33999	  -0.84656	   3.84179	   0.28966	   0.67079	  -0.57932	   0.67079	   0.13721	  -0.35064	  -0.57932	  -0.35064	  -0.42687
B         	   4.26923	  -4.36737	  -2.31484	  -0.06098	   0.01525	  -0.09147	  -0.12196	  -0.09147	   0.07623	   0.06098	  -0.12196	   0.06098	  -0.10672
B         	   4.23407	  -0.01863	  -2.34106	   2.71364	   0.57932	   0.48785	  -0.33539	   0.48785	  -0.18294	  -0.03049	  -0.33539	  -0.03049	  -0.39637
B         	   4.26617	   4.33695	  -2.30977	  -0.04574	   0.01525	   0.09147	  -0.10672	   0.09147	   0.06098	  -0.07623	  -0.10672	  -0.07623	  -0.07623
B         	   6.67715	  -4.37654	  -2.77110	  -0.00000	   0.06098	  -0.03049	  -0.04574	  -0.03049	  -0.00000	   0.01525	  -0.04574	   0.01525	  -0.04574
B         	   6.66653	  -0.02474	  -2.77110	   0.24392	   0.15245	   0.04574	  -0.07623	   0.04574	  -0.07623	  -0.00000	  -0.07623	  -0.00000	  -0.07623
B         	   6.67426	   4.32898	  -2.77110	  -0.00000	   0.04574	   0.03049	  -0.03049	   0.03049	  -0.00000	  -0.01525	  -0.03049	  -0.01525	  -0.04574
B         	   9.16459	  -4.37770	  -2.77112	  -0.00000	   0.06098	  -0.01525	  -0.01525	  -0.01525	  -0.01525	   0.00000	  -0.01525	   0.00000	  -0.04574
B         	   9.16189	  -0.02442	  -2.77112	   0.01525	   0.09147	   0.00000	  -0.01525	   0.00000	  -0.04574	  -0.00000	  -0.01525	  -0.00000	  -0.04574
B         	   9.16353	   4.32868	  -2.77112	  -0.00000	   0.06098	   0.00000	  -0.01525	   0.00000	  -0.01525	  -0.00000	  -0.01525	  -0.00000	  -0.04574
B         	 -10.40828	   6.50634	  -2.77112	  -0.00000	   0.06098	   0.00000	   0.00000	   0.00000	  -0.01525	   0.00000	   0.00000	   0.00000	  -0.04574
B         	 -10.40828	  -2.20103	  -2.77112	  -0.00000	   0.07623	   0.00000	   0.00000	   0.00000	  -0.03049	   0.00000	   0.00000	   0.00000	  -0.04574
B         	 -10.40828	   2.15100	  -2.77112	   0.00000	   0.07623	   0.00000	   0.00000	   0.00000	  -0.03049	  -0.00000	   0.00000	  -0.00000	  -0.04574
B         	  -7.92112	   6.50714	  -2.77112	  -0.00000	   0.04574	   0.00000	   0.01525	   0.00000	  -0.00000	   0.00000	   0.01525	   0.00000	  -0.04574
B         	  -7.91738	  -2.20001	  -2.77112	  -0.01525	   0.09147	   0.01525	   0.03049	   0.01525	  -0.04574	   0.01525	   0.03049	   0.01525	  -0.04574
B         	  -7.91421	   2.15079	  -2.77112	   0.00000	   0.07623	  -0.01525	   0.03049	  -0.01525	  -0.03049	  -0.00000	   0.03049	  -0.00000	  -0.04574
B         	  -5.43236	  -6.55247	  -2.77012	  -0.01525	   0.01525	  -0.00000	   0.04574	  -0.00000	   0.04574	   0.00000	   0.04574	   0.00000	  -0.06098
B         	  -5.42280	  -2.19717	  -2.77012	  -0.09147	   0.12196	   0.07623	   0.13721	   0.07623	  -0.04574	   0.03049	   0.13721	   0.03049	  -0.09147
B         	  -5.41680	   2.15340	  -2.77012	   0.07623	   0.10672	  -0.07623	   0.12196	  -0.07623	  -0.04574	  -0.04574	   0.12196	  -0.04574	  -0.04574
B         	  -3.24489	  -6.54671	  -1.62913	   0.28966	  -0.09147	  -0.07623	   0.09147	  -0.07623	   0.24392	  -0.06098	   0.09147	  -0.06098	  -0.15245
B         	  -3.20458	  -2.19180	  -1.66922	  -0.91471	   0.07623	   0.39637	   0.65554	   0.39637	   0.10672	   0.35064	   0.65554	   0.35064	  -0.18294
B         	  -3.19103	   2.15437	  -1.66924	  -0.54883	   0.12196	  -0.28966	   0.48785	  -0.28966	   0.04574	  -0.21343	   0.48785	  -0.21343	  -0.16770
B         	  -1.20769	  -6.53958	  -0.21558	  -0.07623	  -0.19819	  -0.03049	   0.03049	  -0.03049	   0.44211	  -0.01525	   0.03049	  -0.01525	  -0.22868
B         	  -1.18425	  -2.17902	  -0.20301	  -0.28966	  -1.53976	  -0.80799	   0.53358	  -0.80799	   5.07665	   0.32015	   0.53358	   0.32015	  -3.53688
B         	  -1.17176	   2.15879	  -0.19747	  -5.96087	   2.56119	  -2.16482	   3.59786	  -2.16482	  -0.27441	  -0.79275	   3.59786	  -0.79275	  -2.28678
B         	   1.20768	  -6.53958	  -0.21558	  -0.07623	  -0.19819	   0.03049	  -0.03049	   0.03049	   0.44211	  -0.01525	  -0.03049	  -0.01525	  -0.22868
B         	   1.18425	  -2.17902	  -0.20301	  -0.28966	  -1.53976	   0.80799	  -0.53358	   0.80799	   5.07665	   0.32015	  -0.53358	   0.32015	  -3.53688
B         	   1.17176	   2.15879	  -0.19747	  -5.96087	   2.56119	   2.16482	  -3.59786	   2.16482	  -0.27441	  -0.79275	  -3.59786	  -0.79275	  -2.28678
B         	   3.24489	  -6.54671	  -1.62913	   0.28966	  -0.09147	   0.07623	  -0.09147	   0.07623	   0.24392	  -0.06098	  -0.09147	  -0.06098	  -0.15245
B         	   3.20458	  -2.19180	  -1.66922	  -0.91471	   0.07623	  -0.39637	  -0.65554	  -0.39637	   0.10672	   0.35064	  -0.65554	   0.35064	  -0.18294
B         	   3.19103	   2.15437	  -1.66924	  -0.54883	   0.12196	   0.28966	  -0.48785	   0.28966	   0.04574	  -0.21343	  -0.48785	  -0.21343	  -0.16770
B         	   5.43235	  -6.55247	  -2.77012	  -0.01525	   0.01525	   0.00000	  -0.04574	   0.00000	   0.04574	   0.00000	  -0.04574	   0.00000	  -0.06098
B         	   5.42280	  -2.19717	  -2.77012	  -0.09147	   0.12196	  -0.07623	  -0.13721	  -0.07623	  -0.04574	   0.03049	  -0.13721	   0.03049	  -0.09147
B         	   5.41680	   2.15340	  -2.77012	   0.07623	   0.10672	   0.07623	  -0.12196	   0.07623	  -0.04574	  -0.04574	  -0.12196	  -0.04574	  -0.04574
B         	   7.92112	   6.50714	  -2.77112	  -0.00000	   0.04574	  -0.00000	  -0.01525	  -0.00000	  -0.00000	   0.00000	  -0.01525	   0.00000	  -0.04574
B         	   7.91738	  -2.20001	  -2.77112	  -0.01525	   0.09147	  -0.01525	  -0.03049	  -0.01525	  -0.04574	   0.01525	  -0.03049	   0.01525	  -0.04574
B         	   7.91421	   2.15079	  -2.77112	   0.00000	   0.07623	   0.01525	  -0.03049	   0.01525	  -0.03049	  -0.00000	  -0.03049	  -0.00000	  -0.04574
N         	  -9.16477	  -2.92899	  -2.77112	   0.01525	   0.07623	   0.01525	   0.01525	   0.01525	  -0.03049	   0.00000	   0.01525	   0.00000	  -0.04574
N         	  -9.16314	   1.42423	  -2.77112	   0.00000	   0.07623	  -0.00000	   0.01525	  -0.00000	  -0.04574	  -0.00000	   0.01525	  -0.00000	  -0.04574
N         	  -9.16587	   5.77769	  -2.77112	   0.00000	   0.04574	  -0.00000	   0.01525	  -0.00000	  -0.01525	  -0.00000	   0.01525	  -0.00000	  -0.03049
N         	  -6.67757	  -2.92694	  -2.77110	   0.12196	   0.10672	   0.06098	   0.07623	   0.06098	  -0.04574	   0.03049	   0.07623	   0.03049	  -0.06098
N         	  -6.67176	   1.42566	  -2.77110	   0.03049	   0.12196	  -0.03049	   0.07623	  -0.03049	  -0.06098	  -0.01525	   0.07623	  -0.01525	  -0.04574
N         	  -6.68141	   5.77950	  -2.77110	   0.01525	   0.03049	  -0.01525	   0.03049	  -0.01525	   0.00000	  -0.00000	   0.03049	  -0.00000	  -0.04574
N         	  -4.22790	  -2.92519	  -2.40977	   1.20437	   0.36588	   0.39637	   0.19819	   0.39637	  -0.07623	   0.12196	   0.19819	   0.12196	  -0.27441
N         	  -4.21328	   1.43248	  -2.41810	   0.60981	   0.25917	   0.00000	   0.18294	   0.00000	  -0.25917	  -0.10672	   0.18294	  -0.10672	  -0.00000
N         	  -4.23790	   5.78520	  -2.39447	   0.07623	  -0.03049	   0.01525	   0.06098	   0.01525	   0.13721	  -0.04574	   0.06098	  -0.04574	  -0.10672
N         	  -2.27820	  -2.92675	  -0.85235	  25.09358	  -0.99094	   4.29914	   3.12526	   4.29914	   1.84467	   4.29914	   3.12526	   4.29914	  -0.86898
N         	  -2.20908	   1.43706	  -0.91091	   8.26289	   1.66173	   1.82942	   1.37207	   1.82942	   1.12814	   1.55501	   1.37207	   1.55501	  -2.78987
N         	  -2.29801	   5.79179	  -0.82593	   2.05810	  -0.35064	  -0.32015	   0.10672	  -0.32015	   0.77750	  -0.18294	   0.10672	  -0.18294	  -0.42687
N         	  -0.00000	  -2.94363	   0.16191	   2.02761	   3.68934	  -0.00000	   0.00000	  -0.00000	  -0.56407	  -0.19819	   0.00000	  -0.19819	  -3.12526
N         	  -0.00000	   5.79874	   0.12026	   0.77750	  -0.45736	   0.00000	   0.00000	   0.00000	   0.88422	   0.25917	   0.00000	   0.25917	  -0.41162
N         	   2.27820	  -2.92675	  -0.85235	  25.09358	  -0.99094	  -4.29914	  -3.12526	  -4.29914	   1.84467	   4.29914	  -3.12526	   4.29914	  -0.86898
N         	   2.20908	   1.43706	  -0.91091	   8.26289	   1.66173	  -1.82942	  -1.37207	  -1.82942	   1.12814	   1.55501	  -1.37207	   1.55501	  -2.78987
N         	   2.29801	   5.79179	  -0.82593	   2.05810	  -0.35064	   0.32015	  -0.10672	   0.32015	   0.77750	  -0.18294	  -0.10672	  -0.18294	  -0.42687
N         	   4.22790	  -2.92519	  -2.40977	   1.20437	   0.36588	  -0.39637	  -0.19819	  -0.39637	  -0.07623	   0.12196	  -0.19819	   0.12196	  -0.27441
N         	   4.21328	   1.43248	  -2.41810	   0.60981	   0.25917	  -0.00000	  -0.18294	  -0.00000	  -0.25917	  -0.10672	  -0.18294	  -0.10672	  -0.00000
N         	   4.23790	   5.78520	  -2.39447	   0.07623	  -0.03049	  -0.01525	  -0.06098	  -0.01525	   0.13721	  -0.04574	  -0.06098	  -0.04574	  -0.10672
N         	   6.67757	  -2.92694	  -2.77110	   0.12196	   0.10672	  -0.06098	  -0.07623	  -0.06098	  -0.04574	   0.03049	  -0.07623	   0.03049	  -0.06098
N         	   6.67176	   1.42566	  -2.77110	   0.03049	   0.12196	   0.03049	  -0.07623	   0.03049	  -0.06098	  -0.01525	  -0.07623	  -0.01525	  -0.04574
N         	   6.68141	   5.77950	  -2.77110	   0.01525	   0.03049	   0.01525	  -0.03049	   0.01525	   0.00000	  -0.00000	  -0.03049	  -0.00000	  -0.04574
N         	   9.16477	  -2.92899	  -2.77112	   0.01525	   0.07623	  -0.01525	  -0.01525	  -0.01525	  -0.03049	   0.00000	  -0.01525	   0.00000	  -0.04574
N         	   9.16314	   1.42423	  -2.77112	   0.00000	   0.07623	   0.00000	  -0.01525	   0.00000	  -0.04574	  -0.00000	  -0.01525	  -0.00000	  -0.04574
N         	   9.16587	   5.77769	  -2.77112	   0.00000	   0.04574	   0.00000	  -0.01525	   0.00000	  -0.01525	  -0.00000	  -0.01525	  -0.00000	  -0.03049
N         	 -10.40828	  -5.10753	  -2.77112	   0.00000	   0.06098	   0.00000	   0.00000	   0.00000	  -0.01525	   0.00000	   0.00000	   0.00000	  -0.03049
N         	 -10.40828	  -0.75206	  -2.77112	   0.01525	   0.09147	  -0.00000	  -0.00000	  -0.00000	  -0.04574	   0.00000	  -0.00000	   0.00000	  -0.04574
N         	 -10.40828	   3.60037	  -2.77112	  -0.00000	   0.06098	  -0.00000	  -0.00000	  -0.00000	  -0.03049	  -0.00000	  -0.00000	  -0.00000	  -0.04574
N         	  -7.92355	  -5.10687	  -2.77112	   0.00000	   0.04574	   0.01525	   0.01525	   0.01525	  -0.01525	   0.00000	   0.01525	   0.00000	  -0.04574
N         	  -7.91804	  -0.75107	  -2.77112	   0.13721	   0.13721	   0.01525	   0.03049	   0.01525	  -0.07623	   0.00000	   0.03049	   0.00000	  -0.07623
N         	  -7.92080	   3.60069	  -2.77112	   0.00000	   0.06098	  -0.01525	   0.03049	  -0.01525	  -0.03049	  -0.00000	   0.03049	  -0.00000	  -0.03049
N         	  -5.43621	  -5.10447	  -2.77012	   0.04574	   0.01525	   0.04574	   0.06098	   0.04574	   0.03049	   0.04574	   0.06098	   0.04574	  -0.04574
N         	  -5.42283	  -0.74867	  -2.77012	   1.44829	   0.60981	   0.18294	   0.13721	   0.18294	  -0.30490	   0.01525	   0.13721	   0.01525	  -0.30490
N         	  -5.43080	   3.60412	  -2.77012	   0.01525	   0.03049	  -0.06098	   0.07623	  -0.06098	  -0.01525	  -0.03049	   0.07623	  -0.03049	  -0.01525
N         	  -3.23632	  -5.09967	  -1.63542	   1.52452	  -0.16770	   0.41162	   0.21343	   0.41162	   0.51834	   0.28966	   0.21343	   0.28966	  -0.35064
N         	  -3.17036	  -0.74489	  -1.71419	  23.99592	   0.45736	   1.85991	   5.56449	   1.85991	  -3.26247	   2.25629	   5.56449	   2.25629	   2.82036
N         	  -3.22246	   3.60990	  -1.64504	   0.12196	   0.00000	  -0.30490	   0.13721	  -0.30490	   0.18294	  -0.04574	   0.13721	  -0.04574	  -0.18294
N         	  -1.24068	  -5.10029	  -0.14378	   0.38113	  -0.03049	   0.19819	   0.09147	   0.19819	   0.47260	   0.01525	   0.09147	   0.01525	  -0.44211
N         	  -1.24028	   3.62955	  -0.13791	  34.98770	  -3.94850	  -3.00330	   0.76226	  -3.00330	   7.91225	  -3.46066	   0.76226	  -3.46066	  -3.96375
N         	   1.24068	  -5.10029	  -0.14378	   0.38113	  -0.03049	  -0.19819	  -0.09147	  -0.19819	   0.47260	   0.01525	  -0.09147	   0.01525	  -0.44211
N         	   1.24028	   3.62955	  -0.13791	  34.98770	  -3.94850	   3.00330	  -0.76226	   3.00330	   7.91225	  -3.46066	  -0.76226	  -3.46066	  -3.96375
N         	   3.23633	  -5.09967	  -1.63542	   1.52452	  -0.16770	  -0.41162	  -0.21343	  -0.41162	   0.51834	   0.28966	  -0.21343	   0.28966	  -0.35064
N         	   3.17036	  -0.74489	  -1.71419	  23.99592	   0.45736	  -1.85991	  -5.56449	  -1.85991	  -3.26247	   2.25629	  -5.56449	   2.25629	   2.82036
N         	   3.22246	   3.60990	  -1.64504	   0.12196	   0.00000	   0.30490	  -0.13721	   0.30490	   0.18294	  -0.04574	  -0.13721	  -0.04574	  -0.18294
N         	   5.43621	  -5.10447	  -2.77012	   0.04574	   0.01525	  -0.04574	  -0.06098	  -0.04574	   0.03049	   0.04574	  -0.06098	   0.04574	  -0.04574
N         	   5.42283	  -0.74867	  -2.77012	   1.44829	   0.60981	  -0.18294	  -0.13721	  -0.18294	  -0.30490	   0.01525	  -0.13721	   0.01525	  -0.30490
N         	   5.43080	   3.60412	  -2.77012	   0.01525	   0.03049	   0.06098	  -0.07623	   0.06098	  -0.01525	  -0.03049	  -0.07623	  -0.03049	  -0.01525
N         	   7.92355	  -5.10687	  -2.77112	   0.00000	   0.04574	  -0.01525	  -0.01525	  -0.01525	  -0.01525	   0.00000	  -0.01525	   0.00000	  -0.04574
N         	   7.91804	  -0.75107	  -2.77112	   0.13721	   0.13721	  -0.01525	  -0.03049	  -0.01525	  -0.07623	   0.00000	  -0.03049	   0.00000	  -0.07623
N         	   7.92080	   3.60069	  -2.77112	   0.00000	   0.06098	   0.01525	  -0.03049	   0.01525	  -0.03049	  -0.00000	  -0.03049	  -0.00000	  -0.03049
N         	   1.25458	  -0.78342	  -0.16874	 294.11013	  68.10025	 -72.87199	 -45.99473	 -72.87199	 -24.48377	  28.31031	 -45.99473	  28.31031	 -43.61648
N         	  -1.25458	  -0.78342	  -0.16874	 294.11013	  68.10025	  72.87199	  45.99473	  72.87199	 -24.48377	  28.31031	  45.99473	  28.31031	 -43.61648
N         	  -0.00000	   1.56685	   0.33747	 238.46520	 -84.64127	  -0.00000	  -0.00000	  -0.00000	 147.39046	  62.71870	  -0.00000	  62.71870	 -62.74919
