--------------------------------------------------------------------------------------------------------------------------------------------------------------------------
  AtomName	    r_1i_X	    r_1i_Y	    r_1i_Z	     EFGxx	     EFGxy	     EFGxz	     EFGyx	     EFGyy	     EFGyz	     EFGzx	     EFGzy	     EFGzz	[Hatree/Bohr_radius^2]
--------------------------------------------------------------------------------------------------------------------------------------------------------------------------
10B  eQ___:	  8.459000	[Q/milibarn]*(10^-1)
11B  eQ___:	  4.059000	[Q/milibarn]*(10^-1)
14N  eQ___:	  2.044000	[Q/milibarn]*(10^-1)
15N  eQ___:	  0.000000	[Q/milibarn]*(10^-1)
10B  etc____:	---       	---       	---       	  -0.18128	   0.00000	  -0.00000	   0.00000	  -0.17519	   0.00038	  -0.00000	   0.00038	   0.35648
11B  etc____:	---       	---       	---       	  -0.18128	   0.00000	  -0.00000	   0.00000	  -0.17519	   0.00038	  -0.00000	   0.00038	   0.35648
14N  etc____:	---       	---       	---       	  -0.04036	  -0.00000	  -0.00000	  -0.00000	   0.00671	  -0.00011	  -0.00000	  -0.00011	   0.03365
15N  etc____:	---       	---       	---       	  -0.04036	  -0.00000	  -0.00000	  -0.00000	   0.00671	  -0.00011	  -0.00000	  -0.00011	   0.03365
MinDif[A]:	 -10.40828	  -6.55247	  -2.77112
MaxDif[A]:	   9.16587	   6.50714	   0.33747
--------------------------------------------------------------------------------------------------------------------------------------------------------------------------
B         	  -9.16460	  -4.37770	  -2.77112	  -0.18018	   0.00245	   0.00046	   0.00245	  -0.17626	  -0.00003	   0.00046	  -0.00003	   0.35643
B         	  -9.16189	  -0.02442	  -2.77112	  -0.18074	   0.00287	   0.00045	   0.00287	  -0.17546	  -0.00002	   0.00045	  -0.00002	   0.35619
B         	  -9.16354	   4.32868	  -2.77112	  -0.18101	   0.00240	   0.00047	   0.00240	  -0.17533	  -0.00003	   0.00047	  -0.00003	   0.35633
B         	  -6.67715	  -4.37654	  -2.77110	  -0.17720	   0.00566	   0.00493	   0.00566	  -0.17778	  -0.00120	   0.00493	  -0.00120	   0.35497
B         	  -6.66653	  -0.02474	  -2.77110	  -0.17974	   0.00883	   0.00422	   0.00883	  -0.17517	  -0.00081	   0.00422	  -0.00081	   0.35491
B         	  -6.67426	   4.32898	  -2.77110	  -0.17998	   0.00581	   0.00460	   0.00581	  -0.17530	  -0.00097	   0.00460	  -0.00097	   0.35527
B         	  -4.26923	  -4.36737	  -2.31484	  -0.05539	  -0.01037	  -0.21768	  -0.01037	  -0.18504	   0.05229	  -0.21768	   0.05229	   0.24043
B         	  -4.23407	  -0.01863	  -2.34106	  -0.07889	   0.00589	  -0.20708	   0.00589	  -0.17550	   0.04896	  -0.20708	   0.04896	   0.25440
B         	  -4.26617	   4.33695	  -2.30977	  -0.06467	  -0.00675	  -0.22088	  -0.00675	  -0.17760	   0.04769	  -0.22088	   0.04769	   0.24227
B         	  -2.26539	  -4.36568	  -0.84816	   0.03082	   0.01297	  -0.24777	   0.01297	  -0.19310	  -0.00258	  -0.24777	  -0.00258	   0.16228
B         	  -2.15791	  -0.02171	  -0.91508	   0.02950	   0.05176	  -0.24263	   0.05176	  -0.16993	   0.03535	  -0.24263	   0.03535	   0.14043
B         	  -2.26408	   4.33999	  -0.84656	   0.01918	   0.02058	  -0.25962	   0.02058	  -0.16877	  -0.01039	  -0.25962	  -0.01039	   0.14958
B         	  -0.00000	  -4.36432	   0.05346	  -0.14453	  -0.00000	  -0.00000	  -0.00000	  -0.21277	  -0.06118	  -0.00000	  -0.06118	   0.35731
B         	  -0.00000	   4.35337	   0.04062	  -0.18030	  -0.00000	  -0.00000	  -0.00000	  -0.18101	  -0.05181	  -0.00000	  -0.05181	   0.36129
B         	   2.26538	  -4.36568	  -0.84816	   0.03082	  -0.01297	   0.24777	  -0.01297	  -0.19310	  -0.00257	   0.24777	  -0.00257	   0.16228
B         	   2.15791	  -0.02171	  -0.91508	   0.02950	  -0.05176	   0.24263	  -0.05176	  -0.16993	   0.03535	   0.24263	   0.03535	   0.14043
B         	   2.26408	   4.33999	  -0.84656	   0.01918	  -0.02058	   0.25962	  -0.02058	  -0.16877	  -0.01039	   0.25962	  -0.01039	   0.14958
B         	   4.26923	  -4.36737	  -2.31484	  -0.05539	   0.01037	   0.21768	   0.01037	  -0.18504	   0.05230	   0.21768	   0.05230	   0.24043
B         	   4.23407	  -0.01863	  -2.34106	  -0.07889	  -0.00589	   0.20708	  -0.00589	  -0.17550	   0.04896	   0.20708	   0.04896	   0.25440
B         	   4.26617	   4.33695	  -2.30977	  -0.06467	   0.00675	   0.22088	   0.00675	  -0.17760	   0.04769	   0.22088	   0.04769	   0.24227
B         	   6.67715	  -4.37654	  -2.77110	  -0.17720	  -0.00566	  -0.00493	  -0.00566	  -0.17778	  -0.00120	  -0.00493	  -0.00120	   0.35497
B         	   6.66653	  -0.02474	  -2.77110	  -0.17974	  -0.00883	  -0.00422	  -0.00883	  -0.17517	  -0.00081	  -0.00422	  -0.00081	   0.35491
B         	   6.67426	   4.32898	  -2.77110	  -0.17998	  -0.00581	  -0.00460	  -0.00581	  -0.17530	  -0.00097	  -0.00460	  -0.00097	   0.35527
B         	   9.16459	  -4.37770	  -2.77112	  -0.18018	  -0.00245	  -0.00046	  -0.00245	  -0.17626	  -0.00003	  -0.00046	  -0.00003	   0.35643
B         	   9.16189	  -0.02442	  -2.77112	  -0.18074	  -0.00287	  -0.00045	  -0.00287	  -0.17546	  -0.00002	  -0.00045	  -0.00002	   0.35619
B         	   9.16353	   4.32868	  -2.77112	  -0.18101	  -0.00240	  -0.00047	  -0.00240	  -0.17533	  -0.00003	  -0.00047	  -0.00003	   0.35633
B         	 -10.40828	   6.50634	  -2.77112	  -0.18128	   0.00000	  -0.00000	   0.00000	  -0.17519	   0.00038	  -0.00000	   0.00038	   0.35648
B         	 -10.40828	  -2.20103	  -2.77112	  -0.18101	   0.00000	  -0.00000	   0.00000	  -0.17547	   0.00035	  -0.00000	   0.00035	   0.35648
B         	 -10.40828	   2.15100	  -2.77112	  -0.18158	   0.00000	   0.00000	   0.00000	  -0.17460	   0.00036	   0.00000	   0.00036	   0.35620
B         	  -7.92112	   6.50714	  -2.77112	  -0.18055	   0.00486	   0.00350	   0.00486	  -0.17487	  -0.00291	   0.00350	  -0.00291	   0.35542
B         	  -7.91738	  -2.20001	  -2.77112	  -0.17997	   0.00643	   0.00326	   0.00643	  -0.17535	  -0.00276	   0.00326	  -0.00276	   0.35531
B         	  -7.91421	   2.15079	  -2.77112	  -0.18155	   0.00656	   0.00327	   0.00656	  -0.17347	  -0.00277	   0.00327	  -0.00277	   0.35502
B         	  -5.43236	  -6.55247	  -2.77012	  -0.16268	  -0.00169	  -0.07859	  -0.00169	  -0.18083	   0.03931	  -0.07859	   0.03931	   0.34351
B         	  -5.42280	  -2.19717	  -2.77012	  -0.16251	   0.00349	  -0.07490	   0.00349	  -0.18083	   0.03882	  -0.07490	   0.03882	   0.34333
B         	  -5.41680	   2.15340	  -2.77012	  -0.16790	   0.00438	  -0.07496	   0.00438	  -0.17589	   0.03759	  -0.07496	   0.03759	   0.34379
B         	  -3.24489	  -6.54671	  -1.62913	   0.04169	   0.00499	  -0.25830	   0.00499	  -0.17903	   0.01114	  -0.25830	   0.01114	   0.13733
B         	  -3.20458	  -2.19180	  -1.66922	   0.04161	   0.00221	  -0.25021	   0.00221	  -0.18262	   0.03264	  -0.25021	   0.03264	   0.14101
B         	  -3.19103	   2.15437	  -1.66924	   0.01339	   0.02480	  -0.25677	   0.02480	  -0.16418	   0.00693	  -0.25677	   0.00693	   0.15079
B         	  -1.20769	  -6.53958	  -0.21558	  -0.08875	   0.01873	  -0.18839	   0.01873	  -0.18988	  -0.04286	  -0.18839	  -0.04286	   0.27862
B         	  -1.18425	  -2.17902	  -0.20301	  -0.03599	   0.04240	  -0.17378	   0.04240	  -0.22738	  -0.01839	  -0.17378	  -0.01839	   0.26335
B         	  -1.17176	   2.15879	  -0.19747	  -0.09404	   0.03190	  -0.23420	   0.03190	  -0.13216	  -0.03950	  -0.23420	  -0.03950	   0.22619
B         	   1.20768	  -6.53958	  -0.21558	  -0.08875	  -0.01873	   0.18839	  -0.01873	  -0.18988	  -0.04286	   0.18839	  -0.04286	   0.27862
B         	   1.18425	  -2.17902	  -0.20301	  -0.03599	  -0.04241	   0.17378	  -0.04241	  -0.22738	  -0.01839	   0.17378	  -0.01839	   0.26335
B         	   1.17176	   2.15879	  -0.19747	  -0.09404	  -0.03190	   0.23420	  -0.03190	  -0.13216	  -0.03950	   0.23420	  -0.03950	   0.22619
B         	   3.24489	  -6.54671	  -1.62913	   0.04169	  -0.00499	   0.25830	  -0.00499	  -0.17903	   0.01114	   0.25830	   0.01114	   0.13733
B         	   3.20458	  -2.19180	  -1.66922	   0.04161	  -0.00221	   0.25021	  -0.00221	  -0.18262	   0.03264	   0.25021	   0.03264	   0.14101
B         	   3.19103	   2.15437	  -1.66924	   0.01339	  -0.02480	   0.25677	  -0.02480	  -0.16418	   0.00693	   0.25677	   0.00693	   0.15079
B         	   5.43235	  -6.55247	  -2.77012	  -0.16268	   0.00169	   0.07859	   0.00169	  -0.18083	   0.03931	   0.07859	   0.03931	   0.34351
B         	   5.42280	  -2.19717	  -2.77012	  -0.16251	  -0.00349	   0.07490	  -0.00349	  -0.18083	   0.03882	   0.07490	   0.03882	   0.34333
B         	   5.41680	   2.15340	  -2.77012	  -0.16790	  -0.00438	   0.07496	  -0.00438	  -0.17589	   0.03759	   0.07496	   0.03759	   0.34379
B         	   7.92112	   6.50714	  -2.77112	  -0.18055	  -0.00486	  -0.00350	  -0.00486	  -0.17487	  -0.00291	  -0.00350	  -0.00291	   0.35542
B         	   7.91738	  -2.20001	  -2.77112	  -0.17997	  -0.00643	  -0.00326	  -0.00643	  -0.17535	  -0.00276	  -0.00326	  -0.00276	   0.35531
B         	   7.91421	   2.15079	  -2.77112	  -0.18155	  -0.00656	  -0.00327	  -0.00656	  -0.17347	  -0.00277	  -0.00327	  -0.00277	   0.35502
N         	  -9.16477	  -2.92899	  -2.77112	  -0.03602	   0.00034	   0.00371	   0.00034	   0.00443	   0.00051	   0.00371	   0.00051	   0.03158
N         	  -9.16314	   1.42423	  -2.77112	  -0.03124	  -0.00121	   0.00368	  -0.00121	  -0.00085	   0.00055	   0.00368	   0.00055	   0.03211
N         	  -9.16587	   5.77769	  -2.77112	  -0.03943	  -0.00140	   0.00397	  -0.00140	   0.00484	   0.00055	   0.00397	   0.00055	   0.03460
N         	  -6.67757	  -2.92694	  -2.77110	  -0.03132	   0.00333	  -0.06501	   0.00333	   0.00704	  -0.01682	  -0.06501	  -0.01682	   0.02429
N         	  -6.67176	   1.42566	  -2.77110	  -0.02488	  -0.00146	  -0.06513	  -0.00146	  -0.00011	  -0.01686	  -0.06513	  -0.01686	   0.02500
N         	  -6.68141	   5.77950	  -2.77110	  -0.03406	  -0.00069	  -0.06933	  -0.00069	   0.00700	  -0.01723	  -0.06933	  -0.01723	   0.02706
N         	  -4.22790	  -2.92519	  -2.40977	  -0.05235	  -0.02889	   0.02738	  -0.02889	   0.00959	   0.03778	   0.02738	   0.03778	   0.04276
N         	  -4.21328	   1.43248	  -2.41810	  -0.04907	  -0.02761	   0.04366	  -0.02761	   0.00220	   0.03041	   0.04366	   0.03041	   0.04686
N         	  -4.23790	   5.78520	  -2.39447	  -0.06007	  -0.03069	   0.03254	  -0.03069	   0.01014	   0.03324	   0.03254	   0.03324	   0.04994
N         	  -2.27820	  -2.92675	  -0.85235	  -0.05625	   0.02368	   0.00629	   0.02368	   0.00748	  -0.01157	   0.00629	  -0.01157	   0.04877
N         	  -2.20908	   1.43706	  -0.91091	  -0.02091	   0.01414	   0.01710	   0.01414	  -0.00459	   0.00298	   0.01710	   0.00298	   0.02550
N         	  -2.29801	   5.79179	  -0.82593	  -0.04831	   0.01995	   0.00319	   0.01995	   0.00317	  -0.02779	   0.00319	  -0.02779	   0.04514
N         	  -0.00000	  -2.94363	   0.16191	   0.02066	   0.00000	   0.00000	   0.00000	   0.00272	  -0.10872	   0.00000	  -0.10872	  -0.02338
N         	  -0.00000	   5.79874	   0.12026	   0.00757	   0.00000	  -0.00000	   0.00000	   0.00613	  -0.10513	  -0.00000	  -0.10513	  -0.01371
N         	   2.27820	  -2.92675	  -0.85235	  -0.05625	  -0.02368	  -0.00629	  -0.02368	   0.00748	  -0.01157	  -0.00629	  -0.01157	   0.04877
N         	   2.20908	   1.43706	  -0.91091	  -0.02092	  -0.01414	  -0.01710	  -0.01414	  -0.00459	   0.00298	  -0.01710	   0.00298	   0.02550
N         	   2.29801	   5.79179	  -0.82593	  -0.04831	  -0.01995	  -0.00319	  -0.01995	   0.00317	  -0.02779	  -0.00319	  -0.02779	   0.04514
N         	   4.22790	  -2.92519	  -2.40977	  -0.05235	   0.02889	  -0.02738	   0.02889	   0.00959	   0.03778	  -0.02738	   0.03778	   0.04276
N         	   4.21328	   1.43248	  -2.41810	  -0.04907	   0.02761	  -0.04366	   0.02761	   0.00220	   0.03041	  -0.04366	   0.03041	   0.04686
N         	   4.23790	   5.78520	  -2.39447	  -0.06007	   0.03069	  -0.03254	   0.03069	   0.01014	   0.03324	  -0.03254	   0.03324	   0.04994
N         	   6.67757	  -2.92694	  -2.77110	  -0.03132	  -0.00333	   0.06501	  -0.00333	   0.00704	  -0.01682	   0.06501	  -0.01682	   0.02429
N         	   6.67176	   1.42566	  -2.77110	  -0.02488	   0.00146	   0.06513	   0.00146	  -0.00011	  -0.01686	   0.06513	  -0.01686	   0.02500
N         	   6.68141	   5.77950	  -2.77110	  -0.03406	   0.00069	   0.06933	   0.00069	   0.00700	  -0.01723	   0.06933	  -0.01723	   0.02706
N         	   9.16477	  -2.92899	  -2.77112	  -0.03602	  -0.00034	  -0.00371	  -0.00034	   0.00443	   0.00051	  -0.00371	   0.00051	   0.03158
N         	   9.16314	   1.42423	  -2.77112	  -0.03124	   0.00121	  -0.00368	   0.00121	  -0.00085	   0.00055	  -0.00368	   0.00055	   0.03211
N         	   9.16587	   5.77769	  -2.77112	  -0.03943	   0.00140	  -0.00397	   0.00140	   0.00484	   0.00055	  -0.00397	   0.00055	   0.03460
N         	 -10.40828	  -5.10753	  -2.77112	  -0.04036	  -0.00000	  -0.00000	  -0.00000	   0.00671	  -0.00011	  -0.00000	  -0.00011	   0.03365
N         	 -10.40828	  -0.75206	  -2.77112	  -0.03290	  -0.00000	  -0.00000	  -0.00000	   0.00149	  -0.00012	  -0.00000	  -0.00012	   0.03141
N         	 -10.40828	   3.60037	  -2.77112	  -0.03690	  -0.00000	  -0.00000	  -0.00000	   0.00217	  -0.00009	  -0.00000	  -0.00009	   0.03473
N         	  -7.92355	  -5.10687	  -2.77112	  -0.03883	  -0.00048	  -0.00040	  -0.00048	   0.00573	   0.00012	  -0.00040	   0.00012	   0.03309
N         	  -7.91804	  -0.75107	  -2.77112	  -0.02993	  -0.00045	  -0.00077	  -0.00045	  -0.00047	   0.00014	  -0.00077	   0.00014	   0.03040
N         	  -7.92080	   3.60069	  -2.77112	  -0.03524	  -0.00427	  -0.00060	  -0.00427	   0.00156	   0.00022	  -0.00060	   0.00022	   0.03367
N         	  -5.43621	  -5.10447	  -2.77012	  -0.02284	  -0.01691	  -0.03247	  -0.01691	   0.00882	   0.11064	  -0.03247	   0.11064	   0.01402
N         	  -5.42283	  -0.74867	  -2.77012	  -0.01383	  -0.01320	  -0.02556	  -0.01320	   0.00163	   0.10186	  -0.02556	   0.10186	   0.01220
N         	  -5.43080	   3.60412	  -2.77012	  -0.01884	  -0.02166	  -0.03011	  -0.02166	   0.00449	   0.10509	  -0.03011	   0.10509	   0.01436
N         	  -3.23632	  -5.09967	  -1.63542	  -0.05958	  -0.01921	  -0.01238	  -0.01921	   0.00978	   0.02198	  -0.01238	   0.02198	   0.04980
N         	  -3.17036	  -0.74489	  -1.71419	  -0.04226	  -0.01089	   0.01153	  -0.01089	  -0.00280	   0.02668	   0.01153	   0.02668	   0.04506
N         	  -3.22246	   3.60990	  -1.64504	  -0.06543	  -0.02930	  -0.00643	  -0.02930	   0.00760	   0.02591	  -0.00643	   0.02591	   0.05782
N         	  -1.24068	  -5.10029	  -0.14378	  -0.02393	   0.03065	   0.01872	   0.03065	   0.01036	  -0.07407	   0.01872	  -0.07407	   0.01356
N         	  -1.24028	   3.62955	  -0.13791	  -0.02130	   0.03118	   0.01609	   0.03118	   0.04054	  -0.08937	   0.01609	  -0.08937	  -0.01923
N         	   1.24068	  -5.10029	  -0.14378	  -0.02393	  -0.03065	  -0.01872	  -0.03065	   0.01036	  -0.07407	  -0.01872	  -0.07407	   0.01356
N         	   1.24028	   3.62955	  -0.13791	  -0.02130	  -0.03119	  -0.01609	  -0.03119	   0.04054	  -0.08937	  -0.01609	  -0.08937	  -0.01923
N         	   3.23633	  -5.09967	  -1.63542	  -0.05958	   0.01921	   0.01238	   0.01921	   0.00978	   0.02198	   0.01238	   0.02198	   0.04980
N         	   3.17036	  -0.74489	  -1.71419	  -0.04226	   0.01089	  -0.01153	   0.01089	  -0.00280	   0.02668	  -0.01153	   0.02668	   0.04506
N         	   3.22246	   3.60990	  -1.64504	  -0.06543	   0.02929	   0.00643	   0.02929	   0.00760	   0.02591	   0.00643	   0.02591	   0.05782
N         	   5.43621	  -5.10447	  -2.77012	  -0.02284	   0.01691	   0.03247	   0.01691	   0.00882	   0.11064	   0.03247	   0.11064	   0.01402
N         	   5.42283	  -0.74867	  -2.77012	  -0.01383	   0.01320	   0.02556	   0.01320	   0.00163	   0.10186	   0.02556	   0.10186	   0.01220
N         	   5.43080	   3.60412	  -2.77012	  -0.01884	   0.02166	   0.03011	   0.02166	   0.00449	   0.10509	   0.03011	   0.10509	   0.01436
N         	   7.92355	  -5.10687	  -2.77112	  -0.03883	   0.00048	   0.00040	   0.00048	   0.00574	   0.00012	   0.00040	   0.00012	   0.03309
N         	   7.91804	  -0.75107	  -2.77112	  -0.02994	   0.00045	   0.00077	   0.00045	  -0.00046	   0.00014	   0.00077	   0.00014	   0.03040
N         	   7.92080	   3.60069	  -2.77112	  -0.03524	   0.00427	   0.00060	   0.00427	   0.00156	   0.00022	   0.00060	   0.00022	   0.03367
N         	   1.25458	  -0.78342	  -0.16874	   0.27735	  -0.22531	  -0.00700	  -0.22531	  -0.11646	  -0.02609	  -0.00700	  -0.02609	  -0.16089
N         	  -1.25458	  -0.78342	  -0.16874	   0.27735	   0.22531	   0.00701	   0.22531	  -0.11646	  -0.02609	   0.00701	  -0.02609	  -0.16089
N         	  -0.00000	   1.56685	   0.33747	  -0.24412	  -0.00000	  -0.00000	  -0.00000	   0.42398	   0.25852	  -0.00000	   0.25852	  -0.17986
