--------------------------------------------------------------------------------------------------------------------------------------------------------------------------
  AtomName	    r_1i_X	    r_1i_Y	    r_1i_Z	  iso[MHz]	       Axx	       Axy	       Axz	       Ayx	       Ayy	       Ayz	       Azx	       Azy	       Azz
--------------------------------------------------------------------------------------------------------------------------------------------------------------------------
10B  g-factor___:   0.600215 [No-unit]
11B  g-factor___:   1.792433 [No-unit]
14N  g-factor___:   0.403761 [No-unit]
15N  g-factor___:  -0.566378 [No-unit]
10B  etc____:	---       	---       	---       	   0.00000
11B  etc____:	---       	---       	---       	   0.00000
14N  etc____:	---       	---       	---       	   0.00000
15N  etc____:	---       	---       	---       	   0.00000
MinDif[A]:	 -10.40828	  -6.55247	  -2.77112
MaxDif[A]:	   9.16587	   6.50714	   0.33747
--------------------------------------------------------------------------------------------------------------------------------------------------------------------------
B         	  -9.16460	  -4.37770	  -2.77112	   0.00000	   0.06098	   0.00000	   0.01525	   0.00000	  -0.01525	   0.00000	   0.01525	   0.00000	  -0.04574
B         	  -9.16189	  -0.02442	  -2.77112	   0.00000	   0.09147	  -0.00000	   0.01525	  -0.00000	  -0.04574	  -0.00000	   0.01525	  -0.00000	  -0.04574
B         	  -9.16354	   4.32868	  -2.77112	   0.00000	   0.06098	  -0.00000	   0.01525	  -0.00000	  -0.01525	  -0.00000	   0.01525	  -0.00000	  -0.04574
B         	  -6.67715	  -4.37654	  -2.77110	   0.00000	   0.06098	   0.03049	   0.04574	   0.03049	  -0.00000	   0.01525	   0.04574	   0.01525	  -0.04574
B         	  -6.66653	  -0.02474	  -2.77110	   0.13721	   0.15245	  -0.03049	   0.07623	  -0.03049	  -0.07623	  -0.00000	   0.07623	  -0.00000	  -0.07623
B         	  -6.67426	   4.32898	  -2.77110	   0.00000	   0.06098	  -0.03049	   0.04574	  -0.03049	  -0.01525	  -0.01525	   0.04574	  -0.01525	  -0.04574
B         	  -4.26923	  -4.36737	  -2.31484	  -0.04574	   0.01525	   0.10672	   0.10672	   0.10672	   0.07623	   0.06098	   0.10672	   0.06098	  -0.09147
B         	  -4.23407	  -0.01863	  -2.34106	   1.95138	   0.51834	  -0.39637	   0.33539	  -0.39637	  -0.16770	  -0.03049	   0.33539	  -0.03049	  -0.35064
B         	  -4.26617	   4.33695	  -2.30977	  -0.04574	   0.01525	  -0.10672	   0.10672	  -0.10672	   0.06098	  -0.07623	   0.10672	  -0.07623	  -0.07623
B         	  -2.26539	  -4.36568	  -0.84816	   1.43305	  -0.36588	   0.15245	   0.07623	   0.15245	   0.82324	  -0.03049	   0.07623	  -0.03049	  -0.45736
B         	  -2.15791	  -0.02171	  -0.91508	   0.36588	  -0.85373	  -1.72271	   3.15575	  -1.72271	   0.68603	  -3.26247	   3.15575	  -3.26247	   0.16770
B         	  -2.26408	   4.33999	  -0.84656	   3.56737	   0.28966	  -0.68603	   0.57932	  -0.68603	   0.13721	  -0.35064	   0.57932	  -0.35064	  -0.42687
B         	  -0.00000	  -4.36432	   0.05346	  -1.05192	  -0.22868	  -0.00000	  -0.00000	  -0.00000	   0.68603	  -0.04574	  -0.00000	  -0.04574	  -0.45736
B         	  -0.00000	   4.35337	   0.04062	  -0.82324	  -0.51834	   0.00000	  -0.00000	   0.00000	   1.46354	  -0.27441	  -0.00000	  -0.27441	  -0.96045
B         	   2.26538	  -4.36568	  -0.84816	   1.43305	  -0.36588	  -0.15245	  -0.07623	  -0.15245	   0.82324	  -0.03049	  -0.07623	  -0.03049	  -0.45736
B         	   2.15791	  -0.02171	  -0.91508	   0.36588	  -0.85373	   1.72271	  -3.15575	   1.72271	   0.68603	  -3.26247	  -3.15575	  -3.26247	   0.16770
B         	   2.26408	   4.33999	  -0.84656	   3.56737	   0.28966	   0.68603	  -0.57932	   0.68603	   0.13721	  -0.35064	  -0.57932	  -0.35064	  -0.42687
B         	   4.26923	  -4.36737	  -2.31484	  -0.04574	   0.01525	  -0.10672	  -0.10672	  -0.10672	   0.07623	   0.06098	  -0.10672	   0.06098	  -0.09147
B         	   4.23407	  -0.01863	  -2.34106	   1.95138	   0.51834	   0.39637	  -0.33539	   0.39637	  -0.16770	  -0.03049	  -0.33539	  -0.03049	  -0.35064
B         	   4.26617	   4.33695	  -2.30977	  -0.04574	   0.01525	   0.10672	  -0.10672	   0.10672	   0.06098	  -0.07623	  -0.10672	  -0.07623	  -0.07623
B         	   6.67715	  -4.37654	  -2.77110	   0.00000	   0.06098	  -0.03049	  -0.04574	  -0.03049	  -0.00000	   0.01525	  -0.04574	   0.01525	  -0.04574
B         	   6.66653	  -0.02474	  -2.77110	   0.13721	   0.15245	   0.03049	  -0.07623	   0.03049	  -0.07623	  -0.00000	  -0.07623	  -0.00000	  -0.07623
B         	   6.67426	   4.32898	  -2.77110	   0.00000	   0.06098	   0.03049	  -0.04574	   0.03049	  -0.01525	  -0.01525	  -0.04574	  -0.01525	  -0.04574
B         	   9.16459	  -4.37770	  -2.77112	   0.00000	   0.06098	  -0.00000	  -0.01525	  -0.00000	  -0.01525	   0.00000	  -0.01525	   0.00000	  -0.04574
B         	   9.16189	  -0.02442	  -2.77112	   0.00000	   0.09147	   0.00000	  -0.01525	   0.00000	  -0.04574	  -0.00000	  -0.01525	  -0.00000	  -0.04574
B         	   9.16353	   4.32868	  -2.77112	   0.00000	   0.06098	   0.00000	  -0.01525	   0.00000	  -0.01525	  -0.00000	  -0.01525	  -0.00000	  -0.04574
B         	 -10.40828	   6.50634	  -2.77112	   0.00000	   0.06098	  -0.00000	  -0.00000	  -0.00000	  -0.01525	  -0.00000	  -0.00000	  -0.00000	  -0.04574
B         	 -10.40828	  -2.20103	  -2.77112	   0.00000	   0.07623	   0.00000	  -0.00000	   0.00000	  -0.03049	   0.00000	  -0.00000	   0.00000	  -0.04574
B         	 -10.40828	   2.15100	  -2.77112	   0.00000	   0.07623	  -0.00000	   0.00000	  -0.00000	  -0.03049	  -0.00000	   0.00000	  -0.00000	  -0.04574
B         	  -7.92112	   6.50714	  -2.77112	   0.00000	   0.04574	  -0.00000	   0.01525	  -0.00000	  -0.00000	  -0.00000	   0.01525	  -0.00000	  -0.04574
B         	  -7.91738	  -2.20001	  -2.77112	   0.00000	   0.09147	   0.01525	   0.03049	   0.01525	  -0.04574	   0.01525	   0.03049	   0.01525	  -0.04574
B         	  -7.91421	   2.15079	  -2.77112	   0.00000	   0.09147	  -0.01525	   0.03049	  -0.01525	  -0.04574	  -0.00000	   0.03049	  -0.00000	  -0.04574
B         	  -5.43236	  -6.55247	  -2.77012	  -0.01525	   0.01525	  -0.00000	   0.04574	  -0.00000	   0.04574	  -0.00000	   0.04574	  -0.00000	  -0.04574
B         	  -5.42280	  -2.19717	  -2.77012	  -0.07623	   0.12196	   0.09147	   0.13721	   0.09147	  -0.04574	   0.03049	   0.13721	   0.03049	  -0.07623
B         	  -5.41680	   2.15340	  -2.77012	   0.03049	   0.10672	  -0.07623	   0.12196	  -0.07623	  -0.04574	  -0.04574	   0.12196	  -0.04574	  -0.06098
B         	  -3.24489	  -6.54671	  -1.62913	   0.16770	  -0.07623	  -0.06098	   0.07623	  -0.06098	   0.21343	  -0.04574	   0.07623	  -0.04574	  -0.13721
B         	  -3.20458	  -2.19180	  -1.66922	  -0.88422	   0.09147	   0.45736	   0.62505	   0.45736	   0.07623	   0.38113	   0.62505	   0.38113	  -0.18294
B         	  -3.19103	   2.15437	  -1.66924	  -0.57932	   0.15245	  -0.28966	   0.48785	  -0.28966	   0.03049	  -0.21343	   0.48785	  -0.21343	  -0.16770
B         	  -1.20769	  -6.53958	  -0.21558	  -0.04574	  -0.21343	  -0.03049	   0.03049	  -0.03049	   0.45736	  -0.01525	   0.03049	  -0.01525	  -0.22868
B         	  -1.18425	  -2.17902	  -0.20301	  -3.65884	  -1.47878	  -0.60981	   0.41162	  -0.60981	   4.93944	   0.27441	   0.41162	   0.27441	  -3.46066
B         	  -1.17176	   2.15879	  -0.19747	 -10.51918	   2.80511	  -2.31727	   3.99424	  -2.31727	  -0.54883	  -0.85373	   3.99424	  -0.85373	  -2.27153
B         	   1.20768	  -6.53958	  -0.21558	  -0.04574	  -0.21343	   0.03049	  -0.03049	   0.03049	   0.45736	  -0.01525	  -0.03049	  -0.01525	  -0.22868
B         	   1.18425	  -2.17902	  -0.20301	  -3.65884	  -1.47878	   0.60981	  -0.41162	   0.60981	   4.93944	   0.27441	  -0.41162	   0.27441	  -3.46066
B         	   1.17176	   2.15879	  -0.19747	 -10.51918	   2.80511	   2.31727	  -3.99424	   2.31727	  -0.54883	  -0.85373	  -3.99424	  -0.85373	  -2.27153
B         	   3.24489	  -6.54671	  -1.62913	   0.16770	  -0.07623	   0.06098	  -0.07623	   0.06098	   0.21343	  -0.04574	  -0.07623	  -0.04574	  -0.13721
B         	   3.20458	  -2.19180	  -1.66922	  -0.88422	   0.09147	  -0.45736	  -0.62505	  -0.45736	   0.07623	   0.38113	  -0.62505	   0.38113	  -0.18294
B         	   3.19103	   2.15437	  -1.66924	  -0.57932	   0.15245	   0.28966	  -0.48785	   0.28966	   0.03049	  -0.21343	  -0.48785	  -0.21343	  -0.16770
B         	   5.43235	  -6.55247	  -2.77012	  -0.01525	   0.01525	   0.00000	  -0.04574	   0.00000	   0.04574	  -0.00000	  -0.04574	  -0.00000	  -0.04574
B         	   5.42280	  -2.19717	  -2.77012	  -0.07623	   0.12196	  -0.09147	  -0.13721	  -0.09147	  -0.04574	   0.03049	  -0.13721	   0.03049	  -0.07623
B         	   5.41680	   2.15340	  -2.77012	   0.03049	   0.10672	   0.07623	  -0.12196	   0.07623	  -0.04574	  -0.04574	  -0.12196	  -0.04574	  -0.06098
B         	   7.92112	   6.50714	  -2.77112	   0.00000	   0.04574	   0.00000	  -0.01525	   0.00000	  -0.00000	  -0.00000	  -0.01525	  -0.00000	  -0.04574
B         	   7.91738	  -2.20001	  -2.77112	   0.00000	   0.09147	  -0.01525	  -0.03049	  -0.01525	  -0.04574	   0.01525	  -0.03049	   0.01525	  -0.04574
B         	   7.91421	   2.15079	  -2.77112	   0.00000	   0.09147	   0.01525	  -0.03049	   0.01525	  -0.04574	  -0.00000	  -0.03049	  -0.00000	  -0.04574
N         	  -9.16477	  -2.92899	  -2.77112	   0.00000	   0.07623	   0.01525	   0.01525	   0.01525	  -0.03049	   0.00000	   0.01525	   0.00000	  -0.04574
N         	  -9.16314	   1.42423	  -2.77112	   0.00000	   0.07623	  -0.00000	   0.01525	  -0.00000	  -0.04574	  -0.00000	   0.01525	  -0.00000	  -0.04574
N         	  -9.16587	   5.77769	  -2.77112	   0.00000	   0.06098	  -0.00000	   0.01525	  -0.00000	  -0.01525	  -0.00000	   0.01525	  -0.00000	  -0.03049
N         	  -6.67757	  -2.92694	  -2.77110	   0.06098	   0.09147	   0.04574	   0.06098	   0.04574	  -0.03049	   0.01525	   0.06098	   0.01525	  -0.06098
N         	  -6.67176	   1.42566	  -2.77110	   0.01525	   0.12196	  -0.03049	   0.07623	  -0.03049	  -0.06098	  -0.01525	   0.07623	  -0.01525	  -0.04574
N         	  -6.68141	   5.77950	  -2.77110	   0.00000	   0.03049	  -0.01525	   0.03049	  -0.01525	   0.00000	  -0.00000	   0.03049	  -0.00000	  -0.04574
N         	  -4.22790	  -2.92519	  -2.40977	   0.64030	   0.22868	   0.27441	   0.16770	   0.27441	  -0.04574	   0.10672	   0.16770	   0.10672	  -0.18294
N         	  -4.21328	   1.43248	  -2.41810	   0.36588	   0.22868	  -0.04574	   0.22868	  -0.04574	  -0.22868	  -0.10672	   0.22868	  -0.10672	   0.00000
N         	  -4.23790	   5.78520	  -2.39447	   0.01525	  -0.01525	  -0.01525	   0.06098	  -0.01525	   0.10672	  -0.03049	   0.06098	  -0.03049	  -0.09147
N         	  -2.27820	  -2.92675	  -0.85235	  20.16938	  -0.76226	   3.49115	   2.40874	   3.49115	   1.58550	   3.38443	   2.40874	   3.38443	  -0.82324
N         	  -2.20908	   1.43706	  -0.91091	   6.15906	   1.95138	   1.40256	   1.66173	   1.40256	   0.47260	   1.29584	   1.66173	   1.29584	  -2.42398
N         	  -2.29801	   5.79179	  -0.82593	   1.53976	  -0.27441	  -0.30490	   0.10672	  -0.30490	   0.67079	  -0.15245	   0.10672	  -0.15245	  -0.38113
N         	  -0.00000	  -2.94363	   0.16191	  -3.88752	   3.00330	  -0.00000	   0.00000	  -0.00000	  -0.21343	  -0.25917	   0.00000	  -0.25917	  -2.78987
N         	  -0.00000	   5.79874	   0.12026	   0.25917	  -0.38113	  -0.00000	   0.00000	  -0.00000	   0.76226	   0.12196	   0.00000	   0.12196	  -0.38113
N         	   2.27820	  -2.92675	  -0.85235	  20.16938	  -0.76226	  -3.49115	  -2.40874	  -3.49115	   1.58550	   3.38443	  -2.40874	   3.38443	  -0.82324
N         	   2.20908	   1.43706	  -0.91091	   6.15906	   1.95138	  -1.40256	  -1.66173	  -1.40256	   0.47260	   1.29584	  -1.66173	   1.29584	  -2.42398
N         	   2.29801	   5.79179	  -0.82593	   1.53976	  -0.27441	   0.30490	  -0.10672	   0.30490	   0.67079	  -0.15245	  -0.10672	  -0.15245	  -0.38113
N         	   4.22790	  -2.92519	  -2.40977	   0.64030	   0.22868	  -0.27441	  -0.16770	  -0.27441	  -0.04574	   0.10672	  -0.16770	   0.10672	  -0.18294
N         	   4.21328	   1.43248	  -2.41810	   0.36588	   0.22868	   0.04574	  -0.22868	   0.04574	  -0.22868	  -0.10672	  -0.22868	  -0.10672	   0.00000
N         	   4.23790	   5.78520	  -2.39447	   0.01525	  -0.01525	   0.01525	  -0.06098	   0.01525	   0.10672	  -0.03049	  -0.06098	  -0.03049	  -0.09147
N         	   6.67757	  -2.92694	  -2.77110	   0.06098	   0.09147	  -0.04574	  -0.06098	  -0.04574	  -0.03049	   0.01525	  -0.06098	   0.01525	  -0.06098
N         	   6.67176	   1.42566	  -2.77110	   0.01525	   0.12196	   0.03049	  -0.07623	   0.03049	  -0.06098	  -0.01525	  -0.07623	  -0.01525	  -0.04574
N         	   6.68141	   5.77950	  -2.77110	   0.00000	   0.03049	   0.01525	  -0.03049	   0.01525	   0.00000	  -0.00000	  -0.03049	  -0.00000	  -0.04574
N         	   9.16477	  -2.92899	  -2.77112	   0.00000	   0.07623	  -0.01525	  -0.01525	  -0.01525	  -0.03049	   0.00000	  -0.01525	   0.00000	  -0.04574
N         	   9.16314	   1.42423	  -2.77112	   0.00000	   0.07623	   0.00000	  -0.01525	   0.00000	  -0.04574	  -0.00000	  -0.01525	  -0.00000	  -0.04574
N         	   9.16587	   5.77769	  -2.77112	   0.00000	   0.06098	   0.00000	  -0.01525	   0.00000	  -0.01525	  -0.00000	  -0.01525	  -0.00000	  -0.03049
N         	 -10.40828	  -5.10753	  -2.77112	   0.00000	   0.06098	  -0.00000	  -0.00000	  -0.00000	  -0.01525	   0.00000	  -0.00000	   0.00000	  -0.04574
N         	 -10.40828	  -0.75206	  -2.77112	   0.00000	   0.09147	   0.00000	  -0.00000	   0.00000	  -0.04574	   0.00000	  -0.00000	   0.00000	  -0.04574
N         	 -10.40828	   3.60037	  -2.77112	   0.00000	   0.06098	   0.00000	  -0.00000	   0.00000	  -0.03049	  -0.00000	  -0.00000	  -0.00000	  -0.04574
N         	  -7.92355	  -5.10687	  -2.77112	   0.00000	   0.04574	   0.01525	   0.01525	   0.01525	  -0.01525	   0.00000	   0.01525	   0.00000	  -0.04574
N         	  -7.91804	  -0.75107	  -2.77112	   0.07623	   0.12196	   0.01525	   0.03049	   0.01525	  -0.06098	   0.00000	   0.03049	   0.00000	  -0.06098
N         	  -7.92080	   3.60069	  -2.77112	   0.00000	   0.06098	  -0.01525	   0.03049	  -0.01525	  -0.03049	  -0.00000	   0.03049	  -0.00000	  -0.04574
N         	  -5.43621	  -5.10447	  -2.77012	   0.01525	   0.01525	   0.04574	   0.06098	   0.04574	   0.03049	   0.03049	   0.06098	   0.03049	  -0.04574
N         	  -5.42283	  -0.74867	  -2.77012	   0.88422	   0.45736	   0.12196	   0.12196	   0.12196	  -0.24392	   0.01525	   0.12196	   0.01525	  -0.21343
N         	  -5.43080	   3.60412	  -2.77012	  -0.01525	   0.04574	  -0.06098	   0.07623	  -0.06098	  -0.01525	  -0.03049	   0.07623	  -0.03049	  -0.03049
N         	  -3.23632	  -5.09967	  -1.63542	   0.96045	  -0.12196	   0.28966	   0.15245	   0.28966	   0.39637	   0.18294	   0.15245	   0.18294	  -0.27441
N         	  -3.17036	  -0.74489	  -1.71419	  19.43761	   0.38113	   1.41780	   4.64978	   1.41780	  -2.82036	   1.76844	   4.64978	   1.76844	   2.42398
N         	  -3.22246	   3.60990	  -1.64504	  -0.07623	   0.03049	  -0.30490	   0.18294	  -0.30490	   0.13721	  -0.09147	   0.18294	  -0.09147	  -0.16770
N         	  -1.24068	  -5.10029	  -0.14378	   0.10672	  -0.09147	   0.15245	   0.07623	   0.15245	   0.48785	   0.00000	   0.07623	   0.00000	  -0.39637
N         	  -1.24028	   3.62955	  -0.13791	  34.74378	  -3.62835	  -3.09477	   0.88422	  -3.09477	   7.21097	  -3.61311	   0.88422	  -3.61311	  -3.58262
N         	   1.24068	  -5.10029	  -0.14378	   0.10672	  -0.09147	  -0.15245	  -0.07623	  -0.15245	   0.48785	   0.00000	  -0.07623	   0.00000	  -0.39637
N         	   1.24028	   3.62955	  -0.13791	  34.74378	  -3.62835	   3.09477	  -0.88422	   3.09477	   7.21097	  -3.61311	  -0.88422	  -3.61311	  -3.58262
N         	   3.23633	  -5.09967	  -1.63542	   0.96045	  -0.12196	  -0.28966	  -0.15245	  -0.28966	   0.39637	   0.18294	  -0.15245	   0.18294	  -0.27441
N         	   3.17036	  -0.74489	  -1.71419	  19.43761	   0.38113	  -1.41780	  -4.64978	  -1.41780	  -2.82036	   1.76844	  -4.64978	   1.76844	   2.42398
N         	   3.22246	   3.60990	  -1.64504	  -0.07623	   0.03049	   0.30490	  -0.18294	   0.30490	   0.13721	  -0.09147	  -0.18294	  -0.09147	  -0.16770
N         	   5.43621	  -5.10447	  -2.77012	   0.01525	   0.01525	  -0.04574	  -0.06098	  -0.04574	   0.03049	   0.03049	  -0.06098	   0.03049	  -0.04574
N         	   5.42283	  -0.74867	  -2.77012	   0.88422	   0.45736	  -0.12196	  -0.12196	  -0.12196	  -0.24392	   0.01525	  -0.12196	   0.01525	  -0.21343
N         	   5.43080	   3.60412	  -2.77012	  -0.01525	   0.04574	   0.06098	  -0.07623	   0.06098	  -0.01525	  -0.03049	  -0.07623	  -0.03049	  -0.03049
N         	   7.92355	  -5.10687	  -2.77112	   0.00000	   0.04574	  -0.01525	  -0.01525	  -0.01525	  -0.01525	   0.00000	  -0.01525	   0.00000	  -0.04574
N         	   7.91804	  -0.75107	  -2.77112	   0.07623	   0.12196	  -0.01525	  -0.03049	  -0.01525	  -0.06098	   0.00000	  -0.03049	   0.00000	  -0.06098
N         	   7.92080	   3.60069	  -2.77112	   0.00000	   0.06098	   0.01525	  -0.03049	   0.01525	  -0.03049	  -0.00000	  -0.03049	  -0.00000	  -0.04574
N         	   1.25458	  -0.78342	  -0.16874	 306.44349	  75.17401	 -71.77434	 -41.13151	 -71.77434	 -28.38654	  24.30083	 -41.13151	  24.30083	 -46.78748
N         	  -1.25458	  -0.78342	  -0.16874	 306.44349	  75.17401	  71.77434	  41.13151	  71.77434	 -28.38654	  24.30083	  41.13151	  24.30083	 -46.78748
N         	  -0.00000	   1.56685	   0.33747	 191.49478	 -97.59968	  -0.00000	  -0.00000	  -0.00000	 167.14822	  74.88435	  -0.00000	  74.88435	 -69.54854
