--------------------------------------------------------------------------------------------------------------------------------------------------------------------------
  AtomName	    r_1i_X	    r_1i_Y	    r_1i_Z	  iso[MHz]	       Axx	       Axy	       Axz	       Ayx	       Ayy	       Ayz	       Azx	       Azy	       Azz
--------------------------------------------------------------------------------------------------------------------------------------------------------------------------
10B  g-factor___:   0.600215 [No-unit]
11B  g-factor___:   1.792433 [No-unit]
14N  g-factor___:   0.403761 [No-unit]
15N  g-factor___:  -0.566378 [No-unit]
10B  etc____:	---       	---       	---       	   0.00000
11B  etc____:	---       	---       	---       	   0.00000
14N  etc____:	---       	---       	---       	   0.00000
15N  etc____:	---       	---       	---       	   0.00000
MinDif[A]:	 -10.32120	  -6.49937	  -2.73222
MaxDif[A]:	   9.08839	   6.43981	   0.37294
--------------------------------------------------------------------------------------------------------------------------------------------------------------------------
B         	  -9.08674	  -4.34404	  -2.73222	   0.00000	   0.06098	   0.00000	   0.01525	   0.00000	  -0.01525	   0.00000	   0.01525	   0.00000	  -0.04574
B         	  -9.08379	  -0.03188	  -2.73222	   0.00000	   0.09147	  -0.00000	   0.01525	  -0.00000	  -0.04574	  -0.00000	   0.01525	  -0.00000	  -0.04574
B         	  -9.08571	   4.28083	  -2.73222	   0.00000	   0.06098	  -0.00000	   0.01525	  -0.00000	  -0.01525	  -0.00000	   0.01525	  -0.00000	  -0.04574
B         	  -6.61870	  -4.34302	  -2.73220	   0.00000	   0.06098	   0.03049	   0.04574	   0.03049	  -0.00000	   0.01525	   0.04574	   0.01525	  -0.04574
B         	  -6.60694	  -0.03266	  -2.73220	   0.13721	   0.15245	  -0.03049	   0.07623	  -0.03049	  -0.07623	  -0.00000	   0.07623	  -0.00000	  -0.07623
B         	  -6.61619	   4.28055	  -2.73220	   0.00000	   0.06098	  -0.03049	   0.04574	  -0.03049	  -0.01525	  -0.01525	   0.04574	  -0.01525	  -0.04574
B         	  -4.23051	  -4.33510	  -2.27990	  -0.04574	   0.01525	   0.10672	   0.10672	   0.10672	   0.07623	   0.06098	   0.10672	   0.06098	  -0.09147
B         	  -4.19253	  -0.02828	  -2.30906	   1.95138	   0.51834	  -0.39637	   0.33539	  -0.39637	  -0.16770	  -0.03049	   0.33539	  -0.03049	  -0.35064
B         	  -4.22623	   4.28779	  -2.27948	  -0.04574	   0.01525	  -0.10672	   0.10672	  -0.10672	   0.06098	  -0.07623	   0.10672	  -0.07623	  -0.07623
B         	  -2.24782	  -4.33320	  -0.82029	   1.43305	  -0.36588	   0.15245	   0.07623	   0.15245	   0.82324	  -0.03049	   0.07623	  -0.03049	  -0.45736
B         	  -2.11589	  -0.03438	  -0.91436	   0.36588	  -0.85373	  -1.72271	   3.15575	  -1.72271	   0.68603	  -3.26247	   3.15575	  -3.26247	   0.16770
B         	  -2.24346	   4.29029	  -0.82595	   3.56737	   0.28966	  -0.68603	   0.57932	  -0.68603	   0.13721	  -0.35064	   0.57932	  -0.35064	  -0.42687
B         	  -0.00000	  -4.33594	   0.07277	  -1.05192	  -0.22868	  -0.00000	  -0.00000	  -0.00000	   0.68603	  -0.04574	  -0.00000	  -0.04574	  -0.45736
B         	  -0.00000	   4.30296	   0.06111	  -0.82324	  -0.51834	   0.00000	  -0.00000	   0.00000	   1.46354	  -0.27441	  -0.00000	  -0.27441	  -0.96045
B         	   2.24782	  -4.33320	  -0.82029	   1.43305	  -0.36588	  -0.15245	  -0.07623	  -0.15245	   0.82324	  -0.03049	  -0.07623	  -0.03049	  -0.45736
B         	   2.11589	  -0.03438	  -0.91436	   0.36588	  -0.85373	   1.72271	  -3.15575	   1.72271	   0.68603	  -3.26247	  -3.15575	  -3.26247	   0.16770
B         	   2.24346	   4.29029	  -0.82595	   3.56737	   0.28966	   0.68603	  -0.57932	   0.68603	   0.13721	  -0.35064	  -0.57932	  -0.35064	  -0.42687
B         	   4.23051	  -4.33510	  -2.27990	  -0.04574	   0.01525	  -0.10672	  -0.10672	  -0.10672	   0.07623	   0.06098	  -0.10672	   0.06098	  -0.09147
B         	   4.19253	  -0.02828	  -2.30906	   1.95138	   0.51834	   0.39637	  -0.33539	   0.39637	  -0.16770	  -0.03049	  -0.33539	  -0.03049	  -0.35064
B         	   4.22623	   4.28779	  -2.27948	  -0.04574	   0.01525	   0.10672	  -0.10672	   0.10672	   0.06098	  -0.07623	  -0.10672	  -0.07623	  -0.07623
B         	   6.61870	  -4.34302	  -2.73220	   0.00000	   0.06098	  -0.03049	  -0.04574	  -0.03049	  -0.00000	   0.01525	  -0.04574	   0.01525	  -0.04574
B         	   6.60694	  -0.03266	  -2.73220	   0.13721	   0.15245	   0.03049	  -0.07623	   0.03049	  -0.07623	  -0.00000	  -0.07623	  -0.00000	  -0.07623
B         	   6.61619	   4.28055	  -2.73220	   0.00000	   0.06098	   0.03049	  -0.04574	   0.03049	  -0.01525	  -0.01525	  -0.04574	  -0.01525	  -0.04574
B         	   9.08673	  -4.34404	  -2.73222	   0.00000	   0.06098	  -0.00000	  -0.01525	  -0.00000	  -0.01525	   0.00000	  -0.01525	   0.00000	  -0.04574
B         	   9.08379	  -0.03188	  -2.73222	   0.00000	   0.09147	   0.00000	  -0.01525	   0.00000	  -0.04574	  -0.00000	  -0.01525	  -0.00000	  -0.04574
B         	   9.08570	   4.28083	  -2.73222	   0.00000	   0.06098	   0.00000	  -0.01525	   0.00000	  -0.01525	  -0.00000	  -0.01525	  -0.00000	  -0.04574
B         	 -10.32120	   6.43923	  -2.73222	   0.00000	   0.06098	  -0.00000	  -0.00000	  -0.00000	  -0.01525	  -0.00000	  -0.00000	  -0.00000	  -0.04574
B         	 -10.32120	  -2.18786	  -2.73222	   0.00000	   0.07623	   0.00000	  -0.00000	   0.00000	  -0.03049	   0.00000	  -0.00000	   0.00000	  -0.04574
B         	 -10.32120	   2.12278	  -2.73222	   0.00000	   0.07623	  -0.00000	   0.00000	  -0.00000	  -0.03049	  -0.00000	   0.00000	  -0.00000	  -0.04574
B         	  -7.85330	   6.43981	  -2.73222	   0.00000	   0.04574	  -0.00000	   0.01525	  -0.00000	  -0.00000	  -0.00000	   0.01525	  -0.00000	  -0.04574
B         	  -7.84859	  -2.18682	  -2.73222	   0.00000	   0.09147	   0.01525	   0.03049	   0.01525	  -0.04574	   0.01525	   0.03049	   0.01525	  -0.04574
B         	  -7.84551	   2.12346	  -2.73222	   0.00000	   0.09147	  -0.01525	   0.03049	  -0.01525	  -0.04574	  -0.00000	   0.03049	  -0.00000	  -0.04574
B         	  -5.38462	  -6.49937	  -2.73122	  -0.01525	   0.01525	  -0.00000	   0.04574	  -0.00000	   0.04574	  -0.00000	   0.04574	  -0.00000	  -0.04574
B         	  -5.37358	  -2.18516	  -2.73122	  -0.07623	   0.12196	   0.09147	   0.13721	   0.09147	  -0.04574	   0.03049	   0.13721	   0.03049	  -0.07623
B         	  -5.36717	   2.12465	  -2.73122	   0.03049	   0.10672	  -0.07623	   0.12196	  -0.07623	  -0.04574	  -0.04574	   0.12196	  -0.04574	  -0.06098
B         	  -3.21682	  -6.49497	  -1.60078	   0.16770	  -0.07623	  -0.06098	   0.07623	  -0.06098	   0.21343	  -0.04574	   0.07623	  -0.04574	  -0.13721
B         	  -3.17354	  -2.17996	  -1.64035	  -0.88422	   0.09147	   0.45736	   0.62505	   0.45736	   0.07623	   0.38113	   0.62505	   0.38113	  -0.18294
B         	  -3.15334	   2.12451	  -1.65521	  -0.57932	   0.15245	  -0.28966	   0.48785	  -0.28966	   0.03049	  -0.21343	   0.48785	  -0.21343	  -0.16770
B         	  -1.19874	  -6.48871	  -0.19429	  -0.04574	  -0.21343	  -0.03049	   0.03049	  -0.03049	   0.45736	  -0.01525	   0.03049	  -0.01525	  -0.22868
B         	  -1.16677	  -2.16644	  -0.19705	  -3.65884	  -1.47878	  -0.60981	   0.41162	  -0.60981	   4.93944	   0.27441	   0.41162	   0.27441	  -3.46066
B         	  -1.16507	   2.13341	  -0.18658	 -10.51918	   2.80511	  -2.31727	   3.99424	  -2.31727	  -0.54883	  -0.85373	   3.99424	  -0.85373	  -2.27153
B         	   1.19874	  -6.48871	  -0.19429	  -0.04574	  -0.21343	   0.03049	  -0.03049	   0.03049	   0.45736	  -0.01525	  -0.03049	  -0.01525	  -0.22868
B         	   1.16677	  -2.16644	  -0.19705	  -3.65884	  -1.47878	   0.60981	  -0.41162	   0.60981	   4.93944	   0.27441	  -0.41162	   0.27441	  -3.46066
B         	   1.16506	   2.13341	  -0.18658	 -10.51918	   2.80511	   2.31727	  -3.99424	   2.31727	  -0.54883	  -0.85373	  -3.99424	  -0.85373	  -2.27153
B         	   3.21682	  -6.49497	  -1.60078	   0.16770	  -0.07623	   0.06098	  -0.07623	   0.06098	   0.21343	  -0.04574	  -0.07623	  -0.04574	  -0.13721
B         	   3.17354	  -2.17996	  -1.64035	  -0.88422	   0.09147	  -0.45736	  -0.62505	  -0.45736	   0.07623	   0.38113	  -0.62505	   0.38113	  -0.18294
B         	   3.15334	   2.12451	  -1.65521	  -0.57932	   0.15245	   0.28966	  -0.48785	   0.28966	   0.03049	  -0.21343	  -0.48785	  -0.21343	  -0.16770
B         	   5.38462	  -6.49937	  -2.73122	  -0.01525	   0.01525	   0.00000	  -0.04574	   0.00000	   0.04574	  -0.00000	  -0.04574	  -0.00000	  -0.04574
B         	   5.37358	  -2.18516	  -2.73122	  -0.07623	   0.12196	  -0.09147	  -0.13721	  -0.09147	  -0.04574	   0.03049	  -0.13721	   0.03049	  -0.07623
B         	   5.36717	   2.12465	  -2.73122	   0.03049	   0.10672	   0.07623	  -0.12196	   0.07623	  -0.04574	  -0.04574	  -0.12196	  -0.04574	  -0.06098
B         	   7.85330	   6.43981	  -2.73222	   0.00000	   0.04574	   0.00000	  -0.01525	   0.00000	  -0.00000	  -0.00000	  -0.01525	  -0.00000	  -0.04574
B         	   7.84858	  -2.18682	  -2.73222	   0.00000	   0.09147	  -0.01525	  -0.03049	  -0.01525	  -0.04574	   0.01525	  -0.03049	   0.01525	  -0.04574
B         	   7.84551	   2.12346	  -2.73222	   0.00000	   0.09147	   0.01525	  -0.03049	   0.01525	  -0.04574	  -0.00000	  -0.03049	  -0.00000	  -0.04574
N         	  -9.08686	  -2.90844	  -2.73222	   0.00000	   0.07623	   0.01525	   0.01525	   0.01525	  -0.03049	   0.00000	   0.01525	   0.00000	  -0.04574
N         	  -9.08511	   1.40376	  -2.73222	   0.00000	   0.07623	  -0.00000	   0.01525	  -0.00000	  -0.04574	  -0.00000	   0.01525	  -0.00000	  -0.04574
N         	  -9.08839	   5.71701	  -2.73222	   0.00000	   0.06098	  -0.00000	   0.01525	  -0.00000	  -0.01525	  -0.00000	   0.01525	  -0.00000	  -0.03049
N         	  -6.61891	  -2.90707	  -2.73220	   0.06098	   0.09147	   0.04574	   0.06098	   0.04574	  -0.03049	   0.01525	   0.06098	   0.01525	  -0.06098
N         	  -6.61263	   1.40478	  -2.73220	   0.01525	   0.12196	  -0.03049	   0.07623	  -0.03049	  -0.06098	  -0.01525	   0.07623	  -0.01525	  -0.04574
N         	  -6.62354	   5.71805	  -2.73220	   0.00000	   0.03049	  -0.01525	   0.03049	  -0.01525	   0.00000	  -0.00000	   0.03049	  -0.00000	  -0.04574
N         	  -4.18657	  -2.90614	  -2.38003	   0.64030	   0.22868	   0.27441	   0.16770	   0.27441	  -0.04574	   0.10672	   0.16770	   0.10672	  -0.18294
N         	  -4.16944	   1.41064	  -2.39508	   0.36588	   0.22868	  -0.04574	   0.22868	  -0.04574	  -0.22868	  -0.10672	   0.22868	  -0.10672	   0.00000
N         	  -4.19715	   5.72286	  -2.36681	   0.01525	  -0.01525	  -0.01525	   0.06098	  -0.01525	   0.10672	  -0.03049	   0.06098	  -0.03049	  -0.09147
N         	  -2.26109	  -2.90720	  -0.82257	  20.16938	  -0.76226	   3.49115	   2.40874	   3.49115	   1.58550	   3.38443	   2.40874	   3.38443	  -0.82324
N         	  -2.17233	   1.41410	  -0.91022	   6.15906	   1.95138	   1.40256	   1.66173	   1.40256	   0.47260	   1.29584	   1.66173	   1.29584	  -2.42398
N         	  -2.28008	   5.72780	  -0.80073	   1.53976	  -0.27441	  -0.30490	   0.10672	  -0.30490	   0.67079	  -0.15245	   0.10672	  -0.15245	  -0.38113
N         	  -0.00000	  -2.92826	   0.17850	  -3.88752	   3.00330	  -0.00000	   0.00000	  -0.00000	  -0.21343	  -0.25917	   0.00000	  -0.25917	  -2.78987
N         	  -0.00000	   5.73495	   0.14250	   0.25917	  -0.38113	  -0.00000	   0.00000	  -0.00000	   0.76226	   0.12196	   0.00000	   0.12196	  -0.38113
N         	   2.26109	  -2.90720	  -0.82257	  20.16938	  -0.76226	  -3.49115	  -2.40874	  -3.49115	   1.58550	   3.38443	  -2.40874	   3.38443	  -0.82324
N         	   2.17233	   1.41410	  -0.91022	   6.15906	   1.95138	  -1.40256	  -1.66173	  -1.40256	   0.47260	   1.29584	  -1.66173	   1.29584	  -2.42398
N         	   2.28008	   5.72780	  -0.80073	   1.53976	  -0.27441	   0.30490	  -0.10672	   0.30490	   0.67079	  -0.15245	  -0.10672	  -0.15245	  -0.38113
N         	   4.18656	  -2.90614	  -2.38003	   0.64030	   0.22868	  -0.27441	  -0.16770	  -0.27441	  -0.04574	   0.10672	  -0.16770	   0.10672	  -0.18294
N         	   4.16944	   1.41064	  -2.39508	   0.36588	   0.22868	   0.04574	  -0.22868	   0.04574	  -0.22868	  -0.10672	  -0.22868	  -0.10672	   0.00000
N         	   4.19715	   5.72286	  -2.36681	   0.01525	  -0.01525	   0.01525	  -0.06098	   0.01525	   0.10672	  -0.03049	  -0.06098	  -0.03049	  -0.09147
N         	   6.61891	  -2.90707	  -2.73220	   0.06098	   0.09147	  -0.04574	  -0.06098	  -0.04574	  -0.03049	   0.01525	  -0.06098	   0.01525	  -0.06098
N         	   6.61263	   1.40478	  -2.73220	   0.01525	   0.12196	   0.03049	  -0.07623	   0.03049	  -0.06098	  -0.01525	  -0.07623	  -0.01525	  -0.04574
N         	   6.62354	   5.71805	  -2.73220	   0.00000	   0.03049	   0.01525	  -0.03049	   0.01525	   0.00000	  -0.00000	  -0.03049	  -0.00000	  -0.04574
N         	   9.08686	  -2.90844	  -2.73222	   0.00000	   0.07623	  -0.01525	  -0.01525	  -0.01525	  -0.03049	   0.00000	  -0.01525	   0.00000	  -0.04574
N         	   9.08510	   1.40376	  -2.73222	   0.00000	   0.07623	   0.00000	  -0.01525	   0.00000	  -0.04574	  -0.00000	  -0.01525	  -0.00000	  -0.04574
N         	   9.08839	   5.71701	  -2.73222	   0.00000	   0.06098	   0.00000	  -0.01525	   0.00000	  -0.01525	  -0.00000	  -0.01525	  -0.00000	  -0.03049
N         	 -10.32120	  -5.06631	  -2.73222	   0.00000	   0.06098	  -0.00000	  -0.00000	  -0.00000	  -0.01525	   0.00000	  -0.00000	   0.00000	  -0.04574
N         	 -10.32120	  -0.75200	  -2.73222	   0.00000	   0.09147	   0.00000	  -0.00000	   0.00000	  -0.04574	   0.00000	  -0.00000	   0.00000	  -0.04574
N         	 -10.32120	   3.55944	  -2.73222	   0.00000	   0.06098	   0.00000	  -0.00000	   0.00000	  -0.03049	  -0.00000	  -0.00000	  -0.00000	  -0.04574
N         	  -7.85550	  -5.06602	  -2.73222	   0.00000	   0.04574	   0.01525	   0.01525	   0.01525	  -0.01525	   0.00000	   0.01525	   0.00000	  -0.04574
N         	  -7.84945	  -0.75131	  -2.73222	   0.07623	   0.12196	   0.01525	   0.03049	   0.01525	  -0.06098	   0.00000	   0.03049	   0.00000	  -0.06098
N         	  -7.85297	   3.55976	  -2.73222	   0.00000	   0.06098	  -0.01525	   0.03049	  -0.01525	  -0.03049	  -0.00000	   0.03049	  -0.00000	  -0.04574
N         	  -5.38842	  -5.06454	  -2.73122	   0.01525	   0.01525	   0.04574	   0.06098	   0.04574	   0.03049	   0.03049	   0.06098	   0.03049	  -0.04574
N         	  -5.37380	  -0.74954	  -2.73122	   0.88422	   0.45736	   0.12196	   0.12196	   0.12196	  -0.24392	   0.01525	   0.12196	   0.01525	  -0.21343
N         	  -5.38267	   3.56263	  -2.73122	  -0.01525	   0.04574	  -0.06098	   0.07623	  -0.06098	  -0.01525	  -0.03049	   0.07623	  -0.03049	  -0.03049
N         	  -3.20766	  -5.06137	  -1.60455	   0.96045	  -0.12196	   0.28966	   0.15245	   0.28966	   0.39637	   0.18294	   0.15245	   0.18294	  -0.27441
N         	  -3.13446	  -0.74621	  -1.69114	  19.43761	   0.38113	   1.41780	   4.64978	   1.41780	  -2.82036	   1.76844	   4.64978	   1.76844	   2.42398
N         	  -3.18708	   3.56698	  -1.62540	  -0.07623	   0.03049	  -0.30490	   0.18294	  -0.30490	   0.13721	  -0.09147	   0.18294	  -0.09147	  -0.16770
N         	  -1.23274	  -5.06292	  -0.11900	   0.10672	  -0.09147	   0.15245	   0.07623	   0.15245	   0.48785	   0.00000	   0.07623	   0.00000	  -0.39637
N         	  -1.23213	   3.58600	  -0.11536	  34.74378	  -3.62835	  -3.09477	   0.88422	  -3.09477	   7.21097	  -3.61311	   0.88422	  -3.61311	  -3.58262
N         	   1.23274	  -5.06292	  -0.11900	   0.10672	  -0.09147	  -0.15245	  -0.07623	  -0.15245	   0.48785	   0.00000	  -0.07623	   0.00000	  -0.39637
N         	   1.23213	   3.58600	  -0.11536	  34.74378	  -3.62835	   3.09477	  -0.88422	   3.09477	   7.21097	  -3.61311	  -0.88422	  -3.61311	  -3.58262
N         	   3.20766	  -5.06137	  -1.60455	   0.96045	  -0.12196	  -0.28966	  -0.15245	  -0.28966	   0.39637	   0.18294	  -0.15245	   0.18294	  -0.27441
N         	   3.13446	  -0.74621	  -1.69114	  19.43761	   0.38113	  -1.41780	  -4.64978	  -1.41780	  -2.82036	   1.76844	  -4.64978	   1.76844	   2.42398
N         	   3.18708	   3.56698	  -1.62540	  -0.07623	   0.03049	   0.30490	  -0.18294	   0.30490	   0.13721	  -0.09147	  -0.18294	  -0.09147	  -0.16770
N         	   5.38842	  -5.06454	  -2.73122	   0.01525	   0.01525	  -0.04574	  -0.06098	  -0.04574	   0.03049	   0.03049	  -0.06098	   0.03049	  -0.04574
N         	   5.37380	  -0.74954	  -2.73122	   0.88422	   0.45736	  -0.12196	  -0.12196	  -0.12196	  -0.24392	   0.01525	  -0.12196	   0.01525	  -0.21343
N         	   5.38267	   3.56263	  -2.73122	  -0.01525	   0.04574	   0.06098	  -0.07623	   0.06098	  -0.01525	  -0.03049	  -0.07623	  -0.03049	  -0.03049
N         	   7.85550	  -5.06602	  -2.73222	   0.00000	   0.04574	  -0.01525	  -0.01525	  -0.01525	  -0.01525	   0.00000	  -0.01525	   0.00000	  -0.04574
N         	   7.84945	  -0.75131	  -2.73222	   0.07623	   0.12196	  -0.01525	  -0.03049	  -0.01525	  -0.06098	   0.00000	  -0.03049	   0.00000	  -0.06098
N         	   7.85297	   3.55976	  -2.73222	   0.00000	   0.06098	   0.01525	  -0.03049	   0.01525	  -0.03049	  -0.00000	  -0.03049	  -0.00000	  -0.04574
N         	   1.19669	  -0.77801	  -0.18647	 306.44349	  75.17401	 -71.77434	 -41.13151	 -71.77434	 -28.38654	  24.30083	 -41.13151	  24.30083	 -46.78748
N         	  -1.19669	  -0.77801	  -0.18647	 306.44349	  75.17401	  71.77434	  41.13151	  71.77434	 -28.38654	  24.30083	  41.13151	  24.30083	 -46.78748
N         	  -0.00000	   1.55602	   0.37294	 191.49478	 -97.59968	  -0.00000	  -0.00000	  -0.00000	 167.14822	  74.88435	  -0.00000	  74.88435	 -69.54854
