--------------------------------------------------------------------------------------------------------------------------------------------------------------------------
  AtomName	    r_1i_X	    r_1i_Y	    r_1i_Z	     EFGxx	     EFGxy	     EFGxz	     EFGyx	     EFGyy	     EFGyz	     EFGzx	     EFGzy	     EFGzz	[Hatree/Bohr_radius^2]
--------------------------------------------------------------------------------------------------------------------------------------------------------------------------
10B  eQ___:	  8.459000	[Q/milibarn]*(10^-1)
11B  eQ___:	  4.059000	[Q/milibarn]*(10^-1)
14N  eQ___:	  2.044000	[Q/milibarn]*(10^-1)
15N  eQ___:	  0.000000	[Q/milibarn]*(10^-1)
10B  etc____:	---       	---       	---       	  -0.19770	   0.00000	   0.00000	   0.00000	  -0.19373	   0.00035	   0.00000	   0.00035	   0.39142
11B  etc____:	---       	---       	---       	  -0.19770	   0.00000	   0.00000	   0.00000	  -0.19373	   0.00035	   0.00000	   0.00035	   0.39142
14N  etc____:	---       	---       	---       	  -0.03581	  -0.00000	   0.00000	  -0.00000	   0.00480	  -0.00010	   0.00000	  -0.00010	   0.03102
15N  etc____:	---       	---       	---       	  -0.03581	  -0.00000	   0.00000	  -0.00000	   0.00480	  -0.00010	   0.00000	  -0.00010	   0.03102
MinDif[A]:	 -10.32120	  -6.49937	  -2.73222
MaxDif[A]:	   9.08839	   6.43981	   0.37294
--------------------------------------------------------------------------------------------------------------------------------------------------------------------------
B         	  -9.08674	  -4.34404	  -2.73222	  -0.19716	   0.00281	   0.00044	   0.00281	  -0.19428	  -0.00004	   0.00044	  -0.00004	   0.39144
B         	  -9.08379	  -0.03188	  -2.73222	  -0.19787	   0.00322	   0.00044	   0.00322	  -0.19325	  -0.00004	   0.00044	  -0.00004	   0.39112
B         	  -9.08571	   4.28083	  -2.73222	  -0.19807	   0.00276	   0.00046	   0.00276	  -0.19318	  -0.00004	   0.00046	  -0.00004	   0.39125
B         	  -6.61870	  -4.34302	  -2.73220	  -0.19391	   0.00631	   0.00520	   0.00631	  -0.19614	  -0.00179	   0.00520	  -0.00179	   0.39005
B         	  -6.60694	  -0.03266	  -2.73220	  -0.19740	   0.01006	   0.00443	   0.01006	  -0.19255	  -0.00128	   0.00443	  -0.00128	   0.38995
B         	  -6.61619	   4.28055	  -2.73220	  -0.19723	   0.00607	   0.00479	   0.00607	  -0.19302	  -0.00153	   0.00479	  -0.00153	   0.39025
B         	  -4.23051	  -4.33510	  -2.27990	  -0.06071	  -0.01268	  -0.23921	  -0.01268	  -0.20316	   0.05910	  -0.23921	   0.05910	   0.26387
B         	  -4.19253	  -0.02828	  -2.30906	  -0.09000	   0.00512	  -0.22715	   0.00512	  -0.19042	   0.05602	  -0.22715	   0.05602	   0.28043
B         	  -4.22623	   4.28779	  -2.27948	  -0.07338	  -0.00883	  -0.24072	  -0.00883	  -0.19539	   0.05226	  -0.24072	   0.05226	   0.26878
B         	  -2.24782	  -4.33320	  -0.82029	   0.03621	   0.01393	  -0.27245	   0.01393	  -0.21381	  -0.00430	  -0.27245	  -0.00430	   0.17760
B         	  -2.11589	  -0.03438	  -0.91436	   0.01671	   0.05664	  -0.26940	   0.05664	  -0.17782	   0.03312	  -0.26940	   0.03312	   0.16109
B         	  -2.24346	   4.29029	  -0.82595	   0.02653	   0.02257	  -0.28588	   0.02257	  -0.18788	  -0.01357	  -0.28588	  -0.01357	   0.16135
B         	  -0.00000	  -4.33594	   0.07277	  -0.15956	  -0.00000	  -0.00000	  -0.00000	  -0.23313	  -0.06664	  -0.00000	  -0.06664	   0.39269
B         	  -0.00000	   4.30296	   0.06111	  -0.19568	  -0.00000	  -0.00000	  -0.00000	  -0.20040	  -0.05699	  -0.00000	  -0.05699	   0.39608
B         	   2.24782	  -4.33320	  -0.82029	   0.03621	  -0.01393	   0.27245	  -0.01393	  -0.21381	  -0.00429	   0.27245	  -0.00429	   0.17760
B         	   2.11589	  -0.03438	  -0.91436	   0.01671	  -0.05664	   0.26940	  -0.05664	  -0.17782	   0.03312	   0.26940	   0.03312	   0.16109
B         	   2.24346	   4.29029	  -0.82595	   0.02653	  -0.02258	   0.28588	  -0.02258	  -0.18788	  -0.01357	   0.28588	  -0.01357	   0.16135
B         	   4.23051	  -4.33510	  -2.27990	  -0.06071	   0.01268	   0.23921	   0.01268	  -0.20316	   0.05911	   0.23921	   0.05911	   0.26387
B         	   4.19253	  -0.02828	  -2.30906	  -0.09000	  -0.00512	   0.22715	  -0.00512	  -0.19042	   0.05603	   0.22715	   0.05603	   0.28043
B         	   4.22623	   4.28779	  -2.27948	  -0.07338	   0.00883	   0.24072	   0.00883	  -0.19539	   0.05226	   0.24072	   0.05226	   0.26878
B         	   6.61870	  -4.34302	  -2.73220	  -0.19391	  -0.00632	  -0.00520	  -0.00632	  -0.19614	  -0.00179	  -0.00520	  -0.00179	   0.39005
B         	   6.60694	  -0.03266	  -2.73220	  -0.19740	  -0.01006	  -0.00443	  -0.01006	  -0.19255	  -0.00128	  -0.00443	  -0.00128	   0.38995
B         	   6.61619	   4.28055	  -2.73220	  -0.19723	  -0.00607	  -0.00479	  -0.00607	  -0.19302	  -0.00153	  -0.00479	  -0.00153	   0.39025
B         	   9.08673	  -4.34404	  -2.73222	  -0.19716	  -0.00281	  -0.00044	  -0.00281	  -0.19428	  -0.00004	  -0.00044	  -0.00004	   0.39144
B         	   9.08379	  -0.03188	  -2.73222	  -0.19787	  -0.00322	  -0.00044	  -0.00322	  -0.19325	  -0.00004	  -0.00044	  -0.00004	   0.39112
B         	   9.08570	   4.28083	  -2.73222	  -0.19807	  -0.00277	  -0.00046	  -0.00277	  -0.19318	  -0.00004	  -0.00046	  -0.00004	   0.39125
B         	 -10.32120	   6.43923	  -2.73222	  -0.19770	   0.00000	   0.00000	   0.00000	  -0.19373	   0.00035	   0.00000	   0.00035	   0.39142
B         	 -10.32120	  -2.18786	  -2.73222	  -0.19799	   0.00000	   0.00000	   0.00000	  -0.19335	   0.00033	   0.00000	   0.00033	   0.39135
B         	 -10.32120	   2.12278	  -2.73222	  -0.19898	   0.00000	   0.00000	   0.00000	  -0.19206	   0.00032	   0.00000	   0.00032	   0.39104
B         	  -7.85330	   6.43981	  -2.73222	  -0.19704	   0.00501	   0.00346	   0.00501	  -0.19357	  -0.00282	   0.00346	  -0.00282	   0.39062
B         	  -7.84859	  -2.18682	  -2.73222	  -0.19689	   0.00717	   0.00324	   0.00717	  -0.19357	  -0.00269	   0.00324	  -0.00269	   0.39048
B         	  -7.84551	   2.12346	  -2.73222	  -0.19844	   0.00714	   0.00316	   0.00714	  -0.19174	  -0.00262	   0.00316	  -0.00262	   0.39017
B         	  -5.38462	  -6.49937	  -2.73122	  -0.17937	  -0.00199	  -0.08411	  -0.00199	  -0.19928	   0.04221	  -0.08411	   0.04221	   0.37865
B         	  -5.37358	  -2.18516	  -2.73122	  -0.17967	   0.00425	  -0.08057	   0.00425	  -0.19871	   0.04199	  -0.08057	   0.04199	   0.37837
B         	  -5.36717	   2.12465	  -2.73122	  -0.18609	   0.00515	  -0.07910	   0.00515	  -0.19328	   0.03967	  -0.07910	   0.03967	   0.37936
B         	  -3.21682	  -6.49497	  -1.60078	   0.04896	   0.00521	  -0.28437	   0.00521	  -0.19791	   0.01094	  -0.28437	   0.01094	   0.14895
B         	  -3.17354	  -2.17996	  -1.64035	   0.04917	   0.00043	  -0.27685	   0.00043	  -0.20132	   0.03898	  -0.27685	   0.03898	   0.15215
B         	  -3.15334	   2.12451	  -1.65521	   0.01149	   0.02681	  -0.28252	   0.02681	  -0.18137	   0.00414	  -0.28252	   0.00414	   0.16987
B         	  -1.19874	  -6.48871	  -0.19429	  -0.09643	   0.02045	  -0.20692	   0.02045	  -0.20900	  -0.04819	  -0.20692	  -0.04819	   0.30542
B         	  -1.16677	  -2.16644	  -0.19705	  -0.03982	   0.03334	  -0.19245	   0.03334	  -0.25131	  -0.00882	  -0.19245	  -0.00882	   0.29113
B         	  -1.16507	   2.13341	  -0.18658	  -0.08611	   0.02824	  -0.26066	   0.02824	  -0.15588	  -0.05067	  -0.26066	  -0.05067	   0.24198
B         	   1.19874	  -6.48871	  -0.19429	  -0.09643	  -0.02045	   0.20692	  -0.02045	  -0.20900	  -0.04819	   0.20692	  -0.04819	   0.30542
B         	   1.16677	  -2.16644	  -0.19705	  -0.03982	  -0.03334	   0.19245	  -0.03334	  -0.25131	  -0.00882	   0.19245	  -0.00882	   0.29113
B         	   1.16506	   2.13341	  -0.18658	  -0.08611	  -0.02824	   0.26066	  -0.02824	  -0.15588	  -0.05067	   0.26066	  -0.05067	   0.24198
B         	   3.21682	  -6.49497	  -1.60078	   0.04896	  -0.00521	   0.28437	  -0.00521	  -0.19791	   0.01094	   0.28437	   0.01094	   0.14895
B         	   3.17354	  -2.17996	  -1.64035	   0.04917	  -0.00043	   0.27685	  -0.00043	  -0.20132	   0.03898	   0.27685	   0.03898	   0.15215
B         	   3.15334	   2.12451	  -1.65521	   0.01149	  -0.02681	   0.28252	  -0.02681	  -0.18137	   0.00414	   0.28252	   0.00414	   0.16987
B         	   5.38462	  -6.49937	  -2.73122	  -0.17937	   0.00199	   0.08411	   0.00199	  -0.19928	   0.04221	   0.08411	   0.04221	   0.37865
B         	   5.37358	  -2.18516	  -2.73122	  -0.17967	  -0.00425	   0.08057	  -0.00425	  -0.19871	   0.04199	   0.08057	   0.04199	   0.37837
B         	   5.36717	   2.12465	  -2.73122	  -0.18609	  -0.00514	   0.07910	  -0.00514	  -0.19328	   0.03967	   0.07910	   0.03967	   0.37936
B         	   7.85330	   6.43981	  -2.73222	  -0.19704	  -0.00501	  -0.00346	  -0.00501	  -0.19357	  -0.00282	  -0.00346	  -0.00282	   0.39061
B         	   7.84858	  -2.18682	  -2.73222	  -0.19689	  -0.00718	  -0.00324	  -0.00718	  -0.19358	  -0.00269	  -0.00324	  -0.00269	   0.39048
B         	   7.84551	   2.12346	  -2.73222	  -0.19844	  -0.00714	  -0.00316	  -0.00714	  -0.19174	  -0.00262	  -0.00316	  -0.00262	   0.39017
N         	  -9.08686	  -2.90844	  -2.73222	  -0.03139	   0.00015	   0.00375	   0.00015	   0.00259	   0.00054	   0.00375	   0.00054	   0.02878
N         	  -9.08511	   1.40376	  -2.73222	  -0.02633	  -0.00121	   0.00363	  -0.00121	  -0.00296	   0.00056	   0.00363	   0.00056	   0.02930
N         	  -9.08839	   5.71701	  -2.73222	  -0.03611	  -0.00179	   0.00398	  -0.00179	   0.00431	   0.00056	   0.00398	   0.00056	   0.03181
N         	  -6.61891	  -2.90707	  -2.73220	  -0.02790	   0.00274	  -0.06678	   0.00274	   0.00568	  -0.01859	  -0.06678	  -0.01859	   0.02222
N         	  -6.61263	   1.40478	  -2.73220	  -0.02065	  -0.00280	  -0.06547	  -0.00280	  -0.00172	  -0.01839	  -0.06547	  -0.01839	   0.02237
N         	  -6.62354	   5.71805	  -2.73220	  -0.03143	  -0.00178	  -0.07092	  -0.00178	   0.00646	  -0.01892	  -0.07092	  -0.01892	   0.02497
N         	  -4.18657	  -2.90614	  -2.38003	  -0.05302	  -0.03136	   0.03090	  -0.03136	   0.01035	   0.03683	   0.03090	   0.03683	   0.04267
N         	  -4.16944	   1.41064	  -2.39508	  -0.04462	  -0.02757	   0.04565	  -0.02757	   0.00155	   0.02674	   0.04565	   0.02674	   0.04307
N         	  -4.19715	   5.72286	  -2.36681	  -0.05977	  -0.03194	   0.03615	  -0.03194	   0.00990	   0.03215	   0.03615	   0.03215	   0.04987
N         	  -2.26109	  -2.90720	  -0.82257	  -0.05669	   0.01569	  -0.00201	   0.01569	   0.00691	  -0.01635	  -0.00201	  -0.01635	   0.04979
N         	  -2.17233	   1.41410	  -0.91022	  -0.02138	   0.00759	   0.01873	   0.00759	  -0.01661	   0.00363	   0.01873	   0.00363	   0.03799
N         	  -2.28008	   5.72780	  -0.80073	  -0.04659	   0.01987	   0.00514	   0.01987	   0.00084	  -0.02711	   0.00514	  -0.02711	   0.04573
N         	  -0.00000	  -2.92826	   0.17850	   0.00482	   0.00000	  -0.00000	   0.00000	   0.00180	  -0.10236	  -0.00000	  -0.10236	  -0.00662
N         	  -0.00000	   5.73495	   0.14250	   0.01225	   0.00000	  -0.00000	   0.00000	   0.00577	  -0.10612	  -0.00000	  -0.10612	  -0.01802
N         	   2.26109	  -2.90720	  -0.82257	  -0.05669	  -0.01569	   0.00201	  -0.01569	   0.00691	  -0.01635	   0.00201	  -0.01635	   0.04979
N         	   2.17233	   1.41410	  -0.91022	  -0.02138	  -0.00759	  -0.01873	  -0.00759	  -0.01661	   0.00363	  -0.01873	   0.00363	   0.03799
N         	   2.28008	   5.72780	  -0.80073	  -0.04659	  -0.01987	  -0.00514	  -0.01987	   0.00084	  -0.02711	  -0.00514	  -0.02711	   0.04573
N         	   4.18656	  -2.90614	  -2.38003	  -0.05302	   0.03136	  -0.03090	   0.03136	   0.01035	   0.03683	  -0.03090	   0.03683	   0.04267
N         	   4.16944	   1.41064	  -2.39508	  -0.04462	   0.02757	  -0.04565	   0.02757	   0.00155	   0.02674	  -0.04565	   0.02674	   0.04307
N         	   4.19715	   5.72286	  -2.36681	  -0.05977	   0.03194	  -0.03615	   0.03194	   0.00990	   0.03215	  -0.03615	   0.03215	   0.04987
N         	   6.61891	  -2.90707	  -2.73220	  -0.02790	  -0.00274	   0.06678	  -0.00274	   0.00568	  -0.01859	   0.06678	  -0.01859	   0.02222
N         	   6.61263	   1.40478	  -2.73220	  -0.02065	   0.00280	   0.06547	   0.00280	  -0.00172	  -0.01839	   0.06547	  -0.01839	   0.02237
N         	   6.62354	   5.71805	  -2.73220	  -0.03143	   0.00178	   0.07092	   0.00178	   0.00646	  -0.01892	   0.07092	  -0.01892	   0.02497
N         	   9.08686	  -2.90844	  -2.73222	  -0.03139	  -0.00015	  -0.00375	  -0.00015	   0.00260	   0.00054	  -0.00375	   0.00054	   0.02878
N         	   9.08510	   1.40376	  -2.73222	  -0.02633	   0.00121	  -0.00363	   0.00121	  -0.00296	   0.00056	  -0.00363	   0.00056	   0.02930
N         	   9.08839	   5.71701	  -2.73222	  -0.03611	   0.00179	  -0.00398	   0.00179	   0.00431	   0.00056	  -0.00398	   0.00056	   0.03181
N         	 -10.32120	  -5.06631	  -2.73222	  -0.03581	  -0.00000	   0.00000	  -0.00000	   0.00480	  -0.00010	   0.00000	  -0.00010	   0.03102
N         	 -10.32120	  -0.75200	  -2.73222	  -0.02776	  -0.00000	   0.00000	  -0.00000	  -0.00059	  -0.00009	   0.00000	  -0.00009	   0.02835
N         	 -10.32120	   3.55944	  -2.73222	  -0.03265	  -0.00000	   0.00000	  -0.00000	   0.00082	  -0.00007	   0.00000	  -0.00007	   0.03183
N         	  -7.85550	  -5.06602	  -2.73222	  -0.03538	  -0.00084	  -0.00097	  -0.00084	   0.00434	   0.00026	  -0.00097	   0.00026	   0.03104
N         	  -7.84945	  -0.75131	  -2.73222	  -0.02550	  -0.00104	  -0.00137	  -0.00104	  -0.00239	   0.00024	  -0.00137	   0.00024	   0.02789
N         	  -7.85297	   3.55976	  -2.73222	  -0.03184	  -0.00523	  -0.00110	  -0.00523	  -0.00008	   0.00033	  -0.00110	   0.00033	   0.03193
N         	  -5.38842	  -5.06454	  -2.73122	  -0.02028	  -0.01790	  -0.03232	  -0.01790	   0.00951	   0.11084	  -0.03232	   0.11084	   0.01077
N         	  -5.37380	  -0.74954	  -2.73122	  -0.01167	  -0.01491	  -0.02471	  -0.01491	   0.00155	   0.10256	  -0.02471	   0.10256	   0.01012
N         	  -5.38267	   3.56263	  -2.73122	  -0.01575	  -0.02306	  -0.03016	  -0.02306	   0.00417	   0.10391	  -0.03016	   0.10391	   0.01157
N         	  -3.20766	  -5.06137	  -1.60455	  -0.06222	  -0.02043	  -0.01149	  -0.02043	   0.00968	   0.02128	  -0.01149	   0.02128	   0.05253
N         	  -3.13446	  -0.74621	  -1.69114	  -0.03937	  -0.01422	   0.00605	  -0.01422	  -0.00178	   0.01785	   0.00605	   0.01785	   0.04115
N         	  -3.18708	   3.56698	  -1.62540	  -0.06720	  -0.03117	  -0.00404	  -0.03117	   0.00611	   0.02684	  -0.00404	   0.02684	   0.06109
N         	  -1.23274	  -5.06292	  -0.11900	  -0.02295	   0.02759	   0.01950	   0.02759	   0.00966	  -0.07356	   0.01950	  -0.07356	   0.01329
N         	  -1.23213	   3.58600	  -0.11536	  -0.01331	   0.03605	   0.01980	   0.03605	   0.03388	  -0.08763	   0.01980	  -0.08763	  -0.02057
N         	   1.23274	  -5.06292	  -0.11900	  -0.02295	  -0.02760	  -0.01950	  -0.02760	   0.00966	  -0.07356	  -0.01950	  -0.07356	   0.01329
N         	   1.23213	   3.58600	  -0.11536	  -0.01331	  -0.03605	  -0.01980	  -0.03605	   0.03388	  -0.08763	  -0.01980	  -0.08763	  -0.02057
N         	   3.20766	  -5.06137	  -1.60455	  -0.06222	   0.02043	   0.01149	   0.02043	   0.00968	   0.02128	   0.01149	   0.02128	   0.05253
N         	   3.13446	  -0.74621	  -1.69114	  -0.03937	   0.01422	  -0.00605	   0.01422	  -0.00178	   0.01785	  -0.00605	   0.01785	   0.04115
N         	   3.18708	   3.56698	  -1.62540	  -0.06720	   0.03117	   0.00404	   0.03117	   0.00611	   0.02684	   0.00404	   0.02684	   0.06109
N         	   5.38842	  -5.06454	  -2.73122	  -0.02028	   0.01790	   0.03232	   0.01790	   0.00951	   0.11084	   0.03232	   0.11084	   0.01077
N         	   5.37380	  -0.74954	  -2.73122	  -0.01167	   0.01491	   0.02471	   0.01491	   0.00155	   0.10256	   0.02471	   0.10256	   0.01012
N         	   5.38267	   3.56263	  -2.73122	  -0.01575	   0.02306	   0.03016	   0.02306	   0.00417	   0.10391	   0.03016	   0.10391	   0.01157
N         	   7.85550	  -5.06602	  -2.73222	  -0.03538	   0.00084	   0.00097	   0.00084	   0.00434	   0.00026	   0.00097	   0.00026	   0.03104
N         	   7.84945	  -0.75131	  -2.73222	  -0.02550	   0.00104	   0.00137	   0.00104	  -0.00239	   0.00024	   0.00137	   0.00024	   0.02789
N         	   7.85297	   3.55976	  -2.73222	  -0.03185	   0.00523	   0.00110	   0.00523	  -0.00008	   0.00033	   0.00110	   0.00033	   0.03193
N         	   1.19669	  -0.77801	  -0.18647	   0.31713	  -0.21860	   0.02292	  -0.21860	  -0.14314	  -0.05040	   0.02292	  -0.05040	  -0.17400
N         	  -1.19669	  -0.77801	  -0.18647	   0.31713	   0.21860	  -0.02292	   0.21860	  -0.14314	  -0.05040	  -0.02292	  -0.05040	  -0.17400
N         	  -0.00000	   1.55602	   0.37294	  -0.29821	  -0.00000	  -0.00000	  -0.00000	   0.57370	   0.32747	  -0.00000	   0.32747	  -0.27549
