--------------------------------------------------------------------------------------------------------------------------------------------------------------------------
  AtomName	    r_1i_X	    r_1i_Y	    r_1i_Z	     EFGxx	     EFGxy	     EFGxz	     EFGyx	     EFGyy	     EFGyz	     EFGzx	     EFGzy	     EFGzz	[Hatree/Bohr_radius^2]
--------------------------------------------------------------------------------------------------------------------------------------------------------------------------
10B  eQ___:	  8.459000	[Q/milibarn]*(10^-1)
11B  eQ___:	  4.059000	[Q/milibarn]*(10^-1)
14N  eQ___:	  2.044000	[Q/milibarn]*(10^-1)
15N  eQ___:	  0.000000	[Q/milibarn]*(10^-1)
10B  etc____:	---       	---       	---       	  -0.19769	   0.00000	   0.00000	   0.00000	  -0.19374	   0.00035	   0.00000	   0.00035	   0.39142
11B  etc____:	---       	---       	---       	  -0.19769	   0.00000	   0.00000	   0.00000	  -0.19374	   0.00035	   0.00000	   0.00035	   0.39142
14N  etc____:	---       	---       	---       	  -0.03581	  -0.00000	   0.00000	  -0.00000	   0.00479	  -0.00010	   0.00000	  -0.00010	   0.03102
15N  etc____:	---       	---       	---       	  -0.03581	  -0.00000	   0.00000	  -0.00000	   0.00479	  -0.00010	   0.00000	  -0.00010	   0.03102
MinDif[A]:	 -10.40828	  -6.55247	  -2.77112
MaxDif[A]:	   9.16587	   6.50714	   0.33747
--------------------------------------------------------------------------------------------------------------------------------------------------------------------------
B         	  -9.16460	  -4.37770	  -2.77112	  -0.19716	   0.00281	   0.00044	   0.00281	  -0.19429	  -0.00004	   0.00044	  -0.00004	   0.39144
B         	  -9.16189	  -0.02442	  -2.77112	  -0.19788	   0.00322	   0.00044	   0.00322	  -0.19324	  -0.00004	   0.00044	  -0.00004	   0.39112
B         	  -9.16354	   4.32868	  -2.77112	  -0.19806	   0.00276	   0.00046	   0.00276	  -0.19318	  -0.00004	   0.00046	  -0.00004	   0.39124
B         	  -6.67715	  -4.37654	  -2.77110	  -0.19391	   0.00633	   0.00519	   0.00633	  -0.19613	  -0.00178	   0.00519	  -0.00178	   0.39004
B         	  -6.66653	  -0.02474	  -2.77110	  -0.19740	   0.01005	   0.00443	   0.01005	  -0.19255	  -0.00128	   0.00443	  -0.00128	   0.38994
B         	  -6.67426	   4.32898	  -2.77110	  -0.19724	   0.00607	   0.00479	   0.00607	  -0.19302	  -0.00153	   0.00479	  -0.00153	   0.39025
B         	  -4.26923	  -4.36737	  -2.31484	  -0.06072	  -0.01267	  -0.23921	  -0.01267	  -0.20316	   0.05911	  -0.23921	   0.05911	   0.26387
B         	  -4.23407	  -0.01863	  -2.34106	  -0.09001	   0.00511	  -0.22715	   0.00511	  -0.19041	   0.05603	  -0.22715	   0.05603	   0.28043
B         	  -4.26617	   4.33695	  -2.30977	  -0.07339	  -0.00883	  -0.24072	  -0.00883	  -0.19538	   0.05226	  -0.24072	   0.05226	   0.26878
B         	  -2.26539	  -4.36568	  -0.84816	   0.03621	   0.01393	  -0.27245	   0.01393	  -0.21381	  -0.00429	  -0.27245	  -0.00429	   0.17760
B         	  -2.15791	  -0.02171	  -0.91508	   0.01670	   0.05664	  -0.26940	   0.05664	  -0.17781	   0.03311	  -0.26940	   0.03311	   0.16110
B         	  -2.26408	   4.33999	  -0.84656	   0.02653	   0.02257	  -0.28587	   0.02257	  -0.18788	  -0.01357	  -0.28587	  -0.01357	   0.16135
B         	  -0.00000	  -4.36432	   0.05346	  -0.15957	  -0.00000	  -0.00000	  -0.00000	  -0.23313	  -0.06664	  -0.00000	  -0.06664	   0.39269
B         	  -0.00000	   4.35337	   0.04062	  -0.19568	  -0.00000	  -0.00000	  -0.00000	  -0.20040	  -0.05700	  -0.00000	  -0.05700	   0.39608
B         	   2.26538	  -4.36568	  -0.84816	   0.03621	  -0.01393	   0.27245	  -0.01393	  -0.21381	  -0.00429	   0.27245	  -0.00429	   0.17760
B         	   2.15791	  -0.02171	  -0.91508	   0.01670	  -0.05664	   0.26940	  -0.05664	  -0.17781	   0.03311	   0.26940	   0.03311	   0.16110
B         	   2.26408	   4.33999	  -0.84656	   0.02653	  -0.02258	   0.28588	  -0.02258	  -0.18788	  -0.01357	   0.28588	  -0.01357	   0.16135
B         	   4.26923	  -4.36737	  -2.31484	  -0.06072	   0.01267	   0.23921	   0.01267	  -0.20316	   0.05911	   0.23921	   0.05911	   0.26387
B         	   4.23407	  -0.01863	  -2.34106	  -0.09001	  -0.00511	   0.22715	  -0.00511	  -0.19041	   0.05603	   0.22715	   0.05603	   0.28043
B         	   4.26617	   4.33695	  -2.30977	  -0.07339	   0.00883	   0.24072	   0.00883	  -0.19538	   0.05226	   0.24072	   0.05226	   0.26878
B         	   6.67715	  -4.37654	  -2.77110	  -0.19391	  -0.00633	  -0.00519	  -0.00633	  -0.19613	  -0.00178	  -0.00519	  -0.00178	   0.39004
B         	   6.66653	  -0.02474	  -2.77110	  -0.19740	  -0.01005	  -0.00443	  -0.01005	  -0.19255	  -0.00128	  -0.00443	  -0.00128	   0.38994
B         	   6.67426	   4.32898	  -2.77110	  -0.19724	  -0.00607	  -0.00479	  -0.00607	  -0.19302	  -0.00153	  -0.00479	  -0.00153	   0.39025
B         	   9.16459	  -4.37770	  -2.77112	  -0.19716	  -0.00281	  -0.00044	  -0.00281	  -0.19429	  -0.00004	  -0.00044	  -0.00004	   0.39144
B         	   9.16189	  -0.02442	  -2.77112	  -0.19788	  -0.00323	  -0.00044	  -0.00323	  -0.19324	  -0.00004	  -0.00044	  -0.00004	   0.39112
B         	   9.16353	   4.32868	  -2.77112	  -0.19806	  -0.00276	  -0.00046	  -0.00276	  -0.19318	  -0.00004	  -0.00046	  -0.00004	   0.39124
B         	 -10.40828	   6.50634	  -2.77112	  -0.19769	   0.00000	   0.00000	   0.00000	  -0.19374	   0.00035	   0.00000	   0.00035	   0.39142
B         	 -10.40828	  -2.20103	  -2.77112	  -0.19799	   0.00000	  -0.00000	   0.00000	  -0.19337	   0.00033	  -0.00000	   0.00033	   0.39135
B         	 -10.40828	   2.15100	  -2.77112	  -0.19898	   0.00000	  -0.00000	   0.00000	  -0.19206	   0.00032	  -0.00000	   0.00032	   0.39104
B         	  -7.92112	   6.50714	  -2.77112	  -0.19704	   0.00502	   0.00346	   0.00502	  -0.19358	  -0.00282	   0.00346	  -0.00282	   0.39062
B         	  -7.91738	  -2.20001	  -2.77112	  -0.19691	   0.00718	   0.00324	   0.00718	  -0.19357	  -0.00269	   0.00324	  -0.00269	   0.39048
B         	  -7.91421	   2.15079	  -2.77112	  -0.19843	   0.00714	   0.00316	   0.00714	  -0.19174	  -0.00262	   0.00316	  -0.00262	   0.39017
B         	  -5.43236	  -6.55247	  -2.77012	  -0.17938	  -0.00198	  -0.08411	  -0.00198	  -0.19928	   0.04221	  -0.08411	   0.04221	   0.37865
B         	  -5.42280	  -2.19717	  -2.77012	  -0.17968	   0.00425	  -0.08057	   0.00425	  -0.19870	   0.04199	  -0.08057	   0.04199	   0.37837
B         	  -5.41680	   2.15340	  -2.77012	  -0.18609	   0.00514	  -0.07909	   0.00514	  -0.19327	   0.03967	  -0.07909	   0.03967	   0.37936
B         	  -3.24489	  -6.54671	  -1.62913	   0.04895	   0.00521	  -0.28437	   0.00521	  -0.19791	   0.01095	  -0.28437	   0.01095	   0.14896
B         	  -3.20458	  -2.19180	  -1.66922	   0.04917	   0.00044	  -0.27685	   0.00044	  -0.20132	   0.03898	  -0.27685	   0.03898	   0.15216
B         	  -3.19103	   2.15437	  -1.66924	   0.01149	   0.02681	  -0.28252	   0.02681	  -0.18137	   0.00413	  -0.28252	   0.00413	   0.16987
B         	  -1.20769	  -6.53958	  -0.21558	  -0.09643	   0.02045	  -0.20692	   0.02045	  -0.20900	  -0.04820	  -0.20692	  -0.04820	   0.30542
B         	  -1.18425	  -2.17902	  -0.20301	  -0.03981	   0.03333	  -0.19244	   0.03333	  -0.25131	  -0.00882	  -0.19244	  -0.00882	   0.29112
B         	  -1.17176	   2.15879	  -0.19747	  -0.08610	   0.02823	  -0.26066	   0.02823	  -0.15588	  -0.05066	  -0.26066	  -0.05066	   0.24198
B         	   1.20768	  -6.53958	  -0.21558	  -0.09643	  -0.02045	   0.20692	  -0.02045	  -0.20900	  -0.04820	   0.20692	  -0.04820	   0.30542
B         	   1.18425	  -2.17902	  -0.20301	  -0.03981	  -0.03333	   0.19244	  -0.03333	  -0.25131	  -0.00882	   0.19244	  -0.00882	   0.29112
B         	   1.17176	   2.15879	  -0.19747	  -0.08610	  -0.02823	   0.26066	  -0.02823	  -0.15588	  -0.05067	   0.26066	  -0.05067	   0.24198
B         	   3.24489	  -6.54671	  -1.62913	   0.04895	  -0.00521	   0.28437	  -0.00521	  -0.19791	   0.01095	   0.28437	   0.01095	   0.14896
B         	   3.20458	  -2.19180	  -1.66922	   0.04917	  -0.00044	   0.27685	  -0.00044	  -0.20132	   0.03898	   0.27685	   0.03898	   0.15216
B         	   3.19103	   2.15437	  -1.66924	   0.01149	  -0.02681	   0.28252	  -0.02681	  -0.18137	   0.00413	   0.28252	   0.00413	   0.16987
B         	   5.43235	  -6.55247	  -2.77012	  -0.17938	   0.00198	   0.08411	   0.00198	  -0.19928	   0.04221	   0.08411	   0.04221	   0.37865
B         	   5.42280	  -2.19717	  -2.77012	  -0.17968	  -0.00425	   0.08057	  -0.00425	  -0.19870	   0.04198	   0.08057	   0.04198	   0.37837
B         	   5.41680	   2.15340	  -2.77012	  -0.18609	  -0.00514	   0.07909	  -0.00514	  -0.19327	   0.03967	   0.07909	   0.03967	   0.37936
B         	   7.92112	   6.50714	  -2.77112	  -0.19704	  -0.00501	  -0.00346	  -0.00501	  -0.19358	  -0.00282	  -0.00346	  -0.00282	   0.39062
B         	   7.91738	  -2.20001	  -2.77112	  -0.19691	  -0.00718	  -0.00324	  -0.00718	  -0.19357	  -0.00269	  -0.00324	  -0.00269	   0.39048
B         	   7.91421	   2.15079	  -2.77112	  -0.19843	  -0.00714	  -0.00316	  -0.00714	  -0.19174	  -0.00262	  -0.00316	  -0.00262	   0.39017
N         	  -9.16477	  -2.92899	  -2.77112	  -0.03139	   0.00015	   0.00375	   0.00015	   0.00259	   0.00054	   0.00375	   0.00054	   0.02879
N         	  -9.16314	   1.42423	  -2.77112	  -0.02633	  -0.00121	   0.00363	  -0.00121	  -0.00296	   0.00056	   0.00363	   0.00056	   0.02930
N         	  -9.16587	   5.77769	  -2.77112	  -0.03611	  -0.00179	   0.00398	  -0.00179	   0.00431	   0.00056	   0.00398	   0.00056	   0.03181
N         	  -6.67757	  -2.92694	  -2.77110	  -0.02791	   0.00274	  -0.06678	   0.00274	   0.00568	  -0.01859	  -0.06678	  -0.01859	   0.02222
N         	  -6.67176	   1.42566	  -2.77110	  -0.02064	  -0.00280	  -0.06548	  -0.00280	  -0.00172	  -0.01839	  -0.06548	  -0.01839	   0.02237
N         	  -6.68141	   5.77950	  -2.77110	  -0.03143	  -0.00178	  -0.07092	  -0.00178	   0.00646	  -0.01892	  -0.07092	  -0.01892	   0.02497
N         	  -4.22790	  -2.92519	  -2.40977	  -0.05302	  -0.03136	   0.03091	  -0.03136	   0.01035	   0.03683	   0.03091	   0.03683	   0.04267
N         	  -4.21328	   1.43248	  -2.41810	  -0.04462	  -0.02757	   0.04565	  -0.02757	   0.00154	   0.02674	   0.04565	   0.02674	   0.04308
N         	  -4.23790	   5.78520	  -2.39447	  -0.05977	  -0.03195	   0.03616	  -0.03195	   0.00990	   0.03215	   0.03616	   0.03215	   0.04987
N         	  -2.27820	  -2.92675	  -0.85235	  -0.05669	   0.01569	  -0.00201	   0.01569	   0.00691	  -0.01635	  -0.00201	  -0.01635	   0.04979
N         	  -2.20908	   1.43706	  -0.91091	  -0.02138	   0.00759	   0.01873	   0.00759	  -0.01661	   0.00363	   0.01873	   0.00363	   0.03799
N         	  -2.29801	   5.79179	  -0.82593	  -0.04659	   0.01988	   0.00514	   0.01988	   0.00084	  -0.02711	   0.00514	  -0.02711	   0.04574
N         	  -0.00000	  -2.94363	   0.16191	   0.00483	   0.00000	  -0.00000	   0.00000	   0.00180	  -0.10236	  -0.00000	  -0.10236	  -0.00663
N         	  -0.00000	   5.79874	   0.12026	   0.01225	   0.00000	  -0.00000	   0.00000	   0.00577	  -0.10613	  -0.00000	  -0.10613	  -0.01802
N         	   2.27820	  -2.92675	  -0.85235	  -0.05668	  -0.01569	   0.00201	  -0.01569	   0.00691	  -0.01635	   0.00201	  -0.01635	   0.04978
N         	   2.20908	   1.43706	  -0.91091	  -0.02138	  -0.00759	  -0.01873	  -0.00759	  -0.01661	   0.00363	  -0.01873	   0.00363	   0.03799
N         	   2.29801	   5.79179	  -0.82593	  -0.04658	  -0.01988	  -0.00514	  -0.01988	   0.00084	  -0.02711	  -0.00514	  -0.02711	   0.04573
N         	   4.22790	  -2.92519	  -2.40977	  -0.05302	   0.03136	  -0.03090	   0.03136	   0.01035	   0.03683	  -0.03090	   0.03683	   0.04267
N         	   4.21328	   1.43248	  -2.41810	  -0.04462	   0.02757	  -0.04565	   0.02757	   0.00154	   0.02674	  -0.04565	   0.02674	   0.04308
N         	   4.23790	   5.78520	  -2.39447	  -0.05977	   0.03195	  -0.03616	   0.03195	   0.00990	   0.03215	  -0.03616	   0.03215	   0.04987
N         	   6.67757	  -2.92694	  -2.77110	  -0.02791	  -0.00274	   0.06678	  -0.00274	   0.00568	  -0.01859	   0.06678	  -0.01859	   0.02222
N         	   6.67176	   1.42566	  -2.77110	  -0.02064	   0.00280	   0.06548	   0.00280	  -0.00172	  -0.01839	   0.06548	  -0.01839	   0.02237
N         	   6.68141	   5.77950	  -2.77110	  -0.03143	   0.00178	   0.07092	   0.00178	   0.00646	  -0.01892	   0.07092	  -0.01892	   0.02497
N         	   9.16477	  -2.92899	  -2.77112	  -0.03139	  -0.00014	  -0.00375	  -0.00014	   0.00259	   0.00054	  -0.00375	   0.00054	   0.02879
N         	   9.16314	   1.42423	  -2.77112	  -0.02633	   0.00121	  -0.00363	   0.00121	  -0.00296	   0.00056	  -0.00363	   0.00056	   0.02930
N         	   9.16587	   5.77769	  -2.77112	  -0.03611	   0.00179	  -0.00398	   0.00179	   0.00431	   0.00056	  -0.00398	   0.00056	   0.03181
N         	 -10.40828	  -5.10753	  -2.77112	  -0.03581	  -0.00000	   0.00000	  -0.00000	   0.00479	  -0.00010	   0.00000	  -0.00010	   0.03102
N         	 -10.40828	  -0.75206	  -2.77112	  -0.02778	  -0.00000	  -0.00000	  -0.00000	  -0.00059	  -0.00009	  -0.00000	  -0.00009	   0.02836
N         	 -10.40828	   3.60037	  -2.77112	  -0.03265	  -0.00000	  -0.00000	  -0.00000	   0.00083	  -0.00007	  -0.00000	  -0.00007	   0.03182
N         	  -7.92355	  -5.10687	  -2.77112	  -0.03538	  -0.00084	  -0.00097	  -0.00084	   0.00434	   0.00025	  -0.00097	   0.00025	   0.03104
N         	  -7.91804	  -0.75107	  -2.77112	  -0.02550	  -0.00104	  -0.00137	  -0.00104	  -0.00240	   0.00024	  -0.00137	   0.00024	   0.02789
N         	  -7.92080	   3.60069	  -2.77112	  -0.03184	  -0.00523	  -0.00110	  -0.00523	  -0.00009	   0.00033	  -0.00110	   0.00033	   0.03193
N         	  -5.43621	  -5.10447	  -2.77012	  -0.02028	  -0.01791	  -0.03232	  -0.01791	   0.00951	   0.11084	  -0.03232	   0.11084	   0.01077
N         	  -5.42283	  -0.74867	  -2.77012	  -0.01167	  -0.01491	  -0.02471	  -0.01491	   0.00155	   0.10256	  -0.02471	   0.10256	   0.01012
N         	  -5.43080	   3.60412	  -2.77012	  -0.01575	  -0.02306	  -0.03016	  -0.02306	   0.00417	   0.10391	  -0.03016	   0.10391	   0.01158
N         	  -3.23632	  -5.09967	  -1.63542	  -0.06222	  -0.02043	  -0.01149	  -0.02043	   0.00967	   0.02128	  -0.01149	   0.02128	   0.05255
N         	  -3.17036	  -0.74489	  -1.71419	  -0.03938	  -0.01422	   0.00605	  -0.01422	  -0.00178	   0.01785	   0.00605	   0.01785	   0.04116
N         	  -3.22246	   3.60990	  -1.64504	  -0.06721	  -0.03117	  -0.00404	  -0.03117	   0.00611	   0.02684	  -0.00404	   0.02684	   0.06109
N         	  -1.24068	  -5.10029	  -0.14378	  -0.02295	   0.02760	   0.01950	   0.02760	   0.00966	  -0.07356	   0.01950	  -0.07356	   0.01329
N         	  -1.24028	   3.62955	  -0.13791	  -0.01331	   0.03605	   0.01979	   0.03605	   0.03387	  -0.08763	   0.01979	  -0.08763	  -0.02057
N         	   1.24068	  -5.10029	  -0.14378	  -0.02295	  -0.02760	  -0.01950	  -0.02760	   0.00966	  -0.07356	  -0.01950	  -0.07356	   0.01328
N         	   1.24028	   3.62955	  -0.13791	  -0.01331	  -0.03605	  -0.01979	  -0.03605	   0.03388	  -0.08763	  -0.01979	  -0.08763	  -0.02057
N         	   3.23633	  -5.09967	  -1.63542	  -0.06222	   0.02043	   0.01149	   0.02043	   0.00967	   0.02128	   0.01149	   0.02128	   0.05255
N         	   3.17036	  -0.74489	  -1.71419	  -0.03938	   0.01422	  -0.00605	   0.01422	  -0.00177	   0.01785	  -0.00605	   0.01785	   0.04115
N         	   3.22246	   3.60990	  -1.64504	  -0.06721	   0.03117	   0.00403	   0.03117	   0.00611	   0.02684	   0.00403	   0.02684	   0.06109
N         	   5.43621	  -5.10447	  -2.77012	  -0.02028	   0.01791	   0.03232	   0.01791	   0.00951	   0.11084	   0.03232	   0.11084	   0.01077
N         	   5.42283	  -0.74867	  -2.77012	  -0.01167	   0.01491	   0.02471	   0.01491	   0.00155	   0.10256	   0.02471	   0.10256	   0.01012
N         	   5.43080	   3.60412	  -2.77012	  -0.01575	   0.02306	   0.03016	   0.02306	   0.00417	   0.10391	   0.03016	   0.10391	   0.01158
N         	   7.92355	  -5.10687	  -2.77112	  -0.03538	   0.00084	   0.00097	   0.00084	   0.00434	   0.00026	   0.00097	   0.00026	   0.03104
N         	   7.91804	  -0.75107	  -2.77112	  -0.02550	   0.00104	   0.00137	   0.00104	  -0.00239	   0.00024	   0.00137	   0.00024	   0.02789
N         	   7.92080	   3.60069	  -2.77112	  -0.03185	   0.00523	   0.00110	   0.00523	  -0.00008	   0.00033	   0.00110	   0.00033	   0.03193
N         	   1.25458	  -0.78342	  -0.16874	   0.31709	  -0.21859	   0.02294	  -0.21859	  -0.14315	  -0.05039	   0.02294	  -0.05039	  -0.17395
N         	  -1.25458	  -0.78342	  -0.16874	   0.31711	   0.21860	  -0.02293	   0.21860	  -0.14315	  -0.05040	  -0.02293	  -0.05040	  -0.17397
N         	  -0.00000	   1.56685	   0.33747	  -0.29822	  -0.00000	  -0.00000	  -0.00000	   0.57368	   0.32747	  -0.00000	   0.32747	  -0.27548
