rxyz(1) =    1H    0.47633   -0.25252   -0.17897
rxyz(1) =   14N   -1.37864   -0.80132   -0.56704
A(1) =    1H   13.96541    5.57765    4.00228    5.57765   -2.25661    5.53507    4.00228    5.53507   -6.47178
A(1) =   14N    1.98820   -0.24006   -0.17235   -0.24006    1.83123   -0.01539   -0.17235   -0.01539    1.80354
Q(1) =    1H    0.11208   -0.12715   -0.08997   -0.12715   -0.03939    0.04731   -0.08997    0.04731   -0.07268
Q(1) =   14N   -0.71739   -0.80870   -0.57222   -0.80870    0.24369   -0.33017   -0.57222   -0.33017    0.47370
