rxyz(1) =    1H    0.47633   -0.25252   -0.17897
rxyz(1) =   14N   -1.37864   -0.80132   -0.56704
Adiag(1) =    1H   17.01421   -1.48941  -10.28777
Adiag(1) =   14N    2.20708    1.58777    1.82811
Qdiag(1) =    1H    0.21965   -0.11347   -0.10619
Qdiag(1) =   14N   -1.40932    0.70082    0.70850
