2109.00000	   0.00000	   0.00000	   0.00000
   1.40788	   2.11606	   7.50000	       11B
   1.40788	   6.37022	   7.50000	       11B
   1.40788	  10.62438	   7.50000	       10B
   4.22365	   2.11606	   7.50000	       10B
   4.22365	   6.37022	   7.50000	       11B
   4.22365	  10.62438	   7.50000	       11B
   7.03941	   2.11606	   7.50000	       11B
   7.03941	   6.37022	   7.50000	       11B
   7.03941	  10.62438	   7.50000	       11B
   9.85518	   2.11606	   7.50000	       11B
   9.85518	   6.37022	   7.50000	       11B
   9.85518	  10.62438	   7.50000	       11B
  12.67095	   2.11606	   7.50000	       10B
  12.67095	   6.37022	   7.50000	       11B
  12.67095	  10.62438	   7.50000	       11B
  15.48671	   2.11606	   7.50000	       11B
  15.48671	   6.37022	   7.50000	       11B
  15.48671	  10.62438	   7.50000	       10B
  18.30248	   2.11606	   7.50000	       10B
  18.30248	   6.37022	   7.50000	       11B
  18.30248	  10.62438	   7.50000	       11B
  21.11824	   2.11606	   7.50000	       11B
  21.11824	   6.37022	   7.50000	       11B
  21.11824	  10.62438	   7.50000	       10B
  23.93401	   2.11606	   7.50000	       11B
  23.93401	   6.37022	   7.50000	       10B
  23.93401	  10.62438	   7.50000	       11B
   0.00000	   4.24314	   7.50000	       11B
   0.00000	   8.49730	   7.50000	       11B
   0.00000	  12.75146	   7.50000	       11B
   2.81577	   4.24314	   7.50000	       10B
   2.81577	   8.49730	   7.50000	       11B
   2.81577	  12.75146	   7.50000	       11B
   5.63153	   4.24314	   7.50000	       11B
   5.63153	   8.49730	   7.50000	       11B
   5.63153	  12.75146	   7.50000	       11B
   8.44730	   4.24314	   7.50000	       11B
   8.44730	   8.49730	   7.50000	       11B
   8.44730	  12.75146	   7.50000	       10B
  11.26306	   4.24314	   7.50000	       10B
  11.26306	   8.49730	   7.50000	       10B
  11.26306	  12.75146	   7.50000	       11B
  14.07883	   4.24314	   7.50000	       11B
  14.07883	   8.49730	   7.50000	       11B
  14.07883	  12.75146	   7.50000	       11B
  16.89459	   4.24314	   7.50000	       10B
  16.89459	   8.49730	   7.50000	       11B
  16.89459	  12.75146	   7.50000	       11B
  19.71036	   4.24314	   7.50000	       11B
  19.71036	   8.49730	   7.50000	       11B
  19.71036	  12.75146	   7.50000	       11B
  22.52613	   4.24314	   7.50000	       11B
  22.52613	   8.49730	   7.50000	       11B
  22.52613	  12.75146	   7.50000	       11B
   1.40788	   3.55856	   7.50000	       14N
   1.40788	   7.81272	   7.50000	       14N
   1.40788	  12.06688	   7.50000	       14N
   4.22365	   3.55856	   7.50000	       14N
   4.22365	   7.81272	   7.50000	       14N
   4.22365	  12.06688	   7.50000	       14N
   7.03941	   3.55856	   7.50000	       14N
   7.03941	   7.81272	   7.50000	       14N
   7.03941	  12.06688	   7.50000	       14N
   9.85518	   3.55856	   7.50000	       14N
   9.85518	   7.81272	   7.50000	       14N
   9.85518	  12.06688	   7.50000	       14N
  12.67095	   3.55856	   7.50000	       14N
  12.67095	   7.81272	   7.50000	       14N
  12.67095	  12.06688	   7.50000	       14N
  15.48671	   3.55856	   7.50000	       14N
  15.48671	   7.81272	   7.50000	       14N
  15.48671	  12.06688	   7.50000	       14N
  18.30248	   3.55856	   7.50000	       14N
  18.30248	   7.81272	   7.50000	       14N
  18.30248	  12.06688	   7.50000	       14N
  21.11824	   3.55856	   7.50000	       14N
  21.11824	   7.81272	   7.50000	       14N
  21.11824	  12.06688	   7.50000	       14N
  23.93401	   3.55856	   7.50000	       14N
  23.93401	   7.81272	   7.50000	       14N
  23.93401	  12.06688	   7.50000	       14N
   0.00000	   1.43148	   7.50000	       14N
   0.00000	   5.68564	   7.50000	       14N
   0.00000	   9.93980	   7.50000	       14N
   2.81577	   1.43148	   7.50000	       14N
   2.81577	   5.68564	   7.50000	       14N
   2.81577	   9.93980	   7.50000	       14N
   5.63153	   1.43148	   7.50000	       14N
   5.63153	   5.68564	   7.50000	       14N
   5.63153	   9.93980	   7.50000	       14N
   8.44730	   1.43148	   7.50000	       14N
   8.44730	   5.68564	   7.50000	       14N
   8.44730	   9.93980	   7.50000	       14N
  11.26306	   1.43148	   7.50000	       14N
  11.26306	   5.68564	   7.50000	       14N
  11.26306	   9.93980	   7.50000	       14N
  14.07883	   1.43148	   7.50000	       14N
  14.07883	   5.68564	   7.50000	       14N
  14.07883	   9.93980	   7.50000	       14N
  16.89459	   1.43148	   7.50000	       15N
  16.89459	   5.68564	   7.50000	       14N
  16.89459	   9.93980	   7.50000	       14N
  19.71036	   1.43148	   7.50000	       14N
  19.71036	   5.68564	   7.50000	       14N
  19.71036	   9.93980	   7.50000	       14N
  22.52613	   1.43148	   7.50000	       14N
  22.52613	   5.68564	   7.50000	       14N
  22.52613	   9.93980	   7.50000	       14N
   1.40788	  14.87854	   7.50000	       10B
   1.40788	  19.13270	   7.50000	       10B
   1.40788	  23.38685	   7.50000	       11B
   4.22365	  14.87854	   7.50000	       11B
   4.22365	  19.13270	   7.50000	       11B
   4.22365	  23.38685	   7.50000	       10B
   7.03941	  14.87854	   7.50000	       11B
   7.03941	  19.13270	   7.50000	       11B
   7.03941	  23.38685	   7.50000	       11B
   9.85518	  14.87854	   7.50000	       11B
   9.85518	  19.13270	   7.50000	       11B
   9.85518	  23.38685	   7.50000	       11B
  12.67095	  14.87854	   7.50000	       10B
  12.67095	  19.13270	   7.50000	       11B
  12.67095	  23.38685	   7.50000	       11B
  15.48671	  14.87854	   7.50000	       11B
  15.48671	  19.13270	   7.50000	       11B
  15.48671	  23.38685	   7.50000	       11B
  18.30248	  14.87854	   7.50000	       11B
  18.30248	  19.13270	   7.50000	       11B
  18.30248	  23.38685	   7.50000	       11B
  21.11824	  14.87854	   7.50000	       11B
  21.11824	  19.13270	   7.50000	       11B
  21.11824	  23.38685	   7.50000	       11B
  23.93401	  14.87854	   7.50000	       11B
  23.93401	  19.13270	   7.50000	       11B
  23.93401	  23.38685	   7.50000	       11B
   0.00000	  17.00561	   7.50000	       11B
   0.00000	  21.25977	   7.50000	       11B
   0.00000	  25.51393	   7.50000	       11B
   2.81577	  17.00561	   7.50000	       10B
   2.81577	  21.25977	   7.50000	       11B
   2.81577	  25.51393	   7.50000	       11B
   5.63153	  17.00561	   7.50000	       11B
   5.63153	  21.25977	   7.50000	       11B
   5.63153	  25.51393	   7.50000	       11B
   8.44730	  17.00561	   7.50000	       11B
   8.44730	  21.25977	   7.50000	       11B
   8.44730	  25.51393	   7.50000	       11B
  11.26306	  17.00561	   7.50000	       10B
  11.26306	  21.25977	   7.50000	       11B
  11.26306	  25.51393	   7.50000	       11B
  14.07883	  17.00561	   7.50000	       11B
  14.07883	  21.25977	   7.50000	       10B
  14.07883	  25.51393	   7.50000	       11B
  16.89459	  17.00561	   7.50000	       11B
  16.89459	  21.25977	   7.50000	       11B
  16.89459	  25.51393	   7.50000	       11B
  19.71036	  17.00561	   7.50000	       11B
  19.71036	  21.25977	   7.50000	       11B
  19.71036	  25.51393	   7.50000	       10B
  22.52613	  17.00561	   7.50000	       11B
  22.52613	  21.25977	   7.50000	       10B
  22.52613	  25.51393	   7.50000	       11B
   1.40788	  16.32104	   7.50000	       14N
   1.40788	  20.57520	   7.50000	       14N
   1.40788	  24.82935	   7.50000	       14N
   4.22365	  16.32104	   7.50000	       14N
   4.22365	  20.57520	   7.50000	       14N
   4.22365	  24.82935	   7.50000	       14N
   7.03941	  16.32104	   7.50000	       14N
   7.03941	  20.57520	   7.50000	       14N
   7.03941	  24.82935	   7.50000	       14N
   9.85518	  16.32104	   7.50000	       14N
   9.85518	  20.57520	   7.50000	       14N
   9.85518	  24.82935	   7.50000	       14N
  12.67095	  16.32104	   7.50000	       14N
  12.67095	  20.57520	   7.50000	       14N
  12.67095	  24.82935	   7.50000	       14N
  15.48671	  16.32104	   7.50000	       14N
  15.48671	  20.57520	   7.50000	       14N
  15.48671	  24.82935	   7.50000	       14N
  18.30248	  16.32104	   7.50000	       14N
  18.30248	  20.57520	   7.50000	       14N
  18.30248	  24.82935	   7.50000	       14N
  21.11824	  16.32104	   7.50000	       14N
  21.11824	  20.57520	   7.50000	       14N
  21.11824	  24.82935	   7.50000	       14N
  23.93401	  16.32104	   7.50000	       14N
  23.93401	  20.57520	   7.50000	       14N
  23.93401	  24.82935	   7.50000	       14N
   0.00000	  14.19395	   7.50000	       14N
   0.00000	  18.44811	   7.50000	       14N
   0.00000	  22.70227	   7.50000	       14N
   2.81577	  14.19395	   7.50000	       14N
   2.81577	  18.44811	   7.50000	       14N
   2.81577	  22.70227	   7.50000	       14N
   5.63153	  14.19395	   7.50000	       14N
   5.63153	  18.44811	   7.50000	       14N
   5.63153	  22.70227	   7.50000	       14N
   8.44730	  14.19395	   7.50000	       14N
   8.44730	  18.44811	   7.50000	       14N
   8.44730	  22.70227	   7.50000	       14N
  11.26306	  14.19395	   7.50000	       14N
  11.26306	  18.44811	   7.50000	       14N
  11.26306	  22.70227	   7.50000	       14N
  14.07883	  14.19395	   7.50000	       14N
  14.07883	  18.44811	   7.50000	       14N
  14.07883	  22.70227	   7.50000	       14N
  16.89459	  14.19395	   7.50000	       14N
  16.89459	  18.44811	   7.50000	       14N
  16.89459	  22.70227	   7.50000	       14N
  19.71036	  14.19395	   7.50000	       14N
  19.71036	  18.44811	   7.50000	       14N
  19.71036	  22.70227	   7.50000	       14N
  22.52613	  14.19395	   7.50000	       14N
  22.52613	  18.44811	   7.50000	       14N
  22.52613	  22.70227	   7.50000	       14N
   1.40788	  27.64101	   7.50000	       11B
   1.40788	  31.89517	   7.50000	       11B
   1.40788	  36.14933	   7.50000	       11B
   4.22365	  27.64101	   7.50000	       11B
   4.22365	  31.89517	   7.50000	       11B
   4.22365	  36.14933	   7.50000	       10B
   7.03941	  27.64101	   7.50000	       11B
   7.03941	  31.89517	   7.50000	       11B
   7.03941	  36.14933	   7.50000	       11B
   9.85518	  27.64101	   7.50000	       11B
   9.85518	  31.89517	   7.50000	       11B
   9.85518	  36.14933	   7.50000	       11B
  12.67095	  27.64101	   7.50000	       11B
  12.67095	  31.89517	   7.50000	       11B
  12.67095	  36.14933	   7.50000	       11B
  15.48671	  27.64101	   7.50000	       11B
  15.48671	  31.89517	   7.50000	       10B
  15.48671	  36.14933	   7.50000	       11B
  18.30248	  27.64101	   7.50000	       11B
  18.30248	  31.89517	   7.50000	       10B
  18.30248	  36.14933	   7.50000	       11B
  21.11824	  27.64101	   7.50000	       11B
  21.11824	  31.89517	   7.50000	       10B
  21.11824	  36.14933	   7.50000	       11B
  23.93401	  27.64101	   7.50000	       11B
  23.93401	  31.89517	   7.50000	       11B
  23.93401	  36.14933	   7.50000	       10B
   0.00000	  29.76809	   7.50000	       11B
   0.00000	  34.02225	   7.50000	       11B
   0.00000	  38.27641	   7.50000	       10B
   2.81577	  29.76809	   7.50000	       11B
   2.81577	  34.02225	   7.50000	       11B
   2.81577	  38.27641	   7.50000	       11B
   5.63153	  29.76809	   7.50000	       11B
   5.63153	  34.02225	   7.50000	       10B
   5.63153	  38.27641	   7.50000	       11B
   8.44730	  29.76809	   7.50000	       11B
   8.44730	  34.02225	   7.50000	       11B
   8.44730	  38.27641	   7.50000	       10B
  11.26306	  29.76809	   7.50000	       11B
  11.26306	  34.02225	   7.50000	       11B
  11.26306	  38.27641	   7.50000	       11B
  14.07883	  29.76809	   7.50000	       11B
  14.07883	  34.02225	   7.50000	       11B
  14.07883	  38.27641	   7.50000	       11B
  16.89459	  29.76809	   7.50000	       11B
  16.89459	  34.02225	   7.50000	       11B
  16.89459	  38.27641	   7.50000	       11B
  19.71036	  29.76809	   7.50000	       11B
  19.71036	  34.02225	   7.50000	       11B
  19.71036	  38.27641	   7.50000	       11B
  22.52613	  29.76809	   7.50000	       11B
  22.52613	  34.02225	   7.50000	       10B
  22.52613	  38.27641	   7.50000	       11B
   1.40788	  29.08351	   7.50000	       14N
   1.40788	  33.33767	   7.50000	       14N
   1.40788	  37.59183	   7.50000	       14N
   4.22365	  29.08351	   7.50000	       14N
   4.22365	  33.33767	   7.50000	       14N
   4.22365	  37.59183	   7.50000	       14N
   7.03941	  29.08351	   7.50000	       14N
   7.03941	  33.33767	   7.50000	       14N
   7.03941	  37.59183	   7.50000	       14N
   9.85518	  29.08351	   7.50000	       14N
   9.85518	  33.33767	   7.50000	       15N
   9.85518	  37.59183	   7.50000	       14N
  12.67095	  29.08351	   7.50000	       14N
  12.67095	  33.33767	   7.50000	       14N
  12.67095	  37.59183	   7.50000	       14N
  15.48671	  29.08351	   7.50000	       14N
  15.48671	  33.33767	   7.50000	       14N
  15.48671	  37.59183	   7.50000	       14N
  18.30248	  29.08351	   7.50000	       14N
  18.30248	  33.33767	   7.50000	       14N
  18.30248	  37.59183	   7.50000	       14N
  21.11824	  29.08351	   7.50000	       14N
  21.11824	  33.33767	   7.50000	       14N
  21.11824	  37.59183	   7.50000	       14N
  23.93401	  29.08351	   7.50000	       14N
  23.93401	  33.33767	   7.50000	       14N
  23.93401	  37.59183	   7.50000	       14N
   0.00000	  26.95643	   7.50000	       14N
   0.00000	  31.21059	   7.50000	       14N
   0.00000	  35.46475	   7.50000	       14N
   2.81577	  26.95643	   7.50000	       14N
   2.81577	  31.21059	   7.50000	       14N
   2.81577	  35.46475	   7.50000	       14N
   5.63153	  26.95643	   7.50000	       14N
   5.63153	  31.21059	   7.50000	       14N
   5.63153	  35.46475	   7.50000	       14N
   8.44730	  26.95643	   7.50000	       14N
   8.44730	  31.21059	   7.50000	       14N
   8.44730	  35.46475	   7.50000	       14N
  11.26306	  26.95643	   7.50000	       14N
  11.26306	  31.21059	   7.50000	       14N
  11.26306	  35.46475	   7.50000	       14N
  14.07883	  26.95643	   7.50000	       14N
  14.07883	  31.21059	   7.50000	       14N
  14.07883	  35.46475	   7.50000	       14N
  16.89459	  26.95643	   7.50000	       14N
  16.89459	  31.21059	   7.50000	       14N
  16.89459	  35.46475	   7.50000	       14N
  19.71036	  26.95643	   7.50000	       14N
  19.71036	  31.21059	   7.50000	       14N
  19.71036	  35.46475	   7.50000	       14N
  22.52613	  26.95643	   7.50000	       14N
  22.52613	  31.21059	   7.50000	       14N
  22.52613	  35.46475	   7.50000	       14N
   1.40788	  40.40349	   7.50000	       11B
   1.40788	  44.65765	   7.50000	       11B
   1.40788	  48.91181	   7.50000	       11B
   4.22365	  40.40349	   7.50000	       11B
   4.22365	  44.65765	   7.50000	       11B
   4.22365	  48.91181	   7.50000	       11B
   7.03941	  40.40349	   7.50000	       11B
   7.03941	  44.65765	   7.50000	       11B
   7.03941	  48.91181	   7.50000	       11B
   9.85518	  40.40349	   7.50000	       11B
   9.85518	  44.65765	   7.50000	       11B
   9.85518	  48.91181	   7.50000	       11B
  12.67095	  40.40349	   7.50000	       10B
  12.67095	  44.65765	   7.50000	       11B
  12.67095	  48.91181	   7.50000	       11B
  15.48671	  40.40349	   7.50000	       10B
  15.48671	  44.65765	   7.50000	       11B
  15.48671	  48.91181	   7.50000	       11B
  18.30248	  40.40349	   7.50000	       11B
  18.30248	  44.65765	   7.50000	       10B
  18.30248	  48.91181	   7.50000	       11B
  21.11824	  40.40349	   7.50000	       11B
  21.11824	  44.65765	   7.50000	       10B
  21.11824	  48.91181	   7.50000	       11B
  23.93401	  40.40349	   7.50000	       11B
  23.93401	  44.65765	   7.50000	       11B
  23.93401	  48.91181	   7.50000	       11B
   0.00000	  42.53056	   7.50000	       11B
   0.00000	  46.78472	   7.50000	       11B
   0.00000	  51.03888	   7.50000	       11B
   2.81577	  42.53056	   7.50000	       10B
   2.81577	  46.78472	   7.50000	       11B
   2.81577	  51.03888	   7.50000	       11B
   5.63153	  42.53056	   7.50000	       11B
   5.63153	  46.78472	   7.50000	       11B
   5.63153	  51.03888	   7.50000	       11B
   8.44730	  42.53056	   7.50000	       11B
   8.44730	  46.78472	   7.50000	       11B
   8.44730	  51.03888	   7.50000	       10B
  11.26306	  42.53056	   7.50000	       11B
  11.26306	  46.78472	   7.50000	       11B
  11.26306	  51.03888	   7.50000	       11B
  14.07883	  42.53056	   7.50000	       11B
  14.07883	  46.78472	   7.50000	       11B
  14.07883	  51.03888	   7.50000	       11B
  16.89459	  42.53056	   7.50000	       10B
  16.89459	  46.78472	   7.50000	       11B
  16.89459	  51.03888	   7.50000	       11B
  19.71036	  42.53056	   7.50000	       11B
  19.71036	  46.78472	   7.50000	       11B
  19.71036	  51.03888	   7.50000	       11B
  22.52613	  42.53056	   7.50000	       11B
  22.52613	  46.78472	   7.50000	       11B
  22.52613	  51.03888	   7.50000	       11B
   1.40788	  41.84599	   7.50000	       14N
   1.40788	  46.10015	   7.50000	       14N
   1.40788	  50.35430	   7.50000	       14N
   4.22365	  41.84599	   7.50000	       14N
   4.22365	  46.10015	   7.50000	       14N
   4.22365	  50.35430	   7.50000	       14N
   7.03941	  41.84599	   7.50000	       14N
   7.03941	  46.10015	   7.50000	       14N
   7.03941	  50.35430	   7.50000	       14N
   9.85518	  41.84599	   7.50000	       14N
   9.85518	  46.10015	   7.50000	       14N
   9.85518	  50.35430	   7.50000	       14N
  12.67095	  41.84599	   7.50000	       14N
  12.67095	  46.10015	   7.50000	       14N
  12.67095	  50.35430	   7.50000	       14N
  15.48671	  41.84599	   7.50000	       14N
  15.48671	  46.10015	   7.50000	       14N
  15.48671	  50.35430	   7.50000	       14N
  18.30248	  41.84599	   7.50000	       14N
  18.30248	  46.10015	   7.50000	       14N
  18.30248	  50.35430	   7.50000	       14N
  21.11824	  41.84599	   7.50000	       14N
  21.11824	  46.10015	   7.50000	       14N
  21.11824	  50.35430	   7.50000	       14N
  23.93401	  41.84599	   7.50000	       14N
  23.93401	  46.10015	   7.50000	       14N
  23.93401	  50.35430	   7.50000	       14N
   0.00000	  39.71891	   7.50000	       14N
   0.00000	  43.97306	   7.50000	       14N
   0.00000	  48.22722	   7.50000	       14N
   2.81577	  39.71891	   7.50000	       14N
   2.81577	  43.97306	   7.50000	       14N
   2.81577	  48.22722	   7.50000	       14N
   5.63153	  39.71891	   7.50000	       14N
   5.63153	  43.97306	   7.50000	       14N
   5.63153	  48.22722	   7.50000	       14N
   8.44730	  39.71891	   7.50000	       14N
   8.44730	  43.97306	   7.50000	       14N
   8.44730	  48.22722	   7.50000	       14N
  11.26306	  39.71891	   7.50000	       14N
  11.26306	  43.97306	   7.50000	       14N
  11.26306	  48.22722	   7.50000	       14N
  14.07883	  39.71891	   7.50000	       14N
  14.07883	  43.97306	   7.50000	       14N
  14.07883	  48.22722	   7.50000	       14N
  16.89459	  39.71891	   7.50000	       14N
  16.89459	  43.97306	   7.50000	       14N
  16.89459	  48.22722	   7.50000	       14N
  19.71036	  39.71891	   7.50000	       14N
  19.71036	  43.97306	   7.50000	       14N
  19.71036	  48.22722	   7.50000	       14N
  22.52613	  39.71891	   7.50000	       14N
  22.52613	  43.97306	   7.50000	       14N
  22.52613	  48.22722	   7.50000	       14N
   1.40788	  53.16596	   7.50000	       11B
   1.40788	  57.42012	   7.50000	       11B
   1.40788	  61.67428	   7.50000	       10B
   4.22365	  53.16596	   7.50000	       11B
   4.22365	  57.42012	   7.50000	       11B
   4.22365	  61.67428	   7.50000	       10B
   7.03941	  53.16596	   7.50000	       11B
   7.03941	  57.42012	   7.50000	       11B
   7.03941	  61.67428	   7.50000	       10B
   9.85518	  53.16596	   7.50000	       11B
   9.85518	  57.42012	   7.50000	       11B
   9.85518	  61.67428	   7.50000	       11B
  12.67095	  53.16596	   7.50000	       11B
  12.67095	  57.42012	   7.50000	       11B
  12.67095	  61.67428	   7.50000	       11B
  15.48671	  53.16596	   7.50000	       11B
  15.48671	  57.42012	   7.50000	       11B
  15.48671	  61.67428	   7.50000	       11B
  18.30248	  53.16596	   7.50000	       11B
  18.30248	  57.42012	   7.50000	       11B
  18.30248	  61.67428	   7.50000	       11B
  21.11824	  53.16596	   7.50000	       11B
  21.11824	  57.42012	   7.50000	       11B
  21.11824	  61.67428	   7.50000	       11B
  23.93401	  53.16596	   7.50000	       11B
  23.93401	  57.42012	   7.50000	       11B
  23.93401	  61.67428	   7.50000	       11B
   0.00000	  55.29304	   7.50000	       11B
   0.00000	  59.54720	   7.50000	       11B
   0.00000	  63.80136	   7.50000	       11B
   2.81577	  55.29304	   7.50000	       11B
   2.81577	  59.54720	   7.50000	       11B
   2.81577	  63.80136	   7.50000	       11B
   5.63153	  55.29304	   7.50000	       11B
   5.63153	  59.54720	   7.50000	       11B
   5.63153	  63.80136	   7.50000	       11B
   8.44730	  55.29304	   7.50000	       11B
   8.44730	  59.54720	   7.50000	       11B
   8.44730	  63.80136	   7.50000	       11B
  11.26306	  55.29304	   7.50000	       10B
  11.26306	  59.54720	   7.50000	       10B
  11.26306	  63.80136	   7.50000	       11B
  14.07883	  55.29304	   7.50000	       11B
  14.07883	  59.54720	   7.50000	       11B
  14.07883	  63.80136	   7.50000	       11B
  16.89459	  55.29304	   7.50000	       10B
  16.89459	  59.54720	   7.50000	       11B
  16.89459	  63.80136	   7.50000	       10B
  19.71036	  55.29304	   7.50000	       10B
  19.71036	  59.54720	   7.50000	       11B
  19.71036	  63.80136	   7.50000	       10B
  22.52613	  55.29304	   7.50000	       11B
  22.52613	  59.54720	   7.50000	       11B
  22.52613	  63.80136	   7.50000	       11B
   1.40788	  54.60846	   7.50000	       14N
   1.40788	  58.86262	   7.50000	       14N
   1.40788	  63.11678	   7.50000	       14N
   4.22365	  54.60846	   7.50000	       14N
   4.22365	  58.86262	   7.50000	       14N
   4.22365	  63.11678	   7.50000	       14N
   7.03941	  54.60846	   7.50000	       14N
   7.03941	  58.86262	   7.50000	       14N
   7.03941	  63.11678	   7.50000	       14N
   9.85518	  54.60846	   7.50000	       14N
   9.85518	  58.86262	   7.50000	       14N
   9.85518	  63.11678	   7.50000	       14N
  12.67095	  54.60846	   7.50000	       14N
  12.67095	  58.86262	   7.50000	       14N
  12.67095	  63.11678	   7.50000	       14N
  15.48671	  54.60846	   7.50000	       14N
  15.48671	  58.86262	   7.50000	       14N
  15.48671	  63.11678	   7.50000	       14N
  18.30248	  54.60846	   7.50000	       14N
  18.30248	  58.86262	   7.50000	       14N
  18.30248	  63.11678	   7.50000	       14N
  21.11824	  54.60846	   7.50000	       14N
  21.11824	  58.86262	   7.50000	       14N
  21.11824	  63.11678	   7.50000	       14N
  23.93401	  54.60846	   7.50000	       14N
  23.93401	  58.86262	   7.50000	       14N
  23.93401	  63.11678	   7.50000	       14N
   0.00000	  52.48138	   7.50000	       14N
   0.00000	  56.73554	   7.50000	       14N
   0.00000	  60.98970	   7.50000	       14N
   2.81577	  52.48138	   7.50000	       14N
   2.81577	  56.73554	   7.50000	       14N
   2.81577	  60.98970	   7.50000	       14N
   5.63153	  52.48138	   7.50000	       14N
   5.63153	  56.73554	   7.50000	       14N
   5.63153	  60.98970	   7.50000	       14N
   8.44730	  52.48138	   7.50000	       14N
   8.44730	  56.73554	   7.50000	       14N
   8.44730	  60.98970	   7.50000	       14N
  11.26306	  52.48138	   7.50000	       14N
  11.26306	  56.73554	   7.50000	       14N
  11.26306	  60.98970	   7.50000	       14N
  14.07883	  52.48138	   7.50000	       14N
  14.07883	  56.73554	   7.50000	       14N
  14.07883	  60.98970	   7.50000	       14N
  16.89459	  52.48138	   7.50000	       14N
  16.89459	  56.73554	   7.50000	       14N
  16.89459	  60.98970	   7.50000	       14N
  19.71036	  52.48138	   7.50000	       14N
  19.71036	  56.73554	   7.50000	       14N
  19.71036	  60.98970	   7.50000	       14N
  22.52613	  52.48138	   7.50000	       14N
  22.52613	  56.73554	   7.50000	       14N
  22.52613	  60.98970	   7.50000	       14N
   1.40788	  65.92844	   7.50000	       11B
   1.40788	  70.18260	   7.50000	       11B
   1.40788	  74.43676	   7.50000	       10B
   4.22365	  65.92844	   7.50000	       11B
   4.22365	  70.18260	   7.50000	       11B
   4.22365	  74.43676	   7.50000	       11B
   7.03941	  65.92844	   7.50000	       11B
   7.03941	  70.18260	   7.50000	       10B
   7.03941	  74.43676	   7.50000	       11B
   9.85518	  65.92844	   7.50000	       11B
   9.85518	  70.18260	   7.50000	       11B
   9.85518	  74.43676	   7.50000	       11B
  12.67095	  65.92844	   7.50000	       11B
  12.67095	  70.18260	   7.50000	       10B
  12.67095	  74.43676	   7.50000	       11B
  15.48671	  65.92844	   7.50000	       11B
  15.48671	  70.18260	   7.50000	       11B
  15.48671	  74.43676	   7.50000	       11B
  18.30248	  65.92844	   7.50000	       11B
  18.30248	  70.18260	   7.50000	       11B
  18.30248	  74.43676	   7.50000	       11B
  21.11824	  65.92844	   7.50000	       11B
  21.11824	  70.18260	   7.50000	       11B
  21.11824	  74.43676	   7.50000	       11B
  23.93401	  65.92844	   7.50000	       11B
  23.93401	  70.18260	   7.50000	       10B
  23.93401	  74.43676	   7.50000	       10B
   0.00000	  68.05551	   7.50000	       11B
   0.00000	  72.30967	   7.50000	       11B
   0.00000	  76.56383	   7.50000	       11B
   2.81577	  68.05551	   7.50000	       11B
   2.81577	  72.30967	   7.50000	       11B
   2.81577	  76.56383	   7.50000	       11B
   5.63153	  68.05551	   7.50000	       11B
   5.63153	  72.30967	   7.50000	       11B
   5.63153	  76.56383	   7.50000	       11B
   8.44730	  68.05551	   7.50000	       11B
   8.44730	  72.30967	   7.50000	       11B
   8.44730	  76.56383	   7.50000	       11B
  11.26306	  68.05551	   7.50000	       11B
  11.26306	  72.30967	   7.50000	       11B
  11.26306	  76.56383	   7.50000	       10B
  14.07883	  68.05551	   7.50000	       11B
  14.07883	  72.30967	   7.50000	       10B
  14.07883	  76.56383	   7.50000	       11B
  16.89459	  68.05551	   7.50000	       11B
  16.89459	  72.30967	   7.50000	       11B
  16.89459	  76.56383	   7.50000	       11B
  19.71036	  68.05551	   7.50000	       11B
  19.71036	  72.30967	   7.50000	       11B
  19.71036	  76.56383	   7.50000	       10B
  22.52613	  68.05551	   7.50000	       11B
  22.52613	  72.30967	   7.50000	       11B
  22.52613	  76.56383	   7.50000	       11B
   1.40788	  67.37094	   7.50000	       14N
   1.40788	  71.62510	   7.50000	       14N
   1.40788	  75.87926	   7.50000	       14N
   4.22365	  67.37094	   7.50000	       14N
   4.22365	  71.62510	   7.50000	       14N
   4.22365	  75.87926	   7.50000	       14N
   7.03941	  67.37094	   7.50000	       14N
   7.03941	  71.62510	   7.50000	       14N
   7.03941	  75.87926	   7.50000	       14N
   9.85518	  67.37094	   7.50000	       14N
   9.85518	  71.62510	   7.50000	       14N
   9.85518	  75.87926	   7.50000	       14N
  12.67095	  67.37094	   7.50000	       14N
  12.67095	  71.62510	   7.50000	       14N
  12.67095	  75.87926	   7.50000	       14N
  15.48671	  67.37094	   7.50000	       14N
  15.48671	  71.62510	   7.50000	       14N
  15.48671	  75.87926	   7.50000	       14N
  18.30248	  67.37094	   7.50000	       14N
  18.30248	  71.62510	   7.50000	       14N
  18.30248	  75.87926	   7.50000	       14N
  21.11824	  67.37094	   7.50000	       14N
  21.11824	  71.62510	   7.50000	       14N
  21.11824	  75.87926	   7.50000	       14N
  23.93401	  67.37094	   7.50000	       14N
  23.93401	  71.62510	   7.50000	       14N
  23.93401	  75.87926	   7.50000	       14N
   0.00000	  65.24386	   7.50000	       14N
   0.00000	  69.49801	   7.50000	       14N
   0.00000	  73.75217	   7.50000	       14N
   2.81577	  65.24386	   7.50000	       14N
   2.81577	  69.49801	   7.50000	       14N
   2.81577	  73.75217	   7.50000	       14N
   5.63153	  65.24386	   7.50000	       14N
   5.63153	  69.49801	   7.50000	       14N
   5.63153	  73.75217	   7.50000	       14N
   8.44730	  65.24386	   7.50000	       14N
   8.44730	  69.49801	   7.50000	       14N
   8.44730	  73.75217	   7.50000	       14N
  11.26306	  65.24386	   7.50000	       14N
  11.26306	  69.49801	   7.50000	       14N
  11.26306	  73.75217	   7.50000	       14N
  14.07883	  65.24386	   7.50000	       14N
  14.07883	  69.49801	   7.50000	       14N
  14.07883	  73.75217	   7.50000	       14N
  16.89459	  65.24386	   7.50000	       14N
  16.89459	  69.49801	   7.50000	       14N
  16.89459	  73.75217	   7.50000	       14N
  19.71036	  65.24386	   7.50000	       14N
  19.71036	  69.49801	   7.50000	       14N
  19.71036	  73.75217	   7.50000	       14N
  22.52613	  65.24386	   7.50000	       14N
  22.52613	  69.49801	   7.50000	       14N
  22.52613	  73.75217	   7.50000	       14N
   1.40788	  78.69091	   7.50000	       11B
   4.22365	  78.69091	   7.50000	       10B
   7.03941	  78.69091	   7.50000	       10B
   9.85518	  78.69091	   7.50000	       11B
  12.67095	  78.69091	   7.50000	       11B
  15.48671	  78.69091	   7.50000	       11B
  18.30248	  78.69091	   7.50000	       11B
  21.11824	  78.69091	   7.50000	       11B
  23.93401	  78.69091	   7.50000	       11B
   0.00000	  78.00633	   7.50000	       14N
   2.81577	  78.00633	   7.50000	       14N
   5.63153	  78.00633	   7.50000	       14N
   8.44730	  78.00633	   7.50000	       14N
  11.26306	  78.00633	   7.50000	       14N
  14.07883	  78.00633	   7.50000	       14N
  16.89459	  78.00633	   7.50000	       14N
  19.71036	  78.00633	   7.50000	       14N
  22.52613	  78.00633	   7.50000	       14N
  26.74978	   2.11606	   7.50000	       10B
  26.74978	   6.37022	   7.50000	       11B
  26.74978	  10.62438	   7.50000	       11B
  29.56554	   2.11606	   7.50000	       11B
  29.56554	   6.37022	   7.50000	       10B
  29.56554	  10.62438	   7.50000	       11B
  32.38131	   2.11606	   7.50000	       11B
  32.38131	   6.37022	   7.50000	       11B
  32.38131	  10.62438	   7.50000	       11B
  35.19707	   2.11606	   7.50000	       11B
  35.19707	   6.37022	   7.50000	       11B
  35.19707	  10.62438	   7.50000	       11B
  38.01284	   2.11606	   7.50000	       11B
  38.01284	   6.37022	   7.50000	       11B
  38.01284	  10.62438	   7.50000	       11B
  40.82860	   2.11606	   7.50000	       11B
  40.82860	   6.37022	   7.50000	       11B
  40.82860	  10.62438	   7.50000	       11B
  43.64437	   2.11606	   7.50000	       11B
  43.64437	   6.37022	   7.50000	       11B
  43.64437	  10.62438	   7.50000	       11B
  46.46014	   2.11606	   7.50000	       10B
  46.46014	   6.37022	   7.50000	       11B
  46.46014	  10.62438	   7.50000	       11B
  49.27590	   2.11606	   7.50000	       11B
  49.27590	   6.37022	   7.50000	       11B
  49.27590	  10.62438	   7.50000	       11B
  25.34189	   4.24314	   7.50000	       11B
  25.34189	   8.49730	   7.50000	       11B
  25.34189	  12.75146	   7.50000	       11B
  28.15766	   4.24314	   7.50000	       10B
  28.15766	   8.49730	   7.50000	       11B
  28.15766	  12.75146	   7.50000	       10B
  30.97342	   4.24314	   7.50000	       11B
  30.97342	   8.49730	   7.50000	       11B
  30.97342	  12.75146	   7.50000	       11B
  33.78919	   4.24314	   7.50000	       11B
  33.78919	   8.49730	   7.50000	       10B
  33.78919	  12.75146	   7.50000	       11B
  36.60496	   4.24314	   7.50000	       11B
  36.60496	   8.49730	   7.50000	       11B
  36.60496	  12.75146	   7.50000	       10B
  39.42072	   4.24314	   7.50000	       10B
  39.42072	   8.49730	   7.50000	       11B
  39.42072	  12.75146	   7.50000	       10B
  42.23649	   4.24314	   7.50000	       10B
  42.23649	   8.49730	   7.50000	       11B
  42.23649	  12.75146	   7.50000	       11B
  45.05225	   4.24314	   7.50000	       11B
  45.05225	   8.49730	   7.50000	       11B
  45.05225	  12.75146	   7.50000	       11B
  47.86802	   4.24314	   7.50000	       11B
  47.86802	   8.49730	   7.50000	       11B
  47.86802	  12.75146	   7.50000	       11B
  26.74978	   3.55856	   7.50000	       14N
  26.74978	   7.81272	   7.50000	       14N
  26.74978	  12.06688	   7.50000	       14N
  29.56554	   3.55856	   7.50000	       14N
  29.56554	   7.81272	   7.50000	       14N
  29.56554	  12.06688	   7.50000	       14N
  32.38131	   3.55856	   7.50000	       14N
  32.38131	   7.81272	   7.50000	       14N
  32.38131	  12.06688	   7.50000	       14N
  35.19707	   3.55856	   7.50000	       14N
  35.19707	   7.81272	   7.50000	       14N
  35.19707	  12.06688	   7.50000	       14N
  38.01284	   3.55856	   7.50000	       14N
  38.01284	   7.81272	   7.50000	       14N
  38.01284	  12.06688	   7.50000	       14N
  40.82860	   3.55856	   7.50000	       14N
  40.82860	   7.81272	   7.50000	       14N
  40.82860	  12.06688	   7.50000	       14N
  43.64437	   3.55856	   7.50000	       14N
  43.64437	   7.81272	   7.50000	       14N
  43.64437	  12.06688	   7.50000	       14N
  46.46014	   3.55856	   7.50000	       14N
  46.46014	   7.81272	   7.50000	       14N
  46.46014	  12.06688	   7.50000	       14N
  49.27590	   3.55856	   7.50000	       14N
  49.27590	   7.81272	   7.50000	       14N
  49.27590	  12.06688	   7.50000	       14N
  25.34189	   1.43148	   7.50000	       14N
  25.34189	   5.68564	   7.50000	       14N
  25.34189	   9.93980	   7.50000	       14N
  28.15766	   1.43148	   7.50000	       14N
  28.15766	   5.68564	   7.50000	       14N
  28.15766	   9.93980	   7.50000	       14N
  30.97342	   1.43148	   7.50000	       14N
  30.97342	   5.68564	   7.50000	       14N
  30.97342	   9.93980	   7.50000	       14N
  33.78919	   1.43148	   7.50000	       14N
  33.78919	   5.68564	   7.50000	       14N
  33.78919	   9.93980	   7.50000	       14N
  36.60496	   1.43148	   7.50000	       14N
  36.60496	   5.68564	   7.50000	       14N
  36.60496	   9.93980	   7.50000	       14N
  39.42072	   1.43148	   7.50000	       14N
  39.42072	   5.68564	   7.50000	       14N
  39.42072	   9.93980	   7.50000	       14N
  42.23649	   1.43148	   7.50000	       14N
  42.23649	   5.68564	   7.50000	       14N
  42.23649	   9.93980	   7.50000	       14N
  45.05225	   1.43148	   7.50000	       14N
  45.05225	   5.68564	   7.50000	       14N
  45.05225	   9.93980	   7.50000	       14N
  47.86802	   1.43148	   7.50000	       14N
  47.86802	   5.68564	   7.50000	       14N
  47.86802	   9.93980	   7.50000	       14N
  26.74978	  14.87854	   7.50000	       11B
  26.74978	  19.13270	   7.50000	       11B
  26.74978	  23.38685	   7.50000	       11B
  29.56554	  14.87854	   7.50000	       11B
  29.56554	  19.13270	   7.50000	       10B
  29.56554	  23.38685	   7.50000	       11B
  32.38131	  14.87854	   7.50000	       11B
  32.38131	  19.13270	   7.50000	       11B
  32.38131	  23.38685	   7.50000	       11B
  35.19707	  14.87854	   7.50000	       11B
  35.19707	  19.13270	   7.50000	       10B
  35.19707	  23.38685	   7.50000	       11B
  38.01284	  14.87854	   7.50000	       11B
  38.01284	  19.13270	   7.50000	       11B
  38.01284	  23.38685	   7.50000	       11B
  40.82860	  14.87854	   7.50000	       11B
  40.82860	  19.13270	   7.50000	       11B
  40.82860	  23.38685	   7.50000	       10B
  43.64437	  14.87854	   7.50000	       11B
  43.64437	  19.13270	   7.50000	       11B
  43.64437	  23.38685	   7.50000	       11B
  46.46014	  14.87854	   7.50000	       11B
  46.46014	  19.13270	   7.50000	       11B
  46.46014	  23.38685	   7.50000	       11B
  49.27590	  14.87854	   7.50000	       11B
  49.27590	  19.13270	   7.50000	       11B
  49.27590	  23.38685	   7.50000	       11B
  25.34189	  17.00561	   7.50000	       11B
  25.34189	  21.25977	   7.50000	       10B
  25.34189	  25.51393	   7.50000	       11B
  28.15766	  17.00561	   7.50000	       10B
  28.15766	  21.25977	   7.50000	       11B
  28.15766	  25.51393	   7.50000	       11B
  30.97342	  17.00561	   7.50000	       10B
  30.97342	  21.25977	   7.50000	       11B
  30.97342	  25.51393	   7.50000	       11B
  33.78919	  17.00561	   7.50000	       11B
  33.78919	  21.25977	   7.50000	       10B
  33.78919	  25.51393	   7.50000	       10B
  36.60496	  17.00561	   7.50000	       10B
  36.60496	  21.25977	   7.50000	       11B
  36.60496	  25.51393	   7.50000	       11B
  39.42072	  17.00561	   7.50000	       11B
  39.42072	  21.25977	   7.50000	       11B
  39.42072	  25.51393	   7.50000	       10B
  42.23649	  17.00561	   7.50000	       11B
  42.23649	  21.25977	   7.50000	       11B
  42.23649	  25.51393	   7.50000	       11B
  45.05225	  17.00561	   7.50000	       10B
  45.05225	  21.25977	   7.50000	       10B
  45.05225	  25.51393	   7.50000	       11B
  47.86802	  17.00561	   7.50000	       11B
  47.86802	  21.25977	   7.50000	       11B
  47.86802	  25.51393	   7.50000	       10B
  26.74978	  16.32104	   7.50000	       14N
  26.74978	  20.57520	   7.50000	       14N
  26.74978	  24.82935	   7.50000	       14N
  29.56554	  16.32104	   7.50000	       14N
  29.56554	  20.57520	   7.50000	       14N
  29.56554	  24.82935	   7.50000	       14N
  32.38131	  16.32104	   7.50000	       14N
  32.38131	  20.57520	   7.50000	       14N
  32.38131	  24.82935	   7.50000	       14N
  35.19707	  16.32104	   7.50000	       14N
  35.19707	  20.57520	   7.50000	       14N
  35.19707	  24.82935	   7.50000	       14N
  38.01284	  16.32104	   7.50000	       14N
  38.01284	  20.57520	   7.50000	       14N
  38.01284	  24.82935	   7.50000	       14N
  40.82860	  16.32104	   7.50000	       14N
  40.82860	  20.57520	   7.50000	       14N
  40.82860	  24.82935	   7.50000	       14N
  43.64437	  16.32104	   7.50000	       14N
  43.64437	  20.57520	   7.50000	       14N
  43.64437	  24.82935	   7.50000	       14N
  46.46014	  16.32104	   7.50000	       14N
  46.46014	  20.57520	   7.50000	       14N
  46.46014	  24.82935	   7.50000	       14N
  49.27590	  16.32104	   7.50000	       14N
  49.27590	  20.57520	   7.50000	       14N
  49.27590	  24.82935	   7.50000	       14N
  25.34189	  14.19395	   7.50000	       14N
  25.34189	  18.44811	   7.50000	       14N
  25.34189	  22.70227	   7.50000	       14N
  28.15766	  14.19395	   7.50000	       14N
  28.15766	  18.44811	   7.50000	       14N
  28.15766	  22.70227	   7.50000	       14N
  30.97342	  14.19395	   7.50000	       14N
  30.97342	  18.44811	   7.50000	       14N
  30.97342	  22.70227	   7.50000	       14N
  33.78919	  14.19395	   7.50000	       14N
  33.78919	  18.44811	   7.50000	       14N
  33.78919	  22.70227	   7.50000	       14N
  36.60496	  14.19395	   7.50000	       14N
  36.60496	  18.44811	   7.50000	       14N
  36.60496	  22.70227	   7.50000	       14N
  39.42072	  14.19395	   7.50000	       14N
  39.42072	  18.44811	   7.50000	       14N
  39.42072	  22.70227	   7.50000	       14N
  42.23649	  14.19395	   7.50000	       14N
  42.23649	  18.44811	   7.50000	       14N
  42.23649	  22.70227	   7.50000	       14N
  45.05225	  14.19395	   7.50000	       14N
  45.05225	  18.44811	   7.50000	       14N
  45.05225	  22.70227	   7.50000	       14N
  47.86802	  14.19395	   7.50000	       14N
  47.86802	  18.44811	   7.50000	       14N
  47.86802	  22.70227	   7.50000	       14N
  26.74978	  27.64101	   7.50000	       10B
  26.74978	  31.89517	   7.50000	       10B
  26.74978	  36.14933	   7.50000	       11B
  29.56554	  27.64101	   7.50000	       11B
  29.56554	  31.89517	   7.50000	       11B
  29.56554	  36.14933	   7.50000	       11B
  32.38131	  27.64101	   7.50000	       10B
  32.38131	  31.89517	   7.50000	       11B
  32.38131	  36.14933	   7.50000	       11B
  35.19707	  27.64101	   7.50000	       11B
  35.19707	  31.89517	   7.50000	       11B
  35.19707	  36.14933	   7.50000	       10B
  38.01284	  27.64101	   7.50000	       10B
  38.01284	  31.89517	   7.50000	       11B
  38.01284	  36.14933	   7.50000	       11B
  40.82860	  27.64101	   7.50000	       10B
  40.82860	  31.89517	   7.50000	       11B
  40.82860	  36.14933	   7.50000	       11B
  43.64437	  27.64101	   7.50000	       10B
  43.64437	  31.89517	   7.50000	       11B
  43.64437	  36.14933	   7.50000	       11B
  46.46014	  27.64101	   7.50000	       11B
  46.46014	  31.89517	   7.50000	       11B
  46.46014	  36.14933	   7.50000	       10B
  49.27590	  27.64101	   7.50000	       11B
  49.27590	  31.89517	   7.50000	       11B
  49.27590	  36.14933	   7.50000	       11B
  25.34189	  29.76809	   7.50000	       11B
  25.34189	  34.02225	   7.50000	       11B
  25.34189	  38.27641	   7.50000	       10B
  28.15766	  29.76809	   7.50000	       11B
  28.15766	  34.02225	   7.50000	       10B
  28.15766	  38.27641	   7.50000	       10B
  30.97342	  29.76809	   7.50000	       11B
  30.97342	  34.02225	   7.50000	       11B
  30.97342	  38.27641	   7.50000	       11B
  33.78919	  29.76809	   7.50000	       11B
  33.78919	  34.02225	   7.50000	       11B
  33.78919	  38.27641	   7.50000	       11B
  36.60496	  29.76809	   7.50000	       10B
  36.60496	  34.02225	   7.50000	       11B
  36.60496	  38.27641	   7.50000	       11B
  39.42072	  29.76809	   7.50000	       11B
  39.42072	  34.02225	   7.50000	       11B
  39.42072	  38.27641	   7.50000	       11B
  42.23649	  29.76809	   7.50000	       10B
  42.23649	  34.02225	   7.50000	       11B
  42.23649	  38.27641	   7.50000	       10B
  45.05225	  29.76809	   7.50000	       10B
  45.05225	  34.02225	   7.50000	       11B
  45.05225	  38.27641	   7.50000	       11B
  47.86802	  29.76809	   7.50000	       11B
  47.86802	  34.02225	   7.50000	       11B
  47.86802	  38.27641	   7.50000	       10B
  26.74978	  29.08351	   7.50000	       14N
  26.74978	  33.33767	   7.50000	       14N
  26.74978	  37.59183	   7.50000	       14N
  29.56554	  29.08351	   7.50000	       14N
  29.56554	  33.33767	   7.50000	       14N
  29.56554	  37.59183	   7.50000	       14N
  32.38131	  29.08351	   7.50000	       14N
  32.38131	  33.33767	   7.50000	       14N
  32.38131	  37.59183	   7.50000	       14N
  35.19707	  29.08351	   7.50000	       14N
  35.19707	  33.33767	   7.50000	       14N
  35.19707	  37.59183	   7.50000	       14N
  38.01284	  29.08351	   7.50000	       14N
  38.01284	  33.33767	   7.50000	       14N
  38.01284	  37.59183	   7.50000	       14N
  40.82860	  29.08351	   7.50000	       14N
  40.82860	  33.33767	   7.50000	       14N
  40.82860	  37.59183	   7.50000	       14N
  43.64437	  29.08351	   7.50000	       14N
  43.64437	  33.33767	   7.50000	       14N
  43.64437	  37.59183	   7.50000	       14N
  46.46014	  29.08351	   7.50000	       14N
  46.46014	  33.33767	   7.50000	       14N
  46.46014	  37.59183	   7.50000	       14N
  49.27590	  29.08351	   7.50000	       14N
  49.27590	  33.33767	   7.50000	       14N
  49.27590	  37.59183	   7.50000	       14N
  25.34189	  26.95643	   7.50000	       14N
  25.34189	  31.21059	   7.50000	       14N
  25.34189	  35.46475	   7.50000	       14N
  28.15766	  26.95643	   7.50000	       14N
  28.15766	  31.21059	   7.50000	       14N
  28.15766	  35.46475	   7.50000	       14N
  30.97342	  26.95643	   7.50000	       14N
  30.97342	  31.21059	   7.50000	       14N
  30.97342	  35.46475	   7.50000	       14N
  33.78919	  26.95643	   7.50000	       14N
  33.78919	  31.21059	   7.50000	       14N
  33.78919	  35.46475	   7.50000	       14N
  36.60496	  26.95643	   7.50000	       14N
  36.60496	  31.21059	   7.50000	       14N
  36.60496	  35.46475	   7.50000	       14N
  39.42072	  26.95643	   7.50000	       14N
  39.42072	  31.21059	   7.50000	       14N
  39.42072	  35.46475	   7.50000	       14N
  42.23649	  26.95643	   7.50000	       14N
  42.23649	  31.21059	   7.50000	       14N
  42.23649	  35.46475	   7.50000	       14N
  45.05225	  26.95643	   7.50000	       14N
  45.05225	  31.21059	   7.50000	       14N
  45.05225	  35.46475	   7.50000	       14N
  47.86802	  26.95643	   7.50000	       14N
  47.86802	  31.21059	   7.50000	       14N
  47.86802	  35.46475	   7.50000	       14N
  26.73773	  40.38820	   7.50000	       11B
  26.73467	  44.64669	   7.50000	       10B
  26.73998	  48.89958	   7.50000	       11B
  29.53116	  40.39067	   7.50000	       10B
  29.51429	  44.65087	   7.50000	       10B
  29.54101	  48.90344	   7.50000	       11B
  32.33058	  40.39142	   7.50000	       11B
  32.27576	  44.66197	   7.50000	       10B
  32.35357	  48.91403	   7.50000	       11B
  35.14907	  40.41137	   7.50000	       10B
  34.99412	  44.67233	   7.50000	       11B
  35.18835	  48.91973	   7.50000	       11B
  38.01284	  40.48091	   7.50000	       11B
  38.01284	  48.92059	   7.50000	       11B
  40.87660	  40.41137	   7.50000	       11B
  41.03156	  44.67233	   7.50000	       11B
  40.83733	  48.91973	   7.50000	       11B
  43.69510	  40.39142	   7.50000	       11B
  43.74992	  44.66197	   7.50000	       10B
  43.67211	  48.91403	   7.50000	       11B
  46.49451	  40.39067	   7.50000	       11B
  46.51139	  44.65087	   7.50000	       10B
  46.48467	  48.90344	   7.50000	       10B
  49.28795	  40.38820	   7.50000	       11B
  49.29101	  44.64669	   7.50000	       10B
  49.28570	  48.89958	   7.50000	       11B
  25.34189	  42.51725	   7.50000	       11B
  25.34189	  46.77259	   7.50000	       11B
  25.34189	  51.02411	   7.50000	       11B
  28.12675	  42.51771	   7.50000	       11B
  28.13538	  46.77667	   7.50000	       11B
  28.13992	  51.02548	   7.50000	       11B
  30.91342	  42.52083	   7.50000	       10B
  30.93253	  46.78595	   7.50000	       11B
  30.94124	  51.02902	   7.50000	       11B
  33.69432	  42.52786	   7.50000	       10B
  33.74504	  46.79999	   7.50000	       11B
  33.76103	  51.03758	   7.50000	       11B
  36.53855	  42.58512	   7.50000	       10B
  36.62300	  46.75476	   7.50000	       11B
  36.60166	  51.07066	   7.50000	       10B
  39.48713	  42.58512	   7.50000	       11B
  39.40267	  46.75476	   7.50000	       11B
  39.42402	  51.07066	   7.50000	       11B
  42.33136	  42.52786	   7.50000	       10B
  42.28064	  46.79999	   7.50000	       11B
  42.26464	  51.03758	   7.50000	       11B
  45.11226	  42.52083	   7.50000	       11B
  45.09314	  46.78595	   7.50000	       10B
  45.08444	  51.02902	   7.50000	       11B
  47.89893	  42.51771	   7.50000	       10B
  47.89030	  46.77667	   7.50000	       10B
  47.88575	  51.02548	   7.50000	       11B
  26.73323	  41.83095	   7.50000	       14N
  26.73439	  46.08941	   7.50000	       14N
  26.73772	  50.34211	   7.50000	       14N
  29.51698	  41.83245	   7.50000	       14N
  29.51894	  46.09492	   7.50000	       14N
  29.53257	  50.34586	   7.50000	       14N
  32.30033	  41.83072	   7.50000	       14N
  32.30248	  46.10785	   7.50000	       14N
  32.34020	  50.35603	   7.50000	       14N
  35.09189	  41.83654	   7.50000	       14N
  35.09438	  46.11869	   7.50000	       14N
  35.17740	  50.36970	   7.50000	       14N
  38.01284	  41.92904	   7.50000	       14N
  38.01284	  50.37735	   7.50000	       14N
  40.93379	  41.83654	   7.50000	       14N
  40.93130	  46.11869	   7.50000	       14N
  40.84827	  50.36970	   7.50000	       14N
  43.72535	  41.83072	   7.50000	       14N
  43.72320	  46.10785	   7.50000	       14N
  43.68548	  50.35603	   7.50000	       14N
  46.50869	  41.83245	   7.50000	       14N
  46.50673	  46.09492	   7.50000	       14N
  46.49311	  50.34586	   7.50000	       14N
  49.29244	  41.83095	   7.50000	       14N
  49.29129	  46.08941	   7.50000	       14N
  49.28796	  50.34211	   7.50000	       14N
  25.34189	  39.70400	   7.50000	       14N
  25.34189	  43.95993	   7.50000	       14N
  25.34189	  48.21579	   7.50000	       14N
  28.13137	  39.70535	   7.50000	       14N
  28.11988	  43.96101	   7.50000	       14N
  28.13276	  48.21931	   7.50000	       14N
  30.92528	  39.70730	   7.50000	       14N
  30.88851	  43.96533	   7.50000	       14N
  30.92963	  48.22952	   7.50000	       14N
  33.73609	  39.71355	   7.50000	       14N
  33.61867	  43.97021	   7.50000	       14N
  33.74245	  48.24714	   7.50000	       14N
  36.58855	  39.75536	   7.50000	       14N
  36.58616	  48.23605	   7.50000	       14N
  39.43713	  39.75536	   7.50000	       14N
  39.43952	  48.23605	   7.50000	       14N
  42.28959	  39.71355	   7.50000	       14N
  42.40700	  43.97021	   7.50000	       14N
  42.28323	  48.24714	   7.50000	       14N
  45.10040	  39.70730	   7.50000	       14N
  45.13717	  43.96533	   7.50000	       14N
  45.09605	  48.22952	   7.50000	       14N
  47.89430	  39.70535	   7.50000	       14N
  47.90580	  43.96101	   7.50000	       14N
  47.89291	  48.21931	   7.50000	       14N
  39.81455	  43.92684	   7.50000	       14N
  36.21113	  43.92684	   7.50000	       14N
  38.01284	  46.21326	   7.50000	       14N
  26.74978	  53.16596	   7.50000	       10B
  26.74978	  57.42012	   7.50000	       11B
  26.74978	  61.67428	   7.50000	       11B
  29.56554	  53.16596	   7.50000	       11B
  29.56554	  57.42012	   7.50000	       11B
  29.56554	  61.67428	   7.50000	       11B
  32.38131	  53.16596	   7.50000	       11B
  32.38131	  57.42012	   7.50000	       11B
  32.38131	  61.67428	   7.50000	       11B
  35.19707	  53.16596	   7.50000	       11B
  35.19707	  57.42012	   7.50000	       10B
  35.19707	  61.67428	   7.50000	       11B
  38.01284	  53.16596	   7.50000	       11B
  38.01284	  57.42012	   7.50000	       10B
  38.01284	  61.67428	   7.50000	       11B
  40.82860	  53.16596	   7.50000	       11B
  40.82860	  57.42012	   7.50000	       11B
  40.82860	  61.67428	   7.50000	       11B
  43.64437	  53.16596	   7.50000	       11B
  43.64437	  57.42012	   7.50000	       10B
  43.64437	  61.67428	   7.50000	       11B
  46.46014	  53.16596	   7.50000	       11B
  46.46014	  57.42012	   7.50000	       11B
  46.46014	  61.67428	   7.50000	       10B
  49.27590	  53.16596	   7.50000	       11B
  49.27590	  57.42012	   7.50000	       10B
  49.27590	  61.67428	   7.50000	       11B
  25.34189	  55.29304	   7.50000	       11B
  25.34189	  59.54720	   7.50000	       11B
  25.34189	  63.80136	   7.50000	       11B
  28.15766	  55.29304	   7.50000	       11B
  28.15766	  59.54720	   7.50000	       11B
  28.15766	  63.80136	   7.50000	       11B
  30.97342	  55.29304	   7.50000	       10B
  30.97342	  59.54720	   7.50000	       11B
  30.97342	  63.80136	   7.50000	       11B
  33.78919	  55.29304	   7.50000	       11B
  33.78919	  59.54720	   7.50000	       11B
  33.78919	  63.80136	   7.50000	       10B
  36.60496	  55.29304	   7.50000	       11B
  36.60496	  59.54720	   7.50000	       11B
  36.60496	  63.80136	   7.50000	       11B
  39.42072	  55.29304	   7.50000	       10B
  39.42072	  59.54720	   7.50000	       11B
  39.42072	  63.80136	   7.50000	       11B
  42.23649	  55.29304	   7.50000	       11B
  42.23649	  59.54720	   7.50000	       10B
  42.23649	  63.80136	   7.50000	       11B
  45.05225	  55.29304	   7.50000	       10B
  45.05225	  59.54720	   7.50000	       10B
  45.05225	  63.80136	   7.50000	       11B
  47.86802	  55.29304	   7.50000	       11B
  47.86802	  59.54720	   7.50000	       11B
  47.86802	  63.80136	   7.50000	       11B
  26.74978	  54.60846	   7.50000	       14N
  26.74978	  58.86262	   7.50000	       14N
  26.74978	  63.11678	   7.50000	       14N
  29.56554	  54.60846	   7.50000	       14N
  29.56554	  58.86262	   7.50000	       14N
  29.56554	  63.11678	   7.50000	       14N
  32.38131	  54.60846	   7.50000	       14N
  32.38131	  58.86262	   7.50000	       14N
  32.38131	  63.11678	   7.50000	       14N
  35.19707	  54.60846	   7.50000	       14N
  35.19707	  58.86262	   7.50000	       14N
  35.19707	  63.11678	   7.50000	       14N
  38.01284	  54.60846	   7.50000	       14N
  38.01284	  58.86262	   7.50000	       14N
  38.01284	  63.11678	   7.50000	       14N
  40.82860	  54.60846	   7.50000	       14N
  40.82860	  58.86262	   7.50000	       14N
  40.82860	  63.11678	   7.50000	       14N
  43.64437	  54.60846	   7.50000	       14N
  43.64437	  58.86262	   7.50000	       14N
  43.64437	  63.11678	   7.50000	       14N
  46.46014	  54.60846	   7.50000	       14N
  46.46014	  58.86262	   7.50000	       14N
  46.46014	  63.11678	   7.50000	       14N
  49.27590	  54.60846	   7.50000	       14N
  49.27590	  58.86262	   7.50000	       14N
  49.27590	  63.11678	   7.50000	       14N
  25.34189	  52.48138	   7.50000	       14N
  25.34189	  56.73554	   7.50000	       14N
  25.34189	  60.98970	   7.50000	       14N
  28.15766	  52.48138	   7.50000	       14N
  28.15766	  56.73554	   7.50000	       14N
  28.15766	  60.98970	   7.50000	       14N
  30.97342	  52.48138	   7.50000	       14N
  30.97342	  56.73554	   7.50000	       14N
  30.97342	  60.98970	   7.50000	       14N
  33.78919	  52.48138	   7.50000	       14N
  33.78919	  56.73554	   7.50000	       14N
  33.78919	  60.98970	   7.50000	       14N
  36.60496	  52.48138	   7.50000	       14N
  36.60496	  56.73554	   7.50000	       14N
  36.60496	  60.98970	   7.50000	       14N
  39.42072	  52.48138	   7.50000	       14N
  39.42072	  56.73554	   7.50000	       14N
  39.42072	  60.98970	   7.50000	       14N
  42.23649	  52.48138	   7.50000	       14N
  42.23649	  56.73554	   7.50000	       14N
  42.23649	  60.98970	   7.50000	       14N
  45.05225	  52.48138	   7.50000	       14N
  45.05225	  56.73554	   7.50000	       14N
  45.05225	  60.98970	   7.50000	       14N
  47.86802	  52.48138	   7.50000	       14N
  47.86802	  56.73554	   7.50000	       14N
  47.86802	  60.98970	   7.50000	       14N
  26.74978	  65.92844	   7.50000	       10B
  26.74978	  70.18260	   7.50000	       11B
  26.74978	  74.43676	   7.50000	       11B
  29.56554	  65.92844	   7.50000	       10B
  29.56554	  70.18260	   7.50000	       10B
  29.56554	  74.43676	   7.50000	       11B
  32.38131	  65.92844	   7.50000	       11B
  32.38131	  70.18260	   7.50000	       10B
  32.38131	  74.43676	   7.50000	       10B
  35.19707	  65.92844	   7.50000	       11B
  35.19707	  70.18260	   7.50000	       11B
  35.19707	  74.43676	   7.50000	       10B
  38.01284	  65.92844	   7.50000	       11B
  38.01284	  70.18260	   7.50000	       10B
  38.01284	  74.43676	   7.50000	       11B
  40.82860	  65.92844	   7.50000	       11B
  40.82860	  70.18260	   7.50000	       11B
  40.82860	  74.43676	   7.50000	       11B
  43.64437	  65.92844	   7.50000	       11B
  43.64437	  70.18260	   7.50000	       11B
  43.64437	  74.43676	   7.50000	       11B
  46.46014	  65.92844	   7.50000	       11B
  46.46014	  70.18260	   7.50000	       10B
  46.46014	  74.43676	   7.50000	       11B
  49.27590	  65.92844	   7.50000	       11B
  49.27590	  70.18260	   7.50000	       11B
  49.27590	  74.43676	   7.50000	       10B
  25.34189	  68.05551	   7.50000	       10B
  25.34189	  72.30967	   7.50000	       11B
  25.34189	  76.56383	   7.50000	       11B
  28.15766	  68.05551	   7.50000	       11B
  28.15766	  72.30967	   7.50000	       11B
  28.15766	  76.56383	   7.50000	       11B
  30.97342	  68.05551	   7.50000	       10B
  30.97342	  72.30967	   7.50000	       11B
  30.97342	  76.56383	   7.50000	       11B
  33.78919	  68.05551	   7.50000	       11B
  33.78919	  72.30967	   7.50000	       11B
  33.78919	  76.56383	   7.50000	       11B
  36.60496	  68.05551	   7.50000	       11B
  36.60496	  72.30967	   7.50000	       11B
  36.60496	  76.56383	   7.50000	       11B
  39.42072	  68.05551	   7.50000	       11B
  39.42072	  72.30967	   7.50000	       11B
  39.42072	  76.56383	   7.50000	       11B
  42.23649	  68.05551	   7.50000	       10B
  42.23649	  72.30967	   7.50000	       11B
  42.23649	  76.56383	   7.50000	       11B
  45.05225	  68.05551	   7.50000	       11B
  45.05225	  72.30967	   7.50000	       11B
  45.05225	  76.56383	   7.50000	       10B
  47.86802	  68.05551	   7.50000	       11B
  47.86802	  72.30967	   7.50000	       11B
  47.86802	  76.56383	   7.50000	       11B
  26.74978	  67.37094	   7.50000	       14N
  26.74978	  71.62510	   7.50000	       14N
  26.74978	  75.87926	   7.50000	       14N
  29.56554	  67.37094	   7.50000	       14N
  29.56554	  71.62510	   7.50000	       14N
  29.56554	  75.87926	   7.50000	       14N
  32.38131	  67.37094	   7.50000	       14N
  32.38131	  71.62510	   7.50000	       14N
  32.38131	  75.87926	   7.50000	       14N
  35.19707	  67.37094	   7.50000	       14N
  35.19707	  71.62510	   7.50000	       14N
  35.19707	  75.87926	   7.50000	       14N
  38.01284	  67.37094	   7.50000	       14N
  38.01284	  71.62510	   7.50000	       14N
  38.01284	  75.87926	   7.50000	       14N
  40.82860	  67.37094	   7.50000	       14N
  40.82860	  71.62510	   7.50000	       14N
  40.82860	  75.87926	   7.50000	       14N
  43.64437	  67.37094	   7.50000	       14N
  43.64437	  71.62510	   7.50000	       14N
  43.64437	  75.87926	   7.50000	       14N
  46.46014	  67.37094	   7.50000	       14N
  46.46014	  71.62510	   7.50000	       14N
  46.46014	  75.87926	   7.50000	       14N
  49.27590	  67.37094	   7.50000	       14N
  49.27590	  71.62510	   7.50000	       14N
  49.27590	  75.87926	   7.50000	       14N
  25.34189	  65.24386	   7.50000	       14N
  25.34189	  69.49801	   7.50000	       14N
  25.34189	  73.75217	   7.50000	       14N
  28.15766	  65.24386	   7.50000	       14N
  28.15766	  69.49801	   7.50000	       14N
  28.15766	  73.75217	   7.50000	       14N
  30.97342	  65.24386	   7.50000	       14N
  30.97342	  69.49801	   7.50000	       14N
  30.97342	  73.75217	   7.50000	       14N
  33.78919	  65.24386	   7.50000	       14N
  33.78919	  69.49801	   7.50000	       14N
  33.78919	  73.75217	   7.50000	       14N
  36.60496	  65.24386	   7.50000	       14N
  36.60496	  69.49801	   7.50000	       14N
  36.60496	  73.75217	   7.50000	       14N
  39.42072	  65.24386	   7.50000	       14N
  39.42072	  69.49801	   7.50000	       14N
  39.42072	  73.75217	   7.50000	       14N
  42.23649	  65.24386	   7.50000	       14N
  42.23649	  69.49801	   7.50000	       14N
  42.23649	  73.75217	   7.50000	       14N
  45.05225	  65.24386	   7.50000	       14N
  45.05225	  69.49801	   7.50000	       14N
  45.05225	  73.75217	   7.50000	       14N
  47.86802	  65.24386	   7.50000	       14N
  47.86802	  69.49801	   7.50000	       14N
  47.86802	  73.75217	   7.50000	       14N
  26.74978	  78.69091	   7.50000	       10B
  29.56554	  78.69091	   7.50000	       11B
  32.38131	  78.69091	   7.50000	       11B
  35.19707	  78.69091	   7.50000	       11B
  38.01284	  78.69091	   7.50000	       11B
  40.82860	  78.69091	   7.50000	       11B
  43.64437	  78.69091	   7.50000	       11B
  46.46014	  78.69091	   7.50000	       11B
  49.27590	  78.69091	   7.50000	       11B
  25.34189	  78.00633	   7.50000	       14N
  28.15766	  78.00633	   7.50000	       14N
  30.97342	  78.00633	   7.50000	       14N
  33.78919	  78.00633	   7.50000	       14N
  36.60496	  78.00633	   7.50000	       14N
  39.42072	  78.00633	   7.50000	       14N
  42.23649	  78.00633	   7.50000	       14N
  45.05225	  78.00633	   7.50000	       14N
  47.86802	  78.00633	   7.50000	       14N
  52.09167	   2.11606	   7.50000	       11B
  52.09167	   6.37022	   7.50000	       11B
  52.09167	  10.62438	   7.50000	       10B
  54.90743	   2.11606	   7.50000	       11B
  54.90743	   6.37022	   7.50000	       11B
  54.90743	  10.62438	   7.50000	       11B
  57.72320	   2.11606	   7.50000	       11B
  57.72320	   6.37022	   7.50000	       10B
  57.72320	  10.62438	   7.50000	       10B
  60.53896	   2.11606	   7.50000	       11B
  60.53896	   6.37022	   7.50000	       10B
  60.53896	  10.62438	   7.50000	       11B
  63.35473	   2.11606	   7.50000	       11B
  63.35473	   6.37022	   7.50000	       10B
  63.35473	  10.62438	   7.50000	       10B
  66.17050	   2.11606	   7.50000	       11B
  66.17050	   6.37022	   7.50000	       11B
  66.17050	  10.62438	   7.50000	       11B
  68.98626	   2.11606	   7.50000	       11B
  68.98626	   6.37022	   7.50000	       10B
  68.98626	  10.62438	   7.50000	       10B
  71.80203	   2.11606	   7.50000	       10B
  71.80203	   6.37022	   7.50000	       11B
  71.80203	  10.62438	   7.50000	       11B
  74.61779	   2.11606	   7.50000	       10B
  74.61779	   6.37022	   7.50000	       11B
  74.61779	  10.62438	   7.50000	       11B
  50.68378	   4.24314	   7.50000	       11B
  50.68378	   8.49730	   7.50000	       11B
  50.68378	  12.75146	   7.50000	       11B
  53.49955	   4.24314	   7.50000	       11B
  53.49955	   8.49730	   7.50000	       10B
  53.49955	  12.75146	   7.50000	       11B
  56.31532	   4.24314	   7.50000	       11B
  56.31532	   8.49730	   7.50000	       11B
  56.31532	  12.75146	   7.50000	       11B
  59.13108	   4.24314	   7.50000	       10B
  59.13108	   8.49730	   7.50000	       11B
  59.13108	  12.75146	   7.50000	       11B
  61.94685	   4.24314	   7.50000	       11B
  61.94685	   8.49730	   7.50000	       11B
  61.94685	  12.75146	   7.50000	       11B
  64.76261	   4.24314	   7.50000	       11B
  64.76261	   8.49730	   7.50000	       10B
  64.76261	  12.75146	   7.50000	       11B
  67.57838	   4.24314	   7.50000	       11B
  67.57838	   8.49730	   7.50000	       11B
  67.57838	  12.75146	   7.50000	       10B
  70.39415	   4.24314	   7.50000	       11B
  70.39415	   8.49730	   7.50000	       11B
  70.39415	  12.75146	   7.50000	       11B
  73.20991	   4.24314	   7.50000	       11B
  73.20991	   8.49730	   7.50000	       10B
  73.20991	  12.75146	   7.50000	       10B
  52.09167	   3.55856	   7.50000	       14N
  52.09167	   7.81272	   7.50000	       14N
  52.09167	  12.06688	   7.50000	       14N
  54.90743	   3.55856	   7.50000	       14N
  54.90743	   7.81272	   7.50000	       14N
  54.90743	  12.06688	   7.50000	       14N
  57.72320	   3.55856	   7.50000	       14N
  57.72320	   7.81272	   7.50000	       14N
  57.72320	  12.06688	   7.50000	       14N
  60.53896	   3.55856	   7.50000	       14N
  60.53896	   7.81272	   7.50000	       14N
  60.53896	  12.06688	   7.50000	       14N
  63.35473	   3.55856	   7.50000	       14N
  63.35473	   7.81272	   7.50000	       14N
  63.35473	  12.06688	   7.50000	       14N
  66.17050	   3.55856	   7.50000	       14N
  66.17050	   7.81272	   7.50000	       14N
  66.17050	  12.06688	   7.50000	       14N
  68.98626	   3.55856	   7.50000	       14N
  68.98626	   7.81272	   7.50000	       14N
  68.98626	  12.06688	   7.50000	       14N
  71.80203	   3.55856	   7.50000	       14N
  71.80203	   7.81272	   7.50000	       14N
  71.80203	  12.06688	   7.50000	       14N
  74.61779	   3.55856	   7.50000	       14N
  74.61779	   7.81272	   7.50000	       14N
  74.61779	  12.06688	   7.50000	       14N
  50.68378	   1.43148	   7.50000	       14N
  50.68378	   5.68564	   7.50000	       14N
  50.68378	   9.93980	   7.50000	       14N
  53.49955	   1.43148	   7.50000	       14N
  53.49955	   5.68564	   7.50000	       14N
  53.49955	   9.93980	   7.50000	       14N
  56.31532	   1.43148	   7.50000	       14N
  56.31532	   5.68564	   7.50000	       14N
  56.31532	   9.93980	   7.50000	       14N
  59.13108	   1.43148	   7.50000	       14N
  59.13108	   5.68564	   7.50000	       14N
  59.13108	   9.93980	   7.50000	       14N
  61.94685	   1.43148	   7.50000	       14N
  61.94685	   5.68564	   7.50000	       14N
  61.94685	   9.93980	   7.50000	       14N
  64.76261	   1.43148	   7.50000	       14N
  64.76261	   5.68564	   7.50000	       14N
  64.76261	   9.93980	   7.50000	       14N
  67.57838	   1.43148	   7.50000	       14N
  67.57838	   5.68564	   7.50000	       14N
  67.57838	   9.93980	   7.50000	       14N
  70.39415	   1.43148	   7.50000	       14N
  70.39415	   5.68564	   7.50000	       14N
  70.39415	   9.93980	   7.50000	       14N
  73.20991	   1.43148	   7.50000	       14N
  73.20991	   5.68564	   7.50000	       14N
  73.20991	   9.93980	   7.50000	       14N
  52.09167	  14.87854	   7.50000	       11B
  52.09167	  19.13270	   7.50000	       10B
  52.09167	  23.38685	   7.50000	       11B
  54.90743	  14.87854	   7.50000	       11B
  54.90743	  19.13270	   7.50000	       10B
  54.90743	  23.38685	   7.50000	       11B
  57.72320	  14.87854	   7.50000	       11B
  57.72320	  19.13270	   7.50000	       11B
  57.72320	  23.38685	   7.50000	       11B
  60.53896	  14.87854	   7.50000	       11B
  60.53896	  19.13270	   7.50000	       10B
  60.53896	  23.38685	   7.50000	       10B
  63.35473	  14.87854	   7.50000	       11B
  63.35473	  19.13270	   7.50000	       11B
  63.35473	  23.38685	   7.50000	       11B
  66.17050	  14.87854	   7.50000	       10B
  66.17050	  19.13270	   7.50000	       11B
  66.17050	  23.38685	   7.50000	       10B
  68.98626	  14.87854	   7.50000	       11B
  68.98626	  19.13270	   7.50000	       10B
  68.98626	  23.38685	   7.50000	       11B
  71.80203	  14.87854	   7.50000	       10B
  71.80203	  19.13270	   7.50000	       11B
  71.80203	  23.38685	   7.50000	       11B
  74.61779	  14.87854	   7.50000	       11B
  74.61779	  19.13270	   7.50000	       11B
  74.61779	  23.38685	   7.50000	       11B
  50.68378	  17.00561	   7.50000	       11B
  50.68378	  21.25977	   7.50000	       11B
  50.68378	  25.51393	   7.50000	       10B
  53.49955	  17.00561	   7.50000	       11B
  53.49955	  21.25977	   7.50000	       10B
  53.49955	  25.51393	   7.50000	       11B
  56.31532	  17.00561	   7.50000	       11B
  56.31532	  21.25977	   7.50000	       11B
  56.31532	  25.51393	   7.50000	       11B
  59.13108	  17.00561	   7.50000	       11B
  59.13108	  21.25977	   7.50000	       11B
  59.13108	  25.51393	   7.50000	       11B
  61.94685	  17.00561	   7.50000	       11B
  61.94685	  21.25977	   7.50000	       11B
  61.94685	  25.51393	   7.50000	       11B
  64.76261	  17.00561	   7.50000	       11B
  64.76261	  21.25977	   7.50000	       11B
  64.76261	  25.51393	   7.50000	       11B
  67.57838	  17.00561	   7.50000	       11B
  67.57838	  21.25977	   7.50000	       11B
  67.57838	  25.51393	   7.50000	       11B
  70.39415	  17.00561	   7.50000	       11B
  70.39415	  21.25977	   7.50000	       11B
  70.39415	  25.51393	   7.50000	       10B
  73.20991	  17.00561	   7.50000	       11B
  73.20991	  21.25977	   7.50000	       11B
  73.20991	  25.51393	   7.50000	       11B
  52.09167	  16.32104	   7.50000	       14N
  52.09167	  20.57520	   7.50000	       14N
  52.09167	  24.82935	   7.50000	       14N
  54.90743	  16.32104	   7.50000	       14N
  54.90743	  20.57520	   7.50000	       14N
  54.90743	  24.82935	   7.50000	       14N
  57.72320	  16.32104	   7.50000	       14N
  57.72320	  20.57520	   7.50000	       14N
  57.72320	  24.82935	   7.50000	       14N
  60.53896	  16.32104	   7.50000	       14N
  60.53896	  20.57520	   7.50000	       14N
  60.53896	  24.82935	   7.50000	       14N
  63.35473	  16.32104	   7.50000	       14N
  63.35473	  20.57520	   7.50000	       14N
  63.35473	  24.82935	   7.50000	       14N
  66.17050	  16.32104	   7.50000	       14N
  66.17050	  20.57520	   7.50000	       14N
  66.17050	  24.82935	   7.50000	       14N
  68.98626	  16.32104	   7.50000	       14N
  68.98626	  20.57520	   7.50000	       14N
  68.98626	  24.82935	   7.50000	       14N
  71.80203	  16.32104	   7.50000	       14N
  71.80203	  20.57520	   7.50000	       14N
  71.80203	  24.82935	   7.50000	       14N
  74.61779	  16.32104	   7.50000	       14N
  74.61779	  20.57520	   7.50000	       14N
  74.61779	  24.82935	   7.50000	       15N
  50.68378	  14.19395	   7.50000	       14N
  50.68378	  18.44811	   7.50000	       14N
  50.68378	  22.70227	   7.50000	       14N
  53.49955	  14.19395	   7.50000	       14N
  53.49955	  18.44811	   7.50000	       14N
  53.49955	  22.70227	   7.50000	       14N
  56.31532	  14.19395	   7.50000	       14N
  56.31532	  18.44811	   7.50000	       14N
  56.31532	  22.70227	   7.50000	       14N
  59.13108	  14.19395	   7.50000	       14N
  59.13108	  18.44811	   7.50000	       14N
  59.13108	  22.70227	   7.50000	       14N
  61.94685	  14.19395	   7.50000	       14N
  61.94685	  18.44811	   7.50000	       14N
  61.94685	  22.70227	   7.50000	       14N
  64.76261	  14.19395	   7.50000	       14N
  64.76261	  18.44811	   7.50000	       14N
  64.76261	  22.70227	   7.50000	       14N
  67.57838	  14.19395	   7.50000	       14N
  67.57838	  18.44811	   7.50000	       14N
  67.57838	  22.70227	   7.50000	       14N
  70.39415	  14.19395	   7.50000	       14N
  70.39415	  18.44811	   7.50000	       14N
  70.39415	  22.70227	   7.50000	       14N
  73.20991	  14.19395	   7.50000	       14N
  73.20991	  18.44811	   7.50000	       14N
  73.20991	  22.70227	   7.50000	       14N
  52.09167	  27.64101	   7.50000	       11B
  52.09167	  31.89517	   7.50000	       11B
  52.09167	  36.14933	   7.50000	       11B
  54.90743	  27.64101	   7.50000	       10B
  54.90743	  31.89517	   7.50000	       11B
  54.90743	  36.14933	   7.50000	       10B
  57.72320	  27.64101	   7.50000	       11B
  57.72320	  31.89517	   7.50000	       11B
  57.72320	  36.14933	   7.50000	       11B
  60.53896	  27.64101	   7.50000	       11B
  60.53896	  31.89517	   7.50000	       10B
  60.53896	  36.14933	   7.50000	       11B
  63.35473	  27.64101	   7.50000	       11B
  63.35473	  31.89517	   7.50000	       11B
  63.35473	  36.14933	   7.50000	       11B
  66.17050	  27.64101	   7.50000	       11B
  66.17050	  31.89517	   7.50000	       11B
  66.17050	  36.14933	   7.50000	       11B
  68.98626	  27.64101	   7.50000	       10B
  68.98626	  31.89517	   7.50000	       10B
  68.98626	  36.14933	   7.50000	       11B
  71.80203	  27.64101	   7.50000	       11B
  71.80203	  31.89517	   7.50000	       11B
  71.80203	  36.14933	   7.50000	       10B
  74.61779	  27.64101	   7.50000	       11B
  74.61779	  31.89517	   7.50000	       11B
  74.61779	  36.14933	   7.50000	       11B
  50.68378	  29.76809	   7.50000	       10B
  50.68378	  34.02225	   7.50000	       11B
  50.68378	  38.27641	   7.50000	       11B
  53.49955	  29.76809	   7.50000	       11B
  53.49955	  34.02225	   7.50000	       11B
  53.49955	  38.27641	   7.50000	       11B
  56.31532	  29.76809	   7.50000	       10B
  56.31532	  34.02225	   7.50000	       11B
  56.31532	  38.27641	   7.50000	       10B
  59.13108	  29.76809	   7.50000	       11B
  59.13108	  34.02225	   7.50000	       11B
  59.13108	  38.27641	   7.50000	       11B
  61.94685	  29.76809	   7.50000	       11B
  61.94685	  34.02225	   7.50000	       11B
  61.94685	  38.27641	   7.50000	       11B
  64.76261	  29.76809	   7.50000	       11B
  64.76261	  34.02225	   7.50000	       11B
  64.76261	  38.27641	   7.50000	       11B
  67.57838	  29.76809	   7.50000	       11B
  67.57838	  34.02225	   7.50000	       11B
  67.57838	  38.27641	   7.50000	       11B
  70.39415	  29.76809	   7.50000	       11B
  70.39415	  34.02225	   7.50000	       10B
  70.39415	  38.27641	   7.50000	       10B
  73.20991	  29.76809	   7.50000	       11B
  73.20991	  34.02225	   7.50000	       11B
  73.20991	  38.27641	   7.50000	       11B
  52.09167	  29.08351	   7.50000	       14N
  52.09167	  33.33767	   7.50000	       14N
  52.09167	  37.59183	   7.50000	       14N
  54.90743	  29.08351	   7.50000	       14N
  54.90743	  33.33767	   7.50000	       14N
  54.90743	  37.59183	   7.50000	       14N
  57.72320	  29.08351	   7.50000	       14N
  57.72320	  33.33767	   7.50000	       14N
  57.72320	  37.59183	   7.50000	       14N
  60.53896	  29.08351	   7.50000	       14N
  60.53896	  33.33767	   7.50000	       14N
  60.53896	  37.59183	   7.50000	       14N
  63.35473	  29.08351	   7.50000	       14N
  63.35473	  33.33767	   7.50000	       14N
  63.35473	  37.59183	   7.50000	       14N
  66.17050	  29.08351	   7.50000	       14N
  66.17050	  33.33767	   7.50000	       14N
  66.17050	  37.59183	   7.50000	       14N
  68.98626	  29.08351	   7.50000	       14N
  68.98626	  33.33767	   7.50000	       14N
  68.98626	  37.59183	   7.50000	       14N
  71.80203	  29.08351	   7.50000	       14N
  71.80203	  33.33767	   7.50000	       14N
  71.80203	  37.59183	   7.50000	       14N
  74.61779	  29.08351	   7.50000	       14N
  74.61779	  33.33767	   7.50000	       14N
  74.61779	  37.59183	   7.50000	       14N
  50.68378	  26.95643	   7.50000	       14N
  50.68378	  31.21059	   7.50000	       14N
  50.68378	  35.46475	   7.50000	       14N
  53.49955	  26.95643	   7.50000	       14N
  53.49955	  31.21059	   7.50000	       14N
  53.49955	  35.46475	   7.50000	       14N
  56.31532	  26.95643	   7.50000	       14N
  56.31532	  31.21059	   7.50000	       14N
  56.31532	  35.46475	   7.50000	       14N
  59.13108	  26.95643	   7.50000	       14N
  59.13108	  31.21059	   7.50000	       14N
  59.13108	  35.46475	   7.50000	       14N
  61.94685	  26.95643	   7.50000	       14N
  61.94685	  31.21059	   7.50000	       14N
  61.94685	  35.46475	   7.50000	       14N
  64.76261	  26.95643	   7.50000	       14N
  64.76261	  31.21059	   7.50000	       14N
  64.76261	  35.46475	   7.50000	       14N
  67.57838	  26.95643	   7.50000	       14N
  67.57838	  31.21059	   7.50000	       14N
  67.57838	  35.46475	   7.50000	       14N
  70.39415	  26.95643	   7.50000	       14N
  70.39415	  31.21059	   7.50000	       14N
  70.39415	  35.46475	   7.50000	       14N
  73.20991	  26.95643	   7.50000	       14N
  73.20991	  31.21059	   7.50000	       14N
  73.20991	  35.46475	   7.50000	       14N
  52.09167	  40.40349	   7.50000	       11B
  52.09167	  44.65765	   7.50000	       11B
  52.09167	  48.91181	   7.50000	       10B
  54.90743	  40.40349	   7.50000	       10B
  54.90743	  44.65765	   7.50000	       11B
  54.90743	  48.91181	   7.50000	       11B
  57.72320	  40.40349	   7.50000	       11B
  57.72320	  44.65765	   7.50000	       11B
  57.72320	  48.91181	   7.50000	       11B
  60.53896	  40.40349	   7.50000	       10B
  60.53896	  44.65765	   7.50000	       11B
  60.53896	  48.91181	   7.50000	       11B
  63.35473	  40.40349	   7.50000	       11B
  63.35473	  44.65765	   7.50000	       11B
  63.35473	  48.91181	   7.50000	       11B
  66.17050	  40.40349	   7.50000	       10B
  66.17050	  44.65765	   7.50000	       11B
  66.17050	  48.91181	   7.50000	       10B
  68.98626	  40.40349	   7.50000	       10B
  68.98626	  44.65765	   7.50000	       11B
  68.98626	  48.91181	   7.50000	       10B
  71.80203	  40.40349	   7.50000	       11B
  71.80203	  44.65765	   7.50000	       11B
  71.80203	  48.91181	   7.50000	       11B
  74.61779	  40.40349	   7.50000	       10B
  74.61779	  44.65765	   7.50000	       10B
  74.61779	  48.91181	   7.50000	       11B
  50.68378	  42.53056	   7.50000	       11B
  50.68378	  46.78472	   7.50000	       11B
  50.68378	  51.03888	   7.50000	       11B
  53.49955	  42.53056	   7.50000	       10B
  53.49955	  46.78472	   7.50000	       11B
  53.49955	  51.03888	   7.50000	       11B
  56.31532	  42.53056	   7.50000	       11B
  56.31532	  46.78472	   7.50000	       11B
  56.31532	  51.03888	   7.50000	       11B
  59.13108	  42.53056	   7.50000	       10B
  59.13108	  46.78472	   7.50000	       11B
  59.13108	  51.03888	   7.50000	       10B
  61.94685	  42.53056	   7.50000	       11B
  61.94685	  46.78472	   7.50000	       11B
  61.94685	  51.03888	   7.50000	       11B
  64.76261	  42.53056	   7.50000	       11B
  64.76261	  46.78472	   7.50000	       11B
  64.76261	  51.03888	   7.50000	       11B
  67.57838	  42.53056	   7.50000	       11B
  67.57838	  46.78472	   7.50000	       11B
  67.57838	  51.03888	   7.50000	       10B
  70.39415	  42.53056	   7.50000	       11B
  70.39415	  46.78472	   7.50000	       11B
  70.39415	  51.03888	   7.50000	       11B
  73.20991	  42.53056	   7.50000	       11B
  73.20991	  46.78472	   7.50000	       11B
  73.20991	  51.03888	   7.50000	       11B
  52.09167	  41.84599	   7.50000	       14N
  52.09167	  46.10015	   7.50000	       14N
  52.09167	  50.35430	   7.50000	       14N
  54.90743	  41.84599	   7.50000	       14N
  54.90743	  46.10015	   7.50000	       14N
  54.90743	  50.35430	   7.50000	       14N
  57.72320	  41.84599	   7.50000	       14N
  57.72320	  46.10015	   7.50000	       14N
  57.72320	  50.35430	   7.50000	       14N
  60.53896	  41.84599	   7.50000	       14N
  60.53896	  46.10015	   7.50000	       14N
  60.53896	  50.35430	   7.50000	       14N
  63.35473	  41.84599	   7.50000	       14N
  63.35473	  46.10015	   7.50000	       14N
  63.35473	  50.35430	   7.50000	       14N
  66.17050	  41.84599	   7.50000	       14N
  66.17050	  46.10015	   7.50000	       14N
  66.17050	  50.35430	   7.50000	       14N
  68.98626	  41.84599	   7.50000	       14N
  68.98626	  46.10015	   7.50000	       14N
  68.98626	  50.35430	   7.50000	       14N
  71.80203	  41.84599	   7.50000	       14N
  71.80203	  46.10015	   7.50000	       14N
  71.80203	  50.35430	   7.50000	       14N
  74.61779	  41.84599	   7.50000	       14N
  74.61779	  46.10015	   7.50000	       14N
  74.61779	  50.35430	   7.50000	       14N
  50.68378	  39.71891	   7.50000	       14N
  50.68378	  43.97306	   7.50000	       14N
  50.68378	  48.22722	   7.50000	       14N
  53.49955	  39.71891	   7.50000	       14N
  53.49955	  43.97306	   7.50000	       14N
  53.49955	  48.22722	   7.50000	       14N
  56.31532	  39.71891	   7.50000	       14N
  56.31532	  43.97306	   7.50000	       14N
  56.31532	  48.22722	   7.50000	       14N
  59.13108	  39.71891	   7.50000	       14N
  59.13108	  43.97306	   7.50000	       14N
  59.13108	  48.22722	   7.50000	       14N
  61.94685	  39.71891	   7.50000	       14N
  61.94685	  43.97306	   7.50000	       14N
  61.94685	  48.22722	   7.50000	       14N
  64.76261	  39.71891	   7.50000	       14N
  64.76261	  43.97306	   7.50000	       14N
  64.76261	  48.22722	   7.50000	       14N
  67.57838	  39.71891	   7.50000	       14N
  67.57838	  43.97306	   7.50000	       14N
  67.57838	  48.22722	   7.50000	       14N
  70.39415	  39.71891	   7.50000	       14N
  70.39415	  43.97306	   7.50000	       14N
  70.39415	  48.22722	   7.50000	       14N
  73.20991	  39.71891	   7.50000	       14N
  73.20991	  43.97306	   7.50000	       14N
  73.20991	  48.22722	   7.50000	       14N
  52.09167	  53.16596	   7.50000	       10B
  52.09167	  57.42012	   7.50000	       11B
  52.09167	  61.67428	   7.50000	       11B
  54.90743	  53.16596	   7.50000	       11B
  54.90743	  57.42012	   7.50000	       11B
  54.90743	  61.67428	   7.50000	       11B
  57.72320	  53.16596	   7.50000	       11B
  57.72320	  57.42012	   7.50000	       11B
  57.72320	  61.67428	   7.50000	       11B
  60.53896	  53.16596	   7.50000	       11B
  60.53896	  57.42012	   7.50000	       10B
  60.53896	  61.67428	   7.50000	       10B
  63.35473	  53.16596	   7.50000	       11B
  63.35473	  57.42012	   7.50000	       11B
  63.35473	  61.67428	   7.50000	       11B
  66.17050	  53.16596	   7.50000	       11B
  66.17050	  57.42012	   7.50000	       11B
  66.17050	  61.67428	   7.50000	       11B
  68.98626	  53.16596	   7.50000	       11B
  68.98626	  57.42012	   7.50000	       11B
  68.98626	  61.67428	   7.50000	       11B
  71.80203	  53.16596	   7.50000	       10B
  71.80203	  57.42012	   7.50000	       11B
  71.80203	  61.67428	   7.50000	       11B
  74.61779	  53.16596	   7.50000	       11B
  74.61779	  57.42012	   7.50000	       11B
  74.61779	  61.67428	   7.50000	       11B
  50.68378	  55.29304	   7.50000	       11B
  50.68378	  59.54720	   7.50000	       11B
  50.68378	  63.80136	   7.50000	       11B
  53.49955	  55.29304	   7.50000	       11B
  53.49955	  59.54720	   7.50000	       10B
  53.49955	  63.80136	   7.50000	       11B
  56.31532	  55.29304	   7.50000	       10B
  56.31532	  59.54720	   7.50000	       11B
  56.31532	  63.80136	   7.50000	       11B
  59.13108	  55.29304	   7.50000	       11B
  59.13108	  59.54720	   7.50000	       11B
  59.13108	  63.80136	   7.50000	       11B
  61.94685	  55.29304	   7.50000	       11B
  61.94685	  59.54720	   7.50000	       11B
  61.94685	  63.80136	   7.50000	       11B
  64.76261	  55.29304	   7.50000	       11B
  64.76261	  59.54720	   7.50000	       10B
  64.76261	  63.80136	   7.50000	       10B
  67.57838	  55.29304	   7.50000	       11B
  67.57838	  59.54720	   7.50000	       11B
  67.57838	  63.80136	   7.50000	       11B
  70.39415	  55.29304	   7.50000	       11B
  70.39415	  59.54720	   7.50000	       11B
  70.39415	  63.80136	   7.50000	       11B
  73.20991	  55.29304	   7.50000	       11B
  73.20991	  59.54720	   7.50000	       11B
  73.20991	  63.80136	   7.50000	       11B
  52.09167	  54.60846	   7.50000	       14N
  52.09167	  58.86262	   7.50000	       14N
  52.09167	  63.11678	   7.50000	       14N
  54.90743	  54.60846	   7.50000	       14N
  54.90743	  58.86262	   7.50000	       14N
  54.90743	  63.11678	   7.50000	       14N
  57.72320	  54.60846	   7.50000	       14N
  57.72320	  58.86262	   7.50000	       14N
  57.72320	  63.11678	   7.50000	       14N
  60.53896	  54.60846	   7.50000	       14N
  60.53896	  58.86262	   7.50000	       14N
  60.53896	  63.11678	   7.50000	       14N
  63.35473	  54.60846	   7.50000	       14N
  63.35473	  58.86262	   7.50000	       14N
  63.35473	  63.11678	   7.50000	       14N
  66.17050	  54.60846	   7.50000	       14N
  66.17050	  58.86262	   7.50000	       14N
  66.17050	  63.11678	   7.50000	       14N
  68.98626	  54.60846	   7.50000	       14N
  68.98626	  58.86262	   7.50000	       14N
  68.98626	  63.11678	   7.50000	       14N
  71.80203	  54.60846	   7.50000	       14N
  71.80203	  58.86262	   7.50000	       14N
  71.80203	  63.11678	   7.50000	       14N
  74.61779	  54.60846	   7.50000	       14N
  74.61779	  58.86262	   7.50000	       14N
  74.61779	  63.11678	   7.50000	       14N
  50.68378	  52.48138	   7.50000	       14N
  50.68378	  56.73554	   7.50000	       14N
  50.68378	  60.98970	   7.50000	       14N
  53.49955	  52.48138	   7.50000	       14N
  53.49955	  56.73554	   7.50000	       14N
  53.49955	  60.98970	   7.50000	       15N
  56.31532	  52.48138	   7.50000	       14N
  56.31532	  56.73554	   7.50000	       14N
  56.31532	  60.98970	   7.50000	       14N
  59.13108	  52.48138	   7.50000	       14N
  59.13108	  56.73554	   7.50000	       14N
  59.13108	  60.98970	   7.50000	       14N
  61.94685	  52.48138	   7.50000	       14N
  61.94685	  56.73554	   7.50000	       14N
  61.94685	  60.98970	   7.50000	       14N
  64.76261	  52.48138	   7.50000	       14N
  64.76261	  56.73554	   7.50000	       14N
  64.76261	  60.98970	   7.50000	       14N
  67.57838	  52.48138	   7.50000	       14N
  67.57838	  56.73554	   7.50000	       14N
  67.57838	  60.98970	   7.50000	       14N
  70.39415	  52.48138	   7.50000	       14N
  70.39415	  56.73554	   7.50000	       14N
  70.39415	  60.98970	   7.50000	       14N
  73.20991	  52.48138	   7.50000	       14N
  73.20991	  56.73554	   7.50000	       14N
  73.20991	  60.98970	   7.50000	       14N
  52.09167	  65.92844	   7.50000	       11B
  52.09167	  70.18260	   7.50000	       11B
  52.09167	  74.43676	   7.50000	       11B
  54.90743	  65.92844	   7.50000	       11B
  54.90743	  70.18260	   7.50000	       10B
  54.90743	  74.43676	   7.50000	       11B
  57.72320	  65.92844	   7.50000	       11B
  57.72320	  70.18260	   7.50000	       10B
  57.72320	  74.43676	   7.50000	       11B
  60.53896	  65.92844	   7.50000	       11B
  60.53896	  70.18260	   7.50000	       11B
  60.53896	  74.43676	   7.50000	       11B
  63.35473	  65.92844	   7.50000	       11B
  63.35473	  70.18260	   7.50000	       10B
  63.35473	  74.43676	   7.50000	       10B
  66.17050	  65.92844	   7.50000	       11B
  66.17050	  70.18260	   7.50000	       11B
  66.17050	  74.43676	   7.50000	       11B
  68.98626	  65.92844	   7.50000	       11B
  68.98626	  70.18260	   7.50000	       11B
  68.98626	  74.43676	   7.50000	       11B
  71.80203	  65.92844	   7.50000	       11B
  71.80203	  70.18260	   7.50000	       11B
  71.80203	  74.43676	   7.50000	       11B
  74.61779	  65.92844	   7.50000	       11B
  74.61779	  70.18260	   7.50000	       11B
  74.61779	  74.43676	   7.50000	       10B
  50.68378	  68.05551	   7.50000	       11B
  50.68378	  72.30967	   7.50000	       11B
  50.68378	  76.56383	   7.50000	       11B
  53.49955	  68.05551	   7.50000	       11B
  53.49955	  72.30967	   7.50000	       11B
  53.49955	  76.56383	   7.50000	       10B
  56.31532	  68.05551	   7.50000	       11B
  56.31532	  72.30967	   7.50000	       11B
  56.31532	  76.56383	   7.50000	       11B
  59.13108	  68.05551	   7.50000	       11B
  59.13108	  72.30967	   7.50000	       11B
  59.13108	  76.56383	   7.50000	       11B
  61.94685	  68.05551	   7.50000	       11B
  61.94685	  72.30967	   7.50000	       10B
  61.94685	  76.56383	   7.50000	       11B
  64.76261	  68.05551	   7.50000	       10B
  64.76261	  72.30967	   7.50000	       11B
  64.76261	  76.56383	   7.50000	       11B
  67.57838	  68.05551	   7.50000	       11B
  67.57838	  72.30967	   7.50000	       10B
  67.57838	  76.56383	   7.50000	       11B
  70.39415	  68.05551	   7.50000	       11B
  70.39415	  72.30967	   7.50000	       11B
  70.39415	  76.56383	   7.50000	       11B
  73.20991	  68.05551	   7.50000	       11B
  73.20991	  72.30967	   7.50000	       11B
  73.20991	  76.56383	   7.50000	       10B
  52.09167	  67.37094	   7.50000	       14N
  52.09167	  71.62510	   7.50000	       14N
  52.09167	  75.87926	   7.50000	       14N
  54.90743	  67.37094	   7.50000	       14N
  54.90743	  71.62510	   7.50000	       14N
  54.90743	  75.87926	   7.50000	       14N
  57.72320	  67.37094	   7.50000	       14N
  57.72320	  71.62510	   7.50000	       14N
  57.72320	  75.87926	   7.50000	       14N
  60.53896	  67.37094	   7.50000	       14N
  60.53896	  71.62510	   7.50000	       14N
  60.53896	  75.87926	   7.50000	       14N
  63.35473	  67.37094	   7.50000	       14N
  63.35473	  71.62510	   7.50000	       14N
  63.35473	  75.87926	   7.50000	       14N
  66.17050	  67.37094	   7.50000	       14N
  66.17050	  71.62510	   7.50000	       14N
  66.17050	  75.87926	   7.50000	       14N
  68.98626	  67.37094	   7.50000	       14N
  68.98626	  71.62510	   7.50000	       14N
  68.98626	  75.87926	   7.50000	       14N
  71.80203	  67.37094	   7.50000	       14N
  71.80203	  71.62510	   7.50000	       14N
  71.80203	  75.87926	   7.50000	       14N
  74.61779	  67.37094	   7.50000	       14N
  74.61779	  71.62510	   7.50000	       14N
  74.61779	  75.87926	   7.50000	       14N
  50.68378	  65.24386	   7.50000	       14N
  50.68378	  69.49801	   7.50000	       14N
  50.68378	  73.75217	   7.50000	       14N
  53.49955	  65.24386	   7.50000	       14N
  53.49955	  69.49801	   7.50000	       14N
  53.49955	  73.75217	   7.50000	       14N
  56.31532	  65.24386	   7.50000	       14N
  56.31532	  69.49801	   7.50000	       14N
  56.31532	  73.75217	   7.50000	       14N
  59.13108	  65.24386	   7.50000	       14N
  59.13108	  69.49801	   7.50000	       15N
  59.13108	  73.75217	   7.50000	       14N
  61.94685	  65.24386	   7.50000	       14N
  61.94685	  69.49801	   7.50000	       14N
  61.94685	  73.75217	   7.50000	       14N
  64.76261	  65.24386	   7.50000	       14N
  64.76261	  69.49801	   7.50000	       14N
  64.76261	  73.75217	   7.50000	       14N
  67.57838	  65.24386	   7.50000	       14N
  67.57838	  69.49801	   7.50000	       14N
  67.57838	  73.75217	   7.50000	       14N
  70.39415	  65.24386	   7.50000	       14N
  70.39415	  69.49801	   7.50000	       14N
  70.39415	  73.75217	   7.50000	       14N
  73.20991	  65.24386	   7.50000	       14N
  73.20991	  69.49801	   7.50000	       14N
  73.20991	  73.75217	   7.50000	       14N
  52.09167	  78.69091	   7.50000	       11B
  54.90743	  78.69091	   7.50000	       10B
  57.72320	  78.69091	   7.50000	       11B
  60.53896	  78.69091	   7.50000	       10B
  63.35473	  78.69091	   7.50000	       11B
  66.17050	  78.69091	   7.50000	       11B
  68.98626	  78.69091	   7.50000	       11B
  71.80203	  78.69091	   7.50000	       11B
  74.61779	  78.69091	   7.50000	       11B
  50.68378	  78.00633	   7.50000	       14N
  53.49955	  78.00633	   7.50000	       14N
  56.31532	  78.00633	   7.50000	       14N
  59.13108	  78.00633	   7.50000	       14N
  61.94685	  78.00633	   7.50000	       14N
  64.76261	  78.00633	   7.50000	       14N
  67.57838	  78.00633	   7.50000	       14N
  70.39415	  78.00633	   7.50000	       14N
  73.20991	  78.00633	   7.50000	       14N
  77.43356	   2.11606	   7.50000	       11B
  77.43356	   6.37022	   7.50000	       10B
  77.43356	  10.62438	   7.50000	       11B
  76.02568	   4.24314	   7.50000	       11B
  76.02568	   8.49730	   7.50000	       11B
  76.02568	  12.75146	   7.50000	       11B
  78.84144	   4.24314	   7.50000	       10B
  78.84144	   8.49730	   7.50000	       11B
  78.84144	  12.75146	   7.50000	       11B
  77.43356	   3.55856	   7.50000	       14N
  77.43356	   7.81272	   7.50000	       14N
  77.43356	  12.06688	   7.50000	       14N
  76.02568	   1.43148	   7.50000	       14N
  76.02568	   5.68564	   7.50000	       14N
  76.02568	   9.93980	   7.50000	       14N
  78.84144	   1.43148	   7.50000	       14N
  78.84144	   5.68564	   7.50000	       14N
  78.84144	   9.93980	   7.50000	       14N
  77.43356	  14.87854	   7.50000	       11B
  77.43356	  19.13270	   7.50000	       10B
  77.43356	  23.38685	   7.50000	       11B
  76.02568	  17.00561	   7.50000	       11B
  76.02568	  21.25977	   7.50000	       11B
  76.02568	  25.51393	   7.50000	       11B
  78.84144	  17.00561	   7.50000	       11B
  78.84144	  21.25977	   7.50000	       11B
  78.84144	  25.51393	   7.50000	       10B
  77.43356	  16.32104	   7.50000	       14N
  77.43356	  20.57520	   7.50000	       14N
  77.43356	  24.82935	   7.50000	       14N
  76.02568	  14.19395	   7.50000	       14N
  76.02568	  18.44811	   7.50000	       14N
  76.02568	  22.70227	   7.50000	       14N
  78.84144	  14.19395	   7.50000	       14N
  78.84144	  18.44811	   7.50000	       14N
  78.84144	  22.70227	   7.50000	       14N
  77.43356	  27.64101	   7.50000	       11B
  77.43356	  31.89517	   7.50000	       11B
  77.43356	  36.14933	   7.50000	       10B
  76.02568	  29.76809	   7.50000	       11B
  76.02568	  34.02225	   7.50000	       10B
  76.02568	  38.27641	   7.50000	       10B
  78.84144	  29.76809	   7.50000	       10B
  78.84144	  34.02225	   7.50000	       10B
  78.84144	  38.27641	   7.50000	       11B
  77.43356	  29.08351	   7.50000	       14N
  77.43356	  33.33767	   7.50000	       14N
  77.43356	  37.59183	   7.50000	       14N
  76.02568	  26.95643	   7.50000	       14N
  76.02568	  31.21059	   7.50000	       14N
  76.02568	  35.46475	   7.50000	       14N
  78.84144	  26.95643	   7.50000	       14N
  78.84144	  31.21059	   7.50000	       14N
  78.84144	  35.46475	   7.50000	       14N
  77.43356	  40.40349	   7.50000	       11B
  77.43356	  44.65765	   7.50000	       11B
  77.43356	  48.91181	   7.50000	       10B
  76.02568	  42.53056	   7.50000	       11B
  76.02568	  46.78472	   7.50000	       10B
  76.02568	  51.03888	   7.50000	       11B
  78.84144	  42.53056	   7.50000	       11B
  78.84144	  46.78472	   7.50000	       11B
  78.84144	  51.03888	   7.50000	       11B
  77.43356	  41.84599	   7.50000	       14N
  77.43356	  46.10015	   7.50000	       14N
  77.43356	  50.35430	   7.50000	       14N
  76.02568	  39.71891	   7.50000	       14N
  76.02568	  43.97306	   7.50000	       14N
  76.02568	  48.22722	   7.50000	       14N
  78.84144	  39.71891	   7.50000	       14N
  78.84144	  43.97306	   7.50000	       14N
  78.84144	  48.22722	   7.50000	       14N
  77.43356	  53.16596	   7.50000	       11B
  77.43356	  57.42012	   7.50000	       11B
  77.43356	  61.67428	   7.50000	       10B
  76.02568	  55.29304	   7.50000	       11B
  76.02568	  59.54720	   7.50000	       11B
  76.02568	  63.80136	   7.50000	       11B
  78.84144	  55.29304	   7.50000	       11B
  78.84144	  59.54720	   7.50000	       11B
  78.84144	  63.80136	   7.50000	       11B
  77.43356	  54.60846	   7.50000	       14N
  77.43356	  58.86262	   7.50000	       14N
  77.43356	  63.11678	   7.50000	       14N
  76.02568	  52.48138	   7.50000	       14N
  76.02568	  56.73554	   7.50000	       14N
  76.02568	  60.98970	   7.50000	       14N
  78.84144	  52.48138	   7.50000	       14N
  78.84144	  56.73554	   7.50000	       14N
  78.84144	  60.98970	   7.50000	       14N
  77.43356	  65.92844	   7.50000	       11B
  77.43356	  70.18260	   7.50000	       11B
  77.43356	  74.43676	   7.50000	       10B
  76.02568	  68.05551	   7.50000	       11B
  76.02568	  72.30967	   7.50000	       11B
  76.02568	  76.56383	   7.50000	       11B
  78.84144	  68.05551	   7.50000	       11B
  78.84144	  72.30967	   7.50000	       11B
  78.84144	  76.56383	   7.50000	       11B
  77.43356	  67.37094	   7.50000	       14N
  77.43356	  71.62510	   7.50000	       14N
  77.43356	  75.87926	   7.50000	       14N
  76.02568	  65.24386	   7.50000	       14N
  76.02568	  69.49801	   7.50000	       14N
  76.02568	  73.75217	   7.50000	       14N
  78.84144	  65.24386	   7.50000	       14N
  78.84144	  69.49801	   7.50000	       14N
  78.84144	  73.75217	   7.50000	       14N
  77.43356	  78.69091	   7.50000	       10B
  76.02568	  78.00633	   7.50000	       14N
  78.84144	  78.00633	   7.50000	       14N
