--------------------------------------------------------------------------------------------------------------------------------------------------------------------------
  AtomName	    r_1i_X	    r_1i_Y	    r_1i_Z	  iso[MHz]	       Axx	       Axy	       Axz	       Ayx	       Ayy	       Ayz	       Azx	       Azy	       Azz
--------------------------------------------------------------------------------------------------------------------------------------------------------------------------
10B  g-factor___:   0.600215 [No-unit]
11B  g-factor___:   1.792433 [No-unit]
14N  g-factor___:   0.403761 [No-unit]
15N  g-factor___:  -0.566378 [No-unit]
10B  etc____:	---       	---       	---       	   0.00000
11B  etc____:	---       	---       	---       	   0.00000
14N  etc____:	---       	---       	---       	   0.00000
15N  etc____:	---       	---       	---       	   0.00000
MinDif[A]:	 -12.67095	  -6.38079	   0.00000
MaxDif[A]:	  11.27961	   6.34860	   0.00000
--------------------------------------------------------------------------------------------------------------------------------------------------------------------------
B         	 -11.27511	  -4.30078	   0.00000	  -0.00000	   0.06098	   0.00000	  -0.00000	   0.00000	  -0.01525	   0.00000	  -0.00000	   0.00000	  -0.03049
B         	 -11.27817	  -0.04228	   0.00000	   0.01525	   0.07623	  -0.00000	  -0.00000	  -0.00000	  -0.03049	  -0.00000	  -0.00000	  -0.00000	  -0.04574
B         	 -11.27286	   4.21060	   0.00000	  -0.00000	   0.06098	  -0.00000	   0.00000	  -0.00000	  -0.01525	   0.00000	   0.00000	   0.00000	  -0.03049
B         	  -8.48167	  -4.29830	   0.00000	  -0.01525	   0.07623	   0.03049	   0.00000	   0.03049	  -0.01525	   0.00000	   0.00000	   0.00000	  -0.06098
B         	  -8.49855	  -0.03811	   0.00000	   0.24392	   0.13721	  -0.03049	   0.00000	  -0.03049	  -0.04574	   0.00000	   0.00000	   0.00000	  -0.07623
B         	  -8.47183	   4.21446	   0.00000	  -0.00000	   0.06098	  -0.01525	  -0.00000	  -0.01525	  -0.00000	   0.00000	  -0.00000	   0.00000	  -0.06098
B         	  -5.68226	  -4.29756	   0.00000	  -0.21343	   0.13721	   0.09147	  -0.00000	   0.09147	   0.07623	  -0.00000	  -0.00000	  -0.00000	  -0.21343
B         	  -5.73708	  -0.02700	   0.00000	   2.62217	   0.51834	  -0.35064	   0.00000	  -0.35064	  -0.07623	  -0.00000	   0.00000	  -0.00000	  -0.42687
B         	  -5.65927	   4.22505	   0.00000	   0.07623	   0.07623	  -0.13721	  -0.00000	  -0.13721	   0.09147	   0.00000	  -0.00000	   0.00000	  -0.16770
B         	  -2.86377	  -4.27761	   0.00000	   6.44871	  -0.76226	  -0.12196	  -0.00000	  -0.12196	   1.87516	  -0.00000	  -0.00000	  -0.00000	  -1.11290
B         	  -3.01872	  -0.01665	   0.00000	   3.93326	   2.33251	  -2.72889	   0.00000	  -2.72889	   1.02143	   0.00000	   0.00000	   0.00000	  -3.35394
B         	  -2.82449	   4.23075	   0.00000	   4.58880	   0.53358	  -0.71652	  -0.00000	  -0.71652	   0.15245	  -0.00000	  -0.00000	  -0.00000	  -0.68603
B         	   0.00000	  -4.20806	   0.00000	  -0.68603	  -0.09147	  -0.00000	   0.00000	  -0.00000	   0.67079	   0.00000	   0.00000	   0.00000	  -0.57932
B         	   0.00000	   4.23161	   0.00000	  -0.65554	  -0.36588	   0.00000	   0.00000	   0.00000	   1.25011	   0.00000	   0.00000	   0.00000	  -0.88422
B         	   2.86377	  -4.27761	   0.00000	   6.44871	  -0.76226	   0.12196	   0.00000	   0.12196	   1.87516	  -0.00000	   0.00000	  -0.00000	  -1.11290
B         	   3.01872	  -0.01665	   0.00000	   3.93326	   2.33251	   2.72889	   0.00000	   2.72889	   1.02143	   0.00000	   0.00000	   0.00000	  -3.35394
B         	   2.82449	   4.23075	   0.00000	   4.58880	   0.53358	   0.71652	   0.00000	   0.71652	   0.15245	  -0.00000	   0.00000	  -0.00000	  -0.68603
B         	   5.68226	  -4.29756	   0.00000	  -0.21343	   0.13721	  -0.09147	   0.00000	  -0.09147	   0.07623	  -0.00000	   0.00000	  -0.00000	  -0.21343
B         	   5.73708	  -0.02700	   0.00000	   2.62217	   0.51834	   0.35064	   0.00000	   0.35064	  -0.07623	   0.00000	   0.00000	   0.00000	  -0.42687
B         	   5.65927	   4.22505	   0.00000	   0.07623	   0.07623	   0.13721	  -0.00000	   0.13721	   0.09147	   0.00000	  -0.00000	   0.00000	  -0.16770
B         	   8.48167	  -4.29830	   0.00000	  -0.01525	   0.07623	  -0.03049	  -0.00000	  -0.03049	  -0.01525	   0.00000	  -0.00000	   0.00000	  -0.06098
B         	   8.49855	  -0.03811	   0.00000	   0.24392	   0.13721	   0.03049	   0.00000	   0.03049	  -0.04574	  -0.00000	   0.00000	  -0.00000	  -0.07623
B         	   8.47183	   4.21446	   0.00000	  -0.00000	   0.06098	   0.01525	  -0.00000	   0.01525	  -0.00000	   0.00000	  -0.00000	   0.00000	  -0.06098
B         	  11.27511	  -4.30078	   0.00000	  -0.00000	   0.06098	  -0.00000	  -0.00000	  -0.00000	  -0.01525	  -0.00000	  -0.00000	  -0.00000	  -0.03049
B         	  11.27817	  -0.04228	   0.00000	   0.01525	   0.07623	   0.00000	  -0.00000	   0.00000	  -0.03049	   0.00000	  -0.00000	   0.00000	  -0.04574
B         	  11.27286	   4.21060	   0.00000	  -0.00000	   0.06098	   0.00000	  -0.00000	   0.00000	  -0.01525	  -0.00000	  -0.00000	  -0.00000	  -0.03049
B         	 -12.67095	  -2.17173	   0.00000	  -0.00000	   0.06098	   0.00000	  -0.00000	   0.00000	  -0.03049	   0.00000	  -0.00000	   0.00000	  -0.03049
B         	 -12.67095	   2.08362	   0.00000	  -0.00000	   0.06098	  -0.00000	  -0.00000	  -0.00000	  -0.03049	   0.00000	  -0.00000	   0.00000	  -0.03049
B         	 -12.67095	   6.33513	   0.00000	  -0.00000	   0.06098	  -0.00000	   0.00000	  -0.00000	  -0.01525	  -0.00000	   0.00000	  -0.00000	  -0.03049
B         	  -9.88609	  -2.17127	   0.00000	  -0.00000	   0.07623	   0.01525	   0.00000	   0.01525	  -0.03049	  -0.00000	   0.00000	  -0.00000	  -0.04574
B         	  -9.87746	   2.08770	   0.00000	  -0.00000	   0.07623	  -0.01525	   0.00000	  -0.01525	  -0.03049	  -0.00000	   0.00000	  -0.00000	  -0.04574
B         	  -9.87292	   6.33651	   0.00000	  -0.00000	   0.06098	   0.00000	  -0.00000	   0.00000	  -0.01525	   0.00000	  -0.00000	   0.00000	  -0.04574
B         	  -7.09942	  -2.16815	   0.00000	  -0.12196	   0.18294	   0.06098	  -0.00000	   0.06098	  -0.04574	   0.00000	  -0.00000	   0.00000	  -0.13721
B         	  -7.08031	   2.09697	   0.00000	  -0.03049	   0.12196	  -0.06098	   0.00000	  -0.06098	  -0.01525	   0.00000	   0.00000	   0.00000	  -0.10672
B         	  -7.07160	   6.34005	   0.00000	  -0.01525	   0.06098	  -0.00000	  -0.00000	  -0.00000	   0.03049	   0.00000	  -0.00000	   0.00000	  -0.09147
B         	  -4.31852	  -2.16112	   0.00000	  -2.13433	   0.80799	   0.38113	   0.00000	   0.38113	   0.07623	  -0.00000	   0.00000	  -0.00000	  -0.88422
B         	  -4.26780	   2.11102	   0.00000	  -0.47260	   0.38113	  -0.33539	  -0.00000	  -0.33539	   0.09147	   0.00000	  -0.00000	   0.00000	  -0.47260
B         	  -4.25181	   6.34860	   0.00000	   0.76226	  -0.06098	  -0.10672	   0.00000	  -0.10672	   0.33539	  -0.00000	   0.00000	  -0.00000	  -0.27441
B         	  -1.47429	  -2.10385	   0.00000	  -5.41204	  -0.76226	  -2.24104	   0.00000	  -2.24104	   5.41204	   0.00000	   0.00000	   0.00000	  -4.63454
B         	  -1.38984	   2.06578	   0.00000	  -7.50063	   4.39061	  -1.84467	  -0.00000	  -1.84467	  -0.39637	  -0.00000	  -0.00000	  -0.00000	  -3.99424
B         	  -1.41118	  -6.38079	   0.00000	  -0.12196	  -0.16770	  -0.03049	  -0.00000	  -0.03049	   0.44211	  -0.00000	  -0.00000	  -0.00000	  -0.27441
B         	   1.47429	  -2.10385	   0.00000	  -5.41204	  -0.76226	   2.24104	  -0.00000	   2.24104	   5.41204	   0.00000	  -0.00000	   0.00000	  -4.63454
B         	   1.38984	   2.06578	   0.00000	  -7.50063	   4.39061	   1.84467	  -0.00000	   1.84467	  -0.39637	  -0.00000	  -0.00000	  -0.00000	  -3.99424
B         	   1.41118	  -6.38079	   0.00000	  -0.12196	  -0.16770	   0.03049	   0.00000	   0.03049	   0.44211	  -0.00000	   0.00000	  -0.00000	  -0.27441
B         	   4.31852	  -2.16112	   0.00000	  -2.13433	   0.80799	  -0.38113	   0.00000	  -0.38113	   0.07623	   0.00000	   0.00000	   0.00000	  -0.88422
B         	   4.26780	   2.11102	   0.00000	  -0.47260	   0.38113	   0.33539	  -0.00000	   0.33539	   0.09147	  -0.00000	  -0.00000	  -0.00000	  -0.47260
B         	   4.25181	   6.34860	   0.00000	   0.76226	  -0.06098	   0.10672	  -0.00000	   0.10672	   0.33539	  -0.00000	  -0.00000	  -0.00000	  -0.27441
B         	   7.09942	  -2.16815	   0.00000	  -0.12196	   0.18294	  -0.06098	   0.00000	  -0.06098	  -0.04574	  -0.00000	   0.00000	  -0.00000	  -0.13721
B         	   7.08031	   2.09697	   0.00000	  -0.03049	   0.12196	   0.06098	   0.00000	   0.06098	  -0.01525	  -0.00000	   0.00000	  -0.00000	  -0.10672
B         	   7.07160	   6.34005	   0.00000	  -0.01525	   0.06098	   0.00000	  -0.00000	   0.00000	   0.03049	   0.00000	  -0.00000	   0.00000	  -0.09147
B         	   9.88609	  -2.17127	   0.00000	  -0.00000	   0.07623	  -0.01525	   0.00000	  -0.01525	  -0.03049	   0.00000	   0.00000	   0.00000	  -0.04574
B         	   9.87746	   2.08770	   0.00000	  -0.00000	   0.07623	   0.01525	   0.00000	   0.01525	  -0.03049	   0.00000	   0.00000	   0.00000	  -0.04574
B         	   9.87292	   6.33651	   0.00000	  -0.00000	   0.06098	  -0.00000	  -0.00000	  -0.00000	  -0.01525	   0.00000	  -0.00000	   0.00000	  -0.04574
N         	 -11.27961	  -2.85803	   0.00000	   0.00000	   0.06098	   0.00000	  -0.00000	   0.00000	  -0.03049	  -0.00000	  -0.00000	  -0.00000	  -0.04574
N         	 -11.27845	   1.40043	   0.00000	  -0.00000	   0.06098	  -0.00000	  -0.00000	  -0.00000	  -0.03049	   0.00000	  -0.00000	   0.00000	  -0.03049
N         	 -11.27512	   5.65313	   0.00000	   0.00000	   0.06098	   0.00000	   0.00000	   0.00000	  -0.01525	  -0.00000	   0.00000	  -0.00000	  -0.03049
N         	  -8.49585	  -2.85653	   0.00000	   0.09147	   0.10672	   0.04574	   0.00000	   0.04574	  -0.01525	  -0.00000	   0.00000	  -0.00000	  -0.07623
N         	  -8.49389	   1.40594	   0.00000	  -0.01525	   0.10672	  -0.03049	   0.00000	  -0.03049	  -0.03049	   0.00000	   0.00000	   0.00000	  -0.06098
N         	  -8.48027	   5.65689	   0.00000	   0.03049	   0.06098	   0.00000	  -0.00000	   0.00000	   0.00000	  -0.00000	  -0.00000	  -0.00000	  -0.06098
N         	  -5.71251	  -2.85825	   0.00000	   1.63123	   0.32015	   0.59456	  -0.00000	   0.59456	   0.15245	  -0.00000	  -0.00000	  -0.00000	  -0.47260
N         	  -5.71036	   1.41888	   0.00000	  -0.15245	   0.24392	  -0.10672	  -0.00000	  -0.10672	  -0.01525	   0.00000	  -0.00000	   0.00000	  -0.22868
N         	  -5.67264	   5.66705	   0.00000	   0.21343	  -0.03049	   0.07623	   0.00000	   0.07623	   0.24392	  -0.00000	   0.00000	  -0.00000	  -0.22868
N         	  -2.92095	  -2.85244	   0.00000	  50.90368	   1.76844	  12.21139	   0.00000	  12.21139	   6.32675	  -0.00000	   0.00000	  -0.00000	  -8.09519
N         	  -2.91846	   1.42971	   0.00000	   5.83891	  -1.15863	   0.25917	   0.00000	   0.25917	   4.45159	   0.00000	   0.00000	   0.00000	  -3.29296
N         	  -2.83544	   5.68072	   0.00000	   2.66791	  -0.09147	  -0.38113	  -0.00000	  -0.38113	   0.54883	   0.00000	  -0.00000	   0.00000	  -0.45736
N         	   0.00000	  -2.75994	   0.00000	  10.10756	   4.23816	   0.00000	  -0.00000	   0.00000	  -0.79275	  -0.00000	  -0.00000	  -0.00000	  -3.44541
N         	   0.00000	   5.68838	   0.00000	  -0.09147	  -0.19819	  -0.00000	  -0.00000	  -0.00000	   0.51834	  -0.00000	  -0.00000	  -0.00000	  -0.32015
N         	   2.92095	  -2.85244	   0.00000	  50.90368	   1.76844	 -12.21139	   0.00000	 -12.21139	   6.32675	  -0.00000	   0.00000	  -0.00000	  -8.09519
N         	   2.91846	   1.42971	   0.00000	   5.83891	  -1.15863	  -0.25917	   0.00000	  -0.25917	   4.45159	   0.00000	   0.00000	   0.00000	  -3.29296
N         	   2.83544	   5.68072	   0.00000	   2.66791	  -0.09147	   0.38113	   0.00000	   0.38113	   0.54883	  -0.00000	   0.00000	  -0.00000	  -0.45736
N         	   5.71251	  -2.85825	   0.00000	   1.63123	   0.32015	  -0.59456	  -0.00000	  -0.59456	   0.15245	  -0.00000	  -0.00000	  -0.00000	  -0.47260
N         	   5.71036	   1.41888	   0.00000	  -0.15245	   0.24392	   0.10672	  -0.00000	   0.10672	  -0.01525	   0.00000	  -0.00000	   0.00000	  -0.22868
N         	   5.67264	   5.66705	   0.00000	   0.21343	  -0.03049	  -0.07623	  -0.00000	  -0.07623	   0.24392	   0.00000	  -0.00000	   0.00000	  -0.22868
N         	   8.49585	  -2.85653	   0.00000	   0.09147	   0.10672	  -0.04574	   0.00000	  -0.04574	  -0.01525	  -0.00000	   0.00000	  -0.00000	  -0.07623
N         	   8.49389	   1.40594	   0.00000	  -0.01525	   0.10672	   0.03049	   0.00000	   0.03049	  -0.03049	  -0.00000	   0.00000	  -0.00000	  -0.06098
N         	   8.48027	   5.65689	   0.00000	   0.03049	   0.06098	  -0.00000	   0.00000	  -0.00000	   0.00000	  -0.00000	   0.00000	  -0.00000	  -0.06098
N         	  11.27961	  -2.85803	   0.00000	   0.00000	   0.06098	  -0.00000	  -0.00000	  -0.00000	  -0.03049	   0.00000	  -0.00000	   0.00000	  -0.04574
N         	  11.27845	   1.40043	   0.00000	  -0.00000	   0.06098	   0.00000	  -0.00000	   0.00000	  -0.03049	   0.00000	  -0.00000	   0.00000	  -0.03049
N         	  11.27512	   5.65313	   0.00000	   0.00000	   0.06098	  -0.00000	  -0.00000	  -0.00000	  -0.01525	  -0.00000	  -0.00000	  -0.00000	  -0.03049
N         	 -12.67095	  -4.98497	   0.00000	   0.00000	   0.06098	  -0.00000	   0.00000	  -0.00000	  -0.01525	  -0.00000	   0.00000	  -0.00000	  -0.03049
N         	 -12.67095	  -0.72905	   0.00000	   0.01525	   0.07623	   0.00000	  -0.00000	   0.00000	  -0.03049	   0.00000	  -0.00000	   0.00000	  -0.04574
N         	 -12.67095	   3.52681	   0.00000	  -0.00000	   0.06098	   0.00000	   0.00000	   0.00000	  -0.01525	   0.00000	   0.00000	   0.00000	  -0.03049
N         	  -9.88147	  -4.98362	   0.00000	   0.01525	   0.06098	   0.01525	  -0.00000	   0.01525	  -0.01525	   0.00000	  -0.00000	   0.00000	  -0.04574
N         	  -9.89296	  -0.72796	   0.00000	   0.09147	   0.10672	   0.01525	   0.00000	   0.01525	  -0.04574	   0.00000	   0.00000	   0.00000	  -0.06098
N         	  -9.88007	   3.53033	   0.00000	   0.00000	   0.06098	  -0.01525	   0.00000	  -0.01525	  -0.01525	   0.00000	   0.00000	   0.00000	  -0.04574
N         	  -7.08756	  -4.98168	   0.00000	   0.21343	   0.06098	   0.10672	  -0.00000	   0.10672	   0.06098	  -0.00000	  -0.00000	  -0.00000	  -0.13721
N         	  -7.12433	  -0.72365	   0.00000	   1.35682	   0.47260	   0.19819	  -0.00000	   0.19819	  -0.18294	   0.00000	  -0.00000	   0.00000	  -0.28966
N         	  -7.08321	   3.54054	   0.00000	  -0.00000	   0.07623	  -0.04574	   0.00000	  -0.04574	   0.01525	   0.00000	   0.00000	   0.00000	  -0.09147
N         	  -4.27675	  -4.97543	   0.00000	   4.61929	   0.04574	   1.23486	  -0.00000	   1.23486	   0.92996	  -0.00000	  -0.00000	  -0.00000	  -0.97569
N         	  -4.39417	  -0.71877	   0.00000	  21.49571	   5.30532	   4.00948	   0.00000	   4.00948	  -1.73795	  -0.00000	   0.00000	  -0.00000	  -3.56737
N         	  -4.27039	   3.55816	   0.00000	   1.35682	   0.10672	  -0.38113	   0.00000	  -0.38113	   0.30490	   0.00000	   0.00000	   0.00000	  -0.41162
N         	  -1.42429	  -4.93362	   0.00000	   0.09147	  -0.04574	   0.13721	  -0.00000	   0.13721	   0.51834	  -0.00000	  -0.00000	  -0.00000	  -0.45736
N         	  -1.42668	   3.54707	   0.00000	  31.14592	  -2.01236	  -4.34488	  -0.00000	  -4.34488	   6.00660	   0.00000	  -0.00000	   0.00000	  -3.97899
N         	   1.42429	  -4.93362	   0.00000	   0.09147	  -0.04574	  -0.13721	   0.00000	  -0.13721	   0.51834	  -0.00000	   0.00000	  -0.00000	  -0.45736
N         	   1.42668	   3.54707	   0.00000	  31.14592	  -2.01236	   4.34488	   0.00000	   4.34488	   6.00660	   0.00000	   0.00000	   0.00000	  -3.97899
N         	   4.27675	  -4.97543	   0.00000	   4.61929	   0.04574	  -1.23486	  -0.00000	  -1.23486	   0.92996	  -0.00000	  -0.00000	  -0.00000	  -0.97569
N         	   4.39417	  -0.71877	   0.00000	  21.49571	   5.30532	  -4.00948	   0.00000	  -4.00948	  -1.73795	  -0.00000	   0.00000	  -0.00000	  -3.56737
N         	   4.27039	   3.55816	   0.00000	   1.35682	   0.10672	   0.38113	  -0.00000	   0.38113	   0.30490	   0.00000	  -0.00000	   0.00000	  -0.41162
N         	   7.08756	  -4.98168	   0.00000	   0.21343	   0.06098	  -0.10672	  -0.00000	  -0.10672	   0.06098	  -0.00000	  -0.00000	  -0.00000	  -0.13721
N         	   7.12433	  -0.72365	   0.00000	   1.35682	   0.47260	  -0.19819	  -0.00000	  -0.19819	  -0.18294	  -0.00000	  -0.00000	  -0.00000	  -0.28966
N         	   7.08321	   3.54054	   0.00000	  -0.00000	   0.07623	   0.04574	   0.00000	   0.04574	   0.01525	  -0.00000	   0.00000	  -0.00000	  -0.09147
N         	   9.88147	  -4.98362	   0.00000	   0.01525	   0.06098	  -0.01525	  -0.00000	  -0.01525	  -0.01525	   0.00000	  -0.00000	   0.00000	  -0.04574
N         	   9.89296	  -0.72796	   0.00000	   0.09147	   0.10672	  -0.01525	   0.00000	  -0.01525	  -0.04574	   0.00000	   0.00000	   0.00000	  -0.06098
N         	   9.88007	   3.53033	   0.00000	   0.00000	   0.06098	   0.01525	   0.00000	   0.01525	  -0.01525	   0.00000	   0.00000	   0.00000	  -0.04574
N         	   1.80171	  -0.76214	   0.00000	 205.73379	  49.76029	-104.07889	   0.00000	-104.07889	  15.71779	   0.00000	   0.00000	   0.00000	 -65.47807
N         	  -1.80171	  -0.76214	   0.00000	 205.73379	  49.76029	 104.07889	   0.00000	 104.07889	  15.71779	   0.00000	   0.00000	   0.00000	 -65.47807
N         	   0.00000	   1.52428	   0.00000	 227.06180	 -70.70717	  -0.00000	  -0.00000	  -0.00000	 137.35913	   0.00000	  -0.00000	   0.00000	 -66.66720
