--------------------------------------------------------------------------------------------------------------------------------------------------------------------------
  AtomName	    r_1i_X	    r_1i_Y	    r_1i_Z	     EFGxx	     EFGxy	     EFGxz	     EFGyx	     EFGyy	     EFGyz	     EFGzx	     EFGzy	     EFGzz	[Hatree/Bohr_radius^2]
--------------------------------------------------------------------------------------------------------------------------------------------------------------------------
10B  eQ___:	  8.459000	[Q/milibarn]*(10^-1)
11B  eQ___:	  4.059000	[Q/milibarn]*(10^-1)
14N  eQ___:	  2.044000	[Q/milibarn]*(10^-1)
15N  eQ___:	  0.000000	[Q/milibarn]*(10^-1)
10B  etc____:	---       	---       	---       	  -0.11970	  -0.00000	   0.00000	  -0.00000	  -0.19779	   0.00000	   0.00000	   0.00000	   0.31749
11B  etc____:	---       	---       	---       	  -0.11970	  -0.00000	   0.00000	  -0.00000	  -0.19779	   0.00000	   0.00000	   0.00000	   0.31749
14N  etc____:	---       	---       	---       	   0.26796	  -0.00000	   0.00000	  -0.00000	  -0.16274	  -0.00000	   0.00000	  -0.00000	  -0.10522
15N  etc____:	---       	---       	---       	   0.26796	  -0.00000	   0.00000	  -0.00000	  -0.16274	  -0.00000	   0.00000	  -0.00000	  -0.10522
MinDif[A]:	 -12.67095	  -6.38079	   0.00000
MaxDif[A]:	  11.27961	   6.34860	   0.00000
--------------------------------------------------------------------------------------------------------------------------------------------------------------------------
B         	 -11.27511	  -4.30078	   0.00000	  -0.11936	   0.00296	   0.00000	   0.00296	  -0.19802	  -0.00000	   0.00000	  -0.00000	   0.31738
B         	 -11.27817	  -0.04228	   0.00000	  -0.11981	   0.00466	   0.00000	   0.00466	  -0.19878	   0.00000	   0.00000	   0.00000	   0.31858
B         	 -11.27286	   4.21060	   0.00000	  -0.11978	   0.00440	  -0.00000	   0.00440	  -0.19776	  -0.00000	  -0.00000	  -0.00000	   0.31753
B         	  -8.48167	  -4.29830	   0.00000	  -0.11693	   0.00820	  -0.00000	   0.00820	  -0.19918	  -0.00000	  -0.00000	  -0.00000	   0.31611
B         	  -8.49855	  -0.03811	   0.00000	  -0.12096	   0.01281	  -0.00000	   0.01281	  -0.19846	   0.00000	  -0.00000	   0.00000	   0.31942
B         	  -8.47183	   4.21446	   0.00000	  -0.12003	   0.01500	   0.00000	   0.01500	  -0.19666	  -0.00000	   0.00000	  -0.00000	   0.31669
B         	  -5.68226	  -4.29756	   0.00000	  -0.11144	   0.01107	   0.00000	   0.01107	  -0.20075	   0.00000	   0.00000	   0.00000	   0.31220
B         	  -5.73708	  -0.02700	   0.00000	  -0.12461	   0.02395	  -0.00000	   0.02395	  -0.19865	  -0.00000	  -0.00000	  -0.00000	   0.32327
B         	  -5.65927	   4.22505	   0.00000	  -0.11767	   0.02446	  -0.00000	   0.02446	  -0.19568	  -0.00000	  -0.00000	  -0.00000	   0.31335
B         	  -2.86377	  -4.27761	   0.00000	  -0.09370	   0.01406	  -0.00000	   0.01406	  -0.20832	  -0.00000	  -0.00000	  -0.00000	   0.30202
B         	  -3.01872	  -0.01665	   0.00000	  -0.11437	   0.04845	  -0.00000	   0.04845	  -0.20929	  -0.00000	  -0.00000	  -0.00000	   0.32366
B         	  -2.82449	   4.23075	   0.00000	  -0.11289	   0.02478	   0.00000	   0.02478	  -0.19288	  -0.00000	   0.00000	  -0.00000	   0.30577
B         	   0.00000	  -4.20806	   0.00000	  -0.07962	  -0.00000	  -0.00000	  -0.00000	  -0.21163	   0.00000	  -0.00000	   0.00000	   0.29125
B         	   0.00000	   4.23161	   0.00000	  -0.11634	  -0.00000	   0.00000	  -0.00000	  -0.18626	  -0.00000	   0.00000	  -0.00000	   0.30260
B         	   2.86377	  -4.27761	   0.00000	  -0.09370	  -0.01406	   0.00000	  -0.01406	  -0.20832	  -0.00000	   0.00000	  -0.00000	   0.30202
B         	   3.01872	  -0.01665	   0.00000	  -0.11437	  -0.04845	   0.00000	  -0.04845	  -0.20929	  -0.00000	   0.00000	  -0.00000	   0.32366
B         	   2.82449	   4.23075	   0.00000	  -0.11289	  -0.02478	  -0.00000	  -0.02478	  -0.19288	  -0.00000	  -0.00000	  -0.00000	   0.30577
B         	   5.68226	  -4.29756	   0.00000	  -0.11144	  -0.01107	  -0.00000	  -0.01107	  -0.20075	  -0.00000	  -0.00000	  -0.00000	   0.31220
B         	   5.73708	  -0.02700	   0.00000	  -0.12461	  -0.02395	  -0.00000	  -0.02395	  -0.19865	  -0.00000	  -0.00000	  -0.00000	   0.32327
B         	   5.65927	   4.22505	   0.00000	  -0.11767	  -0.02446	   0.00000	  -0.02446	  -0.19568	  -0.00000	   0.00000	  -0.00000	   0.31335
B         	   8.48167	  -4.29830	   0.00000	  -0.11693	  -0.00820	   0.00000	  -0.00820	  -0.19918	  -0.00000	   0.00000	  -0.00000	   0.31611
B         	   8.49855	  -0.03811	   0.00000	  -0.12096	  -0.01281	   0.00000	  -0.01281	  -0.19846	  -0.00000	   0.00000	  -0.00000	   0.31942
B         	   8.47183	   4.21446	   0.00000	  -0.12003	  -0.01500	  -0.00000	  -0.01500	  -0.19666	  -0.00000	  -0.00000	  -0.00000	   0.31669
B         	  11.27511	  -4.30078	   0.00000	  -0.11936	  -0.00296	  -0.00000	  -0.00296	  -0.19802	   0.00000	  -0.00000	   0.00000	   0.31738
B         	  11.27817	  -0.04228	   0.00000	  -0.11981	  -0.00466	  -0.00000	  -0.00466	  -0.19878	  -0.00000	  -0.00000	  -0.00000	   0.31858
B         	  11.27286	   4.21060	   0.00000	  -0.11978	  -0.00440	   0.00000	  -0.00440	  -0.19776	   0.00000	   0.00000	   0.00000	   0.31753
B         	 -12.67095	  -2.17173	   0.00000	  -0.11892	   0.00000	  -0.00000	   0.00000	  -0.19885	  -0.00000	  -0.00000	  -0.00000	   0.31777
B         	 -12.67095	   2.08362	   0.00000	  -0.12059	  -0.00000	   0.00000	  -0.00000	  -0.19758	  -0.00000	   0.00000	  -0.00000	   0.31817
B         	 -12.67095	   6.33513	   0.00000	  -0.11970	  -0.00000	   0.00000	  -0.00000	  -0.19779	   0.00000	   0.00000	   0.00000	   0.31749
B         	  -9.88609	  -2.17127	   0.00000	  -0.11920	   0.00502	   0.00000	   0.00502	  -0.19835	  -0.00000	   0.00000	  -0.00000	   0.31754
B         	  -9.87746	   2.08770	   0.00000	  -0.11981	   0.01168	  -0.00000	   0.01168	  -0.19809	  -0.00000	  -0.00000	  -0.00000	   0.31789
B         	  -9.87292	   6.33651	   0.00000	  -0.11901	   0.00812	  -0.00000	   0.00812	  -0.19779	  -0.00000	  -0.00000	  -0.00000	   0.31681
B         	  -7.09942	  -2.16815	   0.00000	  -0.11802	   0.01238	   0.00000	   0.01238	  -0.19816	   0.00000	   0.00000	   0.00000	   0.31618
B         	  -7.08031	   2.09697	   0.00000	  -0.12063	   0.02677	  -0.00000	   0.02677	  -0.19616	   0.00000	  -0.00000	   0.00000	   0.31679
B         	  -7.07160	   6.34005	   0.00000	  -0.11637	   0.01232	   0.00000	   0.01232	  -0.19847	  -0.00000	   0.00000	  -0.00000	   0.31484
B         	  -4.31852	  -2.16112	   0.00000	  -0.11071	   0.01823	   0.00000	   0.01823	  -0.19769	   0.00000	   0.00000	   0.00000	   0.30839
B         	  -4.26780	   2.11102	   0.00000	  -0.11989	   0.04822	  -0.00000	   0.04822	  -0.18931	   0.00000	  -0.00000	   0.00000	   0.30919
B         	  -4.25181	   6.34860	   0.00000	  -0.10925	   0.01318	  -0.00000	   0.01318	  -0.20144	  -0.00000	  -0.00000	  -0.00000	   0.31069
B         	  -1.47429	  -2.10385	   0.00000	  -0.06131	   0.07778	  -0.00000	   0.07778	  -0.20483	   0.00000	  -0.00000	   0.00000	   0.26614
B         	  -1.38984	   2.06578	   0.00000	  -0.13705	   0.05441	   0.00000	   0.05441	  -0.14248	   0.00000	   0.00000	   0.00000	   0.27953
B         	  -1.41118	  -6.38079	   0.00000	  -0.10206	   0.00961	   0.00000	   0.00961	  -0.20114	  -0.00000	   0.00000	  -0.00000	   0.30322
B         	   1.47429	  -2.10385	   0.00000	  -0.06131	  -0.07778	   0.00000	  -0.07778	  -0.20483	   0.00000	   0.00000	   0.00000	   0.26614
B         	   1.38984	   2.06578	   0.00000	  -0.13705	  -0.05441	   0.00000	  -0.05441	  -0.14248	  -0.00000	   0.00000	  -0.00000	   0.27953
B         	   1.41118	  -6.38079	   0.00000	  -0.10206	  -0.00961	  -0.00000	  -0.00961	  -0.20114	   0.00000	  -0.00000	   0.00000	   0.30322
B         	   4.31852	  -2.16112	   0.00000	  -0.11071	  -0.01823	  -0.00000	  -0.01823	  -0.19769	   0.00000	  -0.00000	   0.00000	   0.30839
B         	   4.26780	   2.11102	   0.00000	  -0.11989	  -0.04822	   0.00000	  -0.04822	  -0.18931	  -0.00000	   0.00000	  -0.00000	   0.30919
B         	   4.25181	   6.34860	   0.00000	  -0.10925	  -0.01318	  -0.00000	  -0.01318	  -0.20144	   0.00000	  -0.00000	   0.00000	   0.31069
B         	   7.09942	  -2.16815	   0.00000	  -0.11802	  -0.01238	  -0.00000	  -0.01238	  -0.19816	   0.00000	  -0.00000	   0.00000	   0.31618
B         	   7.08031	   2.09697	   0.00000	  -0.12063	  -0.02677	   0.00000	  -0.02677	  -0.19616	   0.00000	   0.00000	   0.00000	   0.31679
B         	   7.07160	   6.34005	   0.00000	  -0.11637	  -0.01232	   0.00000	  -0.01232	  -0.19847	  -0.00000	   0.00000	  -0.00000	   0.31484
B         	   9.88609	  -2.17127	   0.00000	  -0.11920	  -0.00502	   0.00000	  -0.00502	  -0.19835	   0.00000	   0.00000	   0.00000	   0.31754
B         	   9.87746	   2.08770	   0.00000	  -0.11981	  -0.01168	  -0.00000	  -0.01168	  -0.19809	   0.00000	  -0.00000	   0.00000	   0.31789
B         	   9.87292	   6.33651	   0.00000	  -0.11901	  -0.00812	   0.00000	  -0.00812	  -0.19779	   0.00000	   0.00000	   0.00000	   0.31681
N         	 -11.27961	  -2.85803	   0.00000	   0.25978	  -0.00344	   0.00000	  -0.00344	  -0.15741	   0.00000	   0.00000	   0.00000	  -0.10237
N         	 -11.27845	   1.40043	   0.00000	   0.26524	   0.00213	   0.00000	   0.00213	  -0.15700	  -0.00000	   0.00000	  -0.00000	  -0.10825
N         	 -11.27512	   5.65313	   0.00000	   0.27357	  -0.00026	  -0.00000	  -0.00026	  -0.16469	   0.00000	  -0.00000	   0.00000	  -0.10888
N         	  -8.49585	  -2.85653	   0.00000	   0.25865	  -0.01292	   0.00000	  -0.01292	  -0.16020	   0.00000	   0.00000	   0.00000	  -0.09844
N         	  -8.49389	   1.40594	   0.00000	   0.26559	   0.00964	  -0.00000	   0.00964	  -0.15356	  -0.00000	  -0.00000	  -0.00000	  -0.11203
N         	  -8.48027	   5.65689	   0.00000	   0.27998	  -0.00191	   0.00000	  -0.00191	  -0.16910	   0.00000	   0.00000	   0.00000	  -0.11087
N         	  -5.71251	  -2.85825	   0.00000	   0.25551	  -0.03013	   0.00000	  -0.03013	  -0.16318	   0.00000	   0.00000	   0.00000	  -0.09233
N         	  -5.71036	   1.41888	   0.00000	   0.27450	   0.03184	  -0.00000	   0.03184	  -0.15152	  -0.00000	  -0.00000	  -0.00000	  -0.12298
N         	  -5.67264	   5.66705	   0.00000	   0.29863	   0.00017	  -0.00000	   0.00017	  -0.17958	   0.00000	  -0.00000	   0.00000	  -0.11905
N         	  -2.92095	  -2.85244	   0.00000	   0.32234	   0.01704	  -0.00000	   0.01704	  -0.16679	   0.00000	  -0.00000	   0.00000	  -0.15555
N         	  -2.91846	   1.42971	   0.00000	   0.31778	   0.07605	   0.00000	   0.07605	  -0.15064	   0.00000	   0.00000	   0.00000	  -0.16714
N         	  -2.83544	   5.68072	   0.00000	   0.31280	   0.00617	   0.00000	   0.00617	  -0.16710	  -0.00000	   0.00000	  -0.00000	  -0.14570
N         	   0.00000	  -2.75994	   0.00000	   0.40475	   0.00000	   0.00000	   0.00000	  -0.16704	   0.00000	   0.00000	   0.00000	  -0.23771
N         	   0.00000	   5.68838	   0.00000	   0.30101	   0.00000	   0.00000	   0.00000	  -0.15399	   0.00000	   0.00000	   0.00000	  -0.14702
N         	   2.92095	  -2.85244	   0.00000	   0.32234	  -0.01704	  -0.00000	  -0.01704	  -0.16679	   0.00000	  -0.00000	   0.00000	  -0.15555
N         	   2.91846	   1.42971	   0.00000	   0.31778	  -0.07605	   0.00000	  -0.07605	  -0.15064	  -0.00000	   0.00000	  -0.00000	  -0.16714
N         	   2.83544	   5.68072	   0.00000	   0.31280	  -0.00617	  -0.00000	  -0.00617	  -0.16710	   0.00000	  -0.00000	   0.00000	  -0.14570
N         	   5.71251	  -2.85825	   0.00000	   0.25551	   0.03013	  -0.00000	   0.03013	  -0.16318	   0.00000	  -0.00000	   0.00000	  -0.09233
N         	   5.71036	   1.41888	   0.00000	   0.27450	  -0.03184	  -0.00000	  -0.03184	  -0.15152	  -0.00000	  -0.00000	  -0.00000	  -0.12298
N         	   5.67264	   5.66705	   0.00000	   0.29863	  -0.00017	   0.00000	  -0.00017	  -0.17958	  -0.00000	   0.00000	  -0.00000	  -0.11905
N         	   8.49585	  -2.85653	   0.00000	   0.25865	   0.01292	   0.00000	   0.01292	  -0.16020	   0.00000	   0.00000	   0.00000	  -0.09844
N         	   8.49389	   1.40594	   0.00000	   0.26559	  -0.00964	   0.00000	  -0.00964	  -0.15356	  -0.00000	   0.00000	  -0.00000	  -0.11203
N         	   8.48027	   5.65689	   0.00000	   0.27998	   0.00191	  -0.00000	   0.00191	  -0.16910	   0.00000	  -0.00000	   0.00000	  -0.11087
N         	  11.27961	  -2.85803	   0.00000	   0.25978	   0.00344	   0.00000	   0.00344	  -0.15741	   0.00000	   0.00000	   0.00000	  -0.10237
N         	  11.27845	   1.40043	   0.00000	   0.26524	  -0.00213	  -0.00000	  -0.00213	  -0.15700	   0.00000	  -0.00000	   0.00000	  -0.10825
N         	  11.27512	   5.65313	   0.00000	   0.27357	   0.00026	   0.00000	   0.00026	  -0.16469	   0.00000	   0.00000	   0.00000	  -0.10888
N         	 -12.67095	  -4.98497	   0.00000	   0.26796	  -0.00000	   0.00000	  -0.00000	  -0.16274	  -0.00000	   0.00000	  -0.00000	  -0.10522
N         	 -12.67095	  -0.72905	   0.00000	   0.25682	   0.00000	  -0.00000	   0.00000	  -0.15363	  -0.00000	  -0.00000	  -0.00000	  -0.10320
N         	 -12.67095	   3.52681	   0.00000	   0.27116	  -0.00000	  -0.00000	  -0.00000	  -0.16080	  -0.00000	  -0.00000	  -0.00000	  -0.11037
N         	  -9.88147	  -4.98362	   0.00000	   0.26923	  -0.00605	  -0.00000	  -0.00605	  -0.16414	  -0.00000	  -0.00000	  -0.00000	  -0.10509
N         	  -9.89296	  -0.72796	   0.00000	   0.25031	  -0.00203	  -0.00000	  -0.00203	  -0.14983	   0.00000	  -0.00000	   0.00000	  -0.10048
N         	  -9.88007	   3.53033	   0.00000	   0.27534	   0.00284	   0.00000	   0.00284	  -0.16355	  -0.00000	   0.00000	  -0.00000	  -0.11180
N         	  -7.08756	  -4.98168	   0.00000	   0.27606	  -0.01428	   0.00000	  -0.01428	  -0.17175	  -0.00000	   0.00000	  -0.00000	  -0.10432
N         	  -7.12433	  -0.72365	   0.00000	   0.22635	  -0.00838	   0.00000	  -0.00838	  -0.13537	  -0.00000	   0.00000	  -0.00000	  -0.09098
N         	  -7.08321	   3.54054	   0.00000	   0.28838	   0.01172	  -0.00000	   0.01172	  -0.16796	  -0.00000	  -0.00000	  -0.00000	  -0.12042
N         	  -4.27675	  -4.97543	   0.00000	   0.29634	  -0.01379	  -0.00000	  -0.01379	  -0.17582	   0.00000	  -0.00000	   0.00000	  -0.12052
N         	  -4.39417	  -0.71877	   0.00000	   0.17952	  -0.00487	   0.00000	  -0.00487	  -0.10675	   0.00000	   0.00000	   0.00000	  -0.07278
N         	  -4.27039	   3.55816	   0.00000	   0.31265	   0.02249	   0.00000	   0.02249	  -0.17445	  -0.00000	   0.00000	  -0.00000	  -0.13820
N         	  -1.42429	  -4.93362	   0.00000	   0.32302	   0.02084	   0.00000	   0.02084	  -0.15862	   0.00000	   0.00000	   0.00000	  -0.16440
N         	  -1.42668	   3.54707	   0.00000	   0.30047	  -0.00680	   0.00000	  -0.00680	  -0.12145	  -0.00000	   0.00000	  -0.00000	  -0.17901
N         	   1.42429	  -4.93362	   0.00000	   0.32302	  -0.02084	  -0.00000	  -0.02084	  -0.15862	   0.00000	  -0.00000	   0.00000	  -0.16440
N         	   1.42668	   3.54707	   0.00000	   0.30047	   0.00680	   0.00000	   0.00680	  -0.12145	  -0.00000	   0.00000	  -0.00000	  -0.17901
N         	   4.27675	  -4.97543	   0.00000	   0.29634	   0.01379	  -0.00000	   0.01379	  -0.17582	   0.00000	  -0.00000	   0.00000	  -0.12052
N         	   4.39417	  -0.71877	   0.00000	   0.17952	   0.00487	  -0.00000	   0.00487	  -0.10675	   0.00000	  -0.00000	   0.00000	  -0.07278
N         	   4.27039	   3.55816	   0.00000	   0.31265	  -0.02249	   0.00000	  -0.02249	  -0.17445	  -0.00000	   0.00000	  -0.00000	  -0.13820
N         	   7.08756	  -4.98168	   0.00000	   0.27606	   0.01428	  -0.00000	   0.01428	  -0.17175	   0.00000	  -0.00000	   0.00000	  -0.10432
N         	   7.12433	  -0.72365	   0.00000	   0.22635	   0.00838	  -0.00000	   0.00838	  -0.13537	   0.00000	  -0.00000	   0.00000	  -0.09098
N         	   7.08321	   3.54054	   0.00000	   0.28838	  -0.01172	  -0.00000	  -0.01172	  -0.16796	  -0.00000	  -0.00000	  -0.00000	  -0.12042
N         	   9.88147	  -4.98362	   0.00000	   0.26923	   0.00605	   0.00000	   0.00605	  -0.16414	  -0.00000	   0.00000	  -0.00000	  -0.10509
N         	   9.89296	  -0.72796	   0.00000	   0.25031	   0.00203	  -0.00000	   0.00203	  -0.14983	  -0.00000	  -0.00000	  -0.00000	  -0.10048
N         	   9.88007	   3.53033	   0.00000	   0.27534	  -0.00284	   0.00000	  -0.00284	  -0.16355	  -0.00000	   0.00000	  -0.00000	  -0.11180
N         	   1.80171	  -0.76214	   0.00000	   0.19037	  -0.24826	  -0.00000	  -0.24826	  -0.05037	  -0.00000	  -0.00000	  -0.00000	  -0.14000
N         	  -1.80171	  -0.76214	   0.00000	   0.19037	   0.24826	   0.00000	   0.24826	  -0.05037	   0.00000	   0.00000	   0.00000	  -0.14000
N         	   0.00000	   1.52428	   0.00000	   0.13012	  -0.00000	  -0.00000	  -0.00000	   0.19278	  -0.00000	  -0.00000	  -0.00000	  -0.32290
