2257.00000	   0.00000	   0.00000	   0.00000
   1.33246	   2.14088	   7.50000	       11B
   1.33246	   6.43813	   7.50000	       11B
   1.33246	  10.73537	   7.50000	       10B
   3.99738	   2.14088	   7.50000	       11B
   3.99738	   6.43813	   7.50000	       11B
   3.99738	  10.73537	   7.50000	       11B
   6.66230	   2.14088	   7.50000	       11B
   6.66230	   6.43813	   7.50000	       11B
   6.66230	  10.73537	   7.50000	       11B
   9.32722	   2.14088	   7.50000	       11B
   9.32722	   6.43813	   7.50000	       11B
   9.32722	  10.73537	   7.50000	       10B
  11.99215	   2.14088	   7.50000	       11B
  11.99215	   6.43813	   7.50000	       10B
  11.99215	  10.73537	   7.50000	       11B
  14.65707	   2.14088	   7.50000	       11B
  14.65707	   6.43813	   7.50000	       11B
  14.65707	  10.73537	   7.50000	       11B
  17.32199	   2.14088	   7.50000	       11B
  17.32199	   6.43813	   7.50000	       10B
  17.32199	  10.73537	   7.50000	       11B
  19.98691	   2.14088	   7.50000	       11B
  19.98691	   6.43813	   7.50000	       10B
  19.98691	  10.73537	   7.50000	       11B
  22.65183	   2.14088	   7.50000	       10B
  22.65183	   6.43813	   7.50000	       11B
  22.65183	  10.73537	   7.50000	       11B
   0.00000	   4.28950	   7.50000	       11B
   0.00000	   8.58675	   7.50000	       11B
   0.00000	  12.88399	   7.50000	       11B
   2.66492	   4.28950	   7.50000	       10B
   2.66492	   8.58675	   7.50000	       11B
   2.66492	  12.88399	   7.50000	       11B
   5.32984	   4.28950	   7.50000	       11B
   5.32984	   8.58675	   7.50000	       10B
   5.32984	  12.88399	   7.50000	       10B
   7.99476	   4.28950	   7.50000	       11B
   7.99476	   8.58675	   7.50000	       11B
   7.99476	  12.88399	   7.50000	       11B
  10.65968	   4.28950	   7.50000	       11B
  10.65968	   8.58675	   7.50000	       11B
  10.65968	  12.88399	   7.50000	       11B
  13.32461	   4.28950	   7.50000	       10B
  13.32461	   8.58675	   7.50000	       10B
  13.32461	  12.88399	   7.50000	       10B
  15.98953	   4.28950	   7.50000	       11B
  15.98953	   8.58675	   7.50000	       11B
  15.98953	  12.88399	   7.50000	       11B
  18.65445	   4.28950	   7.50000	       10B
  18.65445	   8.58675	   7.50000	       11B
  18.65445	  12.88399	   7.50000	       11B
  21.31937	   4.28950	   7.50000	       11B
  21.31937	   8.58675	   7.50000	       11B
  21.31937	  12.88399	   7.50000	       11B
   1.33246	   3.59123	   7.50000	       14N
   1.33246	   7.88847	   7.50000	       14N
   1.33246	  12.18572	   7.50000	       14N
   3.99738	   3.59123	   7.50000	       14N
   3.99738	   7.88847	   7.50000	       14N
   3.99738	  12.18572	   7.50000	       14N
   6.66230	   3.59123	   7.50000	       14N
   6.66230	   7.88847	   7.50000	       14N
   6.66230	  12.18572	   7.50000	       14N
   9.32722	   3.59123	   7.50000	       14N
   9.32722	   7.88847	   7.50000	       14N
   9.32722	  12.18572	   7.50000	       14N
  11.99215	   3.59123	   7.50000	       14N
  11.99215	   7.88847	   7.50000	       14N
  11.99215	  12.18572	   7.50000	       14N
  14.65707	   3.59123	   7.50000	       14N
  14.65707	   7.88847	   7.50000	       14N
  14.65707	  12.18572	   7.50000	       14N
  17.32199	   3.59123	   7.50000	       14N
  17.32199	   7.88847	   7.50000	       14N
  17.32199	  12.18572	   7.50000	       15N
  19.98691	   3.59123	   7.50000	       14N
  19.98691	   7.88847	   7.50000	       14N
  19.98691	  12.18572	   7.50000	       14N
  22.65183	   3.59123	   7.50000	       14N
  22.65183	   7.88847	   7.50000	       14N
  22.65183	  12.18572	   7.50000	       14N
   0.00000	   1.44260	   7.50000	       14N
   0.00000	   5.73985	   7.50000	       14N
   0.00000	  10.03710	   7.50000	       14N
   2.66492	   1.44260	   7.50000	       14N
   2.66492	   5.73985	   7.50000	       14N
   2.66492	  10.03710	   7.50000	       14N
   5.32984	   1.44260	   7.50000	       14N
   5.32984	   5.73985	   7.50000	       14N
   5.32984	  10.03710	   7.50000	       14N
   7.99476	   1.44260	   7.50000	       14N
   7.99476	   5.73985	   7.50000	       14N
   7.99476	  10.03710	   7.50000	       14N
  10.65968	   1.44260	   7.50000	       14N
  10.65968	   5.73985	   7.50000	       14N
  10.65968	  10.03710	   7.50000	       14N
  13.32461	   1.44260	   7.50000	       14N
  13.32461	   5.73985	   7.50000	       14N
  13.32461	  10.03710	   7.50000	       14N
  15.98953	   1.44260	   7.50000	       14N
  15.98953	   5.73985	   7.50000	       14N
  15.98953	  10.03710	   7.50000	       14N
  18.65445	   1.44260	   7.50000	       14N
  18.65445	   5.73985	   7.50000	       14N
  18.65445	  10.03710	   7.50000	       14N
  21.31937	   1.44260	   7.50000	       14N
  21.31937	   5.73985	   7.50000	       14N
  21.31937	  10.03710	   7.50000	       14N
   1.33246	  15.03262	   7.50000	       10B
   1.33246	  19.32987	   7.50000	       11B
   1.33246	  23.62712	   7.50000	       11B
   3.99738	  15.03262	   7.50000	       11B
   3.99738	  19.32987	   7.50000	       11B
   3.99738	  23.62712	   7.50000	       11B
   6.66230	  15.03262	   7.50000	       11B
   6.66230	  19.32987	   7.50000	       11B
   6.66230	  23.62712	   7.50000	       11B
   9.32722	  15.03262	   7.50000	       10B
   9.32722	  19.32987	   7.50000	       11B
   9.32722	  23.62712	   7.50000	       11B
  11.99215	  15.03262	   7.50000	       11B
  11.99215	  19.32987	   7.50000	       11B
  11.99215	  23.62712	   7.50000	       11B
  14.65707	  15.03262	   7.50000	       10B
  14.65707	  19.32987	   7.50000	       11B
  14.65707	  23.62712	   7.50000	       11B
  17.32199	  15.03262	   7.50000	       10B
  17.32199	  19.32987	   7.50000	       11B
  17.32199	  23.62712	   7.50000	       11B
  19.98691	  15.03262	   7.50000	       11B
  19.98691	  19.32987	   7.50000	       11B
  19.98691	  23.62712	   7.50000	       10B
  22.65183	  15.03262	   7.50000	       10B
  22.65183	  19.32987	   7.50000	       11B
  22.65183	  23.62712	   7.50000	       11B
   0.00000	  17.18124	   7.50000	       11B
   0.00000	  21.47849	   7.50000	       11B
   0.00000	  25.77574	   7.50000	       11B
   2.66492	  17.18124	   7.50000	       11B
   2.66492	  21.47849	   7.50000	       10B
   2.66492	  25.77574	   7.50000	       11B
   5.32984	  17.18124	   7.50000	       10B
   5.32984	  21.47849	   7.50000	       11B
   5.32984	  25.77574	   7.50000	       11B
   7.99476	  17.18124	   7.50000	       11B
   7.99476	  21.47849	   7.50000	       11B
   7.99476	  25.77574	   7.50000	       10B
  10.65968	  17.18124	   7.50000	       11B
  10.65968	  21.47849	   7.50000	       11B
  10.65968	  25.77574	   7.50000	       11B
  13.32461	  17.18124	   7.50000	       11B
  13.32461	  21.47849	   7.50000	       11B
  13.32461	  25.77574	   7.50000	       10B
  15.98953	  17.18124	   7.50000	       11B
  15.98953	  21.47849	   7.50000	       11B
  15.98953	  25.77574	   7.50000	       11B
  18.65445	  17.18124	   7.50000	       11B
  18.65445	  21.47849	   7.50000	       11B
  18.65445	  25.77574	   7.50000	       11B
  21.31937	  17.18124	   7.50000	       11B
  21.31937	  21.47849	   7.50000	       10B
  21.31937	  25.77574	   7.50000	       11B
   1.33246	  16.48297	   7.50000	       14N
   1.33246	  20.78022	   7.50000	       14N
   1.33246	  25.07747	   7.50000	       14N
   3.99738	  16.48297	   7.50000	       14N
   3.99738	  20.78022	   7.50000	       14N
   3.99738	  25.07747	   7.50000	       14N
   6.66230	  16.48297	   7.50000	       14N
   6.66230	  20.78022	   7.50000	       14N
   6.66230	  25.07747	   7.50000	       14N
   9.32722	  16.48297	   7.50000	       14N
   9.32722	  20.78022	   7.50000	       14N
   9.32722	  25.07747	   7.50000	       14N
  11.99215	  16.48297	   7.50000	       14N
  11.99215	  20.78022	   7.50000	       14N
  11.99215	  25.07747	   7.50000	       14N
  14.65707	  16.48297	   7.50000	       14N
  14.65707	  20.78022	   7.50000	       14N
  14.65707	  25.07747	   7.50000	       14N
  17.32199	  16.48297	   7.50000	       14N
  17.32199	  20.78022	   7.50000	       14N
  17.32199	  25.07747	   7.50000	       14N
  19.98691	  16.48297	   7.50000	       14N
  19.98691	  20.78022	   7.50000	       14N
  19.98691	  25.07747	   7.50000	       14N
  22.65183	  16.48297	   7.50000	       14N
  22.65183	  20.78022	   7.50000	       14N
  22.65183	  25.07747	   7.50000	       14N
   0.00000	  14.33434	   7.50000	       14N
   0.00000	  18.63159	   7.50000	       14N
   0.00000	  22.92884	   7.50000	       14N
   2.66492	  14.33434	   7.50000	       14N
   2.66492	  18.63159	   7.50000	       14N
   2.66492	  22.92884	   7.50000	       14N
   5.32984	  14.33434	   7.50000	       14N
   5.32984	  18.63159	   7.50000	       14N
   5.32984	  22.92884	   7.50000	       14N
   7.99476	  14.33434	   7.50000	       14N
   7.99476	  18.63159	   7.50000	       14N
   7.99476	  22.92884	   7.50000	       14N
  10.65968	  14.33434	   7.50000	       14N
  10.65968	  18.63159	   7.50000	       14N
  10.65968	  22.92884	   7.50000	       14N
  13.32461	  14.33434	   7.50000	       14N
  13.32461	  18.63159	   7.50000	       14N
  13.32461	  22.92884	   7.50000	       14N
  15.98953	  14.33434	   7.50000	       14N
  15.98953	  18.63159	   7.50000	       14N
  15.98953	  22.92884	   7.50000	       14N
  18.65445	  14.33434	   7.50000	       14N
  18.65445	  18.63159	   7.50000	       14N
  18.65445	  22.92884	   7.50000	       14N
  21.31937	  14.33434	   7.50000	       14N
  21.31937	  18.63159	   7.50000	       14N
  21.31937	  22.92884	   7.50000	       14N
   1.33246	  27.92437	   7.50000	       11B
   1.33246	  32.22162	   7.50000	       11B
   1.33246	  36.51886	   7.50000	       11B
   3.99738	  27.92437	   7.50000	       11B
   3.99738	  32.22162	   7.50000	       11B
   3.99738	  36.51886	   7.50000	       11B
   6.66230	  27.92437	   7.50000	       11B
   6.66230	  32.22162	   7.50000	       11B
   6.66230	  36.51886	   7.50000	       10B
   9.32722	  27.92437	   7.50000	       11B
   9.32722	  32.22162	   7.50000	       11B
   9.32722	  36.51886	   7.50000	       11B
  11.99215	  27.92437	   7.50000	       11B
  11.99215	  32.22162	   7.50000	       11B
  11.99215	  36.51886	   7.50000	       11B
  14.65707	  27.92437	   7.50000	       11B
  14.65707	  32.22162	   7.50000	       11B
  14.65707	  36.51886	   7.50000	       11B
  17.32199	  27.92437	   7.50000	       11B
  17.32199	  32.22162	   7.50000	       11B
  17.32199	  36.51886	   7.50000	       11B
  19.98691	  27.92437	   7.50000	       11B
  19.98691	  32.22162	   7.50000	       11B
  19.98691	  36.51886	   7.50000	       11B
  22.65183	  27.92437	   7.50000	       11B
  22.65183	  32.22162	   7.50000	       11B
  22.65183	  36.51886	   7.50000	       11B
   0.00000	  30.07299	   7.50000	       10B
   0.00000	  34.37024	   7.50000	       11B
   0.00000	  38.66749	   7.50000	       11B
   2.66492	  30.07299	   7.50000	       10B
   2.66492	  34.37024	   7.50000	       11B
   2.66492	  38.66749	   7.50000	       11B
   5.32984	  30.07299	   7.50000	       11B
   5.32984	  34.37024	   7.50000	       11B
   5.32984	  38.66749	   7.50000	       10B
   7.99476	  30.07299	   7.50000	       11B
   7.99476	  34.37024	   7.50000	       11B
   7.99476	  38.66749	   7.50000	       11B
  10.65968	  30.07299	   7.50000	       11B
  10.65968	  34.37024	   7.50000	       11B
  10.65968	  38.66749	   7.50000	       11B
  13.32461	  30.07299	   7.50000	       11B
  13.32461	  34.37024	   7.50000	       11B
  13.32461	  38.66749	   7.50000	       11B
  15.98953	  30.07299	   7.50000	       10B
  15.98953	  34.37024	   7.50000	       11B
  15.98953	  38.66749	   7.50000	       10B
  18.65445	  30.07299	   7.50000	       11B
  18.65445	  34.37024	   7.50000	       10B
  18.65445	  38.66749	   7.50000	       10B
  21.31937	  30.07299	   7.50000	       11B
  21.31937	  34.37024	   7.50000	       11B
  21.31937	  38.66749	   7.50000	       11B
   1.33246	  29.37472	   7.50000	       14N
   1.33246	  33.67196	   7.50000	       14N
   1.33246	  37.96921	   7.50000	       14N
   3.99738	  29.37472	   7.50000	       14N
   3.99738	  33.67196	   7.50000	       14N
   3.99738	  37.96921	   7.50000	       14N
   6.66230	  29.37472	   7.50000	       14N
   6.66230	  33.67196	   7.50000	       14N
   6.66230	  37.96921	   7.50000	       14N
   9.32722	  29.37472	   7.50000	       14N
   9.32722	  33.67196	   7.50000	       14N
   9.32722	  37.96921	   7.50000	       14N
  11.99215	  29.37472	   7.50000	       14N
  11.99215	  33.67196	   7.50000	       14N
  11.99215	  37.96921	   7.50000	       14N
  14.65707	  29.37472	   7.50000	       14N
  14.65707	  33.67196	   7.50000	       14N
  14.65707	  37.96921	   7.50000	       14N
  17.32199	  29.37472	   7.50000	       14N
  17.32199	  33.67196	   7.50000	       14N
  17.32199	  37.96921	   7.50000	       14N
  19.98691	  29.37472	   7.50000	       14N
  19.98691	  33.67196	   7.50000	       14N
  19.98691	  37.96921	   7.50000	       14N
  22.65183	  29.37472	   7.50000	       14N
  22.65183	  33.67196	   7.50000	       14N
  22.65183	  37.96921	   7.50000	       14N
   0.00000	  27.22609	   7.50000	       14N
   0.00000	  31.52334	   7.50000	       14N
   0.00000	  35.82059	   7.50000	       14N
   2.66492	  27.22609	   7.50000	       14N
   2.66492	  31.52334	   7.50000	       14N
   2.66492	  35.82059	   7.50000	       14N
   5.32984	  27.22609	   7.50000	       14N
   5.32984	  31.52334	   7.50000	       14N
   5.32984	  35.82059	   7.50000	       14N
   7.99476	  27.22609	   7.50000	       14N
   7.99476	  31.52334	   7.50000	       14N
   7.99476	  35.82059	   7.50000	       14N
  10.65968	  27.22609	   7.50000	       14N
  10.65968	  31.52334	   7.50000	       14N
  10.65968	  35.82059	   7.50000	       14N
  13.32461	  27.22609	   7.50000	       14N
  13.32461	  31.52334	   7.50000	       14N
  13.32461	  35.82059	   7.50000	       14N
  15.98953	  27.22609	   7.50000	       14N
  15.98953	  31.52334	   7.50000	       14N
  15.98953	  35.82059	   7.50000	       14N
  18.65445	  27.22609	   7.50000	       14N
  18.65445	  31.52334	   7.50000	       14N
  18.65445	  35.82059	   7.50000	       14N
  21.31937	  27.22609	   7.50000	       14N
  21.31937	  31.52334	   7.50000	       14N
  21.31937	  35.82059	   7.50000	       14N
   1.33246	  40.81611	   7.50000	       11B
   1.33246	  45.11336	   7.50000	       11B
   1.33246	  49.41061	   7.50000	       11B
   3.99738	  40.81611	   7.50000	       11B
   3.99738	  45.11336	   7.50000	       10B
   3.99738	  49.41061	   7.50000	       11B
   6.66230	  40.81611	   7.50000	       11B
   6.66230	  45.11336	   7.50000	       11B
   6.66230	  49.41061	   7.50000	       11B
   9.32722	  40.81611	   7.50000	       11B
   9.32722	  45.11336	   7.50000	       11B
   9.32722	  49.41061	   7.50000	       11B
  11.99215	  40.81611	   7.50000	       11B
  11.99215	  45.11336	   7.50000	       11B
  11.99215	  49.41061	   7.50000	       10B
  14.65707	  40.81611	   7.50000	       11B
  14.65707	  45.11336	   7.50000	       10B
  14.65707	  49.41061	   7.50000	       11B
  17.32199	  40.81611	   7.50000	       11B
  17.32199	  45.11336	   7.50000	       11B
  17.32199	  49.41061	   7.50000	       11B
  19.98691	  40.81611	   7.50000	       11B
  19.98691	  45.11336	   7.50000	       11B
  19.98691	  49.41061	   7.50000	       11B
  22.65183	  40.81611	   7.50000	       11B
  22.65183	  45.11336	   7.50000	       11B
  22.65183	  49.41061	   7.50000	       11B
   0.00000	  42.96473	   7.50000	       10B
   0.00000	  47.26198	   7.50000	       11B
   0.00000	  51.55923	   7.50000	       10B
   2.66492	  42.96473	   7.50000	       11B
   2.66492	  47.26198	   7.50000	       11B
   2.66492	  51.55923	   7.50000	       11B
   5.32984	  42.96473	   7.50000	       10B
   5.32984	  47.26198	   7.50000	       11B
   5.32984	  51.55923	   7.50000	       11B
   7.99476	  42.96473	   7.50000	       11B
   7.99476	  47.26198	   7.50000	       11B
   7.99476	  51.55923	   7.50000	       11B
  10.65968	  42.96473	   7.50000	       11B
  10.65968	  47.26198	   7.50000	       11B
  10.65968	  51.55923	   7.50000	       10B
  13.32461	  42.96473	   7.50000	       10B
  13.32461	  47.26198	   7.50000	       11B
  13.32461	  51.55923	   7.50000	       11B
  15.98953	  42.96473	   7.50000	       11B
  15.98953	  47.26198	   7.50000	       11B
  15.98953	  51.55923	   7.50000	       11B
  18.65445	  42.96473	   7.50000	       11B
  18.65445	  47.26198	   7.50000	       11B
  18.65445	  51.55923	   7.50000	       11B
  21.31937	  42.96473	   7.50000	       11B
  21.31937	  47.26198	   7.50000	       11B
  21.31937	  51.55923	   7.50000	       10B
   1.33246	  42.26646	   7.50000	       14N
   1.33246	  46.56371	   7.50000	       14N
   1.33246	  50.86096	   7.50000	       14N
   3.99738	  42.26646	   7.50000	       14N
   3.99738	  46.56371	   7.50000	       14N
   3.99738	  50.86096	   7.50000	       14N
   6.66230	  42.26646	   7.50000	       14N
   6.66230	  46.56371	   7.50000	       14N
   6.66230	  50.86096	   7.50000	       14N
   9.32722	  42.26646	   7.50000	       14N
   9.32722	  46.56371	   7.50000	       14N
   9.32722	  50.86096	   7.50000	       14N
  11.99215	  42.26646	   7.50000	       14N
  11.99215	  46.56371	   7.50000	       14N
  11.99215	  50.86096	   7.50000	       14N
  14.65707	  42.26646	   7.50000	       14N
  14.65707	  46.56371	   7.50000	       14N
  14.65707	  50.86096	   7.50000	       14N
  17.32199	  42.26646	   7.50000	       14N
  17.32199	  46.56371	   7.50000	       14N
  17.32199	  50.86096	   7.50000	       14N
  19.98691	  42.26646	   7.50000	       14N
  19.98691	  46.56371	   7.50000	       14N
  19.98691	  50.86096	   7.50000	       14N
  22.65183	  42.26646	   7.50000	       14N
  22.65183	  46.56371	   7.50000	       14N
  22.65183	  50.86096	   7.50000	       14N
   0.00000	  40.11783	   7.50000	       14N
   0.00000	  44.41508	   7.50000	       14N
   0.00000	  48.71233	   7.50000	       14N
   2.66492	  40.11783	   7.50000	       14N
   2.66492	  44.41508	   7.50000	       14N
   2.66492	  48.71233	   7.50000	       14N
   5.32984	  40.11783	   7.50000	       14N
   5.32984	  44.41508	   7.50000	       14N
   5.32984	  48.71233	   7.50000	       14N
   7.99476	  40.11783	   7.50000	       14N
   7.99476	  44.41508	   7.50000	       14N
   7.99476	  48.71233	   7.50000	       14N
  10.65968	  40.11783	   7.50000	       14N
  10.65968	  44.41508	   7.50000	       14N
  10.65968	  48.71233	   7.50000	       14N
  13.32461	  40.11783	   7.50000	       14N
  13.32461	  44.41508	   7.50000	       14N
  13.32461	  48.71233	   7.50000	       14N
  15.98953	  40.11783	   7.50000	       14N
  15.98953	  44.41508	   7.50000	       14N
  15.98953	  48.71233	   7.50000	       14N
  18.65445	  40.11783	   7.50000	       14N
  18.65445	  44.41508	   7.50000	       14N
  18.65445	  48.71233	   7.50000	       14N
  21.31937	  40.11783	   7.50000	       14N
  21.31937	  44.41508	   7.50000	       14N
  21.31937	  48.71233	   7.50000	       14N
   1.33246	  53.70786	   7.50000	       11B
   1.33246	  58.00511	   7.50000	       11B
   1.33246	  62.30235	   7.50000	       11B
   3.99738	  53.70786	   7.50000	       11B
   3.99738	  58.00511	   7.50000	       10B
   3.99738	  62.30235	   7.50000	       11B
   6.66230	  53.70786	   7.50000	       11B
   6.66230	  58.00511	   7.50000	       11B
   6.66230	  62.30235	   7.50000	       10B
   9.32722	  53.70786	   7.50000	       11B
   9.32722	  58.00511	   7.50000	       11B
   9.32722	  62.30235	   7.50000	       10B
  11.99215	  53.70786	   7.50000	       11B
  11.99215	  58.00511	   7.50000	       11B
  11.99215	  62.30235	   7.50000	       10B
  14.65707	  53.70786	   7.50000	       11B
  14.65707	  58.00511	   7.50000	       11B
  14.65707	  62.30235	   7.50000	       11B
  17.32199	  53.70786	   7.50000	       11B
  17.32199	  58.00511	   7.50000	       11B
  17.32199	  62.30235	   7.50000	       11B
  19.98691	  53.70786	   7.50000	       11B
  19.98691	  58.00511	   7.50000	       11B
  19.98691	  62.30235	   7.50000	       11B
  22.65183	  53.70786	   7.50000	       11B
  22.65183	  58.00511	   7.50000	       11B
  22.65183	  62.30235	   7.50000	       11B
   0.00000	  55.85648	   7.50000	       11B
   0.00000	  60.15373	   7.50000	       11B
   0.00000	  64.45098	   7.50000	       11B
   2.66492	  55.85648	   7.50000	       10B
   2.66492	  60.15373	   7.50000	       11B
   2.66492	  64.45098	   7.50000	       11B
   5.32984	  55.85648	   7.50000	       10B
   5.32984	  60.15373	   7.50000	       11B
   5.32984	  64.45098	   7.50000	       10B
   7.99476	  55.85648	   7.50000	       11B
   7.99476	  60.15373	   7.50000	       10B
   7.99476	  64.45098	   7.50000	       11B
  10.65968	  55.85648	   7.50000	       11B
  10.65968	  60.15373	   7.50000	       11B
  10.65968	  64.45098	   7.50000	       11B
  13.32461	  55.85648	   7.50000	       10B
  13.32461	  60.15373	   7.50000	       11B
  13.32461	  64.45098	   7.50000	       10B
  15.98953	  55.85648	   7.50000	       11B
  15.98953	  60.15373	   7.50000	       11B
  15.98953	  64.45098	   7.50000	       11B
  18.65445	  55.85648	   7.50000	       11B
  18.65445	  60.15373	   7.50000	       10B
  18.65445	  64.45098	   7.50000	       11B
  21.31937	  55.85648	   7.50000	       10B
  21.31937	  60.15373	   7.50000	       11B
  21.31937	  64.45098	   7.50000	       10B
   1.33246	  55.15821	   7.50000	       14N
   1.33246	  59.45545	   7.50000	       14N
   1.33246	  63.75270	   7.50000	       14N
   3.99738	  55.15821	   7.50000	       14N
   3.99738	  59.45545	   7.50000	       14N
   3.99738	  63.75270	   7.50000	       14N
   6.66230	  55.15821	   7.50000	       14N
   6.66230	  59.45545	   7.50000	       14N
   6.66230	  63.75270	   7.50000	       14N
   9.32722	  55.15821	   7.50000	       14N
   9.32722	  59.45545	   7.50000	       14N
   9.32722	  63.75270	   7.50000	       14N
  11.99215	  55.15821	   7.50000	       14N
  11.99215	  59.45545	   7.50000	       14N
  11.99215	  63.75270	   7.50000	       14N
  14.65707	  55.15821	   7.50000	       14N
  14.65707	  59.45545	   7.50000	       14N
  14.65707	  63.75270	   7.50000	       14N
  17.32199	  55.15821	   7.50000	       14N
  17.32199	  59.45545	   7.50000	       14N
  17.32199	  63.75270	   7.50000	       14N
  19.98691	  55.15821	   7.50000	       14N
  19.98691	  59.45545	   7.50000	       14N
  19.98691	  63.75270	   7.50000	       14N
  22.65183	  55.15821	   7.50000	       14N
  22.65183	  59.45545	   7.50000	       14N
  22.65183	  63.75270	   7.50000	       14N
   0.00000	  53.00958	   7.50000	       14N
   0.00000	  57.30683	   7.50000	       14N
   0.00000	  61.60408	   7.50000	       14N
   2.66492	  53.00958	   7.50000	       14N
   2.66492	  57.30683	   7.50000	       14N
   2.66492	  61.60408	   7.50000	       14N
   5.32984	  53.00958	   7.50000	       14N
   5.32984	  57.30683	   7.50000	       14N
   5.32984	  61.60408	   7.50000	       14N
   7.99476	  53.00958	   7.50000	       14N
   7.99476	  57.30683	   7.50000	       14N
   7.99476	  61.60408	   7.50000	       14N
  10.65968	  53.00958	   7.50000	       14N
  10.65968	  57.30683	   7.50000	       14N
  10.65968	  61.60408	   7.50000	       14N
  13.32461	  53.00958	   7.50000	       14N
  13.32461	  57.30683	   7.50000	       14N
  13.32461	  61.60408	   7.50000	       14N
  15.98953	  53.00958	   7.50000	       14N
  15.98953	  57.30683	   7.50000	       14N
  15.98953	  61.60408	   7.50000	       14N
  18.65445	  53.00958	   7.50000	       14N
  18.65445	  57.30683	   7.50000	       14N
  18.65445	  61.60408	   7.50000	       14N
  21.31937	  53.00958	   7.50000	       14N
  21.31937	  57.30683	   7.50000	       14N
  21.31937	  61.60408	   7.50000	       14N
   1.33246	  66.59960	   7.50000	       11B
   1.33246	  70.89685	   7.50000	       11B
   1.33246	  75.19410	   7.50000	       11B
   3.99738	  66.59960	   7.50000	       11B
   3.99738	  70.89685	   7.50000	       11B
   3.99738	  75.19410	   7.50000	       11B
   6.66230	  66.59960	   7.50000	       11B
   6.66230	  70.89685	   7.50000	       11B
   6.66230	  75.19410	   7.50000	       11B
   9.32722	  66.59960	   7.50000	       11B
   9.32722	  70.89685	   7.50000	       11B
   9.32722	  75.19410	   7.50000	       10B
  11.99215	  66.59960	   7.50000	       11B
  11.99215	  70.89685	   7.50000	       11B
  11.99215	  75.19410	   7.50000	       11B
  14.65707	  66.59960	   7.50000	       10B
  14.65707	  70.89685	   7.50000	       10B
  14.65707	  75.19410	   7.50000	       11B
  17.32199	  66.59960	   7.50000	       11B
  17.32199	  70.89685	   7.50000	       11B
  17.32199	  75.19410	   7.50000	       11B
  19.98691	  66.59960	   7.50000	       11B
  19.98691	  70.89685	   7.50000	       10B
  19.98691	  75.19410	   7.50000	       11B
  22.65183	  66.59960	   7.50000	       10B
  22.65183	  70.89685	   7.50000	       11B
  22.65183	  75.19410	   7.50000	       10B
   0.00000	  68.74822	   7.50000	       11B
   0.00000	  73.04547	   7.50000	       11B
   0.00000	  77.34272	   7.50000	       11B
   2.66492	  68.74822	   7.50000	       11B
   2.66492	  73.04547	   7.50000	       11B
   2.66492	  77.34272	   7.50000	       11B
   5.32984	  68.74822	   7.50000	       11B
   5.32984	  73.04547	   7.50000	       11B
   5.32984	  77.34272	   7.50000	       11B
   7.99476	  68.74822	   7.50000	       11B
   7.99476	  73.04547	   7.50000	       11B
   7.99476	  77.34272	   7.50000	       10B
  10.65968	  68.74822	   7.50000	       11B
  10.65968	  73.04547	   7.50000	       11B
  10.65968	  77.34272	   7.50000	       11B
  13.32461	  68.74822	   7.50000	       11B
  13.32461	  73.04547	   7.50000	       11B
  13.32461	  77.34272	   7.50000	       11B
  15.98953	  68.74822	   7.50000	       11B
  15.98953	  73.04547	   7.50000	       11B
  15.98953	  77.34272	   7.50000	       11B
  18.65445	  68.74822	   7.50000	       11B
  18.65445	  73.04547	   7.50000	       11B
  18.65445	  77.34272	   7.50000	       10B
  21.31937	  68.74822	   7.50000	       11B
  21.31937	  73.04547	   7.50000	       11B
  21.31937	  77.34272	   7.50000	       11B
   1.33246	  68.04995	   7.50000	       14N
   1.33246	  72.34720	   7.50000	       14N
   1.33246	  76.64445	   7.50000	       14N
   3.99738	  68.04995	   7.50000	       14N
   3.99738	  72.34720	   7.50000	       14N
   3.99738	  76.64445	   7.50000	       14N
   6.66230	  68.04995	   7.50000	       14N
   6.66230	  72.34720	   7.50000	       14N
   6.66230	  76.64445	   7.50000	       14N
   9.32722	  68.04995	   7.50000	       14N
   9.32722	  72.34720	   7.50000	       14N
   9.32722	  76.64445	   7.50000	       14N
  11.99215	  68.04995	   7.50000	       14N
  11.99215	  72.34720	   7.50000	       14N
  11.99215	  76.64445	   7.50000	       14N
  14.65707	  68.04995	   7.50000	       14N
  14.65707	  72.34720	   7.50000	       14N
  14.65707	  76.64445	   7.50000	       14N
  17.32199	  68.04995	   7.50000	       14N
  17.32199	  72.34720	   7.50000	       14N
  17.32199	  76.64445	   7.50000	       14N
  19.98691	  68.04995	   7.50000	       14N
  19.98691	  72.34720	   7.50000	       14N
  19.98691	  76.64445	   7.50000	       14N
  22.65183	  68.04995	   7.50000	       14N
  22.65183	  72.34720	   7.50000	       14N
  22.65183	  76.64445	   7.50000	       14N
   0.00000	  65.90132	   7.50000	       14N
   0.00000	  70.19857	   7.50000	       14N
   0.00000	  74.49582	   7.50000	       14N
   2.66492	  65.90132	   7.50000	       14N
   2.66492	  70.19857	   7.50000	       14N
   2.66492	  74.49582	   7.50000	       14N
   5.32984	  65.90132	   7.50000	       14N
   5.32984	  70.19857	   7.50000	       14N
   5.32984	  74.49582	   7.50000	       14N
   7.99476	  65.90132	   7.50000	       14N
   7.99476	  70.19857	   7.50000	       14N
   7.99476	  74.49582	   7.50000	       14N
  10.65968	  65.90132	   7.50000	       14N
  10.65968	  70.19857	   7.50000	       14N
  10.65968	  74.49582	   7.50000	       14N
  13.32461	  65.90132	   7.50000	       14N
  13.32461	  70.19857	   7.50000	       15N
  13.32461	  74.49582	   7.50000	       14N
  15.98953	  65.90132	   7.50000	       14N
  15.98953	  70.19857	   7.50000	       14N
  15.98953	  74.49582	   7.50000	       14N
  18.65445	  65.90132	   7.50000	       14N
  18.65445	  70.19857	   7.50000	       14N
  18.65445	  74.49582	   7.50000	       14N
  21.31937	  65.90132	   7.50000	       14N
  21.31937	  70.19857	   7.50000	       14N
  21.31937	  74.49582	   7.50000	       14N
   1.33246	  79.49135	   7.50000	       11B
   3.99738	  79.49135	   7.50000	       10B
   6.66230	  79.49135	   7.50000	       11B
   9.32722	  79.49135	   7.50000	       11B
  11.99215	  79.49135	   7.50000	       11B
  14.65707	  79.49135	   7.50000	       11B
  17.32199	  79.49135	   7.50000	       11B
  19.98691	  79.49135	   7.50000	       11B
  22.65183	  79.49135	   7.50000	       11B
   0.00000	  78.79307	   7.50000	       14N
   2.66492	  78.79307	   7.50000	       14N
   5.32984	  78.79307	   7.50000	       14N
   7.99476	  78.79307	   7.50000	       14N
  10.65968	  78.79307	   7.50000	       14N
  13.32461	  78.79307	   7.50000	       14N
  15.98953	  78.79307	   7.50000	       14N
  18.65445	  78.79307	   7.50000	       14N
  21.31937	  78.79307	   7.50000	       14N
  25.31675	   2.14088	   7.50000	       11B
  25.31675	   6.43813	   7.50000	       11B
  25.31675	  10.73537	   7.50000	       11B
  27.98167	   2.14088	   7.50000	       11B
  27.98167	   6.43813	   7.50000	       11B
  27.98167	  10.73537	   7.50000	       11B
  30.64659	   2.14088	   7.50000	       11B
  30.64659	   6.43813	   7.50000	       11B
  30.64659	  10.73537	   7.50000	       11B
  33.31152	   2.14088	   7.50000	       11B
  33.31152	   6.43813	   7.50000	       10B
  33.31152	  10.73537	   7.50000	       11B
  35.97644	   2.14088	   7.50000	       10B
  35.97644	   6.43813	   7.50000	       10B
  35.97644	  10.73537	   7.50000	       11B
  38.64136	   2.14088	   7.50000	       10B
  38.64136	   6.43813	   7.50000	       11B
  38.64136	  10.73537	   7.50000	       11B
  41.30628	   2.14088	   7.50000	       11B
  41.30628	   6.43813	   7.50000	       11B
  41.30628	  10.73537	   7.50000	       11B
  43.97120	   2.14088	   7.50000	       11B
  43.97120	   6.43813	   7.50000	       11B
  43.97120	  10.73537	   7.50000	       11B
  46.63612	   2.14088	   7.50000	       11B
  46.63612	   6.43813	   7.50000	       11B
  46.63612	  10.73537	   7.50000	       11B
  23.98429	   4.28950	   7.50000	       11B
  23.98429	   8.58675	   7.50000	       11B
  23.98429	  12.88399	   7.50000	       11B
  26.64921	   4.28950	   7.50000	       11B
  26.64921	   8.58675	   7.50000	       11B
  26.64921	  12.88399	   7.50000	       11B
  29.31413	   4.28950	   7.50000	       11B
  29.31413	   8.58675	   7.50000	       11B
  29.31413	  12.88399	   7.50000	       10B
  31.97905	   4.28950	   7.50000	       11B
  31.97905	   8.58675	   7.50000	       10B
  31.97905	  12.88399	   7.50000	       11B
  34.64398	   4.28950	   7.50000	       11B
  34.64398	   8.58675	   7.50000	       11B
  34.64398	  12.88399	   7.50000	       11B
  37.30890	   4.28950	   7.50000	       11B
  37.30890	   8.58675	   7.50000	       11B
  37.30890	  12.88399	   7.50000	       11B
  39.97382	   4.28950	   7.50000	       11B
  39.97382	   8.58675	   7.50000	       11B
  39.97382	  12.88399	   7.50000	       11B
  42.63874	   4.28950	   7.50000	       11B
  42.63874	   8.58675	   7.50000	       11B
  42.63874	  12.88399	   7.50000	       10B
  45.30366	   4.28950	   7.50000	       11B
  45.30366	   8.58675	   7.50000	       10B
  45.30366	  12.88399	   7.50000	       10B
  25.31675	   3.59123	   7.50000	       14N
  25.31675	   7.88847	   7.50000	       14N
  25.31675	  12.18572	   7.50000	       14N
  27.98167	   3.59123	   7.50000	       14N
  27.98167	   7.88847	   7.50000	       14N
  27.98167	  12.18572	   7.50000	       14N
  30.64659	   3.59123	   7.50000	       14N
  30.64659	   7.88847	   7.50000	       14N
  30.64659	  12.18572	   7.50000	       14N
  33.31152	   3.59123	   7.50000	       14N
  33.31152	   7.88847	   7.50000	       14N
  33.31152	  12.18572	   7.50000	       14N
  35.97644	   3.59123	   7.50000	       14N
  35.97644	   7.88847	   7.50000	       14N
  35.97644	  12.18572	   7.50000	       14N
  38.64136	   3.59123	   7.50000	       14N
  38.64136	   7.88847	   7.50000	       14N
  38.64136	  12.18572	   7.50000	       14N
  41.30628	   3.59123	   7.50000	       14N
  41.30628	   7.88847	   7.50000	       14N
  41.30628	  12.18572	   7.50000	       14N
  43.97120	   3.59123	   7.50000	       14N
  43.97120	   7.88847	   7.50000	       14N
  43.97120	  12.18572	   7.50000	       14N
  46.63612	   3.59123	   7.50000	       14N
  46.63612	   7.88847	   7.50000	       14N
  46.63612	  12.18572	   7.50000	       14N
  23.98429	   1.44260	   7.50000	       14N
  23.98429	   5.73985	   7.50000	       14N
  23.98429	  10.03710	   7.50000	       14N
  26.64921	   1.44260	   7.50000	       14N
  26.64921	   5.73985	   7.50000	       14N
  26.64921	  10.03710	   7.50000	       14N
  29.31413	   1.44260	   7.50000	       14N
  29.31413	   5.73985	   7.50000	       14N
  29.31413	  10.03710	   7.50000	       14N
  31.97905	   1.44260	   7.50000	       14N
  31.97905	   5.73985	   7.50000	       14N
  31.97905	  10.03710	   7.50000	       14N
  34.64398	   1.44260	   7.50000	       14N
  34.64398	   5.73985	   7.50000	       14N
  34.64398	  10.03710	   7.50000	       14N
  37.30890	   1.44260	   7.50000	       14N
  37.30890	   5.73985	   7.50000	       14N
  37.30890	  10.03710	   7.50000	       14N
  39.97382	   1.44260	   7.50000	       14N
  39.97382	   5.73985	   7.50000	       14N
  39.97382	  10.03710	   7.50000	       14N
  42.63874	   1.44260	   7.50000	       14N
  42.63874	   5.73985	   7.50000	       14N
  42.63874	  10.03710	   7.50000	       14N
  45.30366	   1.44260	   7.50000	       14N
  45.30366	   5.73985	   7.50000	       14N
  45.30366	  10.03710	   7.50000	       14N
  25.31675	  15.03262	   7.50000	       11B
  25.31675	  19.32987	   7.50000	       10B
  25.31675	  23.62712	   7.50000	       10B
  27.98167	  15.03262	   7.50000	       11B
  27.98167	  19.32987	   7.50000	       11B
  27.98167	  23.62712	   7.50000	       11B
  30.64659	  15.03262	   7.50000	       11B
  30.64659	  19.32987	   7.50000	       11B
  30.64659	  23.62712	   7.50000	       11B
  33.31152	  15.03262	   7.50000	       11B
  33.31152	  19.32987	   7.50000	       11B
  33.31152	  23.62712	   7.50000	       10B
  35.97644	  15.03262	   7.50000	       10B
  35.97644	  19.32987	   7.50000	       11B
  35.97644	  23.62712	   7.50000	       11B
  38.64136	  15.03262	   7.50000	       11B
  38.64136	  19.32987	   7.50000	       11B
  38.64136	  23.62712	   7.50000	       11B
  41.30628	  15.03262	   7.50000	       11B
  41.30628	  19.32987	   7.50000	       10B
  41.30628	  23.62712	   7.50000	       11B
  43.97120	  15.03262	   7.50000	       10B
  43.97120	  19.32987	   7.50000	       11B
  43.97120	  23.62712	   7.50000	       11B
  46.63612	  15.03262	   7.50000	       11B
  46.63612	  19.32987	   7.50000	       10B
  46.63612	  23.62712	   7.50000	       11B
  23.98429	  17.18124	   7.50000	       11B
  23.98429	  21.47849	   7.50000	       11B
  23.98429	  25.77574	   7.50000	       10B
  26.64921	  17.18124	   7.50000	       11B
  26.64921	  21.47849	   7.50000	       11B
  26.64921	  25.77574	   7.50000	       10B
  29.31413	  17.18124	   7.50000	       10B
  29.31413	  21.47849	   7.50000	       11B
  29.31413	  25.77574	   7.50000	       11B
  31.97905	  17.18124	   7.50000	       11B
  31.97905	  21.47849	   7.50000	       10B
  31.97905	  25.77574	   7.50000	       11B
  34.64398	  17.18124	   7.50000	       10B
  34.64398	  21.47849	   7.50000	       11B
  34.64398	  25.77574	   7.50000	       11B
  37.30890	  17.18124	   7.50000	       11B
  37.30890	  21.47849	   7.50000	       11B
  37.30890	  25.77574	   7.50000	       11B
  39.97382	  17.18124	   7.50000	       11B
  39.97382	  21.47849	   7.50000	       11B
  39.97382	  25.77574	   7.50000	       11B
  42.63874	  17.18124	   7.50000	       11B
  42.63874	  21.47849	   7.50000	       11B
  42.63874	  25.77574	   7.50000	       11B
  45.30366	  17.18124	   7.50000	       11B
  45.30366	  21.47849	   7.50000	       11B
  45.30366	  25.77574	   7.50000	       10B
  25.31675	  16.48297	   7.50000	       14N
  25.31675	  20.78022	   7.50000	       14N
  25.31675	  25.07747	   7.50000	       14N
  27.98167	  16.48297	   7.50000	       14N
  27.98167	  20.78022	   7.50000	       14N
  27.98167	  25.07747	   7.50000	       14N
  30.64659	  16.48297	   7.50000	       14N
  30.64659	  20.78022	   7.50000	       14N
  30.64659	  25.07747	   7.50000	       14N
  33.31152	  16.48297	   7.50000	       14N
  33.31152	  20.78022	   7.50000	       14N
  33.31152	  25.07747	   7.50000	       14N
  35.97644	  16.48297	   7.50000	       14N
  35.97644	  20.78022	   7.50000	       14N
  35.97644	  25.07747	   7.50000	       14N
  38.64136	  16.48297	   7.50000	       14N
  38.64136	  20.78022	   7.50000	       14N
  38.64136	  25.07747	   7.50000	       14N
  41.30628	  16.48297	   7.50000	       14N
  41.30628	  20.78022	   7.50000	       14N
  41.30628	  25.07747	   7.50000	       14N
  43.97120	  16.48297	   7.50000	       14N
  43.97120	  20.78022	   7.50000	       14N
  43.97120	  25.07747	   7.50000	       14N
  46.63612	  16.48297	   7.50000	       14N
  46.63612	  20.78022	   7.50000	       14N
  46.63612	  25.07747	   7.50000	       14N
  23.98429	  14.33434	   7.50000	       14N
  23.98429	  18.63159	   7.50000	       14N
  23.98429	  22.92884	   7.50000	       14N
  26.64921	  14.33434	   7.50000	       14N
  26.64921	  18.63159	   7.50000	       14N
  26.64921	  22.92884	   7.50000	       14N
  29.31413	  14.33434	   7.50000	       14N
  29.31413	  18.63159	   7.50000	       14N
  29.31413	  22.92884	   7.50000	       14N
  31.97905	  14.33434	   7.50000	       14N
  31.97905	  18.63159	   7.50000	       14N
  31.97905	  22.92884	   7.50000	       14N
  34.64398	  14.33434	   7.50000	       14N
  34.64398	  18.63159	   7.50000	       14N
  34.64398	  22.92884	   7.50000	       14N
  37.30890	  14.33434	   7.50000	       14N
  37.30890	  18.63159	   7.50000	       14N
  37.30890	  22.92884	   7.50000	       14N
  39.97382	  14.33434	   7.50000	       14N
  39.97382	  18.63159	   7.50000	       14N
  39.97382	  22.92884	   7.50000	       14N
  42.63874	  14.33434	   7.50000	       14N
  42.63874	  18.63159	   7.50000	       14N
  42.63874	  22.92884	   7.50000	       14N
  45.30366	  14.33434	   7.50000	       14N
  45.30366	  18.63159	   7.50000	       14N
  45.30366	  22.92884	   7.50000	       14N
  25.31675	  27.92437	   7.50000	       11B
  25.31675	  32.22162	   7.50000	       11B
  25.31675	  36.51886	   7.50000	       11B
  27.98167	  27.92437	   7.50000	       11B
  27.98167	  32.22162	   7.50000	       11B
  27.98167	  36.51886	   7.50000	       10B
  30.64659	  27.92437	   7.50000	       11B
  30.64659	  32.22162	   7.50000	       10B
  30.64659	  36.51886	   7.50000	       11B
  33.31152	  27.92437	   7.50000	       11B
  33.31152	  32.22162	   7.50000	       10B
  33.31152	  36.51886	   7.50000	       10B
  35.97644	  27.92437	   7.50000	       11B
  35.97644	  32.22162	   7.50000	       11B
  35.97644	  36.51886	   7.50000	       10B
  38.64136	  27.92437	   7.50000	       10B
  38.64136	  32.22162	   7.50000	       11B
  38.64136	  36.51886	   7.50000	       11B
  41.30628	  27.92437	   7.50000	       10B
  41.30628	  32.22162	   7.50000	       11B
  41.30628	  36.51886	   7.50000	       11B
  43.97120	  27.92437	   7.50000	       10B
  43.97120	  32.22162	   7.50000	       10B
  43.97120	  36.51886	   7.50000	       11B
  46.63612	  27.92437	   7.50000	       11B
  46.63612	  32.22162	   7.50000	       11B
  46.63612	  36.51886	   7.50000	       10B
  23.98429	  30.07299	   7.50000	       11B
  23.98429	  34.37024	   7.50000	       11B
  23.98429	  38.66749	   7.50000	       11B
  26.64921	  30.07299	   7.50000	       10B
  26.64921	  34.37024	   7.50000	       11B
  26.64921	  38.66749	   7.50000	       11B
  29.31413	  30.07299	   7.50000	       11B
  29.31413	  34.37024	   7.50000	       10B
  29.31413	  38.66749	   7.50000	       11B
  31.97905	  30.07299	   7.50000	       11B
  31.97905	  34.37024	   7.50000	       11B
  31.97905	  38.66749	   7.50000	       11B
  34.64398	  30.07299	   7.50000	       11B
  34.64398	  34.37024	   7.50000	       11B
  34.64398	  38.66749	   7.50000	       11B
  37.30890	  30.07299	   7.50000	       11B
  37.30890	  34.37024	   7.50000	       11B
  37.30890	  38.66749	   7.50000	       10B
  39.97382	  30.07299	   7.50000	       11B
  39.97382	  34.37024	   7.50000	       11B
  39.97382	  38.66749	   7.50000	       11B
  42.63874	  30.07299	   7.50000	       11B
  42.63874	  34.37024	   7.50000	       10B
  42.63874	  38.66749	   7.50000	       11B
  45.30366	  30.07299	   7.50000	       10B
  45.30366	  34.37024	   7.50000	       11B
  45.30366	  38.66749	   7.50000	       11B
  25.31675	  29.37472	   7.50000	       14N
  25.31675	  33.67196	   7.50000	       14N
  25.31675	  37.96921	   7.50000	       14N
  27.98167	  29.37472	   7.50000	       14N
  27.98167	  33.67196	   7.50000	       14N
  27.98167	  37.96921	   7.50000	       14N
  30.64659	  29.37472	   7.50000	       14N
  30.64659	  33.67196	   7.50000	       14N
  30.64659	  37.96921	   7.50000	       14N
  33.31152	  29.37472	   7.50000	       14N
  33.31152	  33.67196	   7.50000	       14N
  33.31152	  37.96921	   7.50000	       14N
  35.97644	  29.37472	   7.50000	       14N
  35.97644	  33.67196	   7.50000	       14N
  35.97644	  37.96921	   7.50000	       14N
  38.64136	  29.37472	   7.50000	       14N
  38.64136	  33.67196	   7.50000	       14N
  38.64136	  37.96921	   7.50000	       14N
  41.30628	  29.37472	   7.50000	       14N
  41.30628	  33.67196	   7.50000	       14N
  41.30628	  37.96921	   7.50000	       14N
  43.97120	  29.37472	   7.50000	       14N
  43.97120	  33.67196	   7.50000	       14N
  43.97120	  37.96921	   7.50000	       14N
  46.63612	  29.37472	   7.50000	       14N
  46.63612	  33.67196	   7.50000	       14N
  46.63612	  37.96921	   7.50000	       14N
  23.98429	  27.22609	   7.50000	       14N
  23.98429	  31.52334	   7.50000	       14N
  23.98429	  35.82059	   7.50000	       14N
  26.64921	  27.22609	   7.50000	       14N
  26.64921	  31.52334	   7.50000	       14N
  26.64921	  35.82059	   7.50000	       14N
  29.31413	  27.22609	   7.50000	       14N
  29.31413	  31.52334	   7.50000	       14N
  29.31413	  35.82059	   7.50000	       14N
  31.97905	  27.22609	   7.50000	       14N
  31.97905	  31.52334	   7.50000	       14N
  31.97905	  35.82059	   7.50000	       14N
  34.64398	  27.22609	   7.50000	       14N
  34.64398	  31.52334	   7.50000	       14N
  34.64398	  35.82059	   7.50000	       14N
  37.30890	  27.22609	   7.50000	       14N
  37.30890	  31.52334	   7.50000	       14N
  37.30890	  35.82059	   7.50000	       14N
  39.97382	  27.22609	   7.50000	       14N
  39.97382	  31.52334	   7.50000	       14N
  39.97382	  35.82059	   7.50000	       14N
  42.63874	  27.22609	   7.50000	       14N
  42.63874	  31.52334	   7.50000	       14N
  42.63874	  35.82059	   7.50000	       14N
  45.30366	  27.22609	   7.50000	       14N
  45.30366	  31.52334	   7.50000	       14N
  45.30366	  35.82059	   7.50000	       14N
  25.31289	  40.80747	   7.50000	       11B
  25.30994	  45.10690	   7.50000	       11B
  25.31429	  49.40336	   7.50000	       11B
  27.97011	  40.80818	   7.50000	       11B
  27.95791	  45.11012	   7.50000	       11B
  27.97513	  49.40669	   7.50000	       11B
  30.62953	  40.81159	   7.50000	       10B
  30.59625	  45.11644	   7.50000	       11B
  30.64004	  49.41302	   7.50000	       11B
  33.29654	  40.82429	   7.50000	       10B
  33.22057	  45.12646	   7.50000	       10B
  33.31326	  49.41402	   7.50000	       11B
  35.97644	  40.85618	   7.50000	       10B
  35.97644	  49.41185	   7.50000	       10B
  38.65633	  40.82429	   7.50000	       11B
  38.73230	  45.12646	   7.50000	       10B
  38.63961	  49.41402	   7.50000	       11B
  41.32335	  40.81159	   7.50000	       11B
  41.35662	  45.11644	   7.50000	       11B
  41.31284	  49.41302	   7.50000	       11B
  43.98277	  40.80818	   7.50000	       11B
  43.99496	  45.11012	   7.50000	       10B
  43.97774	  49.40669	   7.50000	       11B
  46.63999	  40.80747	   7.50000	       11B
  46.64294	  45.10690	   7.50000	       11B
  46.63858	  49.40336	   7.50000	       11B
  23.98429	  42.95669	   7.50000	       11B
  23.98429	  47.25557	   7.50000	       10B
  23.98429	  51.55077	   7.50000	       11B
  26.63777	  42.95738	   7.50000	       11B
  26.64171	  47.25730	   7.50000	       11B
  26.64398	  51.55121	   7.50000	       10B
  29.29006	  42.95974	   7.50000	       10B
  29.29915	  47.26339	   7.50000	       11B
  29.30600	  51.55453	   7.50000	       11B
  31.94265	  42.96535	   7.50000	       11B
  31.96430	  47.27111	   7.50000	       10B
  31.97407	  51.56086	   7.50000	       11B
  34.62483	  42.99860	   7.50000	       11B
  34.65350	  47.23390	   7.50000	       11B
  34.64573	  51.57629	   7.50000	       11B
  37.32804	  42.99860	   7.50000	       11B
  37.29937	  47.23390	   7.50000	       11B
  37.30715	  51.57629	   7.50000	       10B
  40.01023	  42.96535	   7.50000	       11B
  39.98857	  47.27111	   7.50000	       11B
  39.97881	  51.56086	   7.50000	       11B
  42.66281	  42.95974	   7.50000	       11B
  42.65373	  47.26339	   7.50000	       10B
  42.64687	  51.55453	   7.50000	       10B
  45.31510	  42.95738	   7.50000	       11B
  45.31116	  47.25730	   7.50000	       10B
  45.30889	  51.55121	   7.50000	       11B
  25.30949	  42.25683	   7.50000	       14N
  25.31031	  46.55707	   7.50000	       14N
  25.31219	  50.85294	   7.50000	       14N
  27.95938	  42.25719	   7.50000	       14N
  27.96115	  46.56086	   7.50000	       14N
  27.96953	  50.85597	   7.50000	       14N
  30.60916	  42.25766	   7.50000	       14N
  30.61143	  46.56934	   7.50000	       14N
  30.63227	  50.86310	   7.50000	       14N
  33.26592	  42.26094	   7.50000	       14N
  33.26457	  46.58013	   7.50000	       14N
  33.30573	  50.87107	   7.50000	       14N
  35.97644	  42.30271	   7.50000	       14N
  35.97644	  50.87375	   7.50000	       14N
  38.68695	  42.26094	   7.50000	       14N
  38.68831	  46.58013	   7.50000	       14N
  38.64714	  50.87107	   7.50000	       14N
  41.34371	  42.25766	   7.50000	       14N
  41.34144	  46.56934	   7.50000	       14N
  41.32060	  50.86310	   7.50000	       14N
  43.99349	  42.25719	   7.50000	       14N
  43.99172	  46.56086	   7.50000	       14N
  43.98334	  50.85597	   7.50000	       14N
  46.64338	  42.25683	   7.50000	       14N
  46.64256	  46.55707	   7.50000	       14N
  46.64068	  50.85294	   7.50000	       14N
  23.98429	  40.10851	   7.50000	       14N
  23.98429	  44.40657	   7.50000	       14N
  23.98429	  48.70532	   7.50000	       14N
  26.63833	  40.10880	   7.50000	       14N
  26.63047	  44.40737	   7.50000	       14N
  26.63989	  48.70730	   7.50000	       14N
  29.29451	  40.11085	   7.50000	       14N
  29.26985	  44.40994	   7.50000	       14N
  29.29722	  48.71434	   7.50000	       14N
  31.95837	  40.11648	   7.50000	       14N
  31.88866	  44.41237	   7.50000	       14N
  31.96061	  48.72546	   7.50000	       14N
  34.63887	  40.13598	   7.50000	       14N
  34.63563	  48.72096	   7.50000	       14N
  37.31401	  40.13598	   7.50000	       14N
  37.31724	  48.72096	   7.50000	       14N
  39.99450	  40.11648	   7.50000	       14N
  40.06421	  44.41237	   7.50000	       14N
  39.99227	  48.72546	   7.50000	       14N
  42.65836	  40.11085	   7.50000	       14N
  42.68302	  44.40994	   7.50000	       14N
  42.65565	  48.71434	   7.50000	       14N
  45.31455	  40.10880	   7.50000	       14N
  45.32240	  44.40737	   7.50000	       14N
  45.31298	  48.70730	   7.50000	       14N
  37.53855	  44.37380	   7.50000	       14N
  34.41432	  44.37380	   7.50000	       14N
  35.97644	  46.65049	   7.50000	       14N
  25.31675	  53.70786	   7.50000	       11B
  25.31675	  58.00511	   7.50000	       11B
  25.31675	  62.30235	   7.50000	       11B
  27.98167	  53.70786	   7.50000	       11B
  27.98167	  58.00511	   7.50000	       10B
  27.98167	  62.30235	   7.50000	       11B
  30.64659	  53.70786	   7.50000	       11B
  30.64659	  58.00511	   7.50000	       11B
  30.64659	  62.30235	   7.50000	       11B
  33.31152	  53.70786	   7.50000	       11B
  33.31152	  58.00511	   7.50000	       11B
  33.31152	  62.30235	   7.50000	       10B
  35.97644	  53.70786	   7.50000	       11B
  35.97644	  58.00511	   7.50000	       11B
  35.97644	  62.30235	   7.50000	       11B
  38.64136	  53.70786	   7.50000	       11B
  38.64136	  58.00511	   7.50000	       11B
  38.64136	  62.30235	   7.50000	       11B
  41.30628	  53.70786	   7.50000	       11B
  41.30628	  58.00511	   7.50000	       11B
  41.30628	  62.30235	   7.50000	       11B
  43.97120	  53.70786	   7.50000	       11B
  43.97120	  58.00511	   7.50000	       11B
  43.97120	  62.30235	   7.50000	       10B
  46.63612	  53.70786	   7.50000	       11B
  46.63612	  58.00511	   7.50000	       11B
  46.63612	  62.30235	   7.50000	       11B
  23.98429	  55.85648	   7.50000	       10B
  23.98429	  60.15373	   7.50000	       11B
  23.98429	  64.45098	   7.50000	       10B
  26.64921	  55.85648	   7.50000	       10B
  26.64921	  60.15373	   7.50000	       11B
  26.64921	  64.45098	   7.50000	       11B
  29.31413	  55.85648	   7.50000	       10B
  29.31413	  60.15373	   7.50000	       11B
  29.31413	  64.45098	   7.50000	       11B
  31.97905	  55.85648	   7.50000	       10B
  31.97905	  60.15373	   7.50000	       11B
  31.97905	  64.45098	   7.50000	       10B
  34.64398	  55.85648	   7.50000	       11B
  34.64398	  60.15373	   7.50000	       11B
  34.64398	  64.45098	   7.50000	       10B
  37.30890	  55.85648	   7.50000	       11B
  37.30890	  60.15373	   7.50000	       11B
  37.30890	  64.45098	   7.50000	       11B
  39.97382	  55.85648	   7.50000	       10B
  39.97382	  60.15373	   7.50000	       11B
  39.97382	  64.45098	   7.50000	       11B
  42.63874	  55.85648	   7.50000	       11B
  42.63874	  60.15373	   7.50000	       11B
  42.63874	  64.45098	   7.50000	       11B
  45.30366	  55.85648	   7.50000	       11B
  45.30366	  60.15373	   7.50000	       10B
  45.30366	  64.45098	   7.50000	       11B
  25.31675	  55.15821	   7.50000	       14N
  25.31675	  59.45545	   7.50000	       14N
  25.31675	  63.75270	   7.50000	       14N
  27.98167	  55.15821	   7.50000	       14N
  27.98167	  59.45545	   7.50000	       14N
  27.98167	  63.75270	   7.50000	       14N
  30.64659	  55.15821	   7.50000	       14N
  30.64659	  59.45545	   7.50000	       14N
  30.64659	  63.75270	   7.50000	       14N
  33.31152	  55.15821	   7.50000	       14N
  33.31152	  59.45545	   7.50000	       14N
  33.31152	  63.75270	   7.50000	       14N
  35.97644	  55.15821	   7.50000	       14N
  35.97644	  59.45545	   7.50000	       14N
  35.97644	  63.75270	   7.50000	       14N
  38.64136	  55.15821	   7.50000	       14N
  38.64136	  59.45545	   7.50000	       14N
  38.64136	  63.75270	   7.50000	       14N
  41.30628	  55.15821	   7.50000	       14N
  41.30628	  59.45545	   7.50000	       14N
  41.30628	  63.75270	   7.50000	       14N
  43.97120	  55.15821	   7.50000	       14N
  43.97120	  59.45545	   7.50000	       14N
  43.97120	  63.75270	   7.50000	       14N
  46.63612	  55.15821	   7.50000	       14N
  46.63612	  59.45545	   7.50000	       14N
  46.63612	  63.75270	   7.50000	       14N
  23.98429	  53.00958	   7.50000	       14N
  23.98429	  57.30683	   7.50000	       14N
  23.98429	  61.60408	   7.50000	       14N
  26.64921	  53.00958	   7.50000	       14N
  26.64921	  57.30683	   7.50000	       14N
  26.64921	  61.60408	   7.50000	       14N
  29.31413	  53.00958	   7.50000	       14N
  29.31413	  57.30683	   7.50000	       14N
  29.31413	  61.60408	   7.50000	       14N
  31.97905	  53.00958	   7.50000	       14N
  31.97905	  57.30683	   7.50000	       14N
  31.97905	  61.60408	   7.50000	       14N
  34.64398	  53.00958	   7.50000	       14N
  34.64398	  57.30683	   7.50000	       14N
  34.64398	  61.60408	   7.50000	       14N
  37.30890	  53.00958	   7.50000	       14N
  37.30890	  57.30683	   7.50000	       14N
  37.30890	  61.60408	   7.50000	       14N
  39.97382	  53.00958	   7.50000	       14N
  39.97382	  57.30683	   7.50000	       14N
  39.97382	  61.60408	   7.50000	       14N
  42.63874	  53.00958	   7.50000	       14N
  42.63874	  57.30683	   7.50000	       14N
  42.63874	  61.60408	   7.50000	       14N
  45.30366	  53.00958	   7.50000	       14N
  45.30366	  57.30683	   7.50000	       14N
  45.30366	  61.60408	   7.50000	       14N
  25.31675	  66.59960	   7.50000	       10B
  25.31675	  70.89685	   7.50000	       11B
  25.31675	  75.19410	   7.50000	       11B
  27.98167	  66.59960	   7.50000	       10B
  27.98167	  70.89685	   7.50000	       10B
  27.98167	  75.19410	   7.50000	       11B
  30.64659	  66.59960	   7.50000	       11B
  30.64659	  70.89685	   7.50000	       10B
  30.64659	  75.19410	   7.50000	       11B
  33.31152	  66.59960	   7.50000	       11B
  33.31152	  70.89685	   7.50000	       11B
  33.31152	  75.19410	   7.50000	       10B
  35.97644	  66.59960	   7.50000	       10B
  35.97644	  70.89685	   7.50000	       11B
  35.97644	  75.19410	   7.50000	       11B
  38.64136	  66.59960	   7.50000	       11B
  38.64136	  70.89685	   7.50000	       11B
  38.64136	  75.19410	   7.50000	       11B
  41.30628	  66.59960	   7.50000	       11B
  41.30628	  70.89685	   7.50000	       11B
  41.30628	  75.19410	   7.50000	       10B
  43.97120	  66.59960	   7.50000	       11B
  43.97120	  70.89685	   7.50000	       11B
  43.97120	  75.19410	   7.50000	       11B
  46.63612	  66.59960	   7.50000	       11B
  46.63612	  70.89685	   7.50000	       11B
  46.63612	  75.19410	   7.50000	       11B
  23.98429	  68.74822	   7.50000	       11B
  23.98429	  73.04547	   7.50000	       10B
  23.98429	  77.34272	   7.50000	       11B
  26.64921	  68.74822	   7.50000	       11B
  26.64921	  73.04547	   7.50000	       11B
  26.64921	  77.34272	   7.50000	       11B
  29.31413	  68.74822	   7.50000	       11B
  29.31413	  73.04547	   7.50000	       11B
  29.31413	  77.34272	   7.50000	       11B
  31.97905	  68.74822	   7.50000	       11B
  31.97905	  73.04547	   7.50000	       11B
  31.97905	  77.34272	   7.50000	       11B
  34.64398	  68.74822	   7.50000	       11B
  34.64398	  73.04547	   7.50000	       11B
  34.64398	  77.34272	   7.50000	       11B
  37.30890	  68.74822	   7.50000	       10B
  37.30890	  73.04547	   7.50000	       10B
  37.30890	  77.34272	   7.50000	       11B
  39.97382	  68.74822	   7.50000	       10B
  39.97382	  73.04547	   7.50000	       11B
  39.97382	  77.34272	   7.50000	       10B
  42.63874	  68.74822	   7.50000	       11B
  42.63874	  73.04547	   7.50000	       11B
  42.63874	  77.34272	   7.50000	       11B
  45.30366	  68.74822	   7.50000	       11B
  45.30366	  73.04547	   7.50000	       11B
  45.30366	  77.34272	   7.50000	       11B
  25.31675	  68.04995	   7.50000	       14N
  25.31675	  72.34720	   7.50000	       14N
  25.31675	  76.64445	   7.50000	       14N
  27.98167	  68.04995	   7.50000	       14N
  27.98167	  72.34720	   7.50000	       14N
  27.98167	  76.64445	   7.50000	       14N
  30.64659	  68.04995	   7.50000	       14N
  30.64659	  72.34720	   7.50000	       14N
  30.64659	  76.64445	   7.50000	       14N
  33.31152	  68.04995	   7.50000	       14N
  33.31152	  72.34720	   7.50000	       14N
  33.31152	  76.64445	   7.50000	       14N
  35.97644	  68.04995	   7.50000	       14N
  35.97644	  72.34720	   7.50000	       14N
  35.97644	  76.64445	   7.50000	       14N
  38.64136	  68.04995	   7.50000	       14N
  38.64136	  72.34720	   7.50000	       14N
  38.64136	  76.64445	   7.50000	       14N
  41.30628	  68.04995	   7.50000	       14N
  41.30628	  72.34720	   7.50000	       14N
  41.30628	  76.64445	   7.50000	       14N
  43.97120	  68.04995	   7.50000	       14N
  43.97120	  72.34720	   7.50000	       14N
  43.97120	  76.64445	   7.50000	       14N
  46.63612	  68.04995	   7.50000	       14N
  46.63612	  72.34720	   7.50000	       14N
  46.63612	  76.64445	   7.50000	       14N
  23.98429	  65.90132	   7.50000	       14N
  23.98429	  70.19857	   7.50000	       14N
  23.98429	  74.49582	   7.50000	       14N
  26.64921	  65.90132	   7.50000	       14N
  26.64921	  70.19857	   7.50000	       14N
  26.64921	  74.49582	   7.50000	       14N
  29.31413	  65.90132	   7.50000	       14N
  29.31413	  70.19857	   7.50000	       14N
  29.31413	  74.49582	   7.50000	       14N
  31.97905	  65.90132	   7.50000	       14N
  31.97905	  70.19857	   7.50000	       14N
  31.97905	  74.49582	   7.50000	       14N
  34.64398	  65.90132	   7.50000	       14N
  34.64398	  70.19857	   7.50000	       14N
  34.64398	  74.49582	   7.50000	       14N
  37.30890	  65.90132	   7.50000	       14N
  37.30890	  70.19857	   7.50000	       14N
  37.30890	  74.49582	   7.50000	       14N
  39.97382	  65.90132	   7.50000	       14N
  39.97382	  70.19857	   7.50000	       14N
  39.97382	  74.49582	   7.50000	       14N
  42.63874	  65.90132	   7.50000	       14N
  42.63874	  70.19857	   7.50000	       14N
  42.63874	  74.49582	   7.50000	       14N
  45.30366	  65.90132	   7.50000	       14N
  45.30366	  70.19857	   7.50000	       14N
  45.30366	  74.49582	   7.50000	       14N
  25.31675	  79.49135	   7.50000	       11B
  27.98167	  79.49135	   7.50000	       11B
  30.64659	  79.49135	   7.50000	       11B
  33.31152	  79.49135	   7.50000	       11B
  35.97644	  79.49135	   7.50000	       11B
  38.64136	  79.49135	   7.50000	       10B
  41.30628	  79.49135	   7.50000	       11B
  43.97120	  79.49135	   7.50000	       11B
  46.63612	  79.49135	   7.50000	       11B
  23.98429	  78.79307	   7.50000	       14N
  26.64921	  78.79307	   7.50000	       14N
  29.31413	  78.79307	   7.50000	       14N
  31.97905	  78.79307	   7.50000	       14N
  34.64398	  78.79307	   7.50000	       14N
  37.30890	  78.79307	   7.50000	       14N
  39.97382	  78.79307	   7.50000	       14N
  42.63874	  78.79307	   7.50000	       14N
  45.30366	  78.79307	   7.50000	       14N
  49.30104	   2.14088	   7.50000	       11B
  49.30104	   6.43813	   7.50000	       11B
  49.30104	  10.73537	   7.50000	       10B
  51.96596	   2.14088	   7.50000	       11B
  51.96596	   6.43813	   7.50000	       10B
  51.96596	  10.73537	   7.50000	       10B
  54.63088	   2.14088	   7.50000	       10B
  54.63088	   6.43813	   7.50000	       10B
  54.63088	  10.73537	   7.50000	       10B
  57.29581	   2.14088	   7.50000	       11B
  57.29581	   6.43813	   7.50000	       11B
  57.29581	  10.73537	   7.50000	       11B
  59.96073	   2.14088	   7.50000	       10B
  59.96073	   6.43813	   7.50000	       11B
  59.96073	  10.73537	   7.50000	       11B
  62.62565	   2.14088	   7.50000	       11B
  62.62565	   6.43813	   7.50000	       10B
  62.62565	  10.73537	   7.50000	       11B
  65.29057	   2.14088	   7.50000	       11B
  65.29057	   6.43813	   7.50000	       11B
  65.29057	  10.73537	   7.50000	       11B
  67.95549	   2.14088	   7.50000	       10B
  67.95549	   6.43813	   7.50000	       11B
  67.95549	  10.73537	   7.50000	       11B
  70.62041	   2.14088	   7.50000	       11B
  70.62041	   6.43813	   7.50000	       11B
  70.62041	  10.73537	   7.50000	       10B
  47.96858	   4.28950	   7.50000	       11B
  47.96858	   8.58675	   7.50000	       11B
  47.96858	  12.88399	   7.50000	       11B
  50.63350	   4.28950	   7.50000	       11B
  50.63350	   8.58675	   7.50000	       11B
  50.63350	  12.88399	   7.50000	       11B
  53.29842	   4.28950	   7.50000	       10B
  53.29842	   8.58675	   7.50000	       11B
  53.29842	  12.88399	   7.50000	       11B
  55.96335	   4.28950	   7.50000	       11B
  55.96335	   8.58675	   7.50000	       11B
  55.96335	  12.88399	   7.50000	       11B
  58.62827	   4.28950	   7.50000	       11B
  58.62827	   8.58675	   7.50000	       11B
  58.62827	  12.88399	   7.50000	       10B
  61.29319	   4.28950	   7.50000	       11B
  61.29319	   8.58675	   7.50000	       11B
  61.29319	  12.88399	   7.50000	       10B
  63.95811	   4.28950	   7.50000	       11B
  63.95811	   8.58675	   7.50000	       11B
  63.95811	  12.88399	   7.50000	       11B
  66.62303	   4.28950	   7.50000	       11B
  66.62303	   8.58675	   7.50000	       11B
  66.62303	  12.88399	   7.50000	       10B
  69.28795	   4.28950	   7.50000	       10B
  69.28795	   8.58675	   7.50000	       11B
  69.28795	  12.88399	   7.50000	       11B
  49.30104	   3.59123	   7.50000	       14N
  49.30104	   7.88847	   7.50000	       14N
  49.30104	  12.18572	   7.50000	       14N
  51.96596	   3.59123	   7.50000	       14N
  51.96596	   7.88847	   7.50000	       14N
  51.96596	  12.18572	   7.50000	       14N
  54.63088	   3.59123	   7.50000	       14N
  54.63088	   7.88847	   7.50000	       14N
  54.63088	  12.18572	   7.50000	       14N
  57.29581	   3.59123	   7.50000	       14N
  57.29581	   7.88847	   7.50000	       14N
  57.29581	  12.18572	   7.50000	       14N
  59.96073	   3.59123	   7.50000	       14N
  59.96073	   7.88847	   7.50000	       14N
  59.96073	  12.18572	   7.50000	       14N
  62.62565	   3.59123	   7.50000	       14N
  62.62565	   7.88847	   7.50000	       14N
  62.62565	  12.18572	   7.50000	       14N
  65.29057	   3.59123	   7.50000	       14N
  65.29057	   7.88847	   7.50000	       14N
  65.29057	  12.18572	   7.50000	       14N
  67.95549	   3.59123	   7.50000	       14N
  67.95549	   7.88847	   7.50000	       14N
  67.95549	  12.18572	   7.50000	       14N
  70.62041	   3.59123	   7.50000	       14N
  70.62041	   7.88847	   7.50000	       14N
  70.62041	  12.18572	   7.50000	       14N
  47.96858	   1.44260	   7.50000	       14N
  47.96858	   5.73985	   7.50000	       14N
  47.96858	  10.03710	   7.50000	       14N
  50.63350	   1.44260	   7.50000	       14N
  50.63350	   5.73985	   7.50000	       14N
  50.63350	  10.03710	   7.50000	       14N
  53.29842	   1.44260	   7.50000	       14N
  53.29842	   5.73985	   7.50000	       14N
  53.29842	  10.03710	   7.50000	       14N
  55.96335	   1.44260	   7.50000	       14N
  55.96335	   5.73985	   7.50000	       14N
  55.96335	  10.03710	   7.50000	       14N
  58.62827	   1.44260	   7.50000	       15N
  58.62827	   5.73985	   7.50000	       14N
  58.62827	  10.03710	   7.50000	       14N
  61.29319	   1.44260	   7.50000	       14N
  61.29319	   5.73985	   7.50000	       14N
  61.29319	  10.03710	   7.50000	       14N
  63.95811	   1.44260	   7.50000	       14N
  63.95811	   5.73985	   7.50000	       14N
  63.95811	  10.03710	   7.50000	       14N
  66.62303	   1.44260	   7.50000	       14N
  66.62303	   5.73985	   7.50000	       15N
  66.62303	  10.03710	   7.50000	       14N
  69.28795	   1.44260	   7.50000	       14N
  69.28795	   5.73985	   7.50000	       14N
  69.28795	  10.03710	   7.50000	       14N
  49.30104	  15.03262	   7.50000	       11B
  49.30104	  19.32987	   7.50000	       11B
  49.30104	  23.62712	   7.50000	       11B
  51.96596	  15.03262	   7.50000	       11B
  51.96596	  19.32987	   7.50000	       11B
  51.96596	  23.62712	   7.50000	       11B
  54.63088	  15.03262	   7.50000	       11B
  54.63088	  19.32987	   7.50000	       10B
  54.63088	  23.62712	   7.50000	       10B
  57.29581	  15.03262	   7.50000	       11B
  57.29581	  19.32987	   7.50000	       11B
  57.29581	  23.62712	   7.50000	       11B
  59.96073	  15.03262	   7.50000	       11B
  59.96073	  19.32987	   7.50000	       11B
  59.96073	  23.62712	   7.50000	       11B
  62.62565	  15.03262	   7.50000	       11B
  62.62565	  19.32987	   7.50000	       11B
  62.62565	  23.62712	   7.50000	       11B
  65.29057	  15.03262	   7.50000	       11B
  65.29057	  19.32987	   7.50000	       10B
  65.29057	  23.62712	   7.50000	       10B
  67.95549	  15.03262	   7.50000	       11B
  67.95549	  19.32987	   7.50000	       11B
  67.95549	  23.62712	   7.50000	       11B
  70.62041	  15.03262	   7.50000	       11B
  70.62041	  19.32987	   7.50000	       11B
  70.62041	  23.62712	   7.50000	       11B
  47.96858	  17.18124	   7.50000	       11B
  47.96858	  21.47849	   7.50000	       11B
  47.96858	  25.77574	   7.50000	       11B
  50.63350	  17.18124	   7.50000	       10B
  50.63350	  21.47849	   7.50000	       11B
  50.63350	  25.77574	   7.50000	       11B
  53.29842	  17.18124	   7.50000	       11B
  53.29842	  21.47849	   7.50000	       10B
  53.29842	  25.77574	   7.50000	       10B
  55.96335	  17.18124	   7.50000	       11B
  55.96335	  21.47849	   7.50000	       11B
  55.96335	  25.77574	   7.50000	       10B
  58.62827	  17.18124	   7.50000	       11B
  58.62827	  21.47849	   7.50000	       11B
  58.62827	  25.77574	   7.50000	       11B
  61.29319	  17.18124	   7.50000	       11B
  61.29319	  21.47849	   7.50000	       10B
  61.29319	  25.77574	   7.50000	       10B
  63.95811	  17.18124	   7.50000	       11B
  63.95811	  21.47849	   7.50000	       11B
  63.95811	  25.77574	   7.50000	       11B
  66.62303	  17.18124	   7.50000	       11B
  66.62303	  21.47849	   7.50000	       11B
  66.62303	  25.77574	   7.50000	       10B
  69.28795	  17.18124	   7.50000	       10B
  69.28795	  21.47849	   7.50000	       11B
  69.28795	  25.77574	   7.50000	       11B
  49.30104	  16.48297	   7.50000	       14N
  49.30104	  20.78022	   7.50000	       14N
  49.30104	  25.07747	   7.50000	       14N
  51.96596	  16.48297	   7.50000	       14N
  51.96596	  20.78022	   7.50000	       14N
  51.96596	  25.07747	   7.50000	       14N
  54.63088	  16.48297	   7.50000	       14N
  54.63088	  20.78022	   7.50000	       14N
  54.63088	  25.07747	   7.50000	       14N
  57.29581	  16.48297	   7.50000	       14N
  57.29581	  20.78022	   7.50000	       14N
  57.29581	  25.07747	   7.50000	       14N
  59.96073	  16.48297	   7.50000	       14N
  59.96073	  20.78022	   7.50000	       14N
  59.96073	  25.07747	   7.50000	       14N
  62.62565	  16.48297	   7.50000	       14N
  62.62565	  20.78022	   7.50000	       14N
  62.62565	  25.07747	   7.50000	       14N
  65.29057	  16.48297	   7.50000	       14N
  65.29057	  20.78022	   7.50000	       14N
  65.29057	  25.07747	   7.50000	       14N
  67.95549	  16.48297	   7.50000	       14N
  67.95549	  20.78022	   7.50000	       14N
  67.95549	  25.07747	   7.50000	       14N
  70.62041	  16.48297	   7.50000	       14N
  70.62041	  20.78022	   7.50000	       14N
  70.62041	  25.07747	   7.50000	       14N
  47.96858	  14.33434	   7.50000	       14N
  47.96858	  18.63159	   7.50000	       14N
  47.96858	  22.92884	   7.50000	       14N
  50.63350	  14.33434	   7.50000	       14N
  50.63350	  18.63159	   7.50000	       14N
  50.63350	  22.92884	   7.50000	       14N
  53.29842	  14.33434	   7.50000	       14N
  53.29842	  18.63159	   7.50000	       14N
  53.29842	  22.92884	   7.50000	       14N
  55.96335	  14.33434	   7.50000	       14N
  55.96335	  18.63159	   7.50000	       14N
  55.96335	  22.92884	   7.50000	       14N
  58.62827	  14.33434	   7.50000	       14N
  58.62827	  18.63159	   7.50000	       14N
  58.62827	  22.92884	   7.50000	       14N
  61.29319	  14.33434	   7.50000	       14N
  61.29319	  18.63159	   7.50000	       14N
  61.29319	  22.92884	   7.50000	       14N
  63.95811	  14.33434	   7.50000	       14N
  63.95811	  18.63159	   7.50000	       14N
  63.95811	  22.92884	   7.50000	       14N
  66.62303	  14.33434	   7.50000	       14N
  66.62303	  18.63159	   7.50000	       14N
  66.62303	  22.92884	   7.50000	       14N
  69.28795	  14.33434	   7.50000	       14N
  69.28795	  18.63159	   7.50000	       14N
  69.28795	  22.92884	   7.50000	       14N
  49.30104	  27.92437	   7.50000	       10B
  49.30104	  32.22162	   7.50000	       11B
  49.30104	  36.51886	   7.50000	       11B
  51.96596	  27.92437	   7.50000	       11B
  51.96596	  32.22162	   7.50000	       11B
  51.96596	  36.51886	   7.50000	       11B
  54.63088	  27.92437	   7.50000	       11B
  54.63088	  32.22162	   7.50000	       11B
  54.63088	  36.51886	   7.50000	       11B
  57.29581	  27.92437	   7.50000	       11B
  57.29581	  32.22162	   7.50000	       10B
  57.29581	  36.51886	   7.50000	       11B
  59.96073	  27.92437	   7.50000	       11B
  59.96073	  32.22162	   7.50000	       11B
  59.96073	  36.51886	   7.50000	       11B
  62.62565	  27.92437	   7.50000	       10B
  62.62565	  32.22162	   7.50000	       11B
  62.62565	  36.51886	   7.50000	       10B
  65.29057	  27.92437	   7.50000	       10B
  65.29057	  32.22162	   7.50000	       11B
  65.29057	  36.51886	   7.50000	       11B
  67.95549	  27.92437	   7.50000	       10B
  67.95549	  32.22162	   7.50000	       11B
  67.95549	  36.51886	   7.50000	       11B
  70.62041	  27.92437	   7.50000	       11B
  70.62041	  32.22162	   7.50000	       11B
  70.62041	  36.51886	   7.50000	       11B
  47.96858	  30.07299	   7.50000	       11B
  47.96858	  34.37024	   7.50000	       11B
  47.96858	  38.66749	   7.50000	       10B
  50.63350	  30.07299	   7.50000	       11B
  50.63350	  34.37024	   7.50000	       11B
  50.63350	  38.66749	   7.50000	       11B
  53.29842	  30.07299	   7.50000	       11B
  53.29842	  34.37024	   7.50000	       11B
  53.29842	  38.66749	   7.50000	       10B
  55.96335	  30.07299	   7.50000	       11B
  55.96335	  34.37024	   7.50000	       11B
  55.96335	  38.66749	   7.50000	       11B
  58.62827	  30.07299	   7.50000	       11B
  58.62827	  34.37024	   7.50000	       11B
  58.62827	  38.66749	   7.50000	       10B
  61.29319	  30.07299	   7.50000	       11B
  61.29319	  34.37024	   7.50000	       11B
  61.29319	  38.66749	   7.50000	       10B
  63.95811	  30.07299	   7.50000	       10B
  63.95811	  34.37024	   7.50000	       11B
  63.95811	  38.66749	   7.50000	       11B
  66.62303	  30.07299	   7.50000	       10B
  66.62303	  34.37024	   7.50000	       11B
  66.62303	  38.66749	   7.50000	       11B
  69.28795	  30.07299	   7.50000	       11B
  69.28795	  34.37024	   7.50000	       11B
  69.28795	  38.66749	   7.50000	       11B
  49.30104	  29.37472	   7.50000	       14N
  49.30104	  33.67196	   7.50000	       14N
  49.30104	  37.96921	   7.50000	       14N
  51.96596	  29.37472	   7.50000	       14N
  51.96596	  33.67196	   7.50000	       14N
  51.96596	  37.96921	   7.50000	       14N
  54.63088	  29.37472	   7.50000	       15N
  54.63088	  33.67196	   7.50000	       14N
  54.63088	  37.96921	   7.50000	       14N
  57.29581	  29.37472	   7.50000	       14N
  57.29581	  33.67196	   7.50000	       14N
  57.29581	  37.96921	   7.50000	       14N
  59.96073	  29.37472	   7.50000	       14N
  59.96073	  33.67196	   7.50000	       14N
  59.96073	  37.96921	   7.50000	       14N
  62.62565	  29.37472	   7.50000	       14N
  62.62565	  33.67196	   7.50000	       14N
  62.62565	  37.96921	   7.50000	       14N
  65.29057	  29.37472	   7.50000	       14N
  65.29057	  33.67196	   7.50000	       14N
  65.29057	  37.96921	   7.50000	       14N
  67.95549	  29.37472	   7.50000	       14N
  67.95549	  33.67196	   7.50000	       14N
  67.95549	  37.96921	   7.50000	       14N
  70.62041	  29.37472	   7.50000	       14N
  70.62041	  33.67196	   7.50000	       14N
  70.62041	  37.96921	   7.50000	       14N
  47.96858	  27.22609	   7.50000	       14N
  47.96858	  31.52334	   7.50000	       14N
  47.96858	  35.82059	   7.50000	       14N
  50.63350	  27.22609	   7.50000	       14N
  50.63350	  31.52334	   7.50000	       14N
  50.63350	  35.82059	   7.50000	       14N
  53.29842	  27.22609	   7.50000	       14N
  53.29842	  31.52334	   7.50000	       14N
  53.29842	  35.82059	   7.50000	       14N
  55.96335	  27.22609	   7.50000	       14N
  55.96335	  31.52334	   7.50000	       14N
  55.96335	  35.82059	   7.50000	       14N
  58.62827	  27.22609	   7.50000	       14N
  58.62827	  31.52334	   7.50000	       14N
  58.62827	  35.82059	   7.50000	       14N
  61.29319	  27.22609	   7.50000	       14N
  61.29319	  31.52334	   7.50000	       14N
  61.29319	  35.82059	   7.50000	       14N
  63.95811	  27.22609	   7.50000	       14N
  63.95811	  31.52334	   7.50000	       14N
  63.95811	  35.82059	   7.50000	       14N
  66.62303	  27.22609	   7.50000	       14N
  66.62303	  31.52334	   7.50000	       14N
  66.62303	  35.82059	   7.50000	       14N
  69.28795	  27.22609	   7.50000	       14N
  69.28795	  31.52334	   7.50000	       14N
  69.28795	  35.82059	   7.50000	       14N
  49.30104	  40.81611	   7.50000	       11B
  49.30104	  45.11336	   7.50000	       11B
  49.30104	  49.41061	   7.50000	       11B
  51.96596	  40.81611	   7.50000	       11B
  51.96596	  45.11336	   7.50000	       11B
  51.96596	  49.41061	   7.50000	       11B
  54.63088	  40.81611	   7.50000	       11B
  54.63088	  45.11336	   7.50000	       11B
  54.63088	  49.41061	   7.50000	       11B
  57.29581	  40.81611	   7.50000	       11B
  57.29581	  45.11336	   7.50000	       11B
  57.29581	  49.41061	   7.50000	       11B
  59.96073	  40.81611	   7.50000	       11B
  59.96073	  45.11336	   7.50000	       10B
  59.96073	  49.41061	   7.50000	       11B
  62.62565	  40.81611	   7.50000	       10B
  62.62565	  45.11336	   7.50000	       11B
  62.62565	  49.41061	   7.50000	       11B
  65.29057	  40.81611	   7.50000	       10B
  65.29057	  45.11336	   7.50000	       11B
  65.29057	  49.41061	   7.50000	       10B
  67.95549	  40.81611	   7.50000	       11B
  67.95549	  45.11336	   7.50000	       11B
  67.95549	  49.41061	   7.50000	       11B
  70.62041	  40.81611	   7.50000	       11B
  70.62041	  45.11336	   7.50000	       10B
  70.62041	  49.41061	   7.50000	       11B
  47.96858	  42.96473	   7.50000	       10B
  47.96858	  47.26198	   7.50000	       11B
  47.96858	  51.55923	   7.50000	       11B
  50.63350	  42.96473	   7.50000	       11B
  50.63350	  47.26198	   7.50000	       11B
  50.63350	  51.55923	   7.50000	       11B
  53.29842	  42.96473	   7.50000	       11B
  53.29842	  47.26198	   7.50000	       10B
  53.29842	  51.55923	   7.50000	       10B
  55.96335	  42.96473	   7.50000	       10B
  55.96335	  47.26198	   7.50000	       11B
  55.96335	  51.55923	   7.50000	       10B
  58.62827	  42.96473	   7.50000	       11B
  58.62827	  47.26198	   7.50000	       11B
  58.62827	  51.55923	   7.50000	       10B
  61.29319	  42.96473	   7.50000	       11B
  61.29319	  47.26198	   7.50000	       11B
  61.29319	  51.55923	   7.50000	       11B
  63.95811	  42.96473	   7.50000	       11B
  63.95811	  47.26198	   7.50000	       11B
  63.95811	  51.55923	   7.50000	       11B
  66.62303	  42.96473	   7.50000	       10B
  66.62303	  47.26198	   7.50000	       10B
  66.62303	  51.55923	   7.50000	       11B
  69.28795	  42.96473	   7.50000	       11B
  69.28795	  47.26198	   7.50000	       11B
  69.28795	  51.55923	   7.50000	       11B
  49.30104	  42.26646	   7.50000	       14N
  49.30104	  46.56371	   7.50000	       14N
  49.30104	  50.86096	   7.50000	       14N
  51.96596	  42.26646	   7.50000	       14N
  51.96596	  46.56371	   7.50000	       14N
  51.96596	  50.86096	   7.50000	       14N
  54.63088	  42.26646	   7.50000	       14N
  54.63088	  46.56371	   7.50000	       14N
  54.63088	  50.86096	   7.50000	       14N
  57.29581	  42.26646	   7.50000	       14N
  57.29581	  46.56371	   7.50000	       14N
  57.29581	  50.86096	   7.50000	       14N
  59.96073	  42.26646	   7.50000	       14N
  59.96073	  46.56371	   7.50000	       14N
  59.96073	  50.86096	   7.50000	       14N
  62.62565	  42.26646	   7.50000	       14N
  62.62565	  46.56371	   7.50000	       14N
  62.62565	  50.86096	   7.50000	       14N
  65.29057	  42.26646	   7.50000	       14N
  65.29057	  46.56371	   7.50000	       14N
  65.29057	  50.86096	   7.50000	       14N
  67.95549	  42.26646	   7.50000	       14N
  67.95549	  46.56371	   7.50000	       14N
  67.95549	  50.86096	   7.50000	       14N
  70.62041	  42.26646	   7.50000	       14N
  70.62041	  46.56371	   7.50000	       14N
  70.62041	  50.86096	   7.50000	       14N
  47.96858	  40.11783	   7.50000	       14N
  47.96858	  44.41508	   7.50000	       14N
  47.96858	  48.71233	   7.50000	       14N
  50.63350	  40.11783	   7.50000	       14N
  50.63350	  44.41508	   7.50000	       14N
  50.63350	  48.71233	   7.50000	       14N
  53.29842	  40.11783	   7.50000	       14N
  53.29842	  44.41508	   7.50000	       14N
  53.29842	  48.71233	   7.50000	       14N
  55.96335	  40.11783	   7.50000	       14N
  55.96335	  44.41508	   7.50000	       14N
  55.96335	  48.71233	   7.50000	       14N
  58.62827	  40.11783	   7.50000	       14N
  58.62827	  44.41508	   7.50000	       14N
  58.62827	  48.71233	   7.50000	       14N
  61.29319	  40.11783	   7.50000	       14N
  61.29319	  44.41508	   7.50000	       14N
  61.29319	  48.71233	   7.50000	       14N
  63.95811	  40.11783	   7.50000	       14N
  63.95811	  44.41508	   7.50000	       14N
  63.95811	  48.71233	   7.50000	       14N
  66.62303	  40.11783	   7.50000	       14N
  66.62303	  44.41508	   7.50000	       14N
  66.62303	  48.71233	   7.50000	       14N
  69.28795	  40.11783	   7.50000	       14N
  69.28795	  44.41508	   7.50000	       14N
  69.28795	  48.71233	   7.50000	       14N
  49.30104	  53.70786	   7.50000	       11B
  49.30104	  58.00511	   7.50000	       11B
  49.30104	  62.30235	   7.50000	       11B
  51.96596	  53.70786	   7.50000	       11B
  51.96596	  58.00511	   7.50000	       11B
  51.96596	  62.30235	   7.50000	       11B
  54.63088	  53.70786	   7.50000	       11B
  54.63088	  58.00511	   7.50000	       10B
  54.63088	  62.30235	   7.50000	       11B
  57.29581	  53.70786	   7.50000	       11B
  57.29581	  58.00511	   7.50000	       11B
  57.29581	  62.30235	   7.50000	       11B
  59.96073	  53.70786	   7.50000	       11B
  59.96073	  58.00511	   7.50000	       11B
  59.96073	  62.30235	   7.50000	       11B
  62.62565	  53.70786	   7.50000	       11B
  62.62565	  58.00511	   7.50000	       11B
  62.62565	  62.30235	   7.50000	       11B
  65.29057	  53.70786	   7.50000	       11B
  65.29057	  58.00511	   7.50000	       11B
  65.29057	  62.30235	   7.50000	       11B
  67.95549	  53.70786	   7.50000	       11B
  67.95549	  58.00511	   7.50000	       10B
  67.95549	  62.30235	   7.50000	       11B
  70.62041	  53.70786	   7.50000	       11B
  70.62041	  58.00511	   7.50000	       11B
  70.62041	  62.30235	   7.50000	       11B
  47.96858	  55.85648	   7.50000	       11B
  47.96858	  60.15373	   7.50000	       11B
  47.96858	  64.45098	   7.50000	       10B
  50.63350	  55.85648	   7.50000	       11B
  50.63350	  60.15373	   7.50000	       11B
  50.63350	  64.45098	   7.50000	       11B
  53.29842	  55.85648	   7.50000	       11B
  53.29842	  60.15373	   7.50000	       11B
  53.29842	  64.45098	   7.50000	       11B
  55.96335	  55.85648	   7.50000	       11B
  55.96335	  60.15373	   7.50000	       11B
  55.96335	  64.45098	   7.50000	       11B
  58.62827	  55.85648	   7.50000	       11B
  58.62827	  60.15373	   7.50000	       11B
  58.62827	  64.45098	   7.50000	       10B
  61.29319	  55.85648	   7.50000	       11B
  61.29319	  60.15373	   7.50000	       10B
  61.29319	  64.45098	   7.50000	       11B
  63.95811	  55.85648	   7.50000	       11B
  63.95811	  60.15373	   7.50000	       10B
  63.95811	  64.45098	   7.50000	       11B
  66.62303	  55.85648	   7.50000	       11B
  66.62303	  60.15373	   7.50000	       11B
  66.62303	  64.45098	   7.50000	       11B
  69.28795	  55.85648	   7.50000	       11B
  69.28795	  60.15373	   7.50000	       11B
  69.28795	  64.45098	   7.50000	       11B
  49.30104	  55.15821	   7.50000	       14N
  49.30104	  59.45545	   7.50000	       14N
  49.30104	  63.75270	   7.50000	       14N
  51.96596	  55.15821	   7.50000	       14N
  51.96596	  59.45545	   7.50000	       14N
  51.96596	  63.75270	   7.50000	       14N
  54.63088	  55.15821	   7.50000	       14N
  54.63088	  59.45545	   7.50000	       14N
  54.63088	  63.75270	   7.50000	       14N
  57.29581	  55.15821	   7.50000	       14N
  57.29581	  59.45545	   7.50000	       14N
  57.29581	  63.75270	   7.50000	       14N
  59.96073	  55.15821	   7.50000	       14N
  59.96073	  59.45545	   7.50000	       14N
  59.96073	  63.75270	   7.50000	       14N
  62.62565	  55.15821	   7.50000	       14N
  62.62565	  59.45545	   7.50000	       14N
  62.62565	  63.75270	   7.50000	       14N
  65.29057	  55.15821	   7.50000	       14N
  65.29057	  59.45545	   7.50000	       14N
  65.29057	  63.75270	   7.50000	       14N
  67.95549	  55.15821	   7.50000	       14N
  67.95549	  59.45545	   7.50000	       14N
  67.95549	  63.75270	   7.50000	       14N
  70.62041	  55.15821	   7.50000	       14N
  70.62041	  59.45545	   7.50000	       14N
  70.62041	  63.75270	   7.50000	       14N
  47.96858	  53.00958	   7.50000	       14N
  47.96858	  57.30683	   7.50000	       14N
  47.96858	  61.60408	   7.50000	       14N
  50.63350	  53.00958	   7.50000	       14N
  50.63350	  57.30683	   7.50000	       14N
  50.63350	  61.60408	   7.50000	       14N
  53.29842	  53.00958	   7.50000	       14N
  53.29842	  57.30683	   7.50000	       14N
  53.29842	  61.60408	   7.50000	       14N
  55.96335	  53.00958	   7.50000	       14N
  55.96335	  57.30683	   7.50000	       14N
  55.96335	  61.60408	   7.50000	       14N
  58.62827	  53.00958	   7.50000	       14N
  58.62827	  57.30683	   7.50000	       14N
  58.62827	  61.60408	   7.50000	       14N
  61.29319	  53.00958	   7.50000	       14N
  61.29319	  57.30683	   7.50000	       14N
  61.29319	  61.60408	   7.50000	       14N
  63.95811	  53.00958	   7.50000	       14N
  63.95811	  57.30683	   7.50000	       14N
  63.95811	  61.60408	   7.50000	       14N
  66.62303	  53.00958	   7.50000	       14N
  66.62303	  57.30683	   7.50000	       14N
  66.62303	  61.60408	   7.50000	       14N
  69.28795	  53.00958	   7.50000	       14N
  69.28795	  57.30683	   7.50000	       14N
  69.28795	  61.60408	   7.50000	       14N
  49.30104	  66.59960	   7.50000	       11B
  49.30104	  70.89685	   7.50000	       11B
  49.30104	  75.19410	   7.50000	       11B
  51.96596	  66.59960	   7.50000	       10B
  51.96596	  70.89685	   7.50000	       11B
  51.96596	  75.19410	   7.50000	       11B
  54.63088	  66.59960	   7.50000	       10B
  54.63088	  70.89685	   7.50000	       11B
  54.63088	  75.19410	   7.50000	       11B
  57.29581	  66.59960	   7.50000	       11B
  57.29581	  70.89685	   7.50000	       11B
  57.29581	  75.19410	   7.50000	       11B
  59.96073	  66.59960	   7.50000	       10B
  59.96073	  70.89685	   7.50000	       11B
  59.96073	  75.19410	   7.50000	       10B
  62.62565	  66.59960	   7.50000	       11B
  62.62565	  70.89685	   7.50000	       11B
  62.62565	  75.19410	   7.50000	       11B
  65.29057	  66.59960	   7.50000	       11B
  65.29057	  70.89685	   7.50000	       11B
  65.29057	  75.19410	   7.50000	       11B
  67.95549	  66.59960	   7.50000	       11B
  67.95549	  70.89685	   7.50000	       11B
  67.95549	  75.19410	   7.50000	       11B
  70.62041	  66.59960	   7.50000	       11B
  70.62041	  70.89685	   7.50000	       11B
  70.62041	  75.19410	   7.50000	       11B
  47.96858	  68.74822	   7.50000	       11B
  47.96858	  73.04547	   7.50000	       11B
  47.96858	  77.34272	   7.50000	       11B
  50.63350	  68.74822	   7.50000	       11B
  50.63350	  73.04547	   7.50000	       11B
  50.63350	  77.34272	   7.50000	       11B
  53.29842	  68.74822	   7.50000	       11B
  53.29842	  73.04547	   7.50000	       11B
  53.29842	  77.34272	   7.50000	       11B
  55.96335	  68.74822	   7.50000	       11B
  55.96335	  73.04547	   7.50000	       10B
  55.96335	  77.34272	   7.50000	       11B
  58.62827	  68.74822	   7.50000	       11B
  58.62827	  73.04547	   7.50000	       11B
  58.62827	  77.34272	   7.50000	       11B
  61.29319	  68.74822	   7.50000	       11B
  61.29319	  73.04547	   7.50000	       11B
  61.29319	  77.34272	   7.50000	       11B
  63.95811	  68.74822	   7.50000	       11B
  63.95811	  73.04547	   7.50000	       11B
  63.95811	  77.34272	   7.50000	       10B
  66.62303	  68.74822	   7.50000	       11B
  66.62303	  73.04547	   7.50000	       11B
  66.62303	  77.34272	   7.50000	       11B
  69.28795	  68.74822	   7.50000	       11B
  69.28795	  73.04547	   7.50000	       10B
  69.28795	  77.34272	   7.50000	       11B
  49.30104	  68.04995	   7.50000	       14N
  49.30104	  72.34720	   7.50000	       14N
  49.30104	  76.64445	   7.50000	       14N
  51.96596	  68.04995	   7.50000	       15N
  51.96596	  72.34720	   7.50000	       14N
  51.96596	  76.64445	   7.50000	       14N
  54.63088	  68.04995	   7.50000	       14N
  54.63088	  72.34720	   7.50000	       14N
  54.63088	  76.64445	   7.50000	       14N
  57.29581	  68.04995	   7.50000	       14N
  57.29581	  72.34720	   7.50000	       14N
  57.29581	  76.64445	   7.50000	       14N
  59.96073	  68.04995	   7.50000	       14N
  59.96073	  72.34720	   7.50000	       14N
  59.96073	  76.64445	   7.50000	       14N
  62.62565	  68.04995	   7.50000	       14N
  62.62565	  72.34720	   7.50000	       14N
  62.62565	  76.64445	   7.50000	       14N
  65.29057	  68.04995	   7.50000	       14N
  65.29057	  72.34720	   7.50000	       14N
  65.29057	  76.64445	   7.50000	       14N
  67.95549	  68.04995	   7.50000	       14N
  67.95549	  72.34720	   7.50000	       14N
  67.95549	  76.64445	   7.50000	       14N
  70.62041	  68.04995	   7.50000	       14N
  70.62041	  72.34720	   7.50000	       14N
  70.62041	  76.64445	   7.50000	       14N
  47.96858	  65.90132	   7.50000	       14N
  47.96858	  70.19857	   7.50000	       14N
  47.96858	  74.49582	   7.50000	       14N
  50.63350	  65.90132	   7.50000	       14N
  50.63350	  70.19857	   7.50000	       14N
  50.63350	  74.49582	   7.50000	       14N
  53.29842	  65.90132	   7.50000	       14N
  53.29842	  70.19857	   7.50000	       14N
  53.29842	  74.49582	   7.50000	       14N
  55.96335	  65.90132	   7.50000	       14N
  55.96335	  70.19857	   7.50000	       14N
  55.96335	  74.49582	   7.50000	       14N
  58.62827	  65.90132	   7.50000	       14N
  58.62827	  70.19857	   7.50000	       14N
  58.62827	  74.49582	   7.50000	       14N
  61.29319	  65.90132	   7.50000	       14N
  61.29319	  70.19857	   7.50000	       14N
  61.29319	  74.49582	   7.50000	       14N
  63.95811	  65.90132	   7.50000	       14N
  63.95811	  70.19857	   7.50000	       14N
  63.95811	  74.49582	   7.50000	       14N
  66.62303	  65.90132	   7.50000	       14N
  66.62303	  70.19857	   7.50000	       14N
  66.62303	  74.49582	   7.50000	       14N
  69.28795	  65.90132	   7.50000	       14N
  69.28795	  70.19857	   7.50000	       14N
  69.28795	  74.49582	   7.50000	       14N
  49.30104	  79.49135	   7.50000	       11B
  51.96596	  79.49135	   7.50000	       10B
  54.63088	  79.49135	   7.50000	       11B
  57.29581	  79.49135	   7.50000	       10B
  59.96073	  79.49135	   7.50000	       11B
  62.62565	  79.49135	   7.50000	       11B
  65.29057	  79.49135	   7.50000	       11B
  67.95549	  79.49135	   7.50000	       11B
  70.62041	  79.49135	   7.50000	       10B
  47.96858	  78.79307	   7.50000	       14N
  50.63350	  78.79307	   7.50000	       14N
  53.29842	  78.79307	   7.50000	       14N
  55.96335	  78.79307	   7.50000	       14N
  58.62827	  78.79307	   7.50000	       14N
  61.29319	  78.79307	   7.50000	       14N
  63.95811	  78.79307	   7.50000	       14N
  66.62303	  78.79307	   7.50000	       14N
  69.28795	  78.79307	   7.50000	       14N
  73.28533	   2.14088	   7.50000	       11B
  73.28533	   6.43813	   7.50000	       11B
  73.28533	  10.73537	   7.50000	       10B
  75.95025	   2.14088	   7.50000	       11B
  75.95025	   6.43813	   7.50000	       11B
  75.95025	  10.73537	   7.50000	       10B
  78.61518	   2.14088	   7.50000	       11B
  78.61518	   6.43813	   7.50000	       10B
  78.61518	  10.73537	   7.50000	       10B
  71.95287	   4.28950	   7.50000	       10B
  71.95287	   8.58675	   7.50000	       11B
  71.95287	  12.88399	   7.50000	       11B
  74.61779	   4.28950	   7.50000	       11B
  74.61779	   8.58675	   7.50000	       11B
  74.61779	  12.88399	   7.50000	       11B
  77.28271	   4.28950	   7.50000	       11B
  77.28271	   8.58675	   7.50000	       11B
  77.28271	  12.88399	   7.50000	       11B
  79.94764	   4.28950	   7.50000	       11B
  79.94764	   8.58675	   7.50000	       11B
  79.94764	  12.88399	   7.50000	       11B
  73.28533	   3.59123	   7.50000	       14N
  73.28533	   7.88847	   7.50000	       14N
  73.28533	  12.18572	   7.50000	       14N
  75.95025	   3.59123	   7.50000	       14N
  75.95025	   7.88847	   7.50000	       14N
  75.95025	  12.18572	   7.50000	       14N
  78.61518	   3.59123	   7.50000	       14N
  78.61518	   7.88847	   7.50000	       14N
  78.61518	  12.18572	   7.50000	       14N
  71.95287	   1.44260	   7.50000	       14N
  71.95287	   5.73985	   7.50000	       14N
  71.95287	  10.03710	   7.50000	       14N
  74.61779	   1.44260	   7.50000	       14N
  74.61779	   5.73985	   7.50000	       14N
  74.61779	  10.03710	   7.50000	       14N
  77.28271	   1.44260	   7.50000	       14N
  77.28271	   5.73985	   7.50000	       14N
  77.28271	  10.03710	   7.50000	       14N
  79.94764	   1.44260	   7.50000	       14N
  79.94764	   5.73985	   7.50000	       14N
  79.94764	  10.03710	   7.50000	       14N
  73.28533	  15.03262	   7.50000	       10B
  73.28533	  19.32987	   7.50000	       11B
  73.28533	  23.62712	   7.50000	       11B
  75.95025	  15.03262	   7.50000	       11B
  75.95025	  19.32987	   7.50000	       10B
  75.95025	  23.62712	   7.50000	       11B
  78.61518	  15.03262	   7.50000	       11B
  78.61518	  19.32987	   7.50000	       11B
  78.61518	  23.62712	   7.50000	       11B
  71.95287	  17.18124	   7.50000	       11B
  71.95287	  21.47849	   7.50000	       11B
  71.95287	  25.77574	   7.50000	       11B
  74.61779	  17.18124	   7.50000	       11B
  74.61779	  21.47849	   7.50000	       11B
  74.61779	  25.77574	   7.50000	       11B
  77.28271	  17.18124	   7.50000	       10B
  77.28271	  21.47849	   7.50000	       11B
  77.28271	  25.77574	   7.50000	       11B
  79.94764	  17.18124	   7.50000	       11B
  79.94764	  21.47849	   7.50000	       11B
  79.94764	  25.77574	   7.50000	       10B
  73.28533	  16.48297	   7.50000	       14N
  73.28533	  20.78022	   7.50000	       14N
  73.28533	  25.07747	   7.50000	       14N
  75.95025	  16.48297	   7.50000	       14N
  75.95025	  20.78022	   7.50000	       14N
  75.95025	  25.07747	   7.50000	       14N
  78.61518	  16.48297	   7.50000	       14N
  78.61518	  20.78022	   7.50000	       14N
  78.61518	  25.07747	   7.50000	       14N
  71.95287	  14.33434	   7.50000	       14N
  71.95287	  18.63159	   7.50000	       14N
  71.95287	  22.92884	   7.50000	       14N
  74.61779	  14.33434	   7.50000	       14N
  74.61779	  18.63159	   7.50000	       14N
  74.61779	  22.92884	   7.50000	       14N
  77.28271	  14.33434	   7.50000	       14N
  77.28271	  18.63159	   7.50000	       14N
  77.28271	  22.92884	   7.50000	       14N
  79.94764	  14.33434	   7.50000	       14N
  79.94764	  18.63159	   7.50000	       14N
  79.94764	  22.92884	   7.50000	       14N
  73.28533	  27.92437	   7.50000	       11B
  73.28533	  32.22162	   7.50000	       10B
  73.28533	  36.51886	   7.50000	       11B
  75.95025	  27.92437	   7.50000	       11B
  75.95025	  32.22162	   7.50000	       10B
  75.95025	  36.51886	   7.50000	       10B
  78.61518	  27.92437	   7.50000	       11B
  78.61518	  32.22162	   7.50000	       11B
  78.61518	  36.51886	   7.50000	       11B
  71.95287	  30.07299	   7.50000	       10B
  71.95287	  34.37024	   7.50000	       11B
  71.95287	  38.66749	   7.50000	       11B
  74.61779	  30.07299	   7.50000	       11B
  74.61779	  34.37024	   7.50000	       11B
  74.61779	  38.66749	   7.50000	       11B
  77.28271	  30.07299	   7.50000	       11B
  77.28271	  34.37024	   7.50000	       11B
  77.28271	  38.66749	   7.50000	       10B
  79.94764	  30.07299	   7.50000	       11B
  79.94764	  34.37024	   7.50000	       11B
  79.94764	  38.66749	   7.50000	       10B
  73.28533	  29.37472	   7.50000	       14N
  73.28533	  33.67196	   7.50000	       14N
  73.28533	  37.96921	   7.50000	       14N
  75.95025	  29.37472	   7.50000	       14N
  75.95025	  33.67196	   7.50000	       14N
  75.95025	  37.96921	   7.50000	       14N
  78.61518	  29.37472	   7.50000	       14N
  78.61518	  33.67196	   7.50000	       14N
  78.61518	  37.96921	   7.50000	       14N
  71.95287	  27.22609	   7.50000	       14N
  71.95287	  31.52334	   7.50000	       14N
  71.95287	  35.82059	   7.50000	       14N
  74.61779	  27.22609	   7.50000	       14N
  74.61779	  31.52334	   7.50000	       14N
  74.61779	  35.82059	   7.50000	       14N
  77.28271	  27.22609	   7.50000	       14N
  77.28271	  31.52334	   7.50000	       14N
  77.28271	  35.82059	   7.50000	       14N
  79.94764	  27.22609	   7.50000	       14N
  79.94764	  31.52334	   7.50000	       14N
  79.94764	  35.82059	   7.50000	       14N
  73.28533	  40.81611	   7.50000	       11B
  73.28533	  45.11336	   7.50000	       10B
  73.28533	  49.41061	   7.50000	       11B
  75.95025	  40.81611	   7.50000	       11B
  75.95025	  45.11336	   7.50000	       11B
  75.95025	  49.41061	   7.50000	       11B
  78.61518	  40.81611	   7.50000	       11B
  78.61518	  45.11336	   7.50000	       11B
  78.61518	  49.41061	   7.50000	       10B
  71.95287	  42.96473	   7.50000	       11B
  71.95287	  47.26198	   7.50000	       11B
  71.95287	  51.55923	   7.50000	       11B
  74.61779	  42.96473	   7.50000	       11B
  74.61779	  47.26198	   7.50000	       11B
  74.61779	  51.55923	   7.50000	       11B
  77.28271	  42.96473	   7.50000	       11B
  77.28271	  47.26198	   7.50000	       10B
  77.28271	  51.55923	   7.50000	       11B
  79.94764	  42.96473	   7.50000	       10B
  79.94764	  47.26198	   7.50000	       11B
  79.94764	  51.55923	   7.50000	       10B
  73.28533	  42.26646	   7.50000	       14N
  73.28533	  46.56371	   7.50000	       14N
  73.28533	  50.86096	   7.50000	       14N
  75.95025	  42.26646	   7.50000	       14N
  75.95025	  46.56371	   7.50000	       14N
  75.95025	  50.86096	   7.50000	       14N
  78.61518	  42.26646	   7.50000	       14N
  78.61518	  46.56371	   7.50000	       14N
  78.61518	  50.86096	   7.50000	       14N
  71.95287	  40.11783	   7.50000	       14N
  71.95287	  44.41508	   7.50000	       14N
  71.95287	  48.71233	   7.50000	       14N
  74.61779	  40.11783	   7.50000	       14N
  74.61779	  44.41508	   7.50000	       14N
  74.61779	  48.71233	   7.50000	       14N
  77.28271	  40.11783	   7.50000	       14N
  77.28271	  44.41508	   7.50000	       14N
  77.28271	  48.71233	   7.50000	       14N
  79.94764	  40.11783	   7.50000	       14N
  79.94764	  44.41508	   7.50000	       14N
  79.94764	  48.71233	   7.50000	       14N
  73.28533	  53.70786	   7.50000	       11B
  73.28533	  58.00511	   7.50000	       11B
  73.28533	  62.30235	   7.50000	       10B
  75.95025	  53.70786	   7.50000	       11B
  75.95025	  58.00511	   7.50000	       11B
  75.95025	  62.30235	   7.50000	       11B
  78.61518	  53.70786	   7.50000	       11B
  78.61518	  58.00511	   7.50000	       11B
  78.61518	  62.30235	   7.50000	       11B
  71.95287	  55.85648	   7.50000	       11B
  71.95287	  60.15373	   7.50000	       11B
  71.95287	  64.45098	   7.50000	       10B
  74.61779	  55.85648	   7.50000	       11B
  74.61779	  60.15373	   7.50000	       11B
  74.61779	  64.45098	   7.50000	       10B
  77.28271	  55.85648	   7.50000	       10B
  77.28271	  60.15373	   7.50000	       11B
  77.28271	  64.45098	   7.50000	       11B
  79.94764	  55.85648	   7.50000	       11B
  79.94764	  60.15373	   7.50000	       11B
  79.94764	  64.45098	   7.50000	       11B
  73.28533	  55.15821	   7.50000	       14N
  73.28533	  59.45545	   7.50000	       14N
  73.28533	  63.75270	   7.50000	       14N
  75.95025	  55.15821	   7.50000	       14N
  75.95025	  59.45545	   7.50000	       14N
  75.95025	  63.75270	   7.50000	       14N
  78.61518	  55.15821	   7.50000	       14N
  78.61518	  59.45545	   7.50000	       14N
  78.61518	  63.75270	   7.50000	       14N
  71.95287	  53.00958	   7.50000	       14N
  71.95287	  57.30683	   7.50000	       14N
  71.95287	  61.60408	   7.50000	       14N
  74.61779	  53.00958	   7.50000	       14N
  74.61779	  57.30683	   7.50000	       14N
  74.61779	  61.60408	   7.50000	       14N
  77.28271	  53.00958	   7.50000	       14N
  77.28271	  57.30683	   7.50000	       14N
  77.28271	  61.60408	   7.50000	       14N
  79.94764	  53.00958	   7.50000	       14N
  79.94764	  57.30683	   7.50000	       14N
  79.94764	  61.60408	   7.50000	       14N
  73.28533	  66.59960	   7.50000	       11B
  73.28533	  70.89685	   7.50000	       11B
  73.28533	  75.19410	   7.50000	       11B
  75.95025	  66.59960	   7.50000	       11B
  75.95025	  70.89685	   7.50000	       11B
  75.95025	  75.19410	   7.50000	       11B
  78.61518	  66.59960	   7.50000	       11B
  78.61518	  70.89685	   7.50000	       11B
  78.61518	  75.19410	   7.50000	       11B
  71.95287	  68.74822	   7.50000	       10B
  71.95287	  73.04547	   7.50000	       11B
  71.95287	  77.34272	   7.50000	       11B
  74.61779	  68.74822	   7.50000	       11B
  74.61779	  73.04547	   7.50000	       11B
  74.61779	  77.34272	   7.50000	       11B
  77.28271	  68.74822	   7.50000	       11B
  77.28271	  73.04547	   7.50000	       10B
  77.28271	  77.34272	   7.50000	       11B
  79.94764	  68.74822	   7.50000	       11B
  79.94764	  73.04547	   7.50000	       10B
  79.94764	  77.34272	   7.50000	       10B
  73.28533	  68.04995	   7.50000	       14N
  73.28533	  72.34720	   7.50000	       14N
  73.28533	  76.64445	   7.50000	       14N
  75.95025	  68.04995	   7.50000	       14N
  75.95025	  72.34720	   7.50000	       14N
  75.95025	  76.64445	   7.50000	       14N
  78.61518	  68.04995	   7.50000	       14N
  78.61518	  72.34720	   7.50000	       14N
  78.61518	  76.64445	   7.50000	       14N
  71.95287	  65.90132	   7.50000	       14N
  71.95287	  70.19857	   7.50000	       14N
  71.95287	  74.49582	   7.50000	       14N
  74.61779	  65.90132	   7.50000	       14N
  74.61779	  70.19857	   7.50000	       14N
  74.61779	  74.49582	   7.50000	       14N
  77.28271	  65.90132	   7.50000	       14N
  77.28271	  70.19857	   7.50000	       14N
  77.28271	  74.49582	   7.50000	       14N
  79.94764	  65.90132	   7.50000	       14N
  79.94764	  70.19857	   7.50000	       14N
  79.94764	  74.49582	   7.50000	       14N
  73.28533	  79.49135	   7.50000	       11B
  75.95025	  79.49135	   7.50000	       11B
  78.61518	  79.49135	   7.50000	       10B
  71.95287	  78.79307	   7.50000	       14N
  74.61779	  78.79307	   7.50000	       14N
  77.28271	  78.79307	   7.50000	       14N
  79.94764	  78.79307	   7.50000	       14N
