--------------------------------------------------------------------------------------------------------------------------------------------------------------------------
  AtomName	    r_1i_X	    r_1i_Y	    r_1i_Z	  iso[MHz]	       Axx	       Axy	       Axz	       Ayx	       Ayy	       Ayz	       Azx	       Azy	       Azz
--------------------------------------------------------------------------------------------------------------------------------------------------------------------------
10B  g-factor___:   0.600215 [No-unit]
11B  g-factor___:   1.792433 [No-unit]
14N  g-factor___:   0.403761 [No-unit]
15N  g-factor___:  -0.566378 [No-unit]
10B  etc____:	---       	---       	---       	   0.00000
11B  etc____:	---       	---       	---       	   0.00000
14N  etc____:	---       	---       	---       	   0.00000
15N  etc____:	---       	---       	---       	   0.00000
MinDif[A]:	 -10.99432	  -6.48245	  -1.09143
MaxDif[A]:	   9.76110	   5.74465	   0.22782
--------------------------------------------------------------------------------------------------------------------------------------------------------------------------
B         	  -9.75947	  -4.32458	  -1.09143	   0.00000	   0.06098	   0.00000	   0.00000	   0.00000	  -0.01525	   0.00000	   0.00000	   0.00000	  -0.04574
B         	  -9.75707	  -0.01218	  -1.09143	   0.01525	   0.09147	  -0.00000	   0.00000	  -0.00000	  -0.04574	  -0.00000	   0.00000	  -0.00000	  -0.04574
B         	  -9.75951	   4.30112	  -1.09143	   0.00000	   0.06098	  -0.00000	   0.00000	  -0.00000	  -0.01525	  -0.00000	   0.00000	  -0.00000	  -0.04574
B         	  -7.29084	  -4.32342	  -1.09139	  -0.01525	   0.07623	   0.03049	   0.01525	   0.03049	  -0.00000	   0.00000	   0.01525	   0.00000	  -0.07623
B         	  -7.28274	  -0.01202	  -1.09139	   0.18294	   0.18294	  -0.03049	   0.03049	  -0.03049	  -0.07623	  -0.00000	   0.03049	  -0.00000	  -0.10672
B         	  -7.28980	   4.30050	  -1.09139	   0.00000	   0.07623	  -0.03049	   0.01525	  -0.03049	  -0.00000	  -0.00000	   0.01525	  -0.00000	  -0.06098
B         	  -4.83219	  -4.31960	  -0.92246	  -0.04574	   0.09147	   0.12196	   0.06098	   0.12196	   0.07623	   0.03049	   0.06098	   0.03049	  -0.16770
B         	  -4.81486	  -0.01134	  -0.93179	   2.46972	   0.71652	  -0.47260	   0.16770	  -0.47260	  -0.13721	  -0.01525	   0.16770	  -0.01525	  -0.57932
B         	  -4.83035	   4.30350	  -0.91994	  -0.04574	   0.07623	  -0.10672	   0.04574	  -0.10672	   0.06098	  -0.03049	   0.04574	  -0.03049	  -0.13721
B         	  -2.43255	  -4.31617	  -0.35399	   2.04285	  -0.36588	   0.12196	   0.04574	   0.12196	   0.92996	   0.01525	   0.04574	   0.01525	  -0.56407
B         	  -2.37641	  -0.00744	  -0.38285	   1.06716	   2.63742	  -3.70458	   2.19531	  -3.70458	   1.32633	  -1.31109	   2.19531	  -1.31109	  -3.96375
B         	  -2.43116	   4.30495	  -0.34827	   2.82036	   0.48785	  -0.67079	   0.15245	  -0.67079	   0.16770	  -0.09147	   0.15245	  -0.09147	  -0.65554
B         	  -0.00000	  -4.32155	  -0.00993	  -0.97569	  -0.22868	  -0.00000	   0.00000	  -0.00000	   0.71652	  -0.03049	   0.00000	  -0.03049	  -0.48785
B         	  -0.00000	   4.30642	  -0.00484	  -1.02143	  -0.42687	  -0.00000	  -0.00000	  -0.00000	   1.32633	  -0.19819	  -0.00000	  -0.19819	  -0.89947
B         	   2.43255	  -4.31617	  -0.35399	   2.04285	  -0.36588	  -0.12196	  -0.04574	  -0.12196	   0.92996	   0.01525	  -0.04574	   0.01525	  -0.56407
B         	   2.37641	  -0.00744	  -0.38285	   1.06716	   2.63742	   3.70458	  -2.19531	   3.70458	   1.32633	  -1.31109	  -2.19531	  -1.31109	  -3.96375
B         	   2.43116	   4.30495	  -0.34827	   2.82036	   0.48785	   0.67079	  -0.15245	   0.67079	   0.16770	  -0.09147	  -0.15245	  -0.09147	  -0.65554
B         	   4.83219	  -4.31960	  -0.92246	  -0.04574	   0.09147	  -0.12196	  -0.06098	  -0.12196	   0.07623	   0.03049	  -0.06098	   0.03049	  -0.16770
B         	   4.81486	  -0.01134	  -0.93179	   2.46972	   0.71652	   0.47260	  -0.16770	   0.47260	  -0.13721	  -0.01525	  -0.16770	  -0.01525	  -0.57932
B         	   4.83035	   4.30350	  -0.91994	  -0.04574	   0.07623	   0.10672	  -0.04574	   0.10672	   0.06098	  -0.03049	  -0.04574	  -0.03049	  -0.13721
B         	   7.29083	  -4.32342	  -1.09139	  -0.01525	   0.07623	  -0.03049	  -0.01525	  -0.03049	  -0.00000	   0.00000	  -0.01525	   0.00000	  -0.07623
B         	   7.28273	  -0.01202	  -1.09139	   0.18294	   0.18294	   0.03049	  -0.03049	   0.03049	  -0.07623	  -0.00000	  -0.03049	  -0.00000	  -0.10672
B         	   7.28980	   4.30050	  -1.09139	   0.00000	   0.07623	   0.03049	  -0.01525	   0.03049	  -0.00000	  -0.00000	  -0.01525	  -0.00000	  -0.06098
B         	   9.75947	  -4.32458	  -1.09143	   0.00000	   0.06098	  -0.00000	  -0.00000	  -0.00000	  -0.01525	   0.00000	  -0.00000	   0.00000	  -0.04574
B         	   9.75706	  -0.01218	  -1.09143	   0.01525	   0.09147	   0.00000	  -0.00000	   0.00000	  -0.04574	  -0.00000	  -0.00000	  -0.00000	  -0.04574
B         	   9.75951	   4.30112	  -1.09143	   0.00000	   0.06098	   0.00000	  -0.00000	   0.00000	  -0.01525	  -0.00000	  -0.00000	  -0.00000	  -0.04574
B         	 -10.99432	  -6.48245	  -1.09143	   0.00000	   0.06098	   0.00000	  -0.00000	   0.00000	  -0.01525	   0.00000	  -0.00000	   0.00000	  -0.04574
B         	 -10.99432	  -2.16796	  -1.09143	   0.00000	   0.07623	  -0.00000	  -0.00000	  -0.00000	  -0.03049	   0.00000	  -0.00000	   0.00000	  -0.04574
B         	 -10.99432	   2.14398	  -1.09143	   0.00000	   0.07623	   0.00000	   0.00000	   0.00000	  -0.03049	  -0.00000	   0.00000	  -0.00000	  -0.04574
B         	  -8.52484	  -6.48233	  -1.09143	   0.00000	   0.06098	   0.00000	   0.00000	   0.00000	  -0.00000	  -0.00000	   0.00000	  -0.00000	  -0.04574
B         	  -8.52285	  -2.16749	  -1.09143	   0.00000	   0.09147	   0.01525	   0.01525	   0.01525	  -0.03049	   0.00000	   0.01525	   0.00000	  -0.06098
B         	  -8.52214	   2.14345	  -1.09143	   0.00000	   0.09147	  -0.01525	   0.01525	  -0.01525	  -0.03049	  -0.00000	   0.01525	  -0.00000	  -0.06098
B         	  -6.05702	  -6.48049	  -1.09043	   0.00000	   0.04574	   0.00000	   0.01525	   0.00000	   0.04574	   0.00000	   0.01525	   0.00000	  -0.07623
B         	  -6.05048	  -2.16741	  -1.09043	  -0.07623	   0.19819	   0.10672	   0.06098	   0.10672	  -0.04574	   0.01525	   0.06098	   0.01525	  -0.15245
B         	  -6.04778	   2.14475	  -1.09043	   0.01525	   0.15245	  -0.09147	   0.04574	  -0.09147	  -0.04574	  -0.01525	   0.04574	  -0.01525	  -0.12196
B         	  -3.63030	  -6.47756	  -0.66177	   0.10672	  -0.04574	  -0.07623	   0.04574	  -0.07623	   0.22868	  -0.01525	   0.04574	  -0.01525	  -0.18294
B         	  -3.61521	  -2.16077	  -0.67358	  -0.96045	   0.65554	   0.60981	   0.39637	   0.60981	   0.12196	   0.15245	   0.39637	   0.15245	  -0.77750
B         	  -3.61194	   2.14384	  -0.67177	  -0.88422	   0.39637	  -0.32015	   0.22868	  -0.32015	   0.06098	  -0.07623	   0.22868	  -0.07623	  -0.45736
B         	  -1.22760	  -6.47662	  -0.11512	  -0.06098	  -0.19819	  -0.01525	   0.01525	  -0.01525	   0.44211	  -0.01525	   0.01525	  -0.01525	  -0.24392
B         	  -1.20486	  -2.14875	  -0.10905	  -0.82324	  -1.64648	  -0.71652	   0.32015	  -0.71652	   5.93038	  -0.13721	   0.32015	  -0.13721	  -4.28390
B         	  -1.21879	   2.13492	  -0.05303	  -3.29296	   4.45159	  -2.71364	   2.71364	  -2.71364	  -0.60981	  -0.76226	   2.71364	  -0.76226	  -3.84179
B         	   1.22759	  -6.47662	  -0.11512	  -0.06098	  -0.19819	   0.01525	  -0.01525	   0.01525	   0.44211	  -0.01525	  -0.01525	  -0.01525	  -0.24392
B         	   1.20486	  -2.14875	  -0.10905	  -0.82324	  -1.64648	   0.71652	  -0.32015	   0.71652	   5.93038	  -0.13721	  -0.32015	  -0.13721	  -4.28390
B         	   1.21879	   2.13492	  -0.05303	  -3.29296	   4.45159	   2.71364	  -2.71364	   2.71364	  -0.60981	  -0.76226	  -2.71364	  -0.76226	  -3.84179
B         	   3.63030	  -6.47756	  -0.66177	   0.10672	  -0.04574	   0.07623	  -0.04574	   0.07623	   0.22868	  -0.01525	  -0.04574	  -0.01525	  -0.18294
B         	   3.61521	  -2.16077	  -0.67358	  -0.96045	   0.65554	  -0.60981	  -0.39637	  -0.60981	   0.12196	   0.15245	  -0.39637	   0.15245	  -0.77750
B         	   3.61194	   2.14384	  -0.67177	  -0.88422	   0.39637	   0.32015	  -0.22868	   0.32015	   0.06098	  -0.07623	  -0.22868	  -0.07623	  -0.45736
B         	   6.05702	  -6.48049	  -1.09043	   0.00000	   0.04574	  -0.00000	  -0.01525	  -0.00000	   0.04574	   0.00000	  -0.01525	   0.00000	  -0.07623
B         	   6.05048	  -2.16741	  -1.09043	  -0.07623	   0.19819	  -0.10672	  -0.06098	  -0.10672	  -0.04574	   0.01525	  -0.06098	   0.01525	  -0.15245
B         	   6.04778	   2.14475	  -1.09043	   0.01525	   0.15245	   0.09147	  -0.04574	   0.09147	  -0.04574	  -0.01525	  -0.04574	  -0.01525	  -0.12196
B         	   8.52484	  -6.48233	  -1.09143	   0.00000	   0.06098	  -0.00000	  -0.00000	  -0.00000	  -0.00000	  -0.00000	  -0.00000	  -0.00000	  -0.04574
B         	   8.52285	  -2.16749	  -1.09143	   0.00000	   0.09147	  -0.01525	  -0.01525	  -0.01525	  -0.03049	   0.00000	  -0.01525	   0.00000	  -0.06098
B         	   8.52214	   2.14345	  -1.09143	   0.00000	   0.09147	   0.01525	  -0.01525	   0.01525	  -0.03049	  -0.00000	  -0.01525	  -0.00000	  -0.06098
N         	  -9.76032	  -2.88904	  -1.09143	   0.00000	   0.07623	   0.01525	   0.00000	   0.01525	  -0.03049	   0.00000	   0.00000	   0.00000	  -0.04574
N         	  -9.75981	   1.42346	  -1.09143	   0.00000	   0.09147	  -0.00000	   0.00000	  -0.00000	  -0.03049	  -0.00000	   0.00000	  -0.00000	  -0.04574
N         	  -9.76110	   5.73731	  -1.09143	   0.00000	   0.06098	  -0.00000	   0.00000	  -0.00000	  -0.01525	  -0.00000	   0.00000	  -0.00000	  -0.04574
N         	  -7.29283	  -2.88862	  -1.09139	   0.04574	   0.10672	   0.04574	   0.03049	   0.04574	  -0.03049	   0.01525	   0.03049	   0.01525	  -0.07623
N         	  -7.29009	   1.42443	  -1.09139	   0.00000	   0.13721	  -0.03049	   0.03049	  -0.03049	  -0.04574	  -0.00000	   0.03049	  -0.00000	  -0.09147
N         	  -7.29477	   5.73757	  -1.09139	   0.00000	   0.06098	  -0.01525	   0.01525	  -0.01525	   0.00000	  -0.00000	   0.01525	  -0.00000	  -0.06098
N         	  -4.82895	  -2.88741	  -0.96260	   0.57932	   0.30490	   0.30490	   0.10672	   0.30490	  -0.01525	   0.04574	   0.10672	   0.04574	  -0.28966
N         	  -4.82411	   1.42696	  -0.97001	   0.07623	   0.39637	  -0.09147	   0.16770	  -0.09147	  -0.09147	  -0.03049	   0.16770	  -0.03049	  -0.28966
N         	  -4.83328	   5.74045	  -0.95860	   0.01525	   0.01525	  -0.01525	   0.03049	  -0.01525	   0.12196	  -0.01525	   0.03049	  -0.01525	  -0.12196
N         	  -2.43728	  -2.88967	  -0.35016	  23.09646	   1.41780	   5.36631	   1.32633	   5.36631	   1.95138	   1.37207	   1.32633	   1.37207	  -3.35394
N         	  -2.42777	   1.43316	  -0.36276	   2.53070	   1.32633	   1.61599	   0.19819	   1.61599	   1.81418	   0.13721	   0.19819	   0.13721	  -3.14051
N         	  -2.44257	   5.74284	  -0.34644	   1.60074	  -0.22868	  -0.30490	   0.03049	  -0.30490	   0.65554	  -0.03049	   0.03049	  -0.03049	  -0.42687
N         	  -0.00000	  -2.90778	   0.03823	  -0.94520	   3.23198	   0.00000	  -0.00000	   0.00000	  -0.19819	  -0.03049	  -0.00000	  -0.03049	  -3.03379
N         	  -0.00000	   5.74465	   0.00856	   0.54883	  -0.35064	  -0.00000	   0.00000	  -0.00000	   0.74701	   0.09147	   0.00000	   0.09147	  -0.41162
N         	   2.43728	  -2.88967	  -0.35016	  23.09646	   1.41780	  -5.36631	  -1.32633	  -5.36631	   1.95138	   1.37207	  -1.32633	   1.37207	  -3.35394
N         	   2.42777	   1.43316	  -0.36276	   2.53070	   1.32633	  -1.61599	  -0.19819	  -1.61599	   1.81418	   0.13721	  -0.19819	   0.13721	  -3.14051
N         	   2.44257	   5.74284	  -0.34644	   1.60074	  -0.22868	   0.30490	  -0.03049	   0.30490	   0.65554	  -0.03049	  -0.03049	  -0.03049	  -0.42687
N         	   4.82895	  -2.88741	  -0.96260	   0.57932	   0.30490	  -0.30490	  -0.10672	  -0.30490	  -0.01525	   0.04574	  -0.10672	   0.04574	  -0.28966
N         	   4.82410	   1.42696	  -0.97001	   0.07623	   0.39637	   0.09147	  -0.16770	   0.09147	  -0.09147	  -0.03049	  -0.16770	  -0.03049	  -0.28966
N         	   4.83328	   5.74045	  -0.95860	   0.01525	   0.01525	   0.01525	  -0.03049	   0.01525	   0.12196	  -0.01525	  -0.03049	  -0.01525	  -0.12196
N         	   7.29282	  -2.88862	  -1.09139	   0.04574	   0.10672	  -0.04574	  -0.03049	  -0.04574	  -0.03049	   0.01525	  -0.03049	   0.01525	  -0.07623
N         	   7.29009	   1.42443	  -1.09139	   0.00000	   0.13721	   0.03049	  -0.03049	   0.03049	  -0.04574	  -0.00000	  -0.03049	  -0.00000	  -0.09147
N         	   7.29477	   5.73757	  -1.09139	   0.00000	   0.06098	   0.01525	  -0.01525	   0.01525	   0.00000	  -0.00000	  -0.01525	  -0.00000	  -0.06098
N         	   9.76032	  -2.88904	  -1.09143	   0.00000	   0.07623	  -0.01525	  -0.00000	  -0.01525	  -0.03049	   0.00000	  -0.00000	   0.00000	  -0.04574
N         	   9.75980	   1.42346	  -1.09143	   0.00000	   0.09147	   0.00000	  -0.00000	   0.00000	  -0.03049	  -0.00000	  -0.00000	  -0.00000	  -0.04574
N         	   9.76110	   5.73731	  -1.09143	   0.00000	   0.06098	   0.00000	  -0.00000	   0.00000	  -0.01525	  -0.00000	  -0.00000	  -0.00000	  -0.04574
N         	 -10.99432	  -5.04651	  -1.09143	   0.00000	   0.06098	   0.00000	  -0.00000	   0.00000	  -0.01525	   0.00000	  -0.00000	   0.00000	  -0.04574
N         	 -10.99432	  -0.73243	  -1.09143	   0.00000	   0.09147	  -0.00000	  -0.00000	  -0.00000	  -0.04574	   0.00000	  -0.00000	   0.00000	  -0.04574
N         	 -10.99432	   3.57995	  -1.09143	   0.00000	   0.07623	  -0.00000	   0.00000	  -0.00000	  -0.03049	  -0.00000	   0.00000	  -0.00000	  -0.04574
N         	  -8.52794	  -5.04663	  -1.09143	   0.00000	   0.06098	   0.01525	   0.00000	   0.01525	  -0.01525	   0.00000	   0.00000	   0.00000	  -0.04574
N         	  -8.52417	  -0.73211	  -1.09143	   0.09147	   0.13721	   0.01525	   0.01525	   0.01525	  -0.06098	   0.00000	   0.01525	   0.00000	  -0.07623
N         	  -8.52738	   3.57990	  -1.09143	   0.00000	   0.07623	  -0.01525	   0.01525	  -0.01525	  -0.01525	  -0.00000	   0.01525	  -0.00000	  -0.06098
N         	  -6.06136	  -5.04511	  -1.09043	   0.03049	   0.06098	   0.04574	   0.03049	   0.04574	   0.03049	   0.01525	   0.03049	   0.01525	  -0.09147
N         	  -6.05333	  -0.73185	  -1.09043	   1.46354	   0.60981	   0.13721	   0.07623	   0.13721	  -0.28966	   0.01525	   0.07623	   0.01525	  -0.32015
N         	  -6.05908	   3.58215	  -1.09043	  -0.01525	   0.09147	  -0.07623	   0.03049	  -0.07623	   0.00000	  -0.01525	   0.03049	  -0.01525	  -0.09147
N         	  -3.63319	  -5.04385	  -0.66414	   1.06716	  -0.06098	   0.38113	   0.07623	   0.38113	   0.42687	   0.09147	   0.07623	   0.09147	  -0.36588
N         	  -3.61342	  -0.72829	  -0.69152	  25.41373	   6.11332	   2.59168	   3.17100	   2.59168	  -3.21673	   0.82324	   3.17100	   0.82324	  -2.91183
N         	  -3.63037	   3.58524	  -0.66234	  -0.06098	   0.09147	  -0.27441	   0.10672	  -0.27441	   0.19819	   0.03049	   0.10672	   0.03049	  -0.28966
N         	  -1.23528	  -5.04801	  -0.08508	   0.13721	  -0.10672	   0.13721	   0.03049	   0.13721	   0.51834	   0.00000	   0.03049	   0.00000	  -0.39637
N         	  -1.23549	   3.59347	  -0.06196	  28.88963	  -3.56737	  -3.17100	   0.64030	  -3.17100	   7.45490	  -2.54595	   0.64030	  -2.54595	  -3.88752
N         	   1.23528	  -5.04801	  -0.08508	   0.13721	  -0.10672	  -0.13721	  -0.03049	  -0.13721	   0.51834	   0.00000	  -0.03049	   0.00000	  -0.39637
N         	   1.23549	   3.59347	  -0.06196	  28.88963	  -3.56737	   3.17100	  -0.64030	   3.17100	   7.45490	  -2.54595	  -0.64030	  -2.54595	  -3.88752
N         	   3.63319	  -5.04385	  -0.66414	   1.06716	  -0.06098	  -0.38113	  -0.07623	  -0.38113	   0.42687	   0.09147	  -0.07623	   0.09147	  -0.36588
N         	   3.61342	  -0.72829	  -0.69152	  25.41373	   6.11332	  -2.59168	  -3.17100	  -2.59168	  -3.21673	   0.82324	  -3.17100	   0.82324	  -2.91183
N         	   3.63037	   3.58524	  -0.66234	  -0.06098	   0.09147	   0.27441	  -0.10672	   0.27441	   0.19819	   0.03049	  -0.10672	   0.03049	  -0.28966
N         	   6.06136	  -5.04511	  -1.09043	   0.03049	   0.06098	  -0.04574	  -0.03049	  -0.04574	   0.03049	   0.01525	  -0.03049	   0.01525	  -0.09147
N         	   6.05333	  -0.73185	  -1.09043	   1.46354	   0.60981	  -0.13721	  -0.07623	  -0.13721	  -0.28966	   0.01525	  -0.07623	   0.01525	  -0.32015
N         	   6.05908	   3.58215	  -1.09043	  -0.01525	   0.09147	   0.07623	  -0.03049	   0.07623	   0.00000	  -0.01525	  -0.03049	  -0.01525	  -0.09147
N         	   8.52794	  -5.04663	  -1.09143	   0.00000	   0.06098	  -0.01525	  -0.00000	  -0.01525	  -0.01525	   0.00000	  -0.00000	   0.00000	  -0.04574
N         	   8.52417	  -0.73211	  -1.09143	   0.09147	   0.13721	  -0.01525	  -0.01525	  -0.01525	  -0.06098	   0.00000	  -0.01525	   0.00000	  -0.07623
N         	   8.52738	   3.57990	  -1.09143	   0.00000	   0.07623	   0.01525	  -0.01525	   0.01525	  -0.01525	  -0.00000	  -0.01525	  -0.00000	  -0.06098
N         	   1.24126	  -0.75772	  -0.11391	 324.63099	  86.71462	 -87.97997	 -22.77631	 -87.97997	 -25.07833	  14.39146	 -22.77631	  14.39146	 -61.65153
N         	  -1.24126	  -0.75772	  -0.11391	 324.63099	  86.71462	  87.97997	  22.77631	  87.97997	 -25.07833	  14.39146	  22.77631	  14.39146	 -61.65153
N         	  -0.00000	   1.51544	   0.22782	 277.69107	 -85.86089	   0.00000	  -0.00000	   0.00000	 157.58949	  36.51222	  -0.00000	  36.51222	 -71.72860
