--------------------------------------------------------------------------------------------------------------------------------------------------------------------------
  AtomName	    r_1i_X	    r_1i_Y	    r_1i_Z	     EFGxx	     EFGxy	     EFGxz	     EFGyx	     EFGyy	     EFGyz	     EFGzx	     EFGzy	     EFGzz	[Hatree/Bohr_radius^2]
--------------------------------------------------------------------------------------------------------------------------------------------------------------------------
10B  eQ___:	  8.459000	[Q/milibarn]*(10^-1)
11B  eQ___:	  4.059000	[Q/milibarn]*(10^-1)
14N  eQ___:	  2.044000	[Q/milibarn]*(10^-1)
15N  eQ___:	  0.000000	[Q/milibarn]*(10^-1)
10B  etc____:	---       	---       	---       	  -0.18145	   0.00000	   0.00000	   0.00000	  -0.17498	   0.00012	   0.00000	   0.00012	   0.35641
11B  etc____:	---       	---       	---       	  -0.18145	   0.00000	   0.00000	   0.00000	  -0.17498	   0.00012	   0.00000	   0.00012	   0.35641
14N  etc____:	---       	---       	---       	  -0.03909	  -0.00000	   0.00000	  -0.00000	   0.00495	  -0.00004	   0.00000	  -0.00004	   0.03415
15N  etc____:	---       	---       	---       	  -0.03909	  -0.00000	   0.00000	  -0.00000	   0.00495	  -0.00004	   0.00000	  -0.00004	   0.03415
MinDif[A]:	 -11.08708	  -6.54053	  -1.09901
MaxDif[A]:	   9.84380	   6.51959	   0.21803
--------------------------------------------------------------------------------------------------------------------------------------------------------------------------
B         	  -9.84280	  -4.36658	  -1.09901	  -0.18071	   0.00274	   0.00017	   0.00274	  -0.17569	  -0.00001	   0.00017	  -0.00001	   0.35639
B         	  -9.84029	  -0.01364	  -1.09901	  -0.18159	   0.00385	   0.00016	   0.00385	  -0.17478	  -0.00001	   0.00016	  -0.00001	   0.35637
B         	  -9.84279	   4.34022	  -1.09901	  -0.18175	   0.00239	   0.00017	   0.00239	  -0.17467	  -0.00001	   0.00017	  -0.00001	   0.35641
B         	  -7.35455	  -4.36377	  -1.09897	  -0.17870	   0.00752	   0.00163	   0.00752	  -0.17711	  -0.00035	   0.00163	  -0.00035	   0.35581
B         	  -7.34678	  -0.01182	  -1.09897	  -0.18103	   0.01140	   0.00152	   0.01140	  -0.17458	  -0.00028	   0.00152	  -0.00028	   0.35561
B         	  -7.35202	   4.34195	  -1.09897	  -0.18219	   0.00829	   0.00155	   0.00829	  -0.17372	  -0.00028	   0.00155	  -0.00028	   0.35592
B         	  -4.87554	  -4.35808	  -0.93134	  -0.15813	   0.00912	  -0.09006	   0.00912	  -0.18116	   0.02023	  -0.09006	   0.02023	   0.33929
B         	  -4.86063	  -0.00894	  -0.94124	  -0.16661	   0.01990	  -0.08536	   0.01990	  -0.17239	   0.02007	  -0.08536	   0.02007	   0.33900
B         	  -4.87159	   4.34613	  -0.93061	  -0.16732	   0.01111	  -0.09193	   0.01111	  -0.17226	   0.02023	  -0.09193	   0.02023	   0.33958
B         	  -2.45494	  -4.35435	  -0.36617	  -0.13557	   0.01172	  -0.11908	   0.01172	  -0.19010	  -0.00326	  -0.11908	  -0.00326	   0.32568
B         	  -2.40552	  -0.00234	  -0.38584	  -0.13007	   0.06190	  -0.11439	   0.06190	  -0.17385	   0.00640	  -0.11439	   0.00640	   0.30392
B         	  -2.45158	   4.34905	  -0.36343	  -0.15513	   0.01289	  -0.12884	   0.01289	  -0.16657	   0.00058	  -0.12884	   0.00058	   0.32169
B         	  -0.00000	  -4.35703	  -0.02388	  -0.15455	  -0.00000	  -0.00000	  -0.00000	  -0.20019	  -0.02699	  -0.00000	  -0.02699	   0.35474
B         	  -0.00000	   4.35401	  -0.02034	  -0.18780	  -0.00000	   0.00000	  -0.00000	  -0.16642	  -0.01187	   0.00000	  -0.01187	   0.35422
B         	   2.45494	  -4.35435	  -0.36617	  -0.13557	  -0.01172	   0.11908	  -0.01172	  -0.19010	  -0.00326	   0.11908	  -0.00326	   0.32568
B         	   2.40552	  -0.00234	  -0.38584	  -0.13007	  -0.06190	   0.11439	  -0.06190	  -0.17385	   0.00640	   0.11439	   0.00640	   0.30392
B         	   2.45158	   4.34905	  -0.36343	  -0.15513	  -0.01289	   0.12884	  -0.01289	  -0.16657	   0.00058	   0.12884	   0.00058	   0.32169
B         	   4.87554	  -4.35808	  -0.93134	  -0.15813	  -0.00912	   0.09006	  -0.00912	  -0.18116	   0.02023	   0.09006	   0.02023	   0.33929
B         	   4.86063	  -0.00894	  -0.94124	  -0.16661	  -0.01990	   0.08536	  -0.01990	  -0.17239	   0.02007	   0.08536	   0.02007	   0.33900
B         	   4.87159	   4.34613	  -0.93061	  -0.16732	  -0.01111	   0.09193	  -0.01111	  -0.17226	   0.02023	   0.09193	   0.02023	   0.33958
B         	   7.35455	  -4.36377	  -1.09897	  -0.17870	  -0.00752	  -0.00163	  -0.00752	  -0.17711	  -0.00035	  -0.00163	  -0.00035	   0.35581
B         	   7.34678	  -0.01182	  -1.09897	  -0.18103	  -0.01140	  -0.00152	  -0.01140	  -0.17458	  -0.00028	  -0.00152	  -0.00028	   0.35561
B         	   7.35202	   4.34195	  -1.09897	  -0.18219	  -0.00829	  -0.00155	  -0.00829	  -0.17372	  -0.00028	  -0.00155	  -0.00028	   0.35592
B         	   9.84280	  -4.36658	  -1.09901	  -0.18071	  -0.00274	  -0.00017	  -0.00274	  -0.17569	  -0.00001	  -0.00017	  -0.00001	   0.35639
B         	   9.84028	  -0.01364	  -1.09901	  -0.18159	  -0.00385	  -0.00016	  -0.00385	  -0.17478	  -0.00001	  -0.00016	  -0.00001	   0.35637
B         	   9.84279	   4.34022	  -1.09901	  -0.18175	  -0.00239	  -0.00017	  -0.00239	  -0.17467	  -0.00001	  -0.00017	  -0.00001	   0.35641
B         	 -11.08708	   6.51813	  -1.09901	  -0.18145	   0.00000	   0.00000	   0.00000	  -0.17498	   0.00012	   0.00000	   0.00012	   0.35641
B         	 -11.08708	  -2.18880	  -1.09901	  -0.18035	   0.00000	   0.00000	   0.00000	  -0.17621	   0.00012	   0.00000	   0.00012	   0.35656
B         	 -11.08708	   2.16176	  -1.09901	  -0.18231	   0.00000	   0.00000	   0.00000	  -0.17408	   0.00012	   0.00000	   0.00012	   0.35639
B         	  -8.59781	   6.51959	  -1.09901	  -0.18076	   0.00565	   0.00118	   0.00565	  -0.17537	  -0.00099	   0.00118	  -0.00099	   0.35613
B         	  -8.59706	  -2.18859	  -1.09901	  -0.18049	   0.00605	   0.00115	   0.00605	  -0.17569	  -0.00096	   0.00115	  -0.00096	   0.35619
B         	  -8.59523	   2.16371	  -1.09901	  -0.18187	   0.00643	   0.00112	   0.00643	  -0.17413	  -0.00095	   0.00112	  -0.00095	   0.35601
B         	  -6.10990	  -6.54053	  -1.09801	  -0.17791	   0.00779	  -0.02816	   0.00779	  -0.17662	   0.01408	  -0.02816	   0.01408	   0.35453
B         	  -6.10512	  -2.18620	  -1.09801	  -0.17669	   0.01231	  -0.02758	   0.01231	  -0.17670	   0.01422	  -0.02758	   0.01422	   0.35340
B         	  -6.10061	   2.16636	  -1.09801	  -0.18130	   0.01364	  -0.02655	   0.01364	  -0.17247	   0.01340	  -0.02655	   0.01340	   0.35378
B         	  -3.66147	  -6.53614	  -0.67527	  -0.14559	   0.00977	  -0.12793	   0.00977	  -0.17742	   0.00341	  -0.12793	   0.00341	   0.32302
B         	  -3.64978	  -2.17792	  -0.68279	  -0.13441	   0.01845	  -0.12468	   0.01845	  -0.18290	   0.01330	  -0.12468	   0.01330	   0.31731
B         	  -3.64370	   2.16723	  -0.67988	  -0.15507	   0.02407	  -0.12974	   0.02407	  -0.16328	   0.00532	  -0.12974	   0.00532	   0.31835
B         	  -1.23752	  -6.53263	  -0.13279	  -0.16327	   0.00723	  -0.07639	   0.00723	  -0.18208	  -0.01701	  -0.07639	  -0.01701	   0.34535
B         	  -1.21898	  -2.16727	  -0.11205	  -0.11270	   0.03738	  -0.07249	   0.03738	  -0.21414	  -0.00506	  -0.07249	  -0.00506	   0.32684
B         	  -1.22545	   2.15937	  -0.05904	  -0.19456	   0.01739	  -0.11960	   0.01739	  -0.11965	  -0.00305	  -0.11960	  -0.00305	   0.31421
B         	   1.23752	  -6.53263	  -0.13279	  -0.16327	  -0.00723	   0.07639	  -0.00723	  -0.18208	  -0.01701	   0.07639	  -0.01701	   0.34535
B         	   1.21898	  -2.16727	  -0.11206	  -0.11270	  -0.03738	   0.07249	  -0.03738	  -0.21414	  -0.00506	   0.07249	  -0.00506	   0.32684
B         	   1.22545	   2.15937	  -0.05904	  -0.19456	  -0.01739	   0.11960	  -0.01739	  -0.11965	  -0.00305	   0.11960	  -0.00305	   0.31421
B         	   3.66147	  -6.53614	  -0.67527	  -0.14559	  -0.00977	   0.12793	  -0.00977	  -0.17742	   0.00341	   0.12793	   0.00341	   0.32302
B         	   3.64978	  -2.17792	  -0.68279	  -0.13441	  -0.01845	   0.12468	  -0.01845	  -0.18290	   0.01330	   0.12468	   0.01330	   0.31731
B         	   3.64370	   2.16723	  -0.67988	  -0.15507	  -0.02407	   0.12974	  -0.02407	  -0.16328	   0.00532	   0.12974	   0.00532	   0.31835
B         	   6.10989	  -6.54053	  -1.09801	  -0.17791	  -0.00779	   0.02816	  -0.00779	  -0.17662	   0.01408	   0.02816	   0.01408	   0.35453
B         	   6.10512	  -2.18620	  -1.09801	  -0.17669	  -0.01231	   0.02758	  -0.01231	  -0.17670	   0.01422	   0.02758	   0.01422	   0.35340
B         	   6.10061	   2.16636	  -1.09801	  -0.18130	  -0.01364	   0.02655	  -0.01364	  -0.17247	   0.01340	   0.02655	   0.01340	   0.35378
B         	   8.59781	   6.51959	  -1.09901	  -0.18076	  -0.00565	  -0.00118	  -0.00565	  -0.17537	  -0.00099	  -0.00118	  -0.00099	   0.35613
B         	   8.59706	  -2.18859	  -1.09901	  -0.18049	  -0.00605	  -0.00115	  -0.00605	  -0.17569	  -0.00096	  -0.00115	  -0.00096	   0.35619
B         	   8.59523	   2.16371	  -1.09901	  -0.18187	  -0.00643	  -0.00112	  -0.00643	  -0.17413	  -0.00095	  -0.00112	  -0.00095	   0.35601
N         	  -9.84376	  -2.91746	  -1.09901	  -0.03776	  -0.00056	   0.00129	  -0.00056	   0.00447	   0.00017	   0.00129	   0.00017	   0.03330
N         	  -9.84249	   1.43545	  -1.09901	  -0.03451	  -0.00102	   0.00126	  -0.00102	   0.00072	   0.00019	   0.00126	   0.00019	   0.03378
N         	  -9.84380	   5.79002	  -1.09901	  -0.03807	  -0.00009	   0.00134	  -0.00009	   0.00424	   0.00019	   0.00134	   0.00019	   0.03383
N         	  -7.35667	  -2.91566	  -1.09897	  -0.03688	  -0.00066	  -0.02294	  -0.00066	   0.00296	  -0.00574	  -0.02294	  -0.00574	   0.03392
N         	  -7.35308	   1.43818	  -1.09897	  -0.03268	  -0.00333	  -0.02240	  -0.00333	   0.00112	  -0.00579	  -0.02240	  -0.00579	   0.03156
N         	  -7.35741	   5.79215	  -1.09897	  -0.03793	  -0.00196	  -0.02377	  -0.00196	   0.00392	  -0.00586	  -0.02377	  -0.00586	   0.03401
N         	  -4.87341	  -2.91263	  -0.96885	  -0.04189	  -0.00527	   0.00789	  -0.00527	   0.00405	   0.01546	   0.00789	   0.01546	   0.03783
N         	  -4.86731	   1.44231	  -0.97592	  -0.03165	  -0.00846	   0.01281	  -0.00846	   0.00091	   0.01384	   0.01281	   0.01384	   0.03075
N         	  -4.87568	   5.79651	  -0.96700	  -0.03937	  -0.00788	   0.00961	  -0.00788	   0.00268	   0.01339	   0.00961	   0.01339	   0.03670
N         	  -2.46167	  -2.91521	  -0.36044	  -0.03449	   0.01734	   0.00493	   0.01734	   0.00987	  -0.00503	   0.00493	  -0.00503	   0.02463
N         	  -2.45039	   1.45102	  -0.36637	  -0.01676	   0.00710	   0.00306	   0.00710	   0.00682	   0.00581	   0.00306	   0.00581	   0.00994
N         	  -2.46206	   5.80071	  -0.36473	  -0.03532	  -0.00170	  -0.00076	  -0.00170	  -0.00141	  -0.01400	  -0.00076	  -0.01400	   0.03673
N         	  -0.00000	  -2.93026	   0.02651	  -0.01142	   0.00000	  -0.00000	   0.00000	  -0.00429	  -0.03267	  -0.00000	  -0.03267	   0.01571
N         	  -0.00000	   5.80476	  -0.00998	  -0.02656	   0.00000	  -0.00000	   0.00000	  -0.00608	  -0.03674	  -0.00000	  -0.03674	   0.03264
N         	   2.46167	  -2.91521	  -0.36044	  -0.03449	  -0.01734	  -0.00493	  -0.01734	   0.00987	  -0.00503	  -0.00493	  -0.00503	   0.02463
N         	   2.45038	   1.45102	  -0.36637	  -0.01676	  -0.00710	  -0.00306	  -0.00710	   0.00682	   0.00581	  -0.00306	   0.00581	   0.00994
N         	   2.46206	   5.80071	  -0.36473	  -0.03532	   0.00170	   0.00076	   0.00170	  -0.00141	  -0.01400	   0.00076	  -0.01400	   0.03673
N         	   4.87340	  -2.91263	  -0.96885	  -0.04189	   0.00527	  -0.00789	   0.00527	   0.00405	   0.01546	  -0.00789	   0.01546	   0.03783
N         	   4.86731	   1.44231	  -0.97592	  -0.03165	   0.00846	  -0.01281	   0.00846	   0.00091	   0.01384	  -0.01281	   0.01384	   0.03075
N         	   4.87568	   5.79651	  -0.96700	  -0.03937	   0.00788	  -0.00961	   0.00788	   0.00268	   0.01339	  -0.00961	   0.01339	   0.03670
N         	   7.35667	  -2.91566	  -1.09897	  -0.03688	   0.00066	   0.02294	   0.00066	   0.00296	  -0.00574	   0.02294	  -0.00574	   0.03392
N         	   7.35308	   1.43818	  -1.09897	  -0.03268	   0.00333	   0.02240	   0.00333	   0.00112	  -0.00579	   0.02240	  -0.00579	   0.03156
N         	   7.35741	   5.79215	  -1.09897	  -0.03793	   0.00196	   0.02377	   0.00196	   0.00392	  -0.00586	   0.02377	  -0.00586	   0.03401
N         	   9.84375	  -2.91746	  -1.09901	  -0.03776	   0.00056	  -0.00129	   0.00056	   0.00447	   0.00017	  -0.00129	   0.00017	   0.03330
N         	   9.84249	   1.43545	  -1.09901	  -0.03451	   0.00103	  -0.00126	   0.00103	   0.00072	   0.00019	  -0.00126	   0.00019	   0.03378
N         	   9.84380	   5.79002	  -1.09901	  -0.03807	   0.00010	  -0.00134	   0.00010	   0.00424	   0.00019	  -0.00134	   0.00019	   0.03383
N         	 -11.08708	  -5.09583	  -1.09901	  -0.03909	  -0.00000	   0.00000	  -0.00000	   0.00495	  -0.00004	   0.00000	  -0.00004	   0.03415
N         	 -11.08708	  -0.74043	  -1.09901	  -0.03343	  -0.00000	  -0.00000	  -0.00000	   0.00069	  -0.00004	  -0.00000	  -0.00004	   0.03275
N         	 -11.08708	   3.61156	  -1.09901	  -0.03759	  -0.00000	   0.00000	  -0.00000	   0.00352	  -0.00003	   0.00000	  -0.00003	   0.03407
N         	  -8.60109	  -5.09470	  -1.09901	  -0.03924	  -0.00139	  -0.00006	  -0.00139	   0.00482	   0.00006	  -0.00006	   0.00006	   0.03442
N         	  -8.59764	  -0.73984	  -1.09901	  -0.03391	  -0.00021	  -0.00020	  -0.00021	   0.00080	   0.00005	  -0.00020	   0.00005	   0.03311
N         	  -8.59985	   3.61352	  -1.09901	  -0.03576	  -0.00216	  -0.00012	  -0.00216	   0.00198	   0.00008	  -0.00012	   0.00008	   0.03378
N         	  -6.11461	  -5.09159	  -1.09801	  -0.03718	  -0.00378	  -0.01363	  -0.00378	   0.00481	   0.03845	  -0.01363	   0.03845	   0.03238
N         	  -6.10790	  -0.73788	  -1.09801	  -0.03134	  -0.00382	  -0.01193	  -0.00382	   0.00034	   0.03630	  -0.01193	   0.03630	   0.03100
N         	  -6.11121	   3.61725	  -1.09801	  -0.03216	  -0.00656	  -0.01309	  -0.00656	   0.00161	   0.03655	  -0.01309	   0.03655	   0.03055
N         	  -3.66554	  -5.08895	  -0.67567	  -0.04474	  -0.00570	  -0.00094	  -0.00570	   0.00524	   0.01117	  -0.00094	   0.01117	   0.03951
N         	  -3.65020	  -0.73303	  -0.70222	  -0.01102	   0.00784	   0.01173	   0.00784	  -0.00971	   0.01148	   0.01173	   0.01148	   0.02074
N         	  -3.66144	   3.62195	  -0.67495	  -0.03680	  -0.01004	   0.00236	  -0.01004	   0.00100	   0.01371	   0.00236	   0.01371	   0.03580
N         	  -1.24526	  -5.09086	  -0.10174	  -0.03182	  -0.00033	   0.00243	  -0.00033	  -0.00033	  -0.02767	   0.00243	  -0.02767	   0.03216
N         	  -1.24524	   3.63388	  -0.07660	  -0.03623	  -0.00443	  -0.00564	  -0.00443	   0.02474	  -0.04698	  -0.00564	  -0.04698	   0.01149
N         	   1.24526	  -5.09086	  -0.10174	  -0.03182	   0.00032	  -0.00243	   0.00032	  -0.00033	  -0.02767	  -0.00243	  -0.02767	   0.03216
N         	   1.24524	   3.63388	  -0.07660	  -0.03623	   0.00443	   0.00564	   0.00443	   0.02474	  -0.04698	   0.00564	  -0.04698	   0.01149
N         	   3.66554	  -5.08895	  -0.67567	  -0.04474	   0.00570	   0.00094	   0.00570	   0.00524	   0.01117	   0.00094	   0.01117	   0.03951
N         	   3.65020	  -0.73303	  -0.70222	  -0.01102	  -0.00784	  -0.01173	  -0.00784	  -0.00971	   0.01148	  -0.01173	   0.01148	   0.02074
N         	   3.66144	   3.62195	  -0.67495	  -0.03680	   0.01004	  -0.00236	   0.01004	   0.00100	   0.01371	  -0.00236	   0.01371	   0.03580
N         	   6.11461	  -5.09159	  -1.09801	  -0.03718	   0.00378	   0.01363	   0.00378	   0.00481	   0.03845	   0.01363	   0.03845	   0.03238
N         	   6.10790	  -0.73788	  -1.09801	  -0.03134	   0.00382	   0.01193	   0.00382	   0.00034	   0.03630	   0.01193	   0.03630	   0.03100
N         	   6.11121	   3.61725	  -1.09801	  -0.03216	   0.00656	   0.01309	   0.00656	   0.00161	   0.03655	   0.01309	   0.03655	   0.03055
N         	   8.60109	  -5.09470	  -1.09901	  -0.03924	   0.00138	   0.00006	   0.00138	   0.00482	   0.00006	   0.00006	   0.00006	   0.03442
N         	   8.59764	  -0.73984	  -1.09901	  -0.03391	   0.00021	   0.00020	   0.00021	   0.00080	   0.00005	   0.00020	   0.00005	   0.03311
N         	   8.59985	   3.61352	  -1.09901	  -0.03576	   0.00216	   0.00012	   0.00216	   0.00198	   0.00008	   0.00012	   0.00008	   0.03378
N         	   1.27437	  -0.76927	  -0.10901	   0.21086	  -0.24172	  -0.02194	  -0.24172	  -0.08571	   0.01191	  -0.02194	   0.01191	  -0.12515
N         	  -1.27437	  -0.76927	  -0.10901	   0.21086	   0.24172	   0.02194	   0.24172	  -0.08571	   0.01191	   0.02194	   0.01191	  -0.12515
N         	  -0.00000	   1.53853	   0.21803	  -0.25045	   0.00000	  -0.00000	   0.00000	   0.40433	   0.17627	  -0.00000	   0.17627	  -0.15388
