--------------------------------------------------------------------------------------------------------------------------------------------------------------------------
  AtomName	    r_1i_X	    r_1i_Y	    r_1i_Z	  iso[MHz]	       Axx	       Axy	       Axz	       Ayx	       Ayy	       Ayz	       Azx	       Azy	       Azz
--------------------------------------------------------------------------------------------------------------------------------------------------------------------------
10B  g-factor___:   0.600215 [No-unit]
11B  g-factor___:   1.792433 [No-unit]
14N  g-factor___:   0.403761 [No-unit]
15N  g-factor___:  -0.566378 [No-unit]
10B  etc____:	---       	---       	---       	   0.00000
11B  etc____:	---       	---       	---       	   0.00000
14N  etc____:	---       	---       	---       	   0.00000
15N  etc____:	---       	---       	---       	   0.00000
MinDif[A]:	 -11.08708	  -6.54053	  -1.09901
MaxDif[A]:	   9.84380	   6.51959	   0.21803
--------------------------------------------------------------------------------------------------------------------------------------------------------------------------
B         	  -9.84280	  -4.36658	  -1.09901	  -0.00000	   0.06098	   0.00000	   0.00000	   0.00000	  -0.01525	   0.00000	   0.00000	   0.00000	  -0.04574
B         	  -9.84029	  -0.01364	  -1.09901	   0.01525	   0.09147	  -0.00000	   0.00000	  -0.00000	  -0.04574	  -0.00000	   0.00000	  -0.00000	  -0.04574
B         	  -9.84279	   4.34022	  -1.09901	  -0.00000	   0.06098	  -0.00000	   0.00000	  -0.00000	  -0.01525	  -0.00000	   0.00000	  -0.00000	  -0.04574
B         	  -7.35455	  -4.36377	  -1.09897	  -0.01525	   0.07623	   0.03049	   0.01525	   0.03049	  -0.00000	   0.00000	   0.01525	   0.00000	  -0.07623
B         	  -7.34678	  -0.01182	  -1.09897	   0.30490	   0.18294	  -0.04574	   0.03049	  -0.04574	  -0.07623	   0.00000	   0.03049	   0.00000	  -0.12196
B         	  -7.35202	   4.34195	  -1.09897	  -0.00000	   0.06098	  -0.03049	   0.01525	  -0.03049	  -0.00000	  -0.00000	   0.01525	  -0.00000	  -0.06098
B         	  -4.87554	  -4.35808	  -0.93134	  -0.07623	   0.09147	   0.12196	   0.06098	   0.12196	   0.09147	   0.03049	   0.06098	   0.03049	  -0.18294
B         	  -4.86063	  -0.00894	  -0.94124	   3.23198	   0.77750	  -0.54883	   0.16770	  -0.54883	  -0.13721	  -0.01525	   0.16770	  -0.01525	  -0.64030
B         	  -4.87159	   4.34613	  -0.93061	  -0.04574	   0.07623	  -0.10672	   0.06098	  -0.10672	   0.07623	  -0.03049	   0.06098	  -0.03049	  -0.13721
B         	  -2.45494	  -4.35435	  -0.36617	   2.82036	  -0.42687	   0.09147	   0.04574	   0.09147	   1.05192	   0.01525	   0.04574	   0.01525	  -0.64030
B         	  -2.40552	  -0.00234	  -0.38584	   2.34776	   2.56119	  -3.46066	   2.16482	  -3.46066	   1.26535	  -1.26535	   2.16482	  -1.26535	  -3.82654
B         	  -2.45158	   4.34905	  -0.36343	   3.30821	   0.53358	  -0.70128	   0.15245	  -0.70128	   0.15245	  -0.09147	   0.15245	  -0.09147	  -0.68603
B         	  -0.00000	  -4.35703	  -0.02388	  -0.80799	  -0.19819	  -0.00000	   0.00000	  -0.00000	   0.71652	  -0.01525	   0.00000	  -0.01525	  -0.51834
B         	  -0.00000	   4.35401	  -0.02034	  -1.11290	  -0.30490	   0.00000	  -0.00000	   0.00000	   1.17388	  -0.16770	  -0.00000	  -0.16770	  -0.86898
B         	   2.45494	  -4.35435	  -0.36617	   2.82036	  -0.42687	  -0.09147	  -0.04574	  -0.09147	   1.05192	   0.01525	  -0.04574	   0.01525	  -0.64030
B         	   2.40552	  -0.00234	  -0.38584	   2.34776	   2.56119	   3.46066	  -2.16482	   3.46066	   1.26535	  -1.26535	  -2.16482	  -1.26535	  -3.82654
B         	   2.45158	   4.34905	  -0.36343	   3.30821	   0.53358	   0.70128	  -0.15245	   0.70128	   0.15245	  -0.09147	  -0.15245	  -0.09147	  -0.68603
B         	   4.87554	  -4.35808	  -0.93134	  -0.07623	   0.09147	  -0.12196	  -0.06098	  -0.12196	   0.09147	   0.03049	  -0.06098	   0.03049	  -0.18294
B         	   4.86063	  -0.00894	  -0.94124	   3.23198	   0.77750	   0.54883	  -0.16770	   0.54883	  -0.13721	  -0.01525	  -0.16770	  -0.01525	  -0.64030
B         	   4.87159	   4.34613	  -0.93061	  -0.04574	   0.07623	   0.10672	  -0.06098	   0.10672	   0.07623	  -0.03049	  -0.06098	  -0.03049	  -0.13721
B         	   7.35455	  -4.36377	  -1.09897	  -0.01525	   0.07623	  -0.03049	  -0.01525	  -0.03049	  -0.00000	   0.00000	  -0.01525	   0.00000	  -0.07623
B         	   7.34678	  -0.01182	  -1.09897	   0.30490	   0.18294	   0.04574	  -0.03049	   0.04574	  -0.07623	   0.00000	  -0.03049	   0.00000	  -0.12196
B         	   7.35202	   4.34195	  -1.09897	  -0.00000	   0.06098	   0.03049	  -0.01525	   0.03049	  -0.00000	  -0.00000	  -0.01525	  -0.00000	  -0.06098
B         	   9.84280	  -4.36658	  -1.09901	  -0.00000	   0.06098	  -0.00000	  -0.00000	  -0.00000	  -0.01525	   0.00000	  -0.00000	   0.00000	  -0.04574
B         	   9.84028	  -0.01364	  -1.09901	   0.01525	   0.09147	   0.00000	  -0.00000	   0.00000	  -0.04574	  -0.00000	  -0.00000	  -0.00000	  -0.04574
B         	   9.84279	   4.34022	  -1.09901	  -0.00000	   0.06098	   0.00000	  -0.00000	   0.00000	  -0.01525	  -0.00000	  -0.00000	  -0.00000	  -0.04574
B         	 -11.08708	   6.51813	  -1.09901	  -0.00000	   0.06098	   0.00000	  -0.00000	   0.00000	  -0.01525	   0.00000	  -0.00000	   0.00000	  -0.04574
B         	 -11.08708	  -2.18880	  -1.09901	  -0.00000	   0.07623	  -0.00000	   0.00000	  -0.00000	  -0.03049	   0.00000	   0.00000	   0.00000	  -0.04574
B         	 -11.08708	   2.16176	  -1.09901	   0.00000	   0.07623	   0.00000	   0.00000	   0.00000	  -0.03049	  -0.00000	   0.00000	  -0.00000	  -0.04574
B         	  -8.59781	   6.51959	  -1.09901	  -0.00000	   0.06098	   0.00000	   0.00000	   0.00000	  -0.00000	  -0.00000	   0.00000	  -0.00000	  -0.04574
B         	  -8.59706	  -2.18859	  -1.09901	  -0.01525	   0.09147	   0.01525	   0.01525	   0.01525	  -0.03049	   0.00000	   0.01525	   0.00000	  -0.06098
B         	  -8.59523	   2.16371	  -1.09901	   0.00000	   0.09147	  -0.01525	   0.01525	  -0.01525	  -0.03049	  -0.00000	   0.01525	  -0.00000	  -0.06098
B         	  -6.10990	  -6.54053	  -1.09801	  -0.00000	   0.04574	   0.00000	   0.01525	   0.00000	   0.04574	   0.00000	   0.01525	   0.00000	  -0.07623
B         	  -6.10512	  -2.18620	  -1.09801	  -0.10672	   0.19819	   0.09147	   0.06098	   0.09147	  -0.03049	   0.01525	   0.06098	   0.01525	  -0.16770
B         	  -6.10061	   2.16636	  -1.09801	   0.03049	   0.15245	  -0.09147	   0.04574	  -0.09147	  -0.03049	  -0.01525	   0.04574	  -0.01525	  -0.12196
B         	  -3.66147	  -6.53614	  -0.67527	   0.24392	  -0.04574	  -0.09147	   0.04574	  -0.09147	   0.24392	  -0.03049	   0.04574	  -0.03049	  -0.21343
B         	  -3.64978	  -2.17792	  -0.68279	  -1.06716	   0.64030	   0.54883	   0.39637	   0.54883	   0.15245	   0.13721	   0.39637	   0.13721	  -0.80799
B         	  -3.64370	   2.16723	  -0.67988	  -0.74701	   0.38113	  -0.32015	   0.24392	  -0.32015	   0.09147	  -0.07623	   0.24392	  -0.07623	  -0.47260
B         	  -1.23752	  -6.53263	  -0.13279	  -0.07623	  -0.18294	  -0.01525	   0.03049	  -0.01525	   0.42687	  -0.00000	   0.03049	  -0.00000	  -0.24392
B         	  -1.21898	  -2.16727	  -0.11205	   1.52452	  -1.52452	  -0.70128	   0.36588	  -0.70128	   5.79317	  -0.10672	   0.36588	  -0.10672	  -4.26865
B         	  -1.22545	   2.15937	  -0.05904	  -0.36588	   4.02473	  -2.53070	   2.46972	  -2.53070	  -0.33539	  -0.70128	   2.46972	  -0.70128	  -3.68934
B         	   1.23752	  -6.53263	  -0.13279	  -0.07623	  -0.18294	   0.01525	  -0.03049	   0.01525	   0.42687	  -0.00000	  -0.03049	  -0.00000	  -0.24392
B         	   1.21898	  -2.16727	  -0.11206	   1.52452	  -1.52452	   0.70128	  -0.36588	   0.70128	   5.79317	  -0.10672	  -0.36588	  -0.10672	  -4.26865
B         	   1.22545	   2.15937	  -0.05904	  -0.36588	   4.02473	   2.53070	  -2.46972	   2.53070	  -0.33539	  -0.70128	  -2.46972	  -0.70128	  -3.68934
B         	   3.66147	  -6.53614	  -0.67527	   0.24392	  -0.04574	   0.09147	  -0.04574	   0.09147	   0.24392	  -0.03049	  -0.04574	  -0.03049	  -0.21343
B         	   3.64978	  -2.17792	  -0.68279	  -1.06716	   0.64030	  -0.54883	  -0.39637	  -0.54883	   0.15245	   0.13721	  -0.39637	   0.13721	  -0.80799
B         	   3.64370	   2.16723	  -0.67988	  -0.74701	   0.38113	   0.32015	  -0.24392	   0.32015	   0.09147	  -0.07623	  -0.24392	  -0.07623	  -0.47260
B         	   6.10989	  -6.54053	  -1.09801	  -0.00000	   0.04574	  -0.00000	  -0.01525	  -0.00000	   0.04574	   0.00000	  -0.01525	   0.00000	  -0.07623
B         	   6.10512	  -2.18620	  -1.09801	  -0.10672	   0.19819	  -0.09147	  -0.06098	  -0.09147	  -0.03049	   0.01525	  -0.06098	   0.01525	  -0.16770
B         	   6.10061	   2.16636	  -1.09801	   0.03049	   0.15245	   0.09147	  -0.04574	   0.09147	  -0.03049	  -0.01525	  -0.04574	  -0.01525	  -0.12196
B         	   8.59781	   6.51959	  -1.09901	  -0.00000	   0.06098	  -0.00000	  -0.00000	  -0.00000	  -0.00000	  -0.00000	  -0.00000	  -0.00000	  -0.04574
B         	   8.59706	  -2.18859	  -1.09901	  -0.01525	   0.09147	  -0.01525	  -0.01525	  -0.01525	  -0.03049	   0.00000	  -0.01525	   0.00000	  -0.06098
B         	   8.59523	   2.16371	  -1.09901	   0.00000	   0.09147	   0.01525	  -0.01525	   0.01525	  -0.03049	  -0.00000	  -0.01525	  -0.00000	  -0.06098
N         	  -9.84376	  -2.91746	  -1.09901	   0.01525	   0.07623	   0.01525	   0.00000	   0.01525	  -0.03049	   0.00000	   0.00000	   0.00000	  -0.04574
N         	  -9.84249	   1.43545	  -1.09901	   0.00000	   0.09147	  -0.00000	   0.00000	  -0.00000	  -0.03049	  -0.00000	   0.00000	  -0.00000	  -0.04574
N         	  -9.84380	   5.79002	  -1.09901	   0.00000	   0.06098	  -0.00000	   0.00000	  -0.00000	  -0.01525	  -0.00000	   0.00000	  -0.00000	  -0.04574
N         	  -7.35667	  -2.91566	  -1.09897	   0.09147	   0.12196	   0.06098	   0.03049	   0.06098	  -0.03049	   0.01525	   0.03049	   0.01525	  -0.09147
N         	  -7.35308	   1.43818	  -1.09897	   0.03049	   0.13721	  -0.03049	   0.03049	  -0.03049	  -0.04574	  -0.00000	   0.03049	  -0.00000	  -0.09147
N         	  -7.35741	   5.79215	  -1.09897	   0.00000	   0.04574	  -0.01525	   0.01525	  -0.01525	   0.00000	  -0.00000	   0.01525	  -0.00000	  -0.06098
N         	  -4.87341	  -2.91263	  -0.96885	   1.11290	   0.39637	   0.39637	   0.10672	   0.39637	  -0.03049	   0.04574	   0.10672	   0.04574	  -0.36588
N         	  -4.86731	   1.44231	  -0.97592	   0.24392	   0.41162	  -0.04574	   0.16770	  -0.04574	  -0.10672	  -0.03049	   0.16770	  -0.03049	  -0.30490
N         	  -4.87568	   5.79651	  -0.96700	   0.06098	  -0.00000	  -0.00000	   0.03049	  -0.00000	   0.13721	  -0.03049	   0.03049	  -0.03049	  -0.13721
N         	  -2.46167	  -2.91521	  -0.36044	  27.16692	   1.84467	   6.31151	   1.66173	   6.31151	   2.13433	   1.63123	   1.66173	   1.63123	  -3.97899
N         	  -2.45039	   1.45102	  -0.36637	   6.14381	   1.06716	   2.16482	   0.04574	   2.16482	   2.36300	   0.15245	   0.04574	   0.15245	  -3.41492
N         	  -2.46206	   5.80071	  -0.36473	   2.16482	  -0.28966	  -0.35064	   0.04574	  -0.35064	   0.79275	  -0.06098	   0.04574	  -0.06098	  -0.50309
N         	  -0.00000	  -2.93026	   0.02651	   4.14669	   3.94850	  -0.00000	   0.00000	  -0.00000	  -0.60981	   0.06098	   0.00000	   0.06098	  -3.32345
N         	  -0.00000	   5.80476	  -0.00998	   1.09765	  -0.44211	  -0.00000	  -0.00000	  -0.00000	   0.91471	   0.16770	  -0.00000	   0.16770	  -0.47260
N         	   2.46167	  -2.91521	  -0.36044	  27.16692	   1.84467	  -6.31151	  -1.66173	  -6.31151	   2.13433	   1.63123	  -1.66173	   1.63123	  -3.97899
N         	   2.45038	   1.45102	  -0.36637	   6.14381	   1.06716	  -2.16482	  -0.04574	  -2.16482	   2.36300	   0.15245	  -0.04574	   0.15245	  -3.41492
N         	   2.46206	   5.80071	  -0.36473	   2.16482	  -0.28966	   0.35064	  -0.04574	   0.35064	   0.79275	  -0.06098	  -0.04574	  -0.06098	  -0.50309
N         	   4.87340	  -2.91263	  -0.96885	   1.11290	   0.39637	  -0.39637	  -0.10672	  -0.39637	  -0.03049	   0.04574	  -0.10672	   0.04574	  -0.36588
N         	   4.86731	   1.44231	  -0.97592	   0.24392	   0.41162	   0.04574	  -0.16770	   0.04574	  -0.10672	  -0.03049	  -0.16770	  -0.03049	  -0.30490
N         	   4.87568	   5.79651	  -0.96700	   0.06098	  -0.00000	   0.00000	  -0.03049	   0.00000	   0.13721	  -0.03049	  -0.03049	  -0.03049	  -0.13721
N         	   7.35667	  -2.91566	  -1.09897	   0.09147	   0.12196	  -0.06098	  -0.03049	  -0.06098	  -0.03049	   0.01525	  -0.03049	   0.01525	  -0.09147
N         	   7.35308	   1.43818	  -1.09897	   0.03049	   0.13721	   0.03049	  -0.03049	   0.03049	  -0.04574	  -0.00000	  -0.03049	  -0.00000	  -0.09147
N         	   7.35741	   5.79215	  -1.09897	   0.00000	   0.04574	   0.01525	  -0.01525	   0.01525	   0.00000	  -0.00000	  -0.01525	  -0.00000	  -0.06098
N         	   9.84375	  -2.91746	  -1.09901	   0.01525	   0.07623	  -0.01525	  -0.00000	  -0.01525	  -0.03049	   0.00000	  -0.00000	   0.00000	  -0.04574
N         	   9.84249	   1.43545	  -1.09901	   0.00000	   0.09147	   0.00000	  -0.00000	   0.00000	  -0.03049	  -0.00000	  -0.00000	  -0.00000	  -0.04574
N         	   9.84380	   5.79002	  -1.09901	   0.00000	   0.06098	   0.00000	  -0.00000	   0.00000	  -0.01525	  -0.00000	  -0.00000	  -0.00000	  -0.04574
N         	 -11.08708	  -5.09583	  -1.09901	   0.00000	   0.06098	   0.00000	   0.00000	   0.00000	  -0.01525	   0.00000	   0.00000	   0.00000	  -0.04574
N         	 -11.08708	  -0.74043	  -1.09901	   0.01525	   0.09147	   0.00000	  -0.00000	   0.00000	  -0.04574	   0.00000	  -0.00000	   0.00000	  -0.04574
N         	 -11.08708	   3.61156	  -1.09901	  -0.00000	   0.06098	   0.00000	   0.00000	   0.00000	  -0.03049	  -0.00000	   0.00000	  -0.00000	  -0.04574
N         	  -8.60109	  -5.09470	  -1.09901	   0.00000	   0.06098	   0.01525	   0.00000	   0.01525	  -0.01525	   0.00000	   0.00000	   0.00000	  -0.04574
N         	  -8.59764	  -0.73984	  -1.09901	   0.16770	   0.15245	   0.01525	   0.01525	   0.01525	  -0.07623	   0.00000	   0.01525	   0.00000	  -0.09147
N         	  -8.59985	   3.61352	  -1.09901	  -0.00000	   0.07623	  -0.01525	   0.01525	  -0.01525	  -0.01525	  -0.00000	   0.01525	  -0.00000	  -0.06098
N         	  -6.11461	  -5.09159	  -1.09801	   0.06098	   0.06098	   0.06098	   0.03049	   0.06098	   0.03049	   0.01525	   0.03049	   0.01525	  -0.09147
N         	  -6.10790	  -0.73788	  -1.09801	   2.10384	   0.77750	   0.18294	   0.07623	   0.18294	  -0.35064	   0.01525	   0.07623	   0.01525	  -0.42687
N         	  -6.11121	   3.61725	  -1.09801	   0.00000	   0.09147	  -0.06098	   0.03049	  -0.06098	   0.00000	  -0.01525	   0.03049	  -0.01525	  -0.09147
N         	  -3.66554	  -5.08895	  -0.67567	   1.64648	  -0.07623	   0.50309	   0.10672	   0.50309	   0.54883	   0.13721	   0.10672	   0.13721	  -0.48785
N         	  -3.65020	  -0.73303	  -0.70222	  29.46894	   7.02803	   3.20149	   3.70458	   3.20149	  -3.61311	   1.02143	   3.70458	   1.02143	  -3.41492
N         	  -3.66144	   3.62195	  -0.67495	   0.12196	   0.03049	  -0.27441	   0.09147	  -0.27441	   0.25917	   0.07623	   0.09147	   0.07623	  -0.28966
N         	  -1.24526	  -5.09086	  -0.10174	   0.38113	  -0.06098	   0.18294	   0.04574	   0.18294	   0.50309	   0.01525	   0.04574	   0.01525	  -0.44211
N         	  -1.24524	   3.63388	  -0.07660	  30.90199	  -3.99424	  -3.20149	   0.60981	  -3.20149	   8.32387	  -2.60693	   0.60981	  -2.60693	  -4.32963
N         	   1.24526	  -5.09086	  -0.10174	   0.38113	  -0.06098	  -0.18294	  -0.04574	  -0.18294	   0.50309	   0.01525	  -0.04574	   0.01525	  -0.44211
N         	   1.24524	   3.63388	  -0.07660	  30.90199	  -3.99424	   3.20149	  -0.60981	   3.20149	   8.32387	  -2.60693	  -0.60981	  -2.60693	  -4.32963
N         	   3.66554	  -5.08895	  -0.67567	   1.64648	  -0.07623	  -0.50309	  -0.10672	  -0.50309	   0.54883	   0.13721	  -0.10672	   0.13721	  -0.48785
N         	   3.65020	  -0.73303	  -0.70222	  29.46894	   7.02803	  -3.20149	  -3.70458	  -3.20149	  -3.61311	   1.02143	  -3.70458	   1.02143	  -3.41492
N         	   3.66144	   3.62195	  -0.67495	   0.12196	   0.03049	   0.27441	  -0.09147	   0.27441	   0.25917	   0.07623	  -0.09147	   0.07623	  -0.28966
N         	   6.11461	  -5.09159	  -1.09801	   0.06098	   0.06098	  -0.06098	  -0.03049	  -0.06098	   0.03049	   0.01525	  -0.03049	   0.01525	  -0.09147
N         	   6.10790	  -0.73788	  -1.09801	   2.10384	   0.77750	  -0.18294	  -0.07623	  -0.18294	  -0.35064	   0.01525	  -0.07623	   0.01525	  -0.42687
N         	   6.11121	   3.61725	  -1.09801	   0.00000	   0.09147	   0.06098	  -0.03049	   0.06098	   0.00000	  -0.01525	  -0.03049	  -0.01525	  -0.09147
N         	   8.60109	  -5.09470	  -1.09901	   0.00000	   0.06098	  -0.01525	  -0.00000	  -0.01525	  -0.01525	   0.00000	  -0.00000	   0.00000	  -0.04574
N         	   8.59764	  -0.73984	  -1.09901	   0.16770	   0.15245	  -0.01525	  -0.01525	  -0.01525	  -0.07623	   0.00000	  -0.01525	   0.00000	  -0.09147
N         	   8.59985	   3.61352	  -1.09901	  -0.00000	   0.07623	   0.01525	  -0.01525	   0.01525	  -0.01525	  -0.00000	  -0.01525	  -0.00000	  -0.06098
N         	   1.27437	  -0.76927	  -0.10901	 318.12130	  83.54362	 -85.76942	 -23.93494	 -85.76942	 -22.74582	  15.04700	 -23.93494	  15.04700	 -60.81305
N         	  -1.27437	  -0.76927	  -0.10901	 318.13655	  83.54362	  85.76942	  23.93494	  85.76942	 -22.74582	  15.04700	  23.93494	  15.04700	 -60.81305
N         	  -0.00000	   1.53853	   0.21803	 290.11589	 -76.71378	  -0.00000	  -0.00000	  -0.00000	 143.25901	  30.96297	  -0.00000	  30.96297	 -66.52999
