--------------------------------------------------------------------------------------------------------------------------------------------------------------------------
  AtomName	    r_1i_X	    r_1i_Y	    r_1i_Z	     EFGxx	     EFGxy	     EFGxz	     EFGyx	     EFGyy	     EFGyz	     EFGzx	     EFGzy	     EFGzz	[Hatree/Bohr_radius^2]
--------------------------------------------------------------------------------------------------------------------------------------------------------------------------
10B  eQ___:	  8.459000	[Q/milibarn]*(10^-1)
11B  eQ___:	  4.059000	[Q/milibarn]*(10^-1)
14N  eQ___:	  2.044000	[Q/milibarn]*(10^-1)
15N  eQ___:	  0.000000	[Q/milibarn]*(10^-1)
10B  etc____:	---       	---       	---       	  -0.19783	   0.00000	  -0.00000	   0.00000	  -0.19359	   0.00012	  -0.00000	   0.00012	   0.39143
11B  etc____:	---       	---       	---       	  -0.19783	   0.00000	  -0.00000	   0.00000	  -0.19359	   0.00012	  -0.00000	   0.00012	   0.39143
14N  etc____:	---       	---       	---       	  -0.03509	  -0.00000	  -0.00000	  -0.00000	   0.00343	  -0.00003	  -0.00000	  -0.00003	   0.03168
15N  etc____:	---       	---       	---       	  -0.03509	  -0.00000	  -0.00000	  -0.00000	   0.00343	  -0.00003	  -0.00000	  -0.00003	   0.03168
MinDif[A]:	 -10.99432	  -6.48245	  -1.09143
MaxDif[A]:	   9.76110	   5.74465	   0.22782
--------------------------------------------------------------------------------------------------------------------------------------------------------------------------
B         	  -9.75947	  -4.32458	  -1.09143	  -0.19727	   0.00298	   0.00016	   0.00298	  -0.19416	  -0.00002	   0.00016	  -0.00002	   0.39142
B         	  -9.75707	  -0.01218	  -1.09143	  -0.19822	   0.00411	   0.00016	   0.00411	  -0.19306	  -0.00002	   0.00016	  -0.00002	   0.39128
B         	  -9.75951	   4.30112	  -1.09143	  -0.19841	   0.00283	   0.00017	   0.00283	  -0.19305	  -0.00002	   0.00017	  -0.00002	   0.39145
B         	  -7.29084	  -4.32342	  -1.09139	  -0.19561	   0.00806	   0.00180	   0.00806	  -0.19534	  -0.00059	   0.00180	  -0.00059	   0.39095
B         	  -7.28274	  -0.01202	  -1.09139	  -0.19815	   0.01202	   0.00161	   0.01202	  -0.19248	  -0.00044	   0.00161	  -0.00044	   0.39063
B         	  -7.28980	   4.30050	  -1.09139	  -0.19952	   0.00827	   0.00168	   0.00827	  -0.19153	  -0.00048	   0.00168	  -0.00048	   0.39105
B         	  -4.83219	  -4.31960	  -0.92246	  -0.17285	   0.00935	  -0.10058	   0.00935	  -0.19954	   0.02325	  -0.10058	   0.02325	   0.37239
B         	  -4.81486	  -0.01134	  -0.93179	  -0.18320	   0.02134	  -0.09534	   0.02134	  -0.18904	   0.02300	  -0.09534	   0.02300	   0.37224
B         	  -4.83035	   4.30350	  -0.91994	  -0.18215	   0.01075	  -0.10279	   0.01075	  -0.19034	   0.02258	  -0.10279	   0.02258	   0.37249
B         	  -2.43255	  -4.31617	  -0.35399	  -0.14687	   0.01192	  -0.13280	   0.01192	  -0.21004	  -0.00246	  -0.13280	  -0.00246	   0.35691
B         	  -2.37641	  -0.00744	  -0.38285	  -0.15120	   0.06282	  -0.12486	   0.06282	  -0.18532	   0.00375	  -0.12486	   0.00375	   0.33652
B         	  -2.43116	   4.30495	  -0.34827	  -0.16764	   0.01388	  -0.14257	   0.01388	  -0.18549	  -0.00061	  -0.14257	  -0.00061	   0.35313
B         	  -0.00000	  -4.32155	  -0.00993	  -0.17040	  -0.00000	  -0.00000	  -0.00000	  -0.22006	  -0.02859	  -0.00000	  -0.02859	   0.39046
B         	  -0.00000	   4.30642	  -0.00484	  -0.20578	  -0.00000	  -0.00000	  -0.00000	  -0.18394	  -0.01414	  -0.00000	  -0.01414	   0.38971
B         	   2.43255	  -4.31617	  -0.35399	  -0.14687	  -0.01193	   0.13280	  -0.01193	  -0.21004	  -0.00246	   0.13280	  -0.00246	   0.35691
B         	   2.37641	  -0.00744	  -0.38285	  -0.15120	  -0.06282	   0.12486	  -0.06282	  -0.18532	   0.00375	   0.12486	   0.00375	   0.33652
B         	   2.43116	   4.30495	  -0.34827	  -0.16764	  -0.01389	   0.14257	  -0.01389	  -0.18549	  -0.00061	   0.14257	  -0.00061	   0.35313
B         	   4.83219	  -4.31960	  -0.92246	  -0.17285	  -0.00935	   0.10058	  -0.00935	  -0.19954	   0.02325	   0.10058	   0.02325	   0.37239
B         	   4.81486	  -0.01134	  -0.93179	  -0.18320	  -0.02135	   0.09534	  -0.02135	  -0.18904	   0.02300	   0.09534	   0.02300	   0.37224
B         	   4.83035	   4.30350	  -0.91994	  -0.18215	  -0.01075	   0.10279	  -0.01075	  -0.19034	   0.02258	   0.10279	   0.02258	   0.37249
B         	   7.29083	  -4.32342	  -1.09139	  -0.19561	  -0.00807	  -0.00180	  -0.00807	  -0.19534	  -0.00059	  -0.00180	  -0.00059	   0.39095
B         	   7.28273	  -0.01202	  -1.09139	  -0.19815	  -0.01202	  -0.00161	  -0.01202	  -0.19248	  -0.00044	  -0.00161	  -0.00044	   0.39063
B         	   7.28980	   4.30050	  -1.09139	  -0.19952	  -0.00827	  -0.00168	  -0.00827	  -0.19153	  -0.00048	  -0.00168	  -0.00048	   0.39105
B         	   9.75947	  -4.32458	  -1.09143	  -0.19727	  -0.00298	  -0.00016	  -0.00298	  -0.19416	  -0.00002	  -0.00016	  -0.00002	   0.39142
B         	   9.75706	  -0.01218	  -1.09143	  -0.19822	  -0.00411	  -0.00016	  -0.00411	  -0.19306	  -0.00002	  -0.00016	  -0.00002	   0.39128
B         	   9.75951	   4.30112	  -1.09143	  -0.19841	  -0.00283	  -0.00017	  -0.00283	  -0.19305	  -0.00002	  -0.00017	  -0.00002	   0.39145
B         	 -10.99432	  -6.48245	  -1.09143	  -0.19783	   0.00000	  -0.00000	   0.00000	  -0.19359	   0.00012	  -0.00000	   0.00012	   0.39143
B         	 -10.99432	  -2.16796	  -1.09143	  -0.19753	   0.00000	   0.00000	   0.00000	  -0.19390	   0.00011	   0.00000	   0.00011	   0.39143
B         	 -10.99432	   2.14398	  -1.09143	  -0.19848	   0.00000	   0.00000	   0.00000	  -0.19290	   0.00011	   0.00000	   0.00011	   0.39138
B         	  -8.52484	  -6.48233	  -1.09143	  -0.19759	   0.00590	   0.00122	   0.00590	  -0.19365	  -0.00100	   0.00122	  -0.00100	   0.39125
B         	  -8.52285	  -2.16749	  -1.09143	  -0.19720	   0.00682	   0.00115	   0.00682	  -0.19396	  -0.00096	   0.00115	  -0.00096	   0.39116
B         	  -8.52214	   2.14345	  -1.09143	  -0.19926	   0.00677	   0.00113	   0.00677	  -0.19186	  -0.00094	   0.00113	  -0.00094	   0.39111
B         	  -6.05702	  -6.48049	  -1.09043	  -0.19441	   0.00811	  -0.03117	   0.00811	  -0.19506	   0.01567	  -0.03117	   0.01567	   0.38949
B         	  -6.05048	  -2.16741	  -1.09043	  -0.19391	   0.01330	  -0.03006	   0.01330	  -0.19465	   0.01553	  -0.03006	   0.01553	   0.38857
B         	  -6.04778	   2.14475	  -1.09043	  -0.19861	   0.01408	  -0.02883	   0.01408	  -0.19041	   0.01450	  -0.02883	   0.01450	   0.38903
B         	  -3.63030	  -6.47756	  -0.66177	  -0.15686	   0.00991	  -0.14334	   0.00991	  -0.19634	   0.00424	  -0.14334	   0.00424	   0.35321
B         	  -3.61521	  -2.16077	  -0.67358	  -0.14745	   0.02008	  -0.13927	   0.02008	  -0.20145	   0.01445	  -0.13927	   0.01445	   0.34889
B         	  -3.61194	   2.14384	  -0.67177	  -0.16953	   0.02506	  -0.14330	   0.02506	  -0.18108	   0.00323	  -0.14330	   0.00323	   0.35061
B         	  -1.22760	  -6.47662	  -0.11512	  -0.17851	   0.00751	  -0.08453	   0.00751	  -0.20068	  -0.01832	  -0.08453	  -0.01832	   0.37918
B         	  -1.20486	  -2.14875	  -0.10905	  -0.12637	   0.03314	  -0.08209	   0.03314	  -0.23412	  -0.00154	  -0.08209	  -0.00154	   0.36049
B         	  -1.21879	   2.13492	  -0.05303	  -0.20415	   0.01368	  -0.13201	   0.01368	  -0.14255	  -0.00572	  -0.13201	  -0.00572	   0.34669
B         	   1.22759	  -6.47662	  -0.11512	  -0.17851	  -0.00752	   0.08453	  -0.00752	  -0.20068	  -0.01832	   0.08453	  -0.01832	   0.37918
B         	   1.20486	  -2.14875	  -0.10905	  -0.12637	  -0.03315	   0.08209	  -0.03315	  -0.23412	  -0.00154	   0.08209	  -0.00154	   0.36049
B         	   1.21879	   2.13492	  -0.05303	  -0.20415	  -0.01368	   0.13201	  -0.01368	  -0.14255	  -0.00572	   0.13201	  -0.00572	   0.34669
B         	   3.63030	  -6.47756	  -0.66177	  -0.15686	  -0.00991	   0.14334	  -0.00991	  -0.19634	   0.00424	   0.14334	   0.00424	   0.35321
B         	   3.61521	  -2.16077	  -0.67358	  -0.14745	  -0.02008	   0.13927	  -0.02008	  -0.20145	   0.01445	   0.13927	   0.01445	   0.34889
B         	   3.61194	   2.14384	  -0.67177	  -0.16953	  -0.02506	   0.14330	  -0.02506	  -0.18108	   0.00323	   0.14330	   0.00323	   0.35061
B         	   6.05702	  -6.48049	  -1.09043	  -0.19441	  -0.00811	   0.03117	  -0.00811	  -0.19506	   0.01567	   0.03117	   0.01567	   0.38949
B         	   6.05048	  -2.16741	  -1.09043	  -0.19391	  -0.01330	   0.03006	  -0.01330	  -0.19465	   0.01553	   0.03006	   0.01553	   0.38857
B         	   6.04778	   2.14475	  -1.09043	  -0.19862	  -0.01408	   0.02883	  -0.01408	  -0.19041	   0.01450	   0.02883	   0.01450	   0.38903
B         	   8.52484	  -6.48233	  -1.09143	  -0.19759	  -0.00590	  -0.00122	  -0.00590	  -0.19365	  -0.00100	  -0.00122	  -0.00100	   0.39125
B         	   8.52285	  -2.16749	  -1.09143	  -0.19720	  -0.00682	  -0.00115	  -0.00682	  -0.19396	  -0.00096	  -0.00115	  -0.00096	   0.39116
B         	   8.52214	   2.14345	  -1.09143	  -0.19926	  -0.00677	  -0.00113	  -0.00677	  -0.19186	  -0.00094	  -0.00113	  -0.00094	   0.39112
N         	  -9.76032	  -2.88904	  -1.09143	  -0.03321	  -0.00078	   0.00132	  -0.00078	   0.00235	   0.00019	   0.00132	   0.00019	   0.03086
N         	  -9.75981	   1.42346	  -1.09143	  -0.03113	  -0.00259	   0.00129	  -0.00259	  -0.00072	   0.00020	   0.00129	   0.00020	   0.03185
N         	  -9.76110	   5.73731	  -1.09143	  -0.03490	  -0.00132	   0.00139	  -0.00132	   0.00302	   0.00020	   0.00139	   0.00020	   0.03188
N         	  -7.29283	  -2.88862	  -1.09139	  -0.03334	  -0.00213	  -0.02402	  -0.00213	   0.00187	  -0.00650	  -0.02402	  -0.00650	   0.03147
N         	  -7.29009	   1.42443	  -1.09139	  -0.02929	  -0.00550	  -0.02336	  -0.00550	  -0.00075	  -0.00650	  -0.02336	  -0.00650	   0.03003
N         	  -7.29477	   5.73757	  -1.09139	  -0.03492	  -0.00282	  -0.02524	  -0.00282	   0.00337	  -0.00664	  -0.02524	  -0.00664	   0.03156
N         	  -4.82895	  -2.88741	  -0.96260	  -0.03957	  -0.00707	   0.00970	  -0.00707	   0.00307	   0.01473	   0.00970	   0.01473	   0.03650
N         	  -4.82411	   1.42696	  -0.97001	  -0.02950	  -0.01211	   0.01383	  -0.01211	  -0.00106	   0.01186	   0.01383	   0.01186	   0.03056
N         	  -4.83328	   5.74045	  -0.95860	  -0.03699	  -0.00883	   0.01160	  -0.00883	   0.00153	   0.01271	   0.01160	   0.01271	   0.03545
N         	  -2.43728	  -2.88967	  -0.35016	  -0.03813	   0.01068	   0.00130	   0.01068	   0.00975	  -0.00657	   0.00130	  -0.00657	   0.02839
N         	  -2.42777	   1.43316	  -0.36276	  -0.01407	  -0.00139	   0.00486	  -0.00139	  -0.00275	   0.00491	   0.00486	   0.00491	   0.01683
N         	  -2.44257	   5.74284	  -0.34644	  -0.03223	  -0.00314	   0.00082	  -0.00314	  -0.00386	  -0.01406	   0.00082	  -0.01406	   0.03609
N         	  -0.00000	  -2.90778	   0.03823	  -0.02400	   0.00000	  -0.00000	   0.00000	  -0.00224	  -0.03218	  -0.00000	  -0.03218	   0.02624
N         	  -0.00000	   5.74465	   0.00856	  -0.02237	   0.00000	  -0.00000	   0.00000	  -0.00707	  -0.03654	  -0.00000	  -0.03654	   0.02943
N         	   2.43728	  -2.88967	  -0.35016	  -0.03813	  -0.01068	  -0.00129	  -0.01068	   0.00975	  -0.00657	  -0.00129	  -0.00657	   0.02838
N         	   2.42777	   1.43316	  -0.36276	  -0.01407	   0.00139	  -0.00486	   0.00139	  -0.00275	   0.00491	  -0.00486	   0.00491	   0.01683
N         	   2.44257	   5.74284	  -0.34644	  -0.03223	   0.00314	  -0.00082	   0.00314	  -0.00386	  -0.01406	  -0.00082	  -0.01406	   0.03609
N         	   4.82895	  -2.88741	  -0.96260	  -0.03957	   0.00707	  -0.00970	   0.00707	   0.00307	   0.01473	  -0.00970	   0.01473	   0.03650
N         	   4.82410	   1.42696	  -0.97001	  -0.02950	   0.01211	  -0.01383	   0.01211	  -0.00106	   0.01186	  -0.01383	   0.01186	   0.03056
N         	   4.83328	   5.74045	  -0.95860	  -0.03699	   0.00883	  -0.01160	   0.00883	   0.00153	   0.01271	  -0.01160	   0.01271	   0.03545
N         	   7.29282	  -2.88862	  -1.09139	  -0.03334	   0.00213	   0.02402	   0.00213	   0.00187	  -0.00650	   0.02402	  -0.00650	   0.03147
N         	   7.29009	   1.42443	  -1.09139	  -0.02929	   0.00550	   0.02336	   0.00550	  -0.00075	  -0.00650	   0.02336	  -0.00650	   0.03003
N         	   7.29477	   5.73757	  -1.09139	  -0.03492	   0.00282	   0.02524	   0.00282	   0.00337	  -0.00664	   0.02524	  -0.00664	   0.03156
N         	   9.76032	  -2.88904	  -1.09143	  -0.03321	   0.00078	  -0.00132	   0.00078	   0.00235	   0.00019	  -0.00132	   0.00019	   0.03086
N         	   9.75980	   1.42346	  -1.09143	  -0.03113	   0.00259	  -0.00129	   0.00259	  -0.00072	   0.00020	  -0.00129	   0.00020	   0.03185
N         	   9.76110	   5.73731	  -1.09143	  -0.03490	   0.00132	  -0.00139	   0.00132	   0.00302	   0.00020	  -0.00139	   0.00020	   0.03188
N         	 -10.99432	  -5.04651	  -1.09143	  -0.03509	  -0.00000	  -0.00000	  -0.00000	   0.00343	  -0.00003	  -0.00000	  -0.00003	   0.03168
N         	 -10.99432	  -0.73243	  -1.09143	  -0.02961	  -0.00000	  -0.00000	  -0.00000	  -0.00049	  -0.00003	  -0.00000	  -0.00003	   0.03010
N         	 -10.99432	   3.57995	  -1.09143	  -0.03420	  -0.00000	   0.00000	  -0.00000	   0.00164	  -0.00003	   0.00000	  -0.00003	   0.03256
N         	  -8.52794	  -5.04663	  -1.09143	  -0.03555	  -0.00234	  -0.00029	  -0.00234	   0.00345	   0.00010	  -0.00029	   0.00010	   0.03211
N         	  -8.52417	  -0.73211	  -1.09143	  -0.03005	  -0.00205	  -0.00045	  -0.00205	  -0.00062	   0.00008	  -0.00045	   0.00008	   0.03067
N         	  -8.52738	   3.57990	  -1.09143	  -0.03317	  -0.00389	  -0.00037	  -0.00389	   0.00095	   0.00011	  -0.00037	   0.00011	   0.03222
N         	  -6.06136	  -5.04511	  -1.09043	  -0.03380	  -0.00505	  -0.01386	  -0.00505	   0.00382	   0.03960	  -0.01386	   0.03960	   0.02999
N         	  -6.05333	  -0.73185	  -1.09043	  -0.02747	  -0.00651	  -0.01147	  -0.00651	  -0.00083	   0.03731	  -0.01147	   0.03731	   0.02830
N         	  -6.05908	   3.58215	  -1.09043	  -0.02912	  -0.00838	  -0.01288	  -0.00838	   0.00009	   0.03759	  -0.01288	   0.03759	   0.02903
N         	  -3.63319	  -5.04385	  -0.66414	  -0.04251	  -0.00694	   0.00000	  -0.00694	   0.00363	   0.01059	   0.00000	   0.01059	   0.03888
N         	  -3.61342	  -0.72829	  -0.69152	  -0.01245	   0.00048	   0.00930	   0.00048	  -0.01004	   0.00823	   0.00930	   0.00823	   0.02250
N         	  -3.63037	   3.58524	  -0.66234	  -0.03392	  -0.01167	   0.00433	  -0.01167	  -0.00169	   0.01326	   0.00433	   0.01326	   0.03562
N         	  -1.23528	  -5.04801	  -0.08508	  -0.03154	  -0.00217	   0.00339	  -0.00217	  -0.00076	  -0.02816	   0.00339	  -0.02816	   0.03230
N         	  -1.23549	   3.59347	  -0.06196	  -0.02840	  -0.00443	  -0.00432	  -0.00443	   0.01747	  -0.04523	  -0.00432	  -0.04523	   0.01093
N         	   1.23528	  -5.04801	  -0.08508	  -0.03154	   0.00217	  -0.00339	   0.00217	  -0.00076	  -0.02815	  -0.00339	  -0.02815	   0.03230
N         	   1.23549	   3.59347	  -0.06196	  -0.02840	   0.00443	   0.00432	   0.00443	   0.01747	  -0.04523	   0.00432	  -0.04523	   0.01093
N         	   3.63319	  -5.04385	  -0.66414	  -0.04251	   0.00694	  -0.00000	   0.00694	   0.00363	   0.01059	  -0.00000	   0.01059	   0.03888
N         	   3.61342	  -0.72829	  -0.69152	  -0.01245	  -0.00048	  -0.00930	  -0.00048	  -0.01004	   0.00823	  -0.00930	   0.00823	   0.02250
N         	   3.63037	   3.58524	  -0.66234	  -0.03392	   0.01167	  -0.00433	   0.01167	  -0.00169	   0.01326	  -0.00433	   0.01326	   0.03562
N         	   6.06136	  -5.04511	  -1.09043	  -0.03381	   0.00505	   0.01386	   0.00505	   0.00382	   0.03960	   0.01386	   0.03960	   0.02999
N         	   6.05333	  -0.73185	  -1.09043	  -0.02747	   0.00651	   0.01147	   0.00651	  -0.00083	   0.03731	   0.01147	   0.03731	   0.02830
N         	   6.05908	   3.58215	  -1.09043	  -0.02912	   0.00838	   0.01288	   0.00838	   0.00009	   0.03759	   0.01288	   0.03759	   0.02903
N         	   8.52794	  -5.04663	  -1.09143	  -0.03555	   0.00234	   0.00029	   0.00234	   0.00345	   0.00010	   0.00029	   0.00010	   0.03211
N         	   8.52417	  -0.73211	  -1.09143	  -0.03005	   0.00205	   0.00045	   0.00205	  -0.00062	   0.00008	   0.00045	   0.00008	   0.03067
N         	   8.52738	   3.57990	  -1.09143	  -0.03317	   0.00388	   0.00037	   0.00388	   0.00095	   0.00011	   0.00037	   0.00011	   0.03222
N         	   1.24126	  -0.75772	  -0.11391	   0.24393	  -0.26138	  -0.02309	  -0.26138	  -0.09527	   0.00944	  -0.02309	   0.00944	  -0.14866
N         	  -1.24126	  -0.75772	  -0.11391	   0.24393	   0.26137	   0.02309	   0.26137	  -0.09527	   0.00944	   0.02309	   0.00944	  -0.14866
N         	  -0.00000	   1.51544	   0.22782	  -0.28882	   0.00000	  -0.00000	   0.00000	   0.52586	   0.20280	  -0.00000	   0.20280	  -0.23704
