--------------------------------------------------------------------------------------------------------------------------------------------------------------------------
  AtomName	    r_1i_X	    r_1i_Y	    r_1i_Z	     EFGxx	     EFGxy	     EFGxz	     EFGyx	     EFGyy	     EFGyz	     EFGzx	     EFGzy	     EFGzz	[Hatree/Bohr_radius^2]
--------------------------------------------------------------------------------------------------------------------------------------------------------------------------
10B  eQ___:	  8.459000	[Q/milibarn]*(10^-1)
11B  eQ___:	  4.059000	[Q/milibarn]*(10^-1)
14N  eQ___:	  2.044000	[Q/milibarn]*(10^-1)
15N  eQ___:	  0.000000	[Q/milibarn]*(10^-1)
10B  etc____:	---       	---       	---       	  -0.19784	   0.00000	  -0.00000	   0.00000	  -0.19359	   0.00012	  -0.00000	   0.00012	   0.39143
11B  etc____:	---       	---       	---       	  -0.19784	   0.00000	  -0.00000	   0.00000	  -0.19359	   0.00012	  -0.00000	   0.00012	   0.39143
14N  etc____:	---       	---       	---       	  -0.03510	  -0.00000	   0.00000	  -0.00000	   0.00343	  -0.00003	   0.00000	  -0.00003	   0.03168
15N  etc____:	---       	---       	---       	  -0.03510	  -0.00000	   0.00000	  -0.00000	   0.00343	  -0.00003	   0.00000	  -0.00003	   0.03168
MinDif[A]:	 -11.08708	  -6.54053	  -1.09901
MaxDif[A]:	   9.84380	   6.51959	   0.21803
--------------------------------------------------------------------------------------------------------------------------------------------------------------------------
B         	  -9.84280	  -4.36658	  -1.09901	  -0.19727	   0.00298	   0.00016	   0.00298	  -0.19416	  -0.00002	   0.00016	  -0.00002	   0.39142
B         	  -9.84029	  -0.01364	  -1.09901	  -0.19821	   0.00412	   0.00016	   0.00412	  -0.19307	  -0.00002	   0.00016	  -0.00002	   0.39128
B         	  -9.84279	   4.34022	  -1.09901	  -0.19842	   0.00283	   0.00017	   0.00283	  -0.19305	  -0.00002	   0.00017	  -0.00002	   0.39145
B         	  -7.35455	  -4.36377	  -1.09897	  -0.19560	   0.00807	   0.00180	   0.00807	  -0.19535	  -0.00059	   0.00180	  -0.00059	   0.39095
B         	  -7.34678	  -0.01182	  -1.09897	  -0.19814	   0.01203	   0.00161	   0.01203	  -0.19249	  -0.00044	   0.00161	  -0.00044	   0.39063
B         	  -7.35202	   4.34195	  -1.09897	  -0.19952	   0.00826	   0.00167	   0.00826	  -0.19153	  -0.00048	   0.00167	  -0.00048	   0.39105
B         	  -4.87554	  -4.35808	  -0.93134	  -0.17285	   0.00935	  -0.10058	   0.00935	  -0.19954	   0.02325	  -0.10058	   0.02325	   0.37238
B         	  -4.86063	  -0.00894	  -0.94124	  -0.18320	   0.02135	  -0.09533	   0.02135	  -0.18904	   0.02300	  -0.09533	   0.02300	   0.37224
B         	  -4.87159	   4.34613	  -0.93061	  -0.18215	   0.01075	  -0.10277	   0.01075	  -0.19034	   0.02258	  -0.10277	   0.02258	   0.37249
B         	  -2.45494	  -4.35435	  -0.36617	  -0.14687	   0.01193	  -0.13279	   0.01193	  -0.21005	  -0.00246	  -0.13279	  -0.00246	   0.35692
B         	  -2.40552	  -0.00234	  -0.38584	  -0.15120	   0.06282	  -0.12485	   0.06282	  -0.18532	   0.00374	  -0.12485	   0.00374	   0.33652
B         	  -2.45158	   4.34905	  -0.36343	  -0.16764	   0.01389	  -0.14257	   0.01389	  -0.18549	  -0.00061	  -0.14257	  -0.00061	   0.35313
B         	  -0.00000	  -4.35703	  -0.02388	  -0.17041	  -0.00000	  -0.00000	  -0.00000	  -0.22005	  -0.02859	  -0.00000	  -0.02859	   0.39046
B         	  -0.00000	   4.35401	  -0.02034	  -0.20578	  -0.00000	   0.00000	  -0.00000	  -0.18394	  -0.01414	   0.00000	  -0.01414	   0.38971
B         	   2.45494	  -4.35435	  -0.36617	  -0.14687	  -0.01193	   0.13279	  -0.01193	  -0.21005	  -0.00246	   0.13279	  -0.00246	   0.35692
B         	   2.40552	  -0.00234	  -0.38584	  -0.15120	  -0.06282	   0.12485	  -0.06282	  -0.18532	   0.00374	   0.12485	   0.00374	   0.33651
B         	   2.45158	   4.34905	  -0.36343	  -0.16764	  -0.01389	   0.14257	  -0.01389	  -0.18549	  -0.00061	   0.14257	  -0.00061	   0.35313
B         	   4.87554	  -4.35808	  -0.93134	  -0.17285	  -0.00935	   0.10058	  -0.00935	  -0.19954	   0.02325	   0.10058	   0.02325	   0.37238
B         	   4.86063	  -0.00894	  -0.94124	  -0.18320	  -0.02135	   0.09533	  -0.02135	  -0.18904	   0.02300	   0.09533	   0.02300	   0.37224
B         	   4.87159	   4.34613	  -0.93061	  -0.18215	  -0.01075	   0.10277	  -0.01075	  -0.19034	   0.02258	   0.10277	   0.02258	   0.37249
B         	   7.35455	  -4.36377	  -1.09897	  -0.19560	  -0.00807	  -0.00180	  -0.00807	  -0.19535	  -0.00059	  -0.00180	  -0.00059	   0.39095
B         	   7.34678	  -0.01182	  -1.09897	  -0.19814	  -0.01203	  -0.00161	  -0.01203	  -0.19249	  -0.00044	  -0.00161	  -0.00044	   0.39063
B         	   7.35202	   4.34195	  -1.09897	  -0.19952	  -0.00826	  -0.00167	  -0.00826	  -0.19153	  -0.00048	  -0.00167	  -0.00048	   0.39105
B         	   9.84280	  -4.36658	  -1.09901	  -0.19727	  -0.00298	  -0.00016	  -0.00298	  -0.19416	  -0.00002	  -0.00016	  -0.00002	   0.39142
B         	   9.84028	  -0.01364	  -1.09901	  -0.19821	  -0.00412	  -0.00016	  -0.00412	  -0.19307	  -0.00002	  -0.00016	  -0.00002	   0.39128
B         	   9.84279	   4.34022	  -1.09901	  -0.19842	  -0.00283	  -0.00017	  -0.00283	  -0.19305	  -0.00002	  -0.00017	  -0.00002	   0.39145
B         	 -11.08708	   6.51813	  -1.09901	  -0.19784	   0.00000	  -0.00000	   0.00000	  -0.19359	   0.00012	  -0.00000	   0.00012	   0.39143
B         	 -11.08708	  -2.18880	  -1.09901	  -0.19753	   0.00000	   0.00000	   0.00000	  -0.19390	   0.00011	   0.00000	   0.00011	   0.39143
B         	 -11.08708	   2.16176	  -1.09901	  -0.19848	   0.00000	   0.00000	   0.00000	  -0.19290	   0.00011	   0.00000	   0.00011	   0.39138
B         	  -8.59781	   6.51959	  -1.09901	  -0.19759	   0.00590	   0.00121	   0.00590	  -0.19365	  -0.00100	   0.00121	  -0.00100	   0.39125
B         	  -8.59706	  -2.18859	  -1.09901	  -0.19719	   0.00682	   0.00115	   0.00682	  -0.19396	  -0.00096	   0.00115	  -0.00096	   0.39116
B         	  -8.59523	   2.16371	  -1.09901	  -0.19926	   0.00677	   0.00113	   0.00677	  -0.19185	  -0.00094	   0.00113	  -0.00094	   0.39111
B         	  -6.10990	  -6.54053	  -1.09801	  -0.19443	   0.00812	  -0.03117	   0.00812	  -0.19506	   0.01567	  -0.03117	   0.01567	   0.38949
B         	  -6.10512	  -2.18620	  -1.09801	  -0.19391	   0.01330	  -0.03006	   0.01330	  -0.19466	   0.01553	  -0.03006	   0.01553	   0.38857
B         	  -6.10061	   2.16636	  -1.09801	  -0.19861	   0.01408	  -0.02883	   0.01408	  -0.19041	   0.01450	  -0.02883	   0.01450	   0.38904
B         	  -3.66147	  -6.53614	  -0.67527	  -0.15686	   0.00991	  -0.14334	   0.00991	  -0.19634	   0.00423	  -0.14334	   0.00423	   0.35321
B         	  -3.64978	  -2.17792	  -0.68279	  -0.14745	   0.02007	  -0.13927	   0.02007	  -0.20145	   0.01445	  -0.13927	   0.01445	   0.34890
B         	  -3.64370	   2.16723	  -0.67988	  -0.16953	   0.02506	  -0.14330	   0.02506	  -0.18108	   0.00323	  -0.14330	   0.00323	   0.35061
B         	  -1.23752	  -6.53263	  -0.13279	  -0.17851	   0.00751	  -0.08453	   0.00751	  -0.20067	  -0.01832	  -0.08453	  -0.01832	   0.37918
B         	  -1.21898	  -2.16727	  -0.11205	  -0.12636	   0.03314	  -0.08209	   0.03314	  -0.23412	  -0.00154	  -0.08209	  -0.00154	   0.36049
B         	  -1.22545	   2.15937	  -0.05904	  -0.20416	   0.01368	  -0.13201	   0.01368	  -0.14254	  -0.00572	  -0.13201	  -0.00572	   0.34670
B         	   1.23752	  -6.53263	  -0.13279	  -0.17851	  -0.00751	   0.08453	  -0.00751	  -0.20067	  -0.01832	   0.08453	  -0.01832	   0.37918
B         	   1.21898	  -2.16727	  -0.11206	  -0.12636	  -0.03314	   0.08209	  -0.03314	  -0.23412	  -0.00154	   0.08209	  -0.00154	   0.36049
B         	   1.22545	   2.15937	  -0.05904	  -0.20416	  -0.01368	   0.13201	  -0.01368	  -0.14254	  -0.00572	   0.13201	  -0.00572	   0.34670
B         	   3.66147	  -6.53614	  -0.67527	  -0.15686	  -0.00991	   0.14334	  -0.00991	  -0.19634	   0.00423	   0.14334	   0.00423	   0.35321
B         	   3.64978	  -2.17792	  -0.68279	  -0.14745	  -0.02007	   0.13927	  -0.02007	  -0.20145	   0.01445	   0.13927	   0.01445	   0.34890
B         	   3.64370	   2.16723	  -0.67988	  -0.16953	  -0.02506	   0.14330	  -0.02506	  -0.18108	   0.00323	   0.14330	   0.00323	   0.35061
B         	   6.10989	  -6.54053	  -1.09801	  -0.19443	  -0.00812	   0.03117	  -0.00812	  -0.19506	   0.01567	   0.03117	   0.01567	   0.38949
B         	   6.10512	  -2.18620	  -1.09801	  -0.19391	  -0.01330	   0.03006	  -0.01330	  -0.19466	   0.01553	   0.03006	   0.01553	   0.38857
B         	   6.10061	   2.16636	  -1.09801	  -0.19861	  -0.01408	   0.02883	  -0.01408	  -0.19041	   0.01450	   0.02883	   0.01450	   0.38904
B         	   8.59781	   6.51959	  -1.09901	  -0.19759	  -0.00590	  -0.00121	  -0.00590	  -0.19365	  -0.00100	  -0.00121	  -0.00100	   0.39125
B         	   8.59706	  -2.18859	  -1.09901	  -0.19719	  -0.00682	  -0.00115	  -0.00682	  -0.19396	  -0.00096	  -0.00115	  -0.00096	   0.39116
B         	   8.59523	   2.16371	  -1.09901	  -0.19926	  -0.00677	  -0.00113	  -0.00677	  -0.19185	  -0.00094	  -0.00113	  -0.00094	   0.39111
N         	  -9.84376	  -2.91746	  -1.09901	  -0.03321	  -0.00078	   0.00132	  -0.00078	   0.00234	   0.00019	   0.00132	   0.00019	   0.03086
N         	  -9.84249	   1.43545	  -1.09901	  -0.03113	  -0.00259	   0.00129	  -0.00259	  -0.00071	   0.00020	   0.00129	   0.00020	   0.03185
N         	  -9.84380	   5.79002	  -1.09901	  -0.03490	  -0.00132	   0.00139	  -0.00132	   0.00302	   0.00020	   0.00139	   0.00020	   0.03188
N         	  -7.35667	  -2.91566	  -1.09897	  -0.03334	  -0.00213	  -0.02402	  -0.00213	   0.00187	  -0.00650	  -0.02402	  -0.00650	   0.03147
N         	  -7.35308	   1.43818	  -1.09897	  -0.02929	  -0.00550	  -0.02336	  -0.00550	  -0.00075	  -0.00650	  -0.02336	  -0.00650	   0.03003
N         	  -7.35741	   5.79215	  -1.09897	  -0.03492	  -0.00282	  -0.02524	  -0.00282	   0.00335	  -0.00664	  -0.02524	  -0.00664	   0.03156
N         	  -4.87341	  -2.91263	  -0.96885	  -0.03957	  -0.00707	   0.00970	  -0.00707	   0.00307	   0.01473	   0.00970	   0.01473	   0.03650
N         	  -4.86731	   1.44231	  -0.97592	  -0.02950	  -0.01210	   0.01383	  -0.01210	  -0.00106	   0.01184	   0.01383	   0.01184	   0.03057
N         	  -4.87568	   5.79651	  -0.96700	  -0.03699	  -0.00883	   0.01160	  -0.00883	   0.00153	   0.01271	   0.01160	   0.01271	   0.03545
N         	  -2.46167	  -2.91521	  -0.36044	  -0.03813	   0.01067	   0.00130	   0.01067	   0.00974	  -0.00657	   0.00130	  -0.00657	   0.02839
N         	  -2.45039	   1.45102	  -0.36637	  -0.01407	  -0.00138	   0.00487	  -0.00138	  -0.00275	   0.00491	   0.00487	   0.00491	   0.01682
N         	  -2.46206	   5.80071	  -0.36473	  -0.03223	  -0.00314	   0.00082	  -0.00314	  -0.00386	  -0.01406	   0.00082	  -0.01406	   0.03609
N         	  -0.00000	  -2.93026	   0.02651	  -0.02400	   0.00000	  -0.00000	   0.00000	  -0.00224	  -0.03217	  -0.00000	  -0.03217	   0.02624
N         	  -0.00000	   5.80476	  -0.00998	  -0.02237	   0.00000	  -0.00000	   0.00000	  -0.00706	  -0.03653	  -0.00000	  -0.03653	   0.02943
N         	   2.46167	  -2.91521	  -0.36044	  -0.03813	  -0.01067	  -0.00130	  -0.01067	   0.00974	  -0.00657	  -0.00130	  -0.00657	   0.02839
N         	   2.45038	   1.45102	  -0.36637	  -0.01407	   0.00138	  -0.00486	   0.00138	  -0.00275	   0.00491	  -0.00486	   0.00491	   0.01682
N         	   2.46206	   5.80071	  -0.36473	  -0.03223	   0.00314	  -0.00082	   0.00314	  -0.00386	  -0.01406	  -0.00082	  -0.01406	   0.03609
N         	   4.87340	  -2.91263	  -0.96885	  -0.03957	   0.00707	  -0.00970	   0.00707	   0.00307	   0.01473	  -0.00970	   0.01473	   0.03650
N         	   4.86731	   1.44231	  -0.97592	  -0.02950	   0.01210	  -0.01383	   0.01210	  -0.00107	   0.01184	  -0.01383	   0.01184	   0.03057
N         	   4.87568	   5.79651	  -0.96700	  -0.03699	   0.00883	  -0.01160	   0.00883	   0.00153	   0.01271	  -0.01160	   0.01271	   0.03545
N         	   7.35667	  -2.91566	  -1.09897	  -0.03334	   0.00213	   0.02402	   0.00213	   0.00187	  -0.00650	   0.02402	  -0.00650	   0.03147
N         	   7.35308	   1.43818	  -1.09897	  -0.02929	   0.00550	   0.02336	   0.00550	  -0.00075	  -0.00650	   0.02336	  -0.00650	   0.03003
N         	   7.35741	   5.79215	  -1.09897	  -0.03492	   0.00282	   0.02524	   0.00282	   0.00335	  -0.00664	   0.02524	  -0.00664	   0.03156
N         	   9.84375	  -2.91746	  -1.09901	  -0.03321	   0.00078	  -0.00132	   0.00078	   0.00234	   0.00019	  -0.00132	   0.00019	   0.03086
N         	   9.84249	   1.43545	  -1.09901	  -0.03113	   0.00259	  -0.00129	   0.00259	  -0.00071	   0.00020	  -0.00129	   0.00020	   0.03185
N         	   9.84380	   5.79002	  -1.09901	  -0.03490	   0.00132	  -0.00139	   0.00132	   0.00302	   0.00020	  -0.00139	   0.00020	   0.03188
N         	 -11.08708	  -5.09583	  -1.09901	  -0.03510	  -0.00000	   0.00000	  -0.00000	   0.00343	  -0.00003	   0.00000	  -0.00003	   0.03168
N         	 -11.08708	  -0.74043	  -1.09901	  -0.02961	  -0.00000	   0.00000	  -0.00000	  -0.00049	  -0.00003	   0.00000	  -0.00003	   0.03010
N         	 -11.08708	   3.61156	  -1.09901	  -0.03419	  -0.00000	   0.00000	  -0.00000	   0.00163	  -0.00003	   0.00000	  -0.00003	   0.03256
N         	  -8.60109	  -5.09470	  -1.09901	  -0.03555	  -0.00234	  -0.00029	  -0.00234	   0.00345	   0.00009	  -0.00029	   0.00009	   0.03211
N         	  -8.59764	  -0.73984	  -1.09901	  -0.03005	  -0.00205	  -0.00045	  -0.00205	  -0.00062	   0.00008	  -0.00045	   0.00008	   0.03067
N         	  -8.59985	   3.61352	  -1.09901	  -0.03317	  -0.00389	  -0.00037	  -0.00389	   0.00095	   0.00011	  -0.00037	   0.00011	   0.03222
N         	  -6.11461	  -5.09159	  -1.09801	  -0.03380	  -0.00505	  -0.01386	  -0.00505	   0.00382	   0.03960	  -0.01386	   0.03960	   0.02999
N         	  -6.10790	  -0.73788	  -1.09801	  -0.02747	  -0.00650	  -0.01147	  -0.00650	  -0.00083	   0.03731	  -0.01147	   0.03731	   0.02830
N         	  -6.11121	   3.61725	  -1.09801	  -0.02912	  -0.00837	  -0.01287	  -0.00837	   0.00009	   0.03759	  -0.01287	   0.03759	   0.02903
N         	  -3.66554	  -5.08895	  -0.67567	  -0.04251	  -0.00694	   0.00000	  -0.00694	   0.00363	   0.01058	   0.00000	   0.01058	   0.03888
N         	  -3.65020	  -0.73303	  -0.70222	  -0.01245	   0.00049	   0.00930	   0.00049	  -0.01004	   0.00823	   0.00930	   0.00823	   0.02251
N         	  -3.66144	   3.62195	  -0.67495	  -0.03393	  -0.01167	   0.00432	  -0.01167	  -0.00169	   0.01326	   0.00432	   0.01326	   0.03562
N         	  -1.24526	  -5.09086	  -0.10174	  -0.03154	  -0.00218	   0.00339	  -0.00218	  -0.00076	  -0.02816	   0.00339	  -0.02816	   0.03230
N         	  -1.24524	   3.63388	  -0.07660	  -0.02840	  -0.00443	  -0.00432	  -0.00443	   0.01747	  -0.04523	  -0.00432	  -0.04523	   0.01093
N         	   1.24526	  -5.09086	  -0.10174	  -0.03154	   0.00218	  -0.00339	   0.00218	  -0.00076	  -0.02816	  -0.00339	  -0.02816	   0.03230
N         	   1.24524	   3.63388	  -0.07660	  -0.02840	   0.00443	   0.00432	   0.00443	   0.01747	  -0.04523	   0.00432	  -0.04523	   0.01093
N         	   3.66554	  -5.08895	  -0.67567	  -0.04251	   0.00694	  -0.00000	   0.00694	   0.00363	   0.01058	  -0.00000	   0.01058	   0.03888
N         	   3.65020	  -0.73303	  -0.70222	  -0.01245	  -0.00049	  -0.00930	  -0.00049	  -0.01004	   0.00823	  -0.00930	   0.00823	   0.02251
N         	   3.66144	   3.62195	  -0.67495	  -0.03393	   0.01167	  -0.00432	   0.01167	  -0.00169	   0.01326	  -0.00432	   0.01326	   0.03562
N         	   6.11461	  -5.09159	  -1.09801	  -0.03380	   0.00506	   0.01386	   0.00506	   0.00382	   0.03960	   0.01386	   0.03960	   0.02998
N         	   6.10790	  -0.73788	  -1.09801	  -0.02747	   0.00650	   0.01147	   0.00650	  -0.00083	   0.03731	   0.01147	   0.03731	   0.02830
N         	   6.11121	   3.61725	  -1.09801	  -0.02912	   0.00838	   0.01287	   0.00838	   0.00009	   0.03759	   0.01287	   0.03759	   0.02903
N         	   8.60109	  -5.09470	  -1.09901	  -0.03555	   0.00234	   0.00029	   0.00234	   0.00345	   0.00009	   0.00029	   0.00009	   0.03211
N         	   8.59764	  -0.73984	  -1.09901	  -0.03005	   0.00205	   0.00045	   0.00205	  -0.00062	   0.00008	   0.00045	   0.00008	   0.03067
N         	   8.59985	   3.61352	  -1.09901	  -0.03317	   0.00388	   0.00037	   0.00388	   0.00095	   0.00011	   0.00037	   0.00011	   0.03222
N         	   1.27437	  -0.76927	  -0.10901	   0.24392	  -0.26136	  -0.02306	  -0.26136	  -0.09528	   0.00942	  -0.02306	   0.00942	  -0.14864
N         	  -1.27437	  -0.76927	  -0.10901	   0.24392	   0.26136	   0.02307	   0.26136	  -0.09528	   0.00942	   0.02307	   0.00942	  -0.14864
N         	  -0.00000	   1.53853	   0.21803	  -0.28883	   0.00000	  -0.00000	   0.00000	   0.52588	   0.20279	  -0.00000	   0.20279	  -0.23705
