--------------------------------------------------------------------------------------------------------------------------------------------------------------------------
  AtomName	    r_1i_X	    r_1i_Y	    r_1i_Z	  iso[MHz]	       Axx	       Axy	       Axz	       Ayx	       Ayy	       Ayz	       Azx	       Azy	       Azz
--------------------------------------------------------------------------------------------------------------------------------------------------------------------------
10B  g-factor___:   0.600215 [No-unit]
11B  g-factor___:   1.792433 [No-unit]
14N  g-factor___:   0.403761 [No-unit]
15N  g-factor___:  -0.566378 [No-unit]
10B  etc____:	---       	---       	---       	   0.00000
11B  etc____:	---       	---       	---       	   0.00000
14N  etc____:	---       	---       	---       	   0.00000
15N  etc____:	---       	---       	---       	   0.00000
MinDif[A]:	 -11.08708	  -6.54053	  -1.09901
MaxDif[A]:	   9.84380	   6.51959	   0.21803
--------------------------------------------------------------------------------------------------------------------------------------------------------------------------
B         	  -9.84280	  -4.36658	  -1.09901	   0.00000	   0.06098	   0.00000	   0.00000	   0.00000	  -0.01525	   0.00000	   0.00000	   0.00000	  -0.04574
B         	  -9.84029	  -0.01364	  -1.09901	   0.01525	   0.09147	  -0.00000	   0.00000	  -0.00000	  -0.04574	  -0.00000	   0.00000	  -0.00000	  -0.04574
B         	  -9.84279	   4.34022	  -1.09901	   0.00000	   0.06098	  -0.00000	   0.00000	  -0.00000	  -0.01525	  -0.00000	   0.00000	  -0.00000	  -0.04574
B         	  -7.35455	  -4.36377	  -1.09897	  -0.01525	   0.07623	   0.03049	   0.01525	   0.03049	  -0.00000	   0.00000	   0.01525	   0.00000	  -0.07623
B         	  -7.34678	  -0.01182	  -1.09897	   0.18294	   0.18294	  -0.03049	   0.03049	  -0.03049	  -0.07623	  -0.00000	   0.03049	  -0.00000	  -0.10672
B         	  -7.35202	   4.34195	  -1.09897	   0.00000	   0.07623	  -0.03049	   0.01525	  -0.03049	  -0.00000	  -0.00000	   0.01525	  -0.00000	  -0.06098
B         	  -4.87554	  -4.35808	  -0.93134	  -0.04574	   0.09147	   0.12196	   0.06098	   0.12196	   0.07623	   0.03049	   0.06098	   0.03049	  -0.16770
B         	  -4.86063	  -0.00894	  -0.94124	   2.46972	   0.71652	  -0.47260	   0.16770	  -0.47260	  -0.13721	  -0.01525	   0.16770	  -0.01525	  -0.57932
B         	  -4.87159	   4.34613	  -0.93061	  -0.04574	   0.07623	  -0.10672	   0.04574	  -0.10672	   0.06098	  -0.03049	   0.04574	  -0.03049	  -0.13721
B         	  -2.45494	  -4.35435	  -0.36617	   2.04285	  -0.36588	   0.12196	   0.04574	   0.12196	   0.92996	   0.01525	   0.04574	   0.01525	  -0.56407
B         	  -2.40552	  -0.00234	  -0.38584	   1.06716	   2.63742	  -3.70458	   2.19531	  -3.70458	   1.32633	  -1.31109	   2.19531	  -1.31109	  -3.96375
B         	  -2.45158	   4.34905	  -0.36343	   2.82036	   0.48785	  -0.67079	   0.15245	  -0.67079	   0.16770	  -0.09147	   0.15245	  -0.09147	  -0.65554
B         	  -0.00000	  -4.35703	  -0.02388	  -0.97569	  -0.22868	   0.00000	   0.00000	   0.00000	   0.71652	  -0.03049	   0.00000	  -0.03049	  -0.48785
B         	  -0.00000	   4.35401	  -0.02034	  -1.02143	  -0.42687	  -0.00000	  -0.00000	  -0.00000	   1.32633	  -0.19819	  -0.00000	  -0.19819	  -0.89947
B         	   2.45494	  -4.35435	  -0.36617	   2.04285	  -0.36588	  -0.12196	  -0.04574	  -0.12196	   0.92996	   0.01525	  -0.04574	   0.01525	  -0.56407
B         	   2.40552	  -0.00234	  -0.38584	   1.06716	   2.63742	   3.70458	  -2.19531	   3.70458	   1.32633	  -1.31109	  -2.19531	  -1.31109	  -3.96375
B         	   2.45158	   4.34905	  -0.36343	   2.82036	   0.48785	   0.67079	  -0.15245	   0.67079	   0.16770	  -0.09147	  -0.15245	  -0.09147	  -0.65554
B         	   4.87554	  -4.35808	  -0.93134	  -0.04574	   0.09147	  -0.12196	  -0.06098	  -0.12196	   0.07623	   0.03049	  -0.06098	   0.03049	  -0.16770
B         	   4.86063	  -0.00894	  -0.94124	   2.46972	   0.71652	   0.47260	  -0.16770	   0.47260	  -0.13721	  -0.01525	  -0.16770	  -0.01525	  -0.57932
B         	   4.87159	   4.34613	  -0.93061	  -0.04574	   0.07623	   0.10672	  -0.04574	   0.10672	   0.06098	  -0.03049	  -0.04574	  -0.03049	  -0.13721
B         	   7.35455	  -4.36377	  -1.09897	  -0.01525	   0.07623	  -0.03049	  -0.01525	  -0.03049	  -0.00000	   0.00000	  -0.01525	   0.00000	  -0.07623
B         	   7.34678	  -0.01182	  -1.09897	   0.18294	   0.18294	   0.03049	  -0.03049	   0.03049	  -0.07623	  -0.00000	  -0.03049	  -0.00000	  -0.10672
B         	   7.35202	   4.34195	  -1.09897	   0.00000	   0.07623	   0.03049	  -0.01525	   0.03049	  -0.00000	  -0.00000	  -0.01525	  -0.00000	  -0.06098
B         	   9.84280	  -4.36658	  -1.09901	   0.00000	   0.06098	  -0.00000	  -0.00000	  -0.00000	  -0.01525	   0.00000	  -0.00000	   0.00000	  -0.04574
B         	   9.84028	  -0.01364	  -1.09901	   0.01525	   0.09147	   0.00000	  -0.00000	   0.00000	  -0.04574	  -0.00000	  -0.00000	  -0.00000	  -0.04574
B         	   9.84279	   4.34022	  -1.09901	   0.00000	   0.06098	   0.00000	  -0.00000	   0.00000	  -0.01525	  -0.00000	  -0.00000	  -0.00000	  -0.04574
B         	 -11.08708	   6.51813	  -1.09901	   0.00000	   0.06098	  -0.00000	  -0.00000	  -0.00000	  -0.01525	   0.00000	  -0.00000	   0.00000	  -0.04574
B         	 -11.08708	  -2.18880	  -1.09901	   0.00000	   0.07623	  -0.00000	  -0.00000	  -0.00000	  -0.03049	   0.00000	  -0.00000	   0.00000	  -0.04574
B         	 -11.08708	   2.16176	  -1.09901	   0.00000	   0.07623	   0.00000	   0.00000	   0.00000	  -0.03049	  -0.00000	   0.00000	  -0.00000	  -0.04574
B         	  -8.59781	   6.51959	  -1.09901	   0.00000	   0.06098	   0.00000	   0.00000	   0.00000	  -0.00000	  -0.00000	   0.00000	  -0.00000	  -0.04574
B         	  -8.59706	  -2.18859	  -1.09901	   0.00000	   0.09147	   0.01525	   0.01525	   0.01525	  -0.03049	   0.00000	   0.01525	   0.00000	  -0.06098
B         	  -8.59523	   2.16371	  -1.09901	   0.00000	   0.09147	  -0.01525	   0.01525	  -0.01525	  -0.03049	  -0.00000	   0.01525	  -0.00000	  -0.06098
B         	  -6.10990	  -6.54053	  -1.09801	   0.00000	   0.04574	   0.00000	   0.01525	   0.00000	   0.04574	   0.00000	   0.01525	   0.00000	  -0.07623
B         	  -6.10512	  -2.18620	  -1.09801	  -0.07623	   0.19819	   0.10672	   0.06098	   0.10672	  -0.04574	   0.01525	   0.06098	   0.01525	  -0.15245
B         	  -6.10061	   2.16636	  -1.09801	   0.01525	   0.15245	  -0.09147	   0.04574	  -0.09147	  -0.04574	  -0.01525	   0.04574	  -0.01525	  -0.12196
B         	  -3.66147	  -6.53614	  -0.67527	   0.10672	  -0.04574	  -0.07623	   0.04574	  -0.07623	   0.22868	  -0.01525	   0.04574	  -0.01525	  -0.18294
B         	  -3.64978	  -2.17792	  -0.68279	  -0.96045	   0.65554	   0.60981	   0.39637	   0.60981	   0.12196	   0.15245	   0.39637	   0.15245	  -0.77750
B         	  -3.64370	   2.16723	  -0.67988	  -0.88422	   0.39637	  -0.32015	   0.22868	  -0.32015	   0.06098	  -0.07623	   0.22868	  -0.07623	  -0.45736
B         	  -1.23752	  -6.53263	  -0.13279	  -0.06098	  -0.19819	  -0.01525	   0.01525	  -0.01525	   0.44211	  -0.01525	   0.01525	  -0.01525	  -0.24392
B         	  -1.21898	  -2.16727	  -0.11205	  -0.82324	  -1.64648	  -0.71652	   0.32015	  -0.71652	   5.93038	  -0.13721	   0.32015	  -0.13721	  -4.28390
B         	  -1.22545	   2.15937	  -0.05904	  -3.30821	   4.45159	  -2.71364	   2.71364	  -2.71364	  -0.60981	  -0.76226	   2.71364	  -0.76226	  -3.84179
B         	   1.23752	  -6.53263	  -0.13279	  -0.06098	  -0.19819	   0.01525	  -0.01525	   0.01525	   0.44211	  -0.01525	  -0.01525	  -0.01525	  -0.24392
B         	   1.21898	  -2.16727	  -0.11206	  -0.82324	  -1.64648	   0.71652	  -0.32015	   0.71652	   5.93038	  -0.13721	  -0.32015	  -0.13721	  -4.28390
B         	   1.22545	   2.15937	  -0.05904	  -3.30821	   4.45159	   2.71364	  -2.71364	   2.71364	  -0.60981	  -0.76226	  -2.71364	  -0.76226	  -3.84179
B         	   3.66147	  -6.53614	  -0.67527	   0.10672	  -0.04574	   0.07623	  -0.04574	   0.07623	   0.22868	  -0.01525	  -0.04574	  -0.01525	  -0.18294
B         	   3.64978	  -2.17792	  -0.68279	  -0.96045	   0.65554	  -0.60981	  -0.39637	  -0.60981	   0.12196	   0.15245	  -0.39637	   0.15245	  -0.77750
B         	   3.64370	   2.16723	  -0.67988	  -0.88422	   0.39637	   0.32015	  -0.22868	   0.32015	   0.06098	  -0.07623	  -0.22868	  -0.07623	  -0.45736
B         	   6.10989	  -6.54053	  -1.09801	   0.00000	   0.04574	  -0.00000	  -0.01525	  -0.00000	   0.04574	   0.00000	  -0.01525	   0.00000	  -0.07623
B         	   6.10512	  -2.18620	  -1.09801	  -0.07623	   0.19819	  -0.10672	  -0.06098	  -0.10672	  -0.04574	   0.01525	  -0.06098	   0.01525	  -0.15245
B         	   6.10061	   2.16636	  -1.09801	   0.01525	   0.15245	   0.09147	  -0.04574	   0.09147	  -0.04574	  -0.01525	  -0.04574	  -0.01525	  -0.12196
B         	   8.59781	   6.51959	  -1.09901	   0.00000	   0.06098	  -0.00000	  -0.00000	  -0.00000	  -0.00000	  -0.00000	  -0.00000	  -0.00000	  -0.04574
B         	   8.59706	  -2.18859	  -1.09901	   0.00000	   0.09147	  -0.01525	  -0.01525	  -0.01525	  -0.03049	   0.00000	  -0.01525	   0.00000	  -0.06098
B         	   8.59523	   2.16371	  -1.09901	   0.00000	   0.09147	   0.01525	  -0.01525	   0.01525	  -0.03049	  -0.00000	  -0.01525	  -0.00000	  -0.06098
N         	  -9.84376	  -2.91746	  -1.09901	   0.00000	   0.07623	   0.01525	   0.00000	   0.01525	  -0.03049	   0.00000	   0.00000	   0.00000	  -0.04574
N         	  -9.84249	   1.43545	  -1.09901	   0.00000	   0.09147	  -0.00000	   0.00000	  -0.00000	  -0.03049	  -0.00000	   0.00000	  -0.00000	  -0.04574
N         	  -9.84380	   5.79002	  -1.09901	   0.00000	   0.06098	  -0.00000	   0.00000	  -0.00000	  -0.01525	  -0.00000	   0.00000	  -0.00000	  -0.04574
N         	  -7.35667	  -2.91566	  -1.09897	   0.04574	   0.10672	   0.04574	   0.03049	   0.04574	  -0.03049	   0.01525	   0.03049	   0.01525	  -0.07623
N         	  -7.35308	   1.43818	  -1.09897	   0.00000	   0.13721	  -0.03049	   0.03049	  -0.03049	  -0.04574	  -0.00000	   0.03049	  -0.00000	  -0.09147
N         	  -7.35741	   5.79215	  -1.09897	   0.00000	   0.06098	  -0.01525	   0.01525	  -0.01525	   0.00000	  -0.00000	   0.01525	  -0.00000	  -0.06098
N         	  -4.87341	  -2.91263	  -0.96885	   0.57932	   0.30490	   0.30490	   0.10672	   0.30490	  -0.01525	   0.04574	   0.10672	   0.04574	  -0.28966
N         	  -4.86731	   1.44231	  -0.97592	   0.06098	   0.39637	  -0.09147	   0.16770	  -0.09147	  -0.09147	  -0.03049	   0.16770	  -0.03049	  -0.28966
N         	  -4.87568	   5.79651	  -0.96700	   0.01525	   0.01525	  -0.01525	   0.03049	  -0.01525	   0.12196	  -0.01525	   0.03049	  -0.01525	  -0.12196
N         	  -2.46167	  -2.91521	  -0.36044	  23.09646	   1.41780	   5.36631	   1.32633	   5.36631	   1.95138	   1.37207	   1.32633	   1.37207	  -3.35394
N         	  -2.45039	   1.45102	  -0.36637	   2.53070	   1.32633	   1.61599	   0.19819	   1.61599	   1.81418	   0.13721	   0.19819	   0.13721	  -3.14051
N         	  -2.46206	   5.80071	  -0.36473	   1.60074	  -0.22868	  -0.30490	   0.03049	  -0.30490	   0.65554	  -0.03049	   0.03049	  -0.03049	  -0.42687
N         	  -0.00000	  -2.93026	   0.02651	  -0.94520	   3.23198	   0.00000	  -0.00000	   0.00000	  -0.19819	  -0.03049	  -0.00000	  -0.03049	  -3.03379
N         	  -0.00000	   5.80476	  -0.00998	   0.54883	  -0.35064	  -0.00000	  -0.00000	  -0.00000	   0.74701	   0.09147	  -0.00000	   0.09147	  -0.41162
N         	   2.46167	  -2.91521	  -0.36044	  23.09646	   1.41780	  -5.36631	  -1.32633	  -5.36631	   1.95138	   1.37207	  -1.32633	   1.37207	  -3.35394
N         	   2.45038	   1.45102	  -0.36637	   2.53070	   1.32633	  -1.61599	  -0.19819	  -1.61599	   1.81418	   0.13721	  -0.19819	   0.13721	  -3.14051
N         	   2.46206	   5.80071	  -0.36473	   1.60074	  -0.22868	   0.30490	  -0.03049	   0.30490	   0.65554	  -0.03049	  -0.03049	  -0.03049	  -0.42687
N         	   4.87340	  -2.91263	  -0.96885	   0.57932	   0.30490	  -0.30490	  -0.10672	  -0.30490	  -0.01525	   0.04574	  -0.10672	   0.04574	  -0.28966
N         	   4.86731	   1.44231	  -0.97592	   0.07623	   0.39637	   0.09147	  -0.16770	   0.09147	  -0.09147	  -0.03049	  -0.16770	  -0.03049	  -0.28966
N         	   4.87568	   5.79651	  -0.96700	   0.01525	   0.01525	   0.01525	  -0.03049	   0.01525	   0.12196	  -0.01525	  -0.03049	  -0.01525	  -0.12196
N         	   7.35667	  -2.91566	  -1.09897	   0.04574	   0.10672	  -0.04574	  -0.03049	  -0.04574	  -0.03049	   0.01525	  -0.03049	   0.01525	  -0.07623
N         	   7.35308	   1.43818	  -1.09897	   0.00000	   0.13721	   0.03049	  -0.03049	   0.03049	  -0.04574	  -0.00000	  -0.03049	  -0.00000	  -0.09147
N         	   7.35741	   5.79215	  -1.09897	   0.00000	   0.06098	   0.01525	  -0.01525	   0.01525	   0.00000	  -0.00000	  -0.01525	  -0.00000	  -0.06098
N         	   9.84375	  -2.91746	  -1.09901	   0.00000	   0.07623	  -0.01525	  -0.00000	  -0.01525	  -0.03049	   0.00000	  -0.00000	   0.00000	  -0.04574
N         	   9.84249	   1.43545	  -1.09901	   0.00000	   0.09147	   0.00000	  -0.00000	   0.00000	  -0.03049	  -0.00000	  -0.00000	  -0.00000	  -0.04574
N         	   9.84380	   5.79002	  -1.09901	   0.00000	   0.06098	   0.00000	  -0.00000	   0.00000	  -0.01525	  -0.00000	  -0.00000	  -0.00000	  -0.04574
N         	 -11.08708	  -5.09583	  -1.09901	   0.00000	   0.06098	   0.00000	   0.00000	   0.00000	  -0.01525	   0.00000	   0.00000	   0.00000	  -0.04574
N         	 -11.08708	  -0.74043	  -1.09901	   0.00000	   0.09147	  -0.00000	  -0.00000	  -0.00000	  -0.04574	   0.00000	  -0.00000	   0.00000	  -0.04574
N         	 -11.08708	   3.61156	  -1.09901	   0.00000	   0.07623	   0.00000	   0.00000	   0.00000	  -0.03049	  -0.00000	   0.00000	  -0.00000	  -0.04574
N         	  -8.60109	  -5.09470	  -1.09901	   0.00000	   0.06098	   0.01525	   0.00000	   0.01525	  -0.01525	   0.00000	   0.00000	   0.00000	  -0.04574
N         	  -8.59764	  -0.73984	  -1.09901	   0.09147	   0.13721	   0.01525	   0.01525	   0.01525	  -0.06098	   0.00000	   0.01525	   0.00000	  -0.07623
N         	  -8.59985	   3.61352	  -1.09901	   0.00000	   0.07623	  -0.01525	   0.01525	  -0.01525	  -0.01525	  -0.00000	   0.01525	  -0.00000	  -0.06098
N         	  -6.11461	  -5.09159	  -1.09801	   0.03049	   0.06098	   0.04574	   0.03049	   0.04574	   0.03049	   0.01525	   0.03049	   0.01525	  -0.09147
N         	  -6.10790	  -0.73788	  -1.09801	   1.46354	   0.60981	   0.13721	   0.07623	   0.13721	  -0.28966	   0.01525	   0.07623	   0.01525	  -0.32015
N         	  -6.11121	   3.61725	  -1.09801	  -0.01525	   0.09147	  -0.07623	   0.03049	  -0.07623	   0.00000	  -0.01525	   0.03049	  -0.01525	  -0.09147
N         	  -3.66554	  -5.08895	  -0.67567	   1.06716	  -0.06098	   0.38113	   0.07623	   0.38113	   0.42687	   0.09147	   0.07623	   0.09147	  -0.36588
N         	  -3.65020	  -0.73303	  -0.70222	  25.41373	   6.11332	   2.59168	   3.17100	   2.59168	  -3.21673	   0.82324	   3.17100	   0.82324	  -2.91183
N         	  -3.66144	   3.62195	  -0.67495	  -0.06098	   0.09147	  -0.27441	   0.10672	  -0.27441	   0.19819	   0.03049	   0.10672	   0.03049	  -0.28966
N         	  -1.24526	  -5.09086	  -0.10174	   0.13721	  -0.10672	   0.13721	   0.03049	   0.13721	   0.51834	   0.00000	   0.03049	   0.00000	  -0.39637
N         	  -1.24524	   3.63388	  -0.07660	  28.88963	  -3.56737	  -3.17100	   0.64030	  -3.17100	   7.45490	  -2.54595	   0.64030	  -2.54595	  -3.88752
N         	   1.24526	  -5.09086	  -0.10174	   0.13721	  -0.10672	  -0.13721	  -0.03049	  -0.13721	   0.51834	   0.00000	  -0.03049	   0.00000	  -0.39637
N         	   1.24524	   3.63388	  -0.07660	  28.88963	  -3.56737	   3.17100	  -0.64030	   3.17100	   7.45490	  -2.54595	  -0.64030	  -2.54595	  -3.88752
N         	   3.66554	  -5.08895	  -0.67567	   1.06716	  -0.06098	  -0.38113	  -0.07623	  -0.38113	   0.42687	   0.09147	  -0.07623	   0.09147	  -0.36588
N         	   3.65020	  -0.73303	  -0.70222	  25.41373	   6.11332	  -2.59168	  -3.17100	  -2.59168	  -3.21673	   0.82324	  -3.17100	   0.82324	  -2.91183
N         	   3.66144	   3.62195	  -0.67495	  -0.06098	   0.09147	   0.27441	  -0.10672	   0.27441	   0.19819	   0.03049	  -0.10672	   0.03049	  -0.28966
N         	   6.11461	  -5.09159	  -1.09801	   0.03049	   0.06098	  -0.04574	  -0.03049	  -0.04574	   0.03049	   0.01525	  -0.03049	   0.01525	  -0.09147
N         	   6.10790	  -0.73788	  -1.09801	   1.46354	   0.60981	  -0.13721	  -0.07623	  -0.13721	  -0.28966	   0.01525	  -0.07623	   0.01525	  -0.32015
N         	   6.11121	   3.61725	  -1.09801	  -0.01525	   0.09147	   0.07623	  -0.03049	   0.07623	   0.00000	  -0.01525	  -0.03049	  -0.01525	  -0.09147
N         	   8.60109	  -5.09470	  -1.09901	   0.00000	   0.06098	  -0.01525	  -0.00000	  -0.01525	  -0.01525	   0.00000	  -0.00000	   0.00000	  -0.04574
N         	   8.59764	  -0.73984	  -1.09901	   0.09147	   0.13721	  -0.01525	  -0.01525	  -0.01525	  -0.06098	   0.00000	  -0.01525	   0.00000	  -0.07623
N         	   8.59985	   3.61352	  -1.09901	   0.00000	   0.07623	   0.01525	  -0.01525	   0.01525	  -0.01525	  -0.00000	  -0.01525	  -0.00000	  -0.06098
N         	   1.27437	  -0.76927	  -0.10901	 324.63099	  86.71462	 -87.97997	 -22.77631	 -87.97997	 -25.07833	  14.39146	 -22.77631	  14.39146	 -61.65153
N         	  -1.27437	  -0.76927	  -0.10901	 324.63099	  86.71462	  87.97997	  22.77631	  87.97997	 -25.07833	  14.39146	  22.77631	  14.39146	 -61.65153
N         	  -0.00000	   1.53853	   0.21803	 277.67582	 -85.86089	  -0.00000	  -0.00000	  -0.00000	 157.58949	  36.51222	  -0.00000	  36.51222	 -71.72860
