--------------------------------------------------------------------------------------------------------------------------------------------------------------------------
  AtomName	    r_1i_X	    r_1i_Y	    r_1i_Z	     EFGxx	     EFGxy	     EFGxz	     EFGyx	     EFGyy	     EFGyz	     EFGzx	     EFGzy	     EFGzz	[Hatree/Bohr_radius^2]
--------------------------------------------------------------------------------------------------------------------------------------------------------------------------
10B  eQ___:	  8.459000	[Q/milibarn]*(10^-1)
11B  eQ___:	  4.059000	[Q/milibarn]*(10^-1)
14N  eQ___:	  2.044000	[Q/milibarn]*(10^-1)
15N  eQ___:	  0.000000	[Q/milibarn]*(10^-1)
10B  etc____:	---       	---       	---       	  -0.17101	   0.00000	  -0.00000	   0.00000	  -0.17687	   0.00000	  -0.00000	   0.00000	   0.34788
11B  etc____:	---       	---       	---       	  -0.17101	   0.00000	  -0.00000	   0.00000	  -0.17687	   0.00000	  -0.00000	   0.00000	   0.34788
14N  etc____:	---       	---       	---       	   0.04171	  -0.00000	   0.00000	  -0.00000	  -0.03912	  -0.00000	   0.00000	  -0.00000	  -0.00259
15N  etc____:	---       	---       	---       	   0.04171	  -0.00000	   0.00000	  -0.00000	  -0.03912	  -0.00000	   0.00000	  -0.00000	  -0.00259
MinDif[A]:	 -11.53961	  -6.49736	   0.00000
MaxDif[A]:	  10.26115	   6.48922	   0.00000
--------------------------------------------------------------------------------------------------------------------------------------------------------------------------
B         	 -10.25935	  -4.34619	   0.00000	  -0.17022	   0.00254	   0.00000	   0.00254	  -0.17766	   0.00000	   0.00000	   0.00000	   0.34788
B         	 -10.25973	  -0.01422	   0.00000	  -0.17115	   0.00352	   0.00000	   0.00352	  -0.17731	  -0.00000	   0.00000	  -0.00000	   0.34846
B         	 -10.25823	   4.31621	   0.00000	  -0.17136	   0.00311	   0.00000	   0.00311	  -0.17667	   0.00000	   0.00000	   0.00000	   0.34804
B         	  -7.69702	  -4.34443	   0.00000	  -0.16851	   0.00832	   0.00000	   0.00832	  -0.17870	  -0.00000	   0.00000	  -0.00000	   0.34721
B         	  -7.70123	  -0.01304	   0.00000	  -0.17139	   0.01093	  -0.00000	   0.01093	  -0.17685	  -0.00000	  -0.00000	  -0.00000	   0.34823
B         	  -7.69443	   4.31799	   0.00000	  -0.17187	   0.00989	   0.00000	   0.00989	  -0.17577	   0.00000	   0.00000	   0.00000	   0.34762
B         	  -5.13416	  -4.34165	   0.00000	  -0.16419	   0.01155	  -0.00000	   0.01155	  -0.18156	   0.00000	  -0.00000	   0.00000	   0.34575
B         	  -5.14435	  -0.01008	   0.00000	  -0.17153	   0.02234	   0.00000	   0.02234	  -0.17519	  -0.00000	   0.00000	  -0.00000	   0.34672
B         	  -5.12971	   4.32178	   0.00000	  -0.17352	   0.01541	   0.00000	   0.01541	  -0.17311	  -0.00000	   0.00000	  -0.00000	   0.34663
B         	  -2.56857	  -4.33490	   0.00000	  -0.15498	   0.01175	   0.00000	   0.01175	  -0.18940	  -0.00000	   0.00000	  -0.00000	   0.34438
B         	  -2.58182	   0.00056	   0.00000	  -0.14835	   0.05844	  -0.00000	   0.05844	  -0.18235	   0.00000	  -0.00000	   0.00000	   0.33071
B         	  -2.56137	   4.32374	   0.00000	  -0.17712	   0.01604	  -0.00000	   0.01604	  -0.16723	   0.00000	  -0.00000	   0.00000	   0.34434
B         	   0.00000	  -4.32146	   0.00000	  -0.14490	  -0.00000	   0.00000	  -0.00000	  -0.19692	   0.00000	   0.00000	   0.00000	   0.34181
B         	   0.00000	   4.32205	   0.00000	  -0.17952	  -0.00000	  -0.00000	  -0.00000	  -0.16156	  -0.00000	  -0.00000	  -0.00000	   0.34108
B         	   2.56857	  -4.33490	   0.00000	  -0.15498	  -0.01175	   0.00000	  -0.01175	  -0.18940	  -0.00000	   0.00000	  -0.00000	   0.34438
B         	   2.58182	   0.00056	   0.00000	  -0.14835	  -0.05844	   0.00000	  -0.05844	  -0.18235	   0.00000	   0.00000	   0.00000	   0.33071
B         	   2.56137	   4.32374	   0.00000	  -0.17712	  -0.01604	   0.00000	  -0.01604	  -0.16723	   0.00000	   0.00000	   0.00000	   0.34434
B         	   5.13416	  -4.34165	   0.00000	  -0.16419	  -0.01155	   0.00000	  -0.01155	  -0.18156	   0.00000	   0.00000	   0.00000	   0.34575
B         	   5.14435	  -0.01008	   0.00000	  -0.17153	  -0.02234	  -0.00000	  -0.02234	  -0.17519	  -0.00000	  -0.00000	  -0.00000	   0.34672
B         	   5.12971	   4.32178	   0.00000	  -0.17352	  -0.01541	  -0.00000	  -0.01541	  -0.17311	  -0.00000	  -0.00000	  -0.00000	   0.34663
B         	   7.69702	  -4.34443	   0.00000	  -0.16851	  -0.00832	   0.00000	  -0.00832	  -0.17870	   0.00000	   0.00000	   0.00000	   0.34721
B         	   7.70123	  -0.01304	   0.00000	  -0.17139	  -0.01093	   0.00000	  -0.01093	  -0.17685	   0.00000	   0.00000	   0.00000	   0.34823
B         	   7.69443	   4.31799	   0.00000	  -0.17187	  -0.00989	   0.00000	  -0.00989	  -0.17577	   0.00000	   0.00000	   0.00000	   0.34762
B         	  10.25935	  -4.34619	   0.00000	  -0.17022	  -0.00254	  -0.00000	  -0.00254	  -0.17766	   0.00000	  -0.00000	   0.00000	   0.34788
B         	  10.25973	  -0.01422	   0.00000	  -0.17115	  -0.00352	  -0.00000	  -0.00352	  -0.17731	  -0.00000	  -0.00000	  -0.00000	   0.34846
B         	  10.25823	   4.31621	   0.00000	  -0.17136	  -0.00311	  -0.00000	  -0.00311	  -0.17667	   0.00000	  -0.00000	   0.00000	   0.34804
B         	 -11.53961	  -2.18031	   0.00000	  -0.17065	   0.00000	  -0.00000	   0.00000	  -0.17751	   0.00000	  -0.00000	   0.00000	   0.34816
B         	 -11.53961	   2.15039	   0.00000	  -0.17182	   0.00000	   0.00000	   0.00000	  -0.17642	   0.00000	   0.00000	   0.00000	   0.34823
B         	 -11.53961	   6.48124	   0.00000	  -0.17101	   0.00000	  -0.00000	   0.00000	  -0.17687	   0.00000	  -0.00000	   0.00000	   0.34788
B         	  -8.97934	  -2.17952	   0.00000	  -0.16996	   0.00634	  -0.00000	   0.00634	  -0.17790	   0.00000	  -0.00000	   0.00000	   0.34786
B         	  -8.97712	   2.15237	   0.00000	  -0.17133	   0.00763	  -0.00000	   0.00763	  -0.17672	  -0.00000	  -0.00000	  -0.00000	   0.34806
B         	  -8.97687	   6.48232	   0.00000	  -0.17049	   0.00569	   0.00000	   0.00569	  -0.17718	  -0.00000	   0.00000	  -0.00000	   0.34767
B         	  -6.41816	  -2.17849	   0.00000	  -0.16834	   0.01342	   0.00000	   0.01342	  -0.17796	   0.00000	   0.00000	   0.00000	   0.34630
B         	  -6.41382	   2.15421	   0.00000	  -0.17339	   0.01682	   0.00000	   0.01682	  -0.17370	  -0.00000	   0.00000	  -0.00000	   0.34709
B         	  -6.41330	   6.48504	   0.00000	  -0.16968	   0.01023	  -0.00000	   0.01023	  -0.17760	   0.00000	  -0.00000	   0.00000	   0.34728
B         	  -3.85562	  -2.17297	   0.00000	  -0.15819	   0.02053	  -0.00000	   0.02053	  -0.18218	  -0.00000	  -0.00000	  -0.00000	   0.34037
B         	  -3.84917	   2.15889	   0.00000	  -0.17790	   0.02797	  -0.00000	   0.02797	  -0.16572	  -0.00000	  -0.00000	  -0.00000	   0.34362
B         	  -3.84762	   6.48922	   0.00000	  -0.16803	   0.01121	   0.00000	   0.01121	  -0.17864	  -0.00000	   0.00000	  -0.00000	   0.34667
B         	  -1.27941	  -2.15186	   0.00000	  -0.11698	   0.04498	   0.00000	   0.04498	  -0.20706	   0.00000	   0.00000	   0.00000	   0.32404
B         	  -1.27457	   2.13531	   0.00000	  -0.21054	   0.02400	  -0.00000	   0.02400	  -0.11431	  -0.00000	  -0.00000	  -0.00000	   0.32485
B         	  -1.28072	  -6.49736	   0.00000	  -0.16455	   0.00641	  -0.00000	   0.00641	  -0.18048	  -0.00000	  -0.00000	  -0.00000	   0.34503
B         	   1.27941	  -2.15186	   0.00000	  -0.11698	  -0.04498	  -0.00000	  -0.04498	  -0.20706	  -0.00000	  -0.00000	  -0.00000	   0.32404
B         	   1.27457	   2.13531	   0.00000	  -0.21054	  -0.02400	   0.00000	  -0.02400	  -0.11431	   0.00000	   0.00000	   0.00000	   0.32485
B         	   1.28072	  -6.49736	   0.00000	  -0.16455	  -0.00641	  -0.00000	  -0.00641	  -0.18048	  -0.00000	  -0.00000	  -0.00000	   0.34503
B         	   3.85562	  -2.17297	   0.00000	  -0.15819	  -0.02053	   0.00000	  -0.02053	  -0.18218	  -0.00000	   0.00000	  -0.00000	   0.34037
B         	   3.84917	   2.15889	   0.00000	  -0.17790	  -0.02797	   0.00000	  -0.02797	  -0.16572	  -0.00000	   0.00000	  -0.00000	   0.34362
B         	   3.84762	   6.48922	   0.00000	  -0.16803	  -0.01121	  -0.00000	  -0.01121	  -0.17864	   0.00000	  -0.00000	   0.00000	   0.34667
B         	   6.41816	  -2.17849	   0.00000	  -0.16834	  -0.01342	   0.00000	  -0.01342	  -0.17796	   0.00000	   0.00000	   0.00000	   0.34630
B         	   6.41382	   2.15421	   0.00000	  -0.17339	  -0.01682	   0.00000	  -0.01682	  -0.17370	   0.00000	   0.00000	   0.00000	   0.34709
B         	   6.41330	   6.48504	   0.00000	  -0.16968	  -0.01023	  -0.00000	  -0.01023	  -0.17760	  -0.00000	  -0.00000	  -0.00000	   0.34728
B         	   8.97934	  -2.17952	   0.00000	  -0.16996	  -0.00634	   0.00000	  -0.00634	  -0.17790	  -0.00000	   0.00000	  -0.00000	   0.34786
B         	   8.97712	   2.15237	   0.00000	  -0.17133	  -0.00763	   0.00000	  -0.00763	  -0.17672	  -0.00000	   0.00000	  -0.00000	   0.34806
B         	   8.97687	   6.48232	   0.00000	  -0.17049	  -0.00569	   0.00000	  -0.00569	  -0.17718	  -0.00000	   0.00000	  -0.00000	   0.34767
N         	 -10.26115	  -2.89535	   0.00000	   0.04030	  -0.00157	   0.00000	  -0.00157	  -0.03856	   0.00000	   0.00000	   0.00000	  -0.00174
N         	 -10.26030	   1.43699	   0.00000	   0.04302	   0.00022	   0.00000	   0.00022	  -0.03869	   0.00000	   0.00000	   0.00000	  -0.00432
N         	 -10.25968	   5.76752	   0.00000	   0.04469	  -0.00078	   0.00000	  -0.00078	  -0.04078	  -0.00000	   0.00000	  -0.00000	  -0.00391
N         	  -7.70391	  -2.89462	   0.00000	   0.03982	  -0.00663	  -0.00000	  -0.00663	  -0.04017	  -0.00000	  -0.00000	  -0.00000	   0.00036
N         	  -7.70250	   1.43892	   0.00000	   0.04281	  -0.00006	   0.00000	  -0.00006	  -0.03744	  -0.00000	   0.00000	  -0.00000	  -0.00537
N         	  -7.69931	   5.76959	   0.00000	   0.04661	  -0.00246	   0.00000	  -0.00246	  -0.04230	  -0.00000	   0.00000	  -0.00000	  -0.00431
N         	  -5.14564	  -2.89405	   0.00000	   0.03913	  -0.01171	  -0.00000	  -0.01171	  -0.04182	  -0.00000	  -0.00000	  -0.00000	   0.00270
N         	  -5.14495	   1.44378	   0.00000	   0.04523	   0.00450	   0.00000	   0.00450	  -0.03507	  -0.00000	   0.00000	  -0.00000	  -0.01016
N         	  -5.13647	   5.77421	   0.00000	   0.05115	  -0.00187	  -0.00000	  -0.00187	  -0.04614	   0.00000	  -0.00000	   0.00000	  -0.00500
N         	  -2.58422	  -2.89426	   0.00000	   0.06134	   0.01303	   0.00000	   0.01303	  -0.03571	   0.00000	   0.00000	   0.00000	  -0.02564
N         	  -2.58841	   1.45452	   0.00000	   0.05618	   0.02136	   0.00000	   0.02136	  -0.02372	  -0.00000	   0.00000	  -0.00000	  -0.03246
N         	  -2.56826	   5.77984	   0.00000	   0.05510	  -0.00213	   0.00000	  -0.00213	  -0.04638	   0.00000	   0.00000	   0.00000	  -0.00872
N         	   0.00000	  -2.88350	   0.00000	   0.08682	  -0.00000	   0.00000	  -0.00000	  -0.04442	   0.00000	   0.00000	   0.00000	  -0.04241
N         	   0.00000	   5.78138	   0.00000	   0.05357	   0.00000	  -0.00000	   0.00000	  -0.04609	   0.00000	  -0.00000	   0.00000	  -0.00749
N         	   2.58422	  -2.89426	   0.00000	   0.06134	  -0.01303	  -0.00000	  -0.01303	  -0.03571	   0.00000	  -0.00000	   0.00000	  -0.02564
N         	   2.58841	   1.45452	   0.00000	   0.05618	  -0.02136	  -0.00000	  -0.02136	  -0.02372	  -0.00000	  -0.00000	  -0.00000	  -0.03246
N         	   2.56826	   5.77984	   0.00000	   0.05510	   0.00213	  -0.00000	   0.00213	  -0.04638	   0.00000	  -0.00000	   0.00000	  -0.00872
N         	   5.14564	  -2.89405	   0.00000	   0.03913	   0.01171	   0.00000	   0.01171	  -0.04182	  -0.00000	   0.00000	  -0.00000	   0.00270
N         	   5.14495	   1.44378	   0.00000	   0.04523	  -0.00450	   0.00000	  -0.00450	  -0.03507	  -0.00000	   0.00000	  -0.00000	  -0.01016
N         	   5.13647	   5.77421	   0.00000	   0.05115	   0.00187	   0.00000	   0.00187	  -0.04614	  -0.00000	   0.00000	  -0.00000	  -0.00500
N         	   7.70391	  -2.89462	   0.00000	   0.03982	   0.00663	   0.00000	   0.00663	  -0.04017	  -0.00000	   0.00000	  -0.00000	   0.00036
N         	   7.70250	   1.43892	   0.00000	   0.04281	   0.00006	   0.00000	   0.00006	  -0.03744	   0.00000	   0.00000	   0.00000	  -0.00537
N         	   7.69931	   5.76959	   0.00000	   0.04661	   0.00246	   0.00000	   0.00246	  -0.04230	  -0.00000	   0.00000	  -0.00000	  -0.00431
N         	  10.26115	  -2.89535	   0.00000	   0.04030	   0.00157	  -0.00000	   0.00157	  -0.03856	   0.00000	  -0.00000	   0.00000	  -0.00174
N         	  10.26030	   1.43699	   0.00000	   0.04302	  -0.00022	  -0.00000	  -0.00022	  -0.03869	  -0.00000	  -0.00000	  -0.00000	  -0.00432
N         	  10.25968	   5.76752	   0.00000	   0.04469	   0.00078	  -0.00000	   0.00078	  -0.04078	  -0.00000	  -0.00000	  -0.00000	  -0.00391
N         	 -11.53961	  -5.06146	   0.00000	   0.04171	  -0.00000	   0.00000	  -0.00000	  -0.03912	  -0.00000	   0.00000	  -0.00000	  -0.00259
N         	 -11.53961	  -0.72933	   0.00000	   0.03914	  -0.00000	  -0.00000	  -0.00000	  -0.03709	  -0.00000	  -0.00000	  -0.00000	  -0.00205
N         	 -11.53961	   3.60206	   0.00000	   0.04453	  -0.00000	  -0.00000	  -0.00000	  -0.03977	  -0.00000	  -0.00000	  -0.00000	  -0.00476
N         	  -8.98098	  -5.06064	   0.00000	   0.04303	  -0.00309	   0.00000	  -0.00309	  -0.04037	  -0.00000	   0.00000	  -0.00000	  -0.00266
N         	  -8.98422	  -0.72890	   0.00000	   0.03716	  -0.00277	  -0.00000	  -0.00277	  -0.03673	   0.00000	  -0.00000	   0.00000	  -0.00043
N         	  -8.97987	   3.60359	   0.00000	   0.04577	  -0.00079	   0.00000	  -0.00079	  -0.04083	  -0.00000	   0.00000	  -0.00000	  -0.00494
N         	  -6.42090	  -5.05875	   0.00000	   0.04432	  -0.00636	   0.00000	  -0.00636	  -0.04297	  -0.00000	   0.00000	  -0.00000	  -0.00136
N         	  -6.43089	  -0.72775	   0.00000	   0.03205	  -0.00678	   0.00000	  -0.00678	  -0.03418	   0.00000	   0.00000	   0.00000	   0.00213
N         	  -6.41932	   3.60723	   0.00000	   0.04879	   0.00015	   0.00000	   0.00015	  -0.04123	  -0.00000	   0.00000	  -0.00000	  -0.00756
N         	  -3.85690	  -5.05568	   0.00000	   0.04849	  -0.00623	  -0.00000	  -0.00623	  -0.04364	  -0.00000	  -0.00000	  -0.00000	  -0.00485
N         	  -3.88531	  -0.72560	   0.00000	   0.04275	   0.00461	   0.00000	   0.00461	  -0.03491	   0.00000	   0.00000	   0.00000	  -0.00784
N         	  -3.85624	   3.61525	   0.00000	   0.05655	   0.00312	   0.00000	   0.00312	  -0.04569	   0.00000	   0.00000	   0.00000	  -0.01086
N         	  -1.28536	  -5.04857	   0.00000	   0.05630	   0.00025	   0.00000	   0.00025	  -0.04252	   0.00000	   0.00000	   0.00000	  -0.01378
N         	  -1.28713	   3.61796	   0.00000	   0.04578	  -0.00923	   0.00000	  -0.00923	  -0.01903	  -0.00000	   0.00000	  -0.00000	  -0.02676
N         	   1.28536	  -5.04857	   0.00000	   0.05630	  -0.00025	  -0.00000	  -0.00025	  -0.04252	   0.00000	  -0.00000	   0.00000	  -0.01378
N         	   1.28713	   3.61796	   0.00000	   0.04578	   0.00923	  -0.00000	   0.00923	  -0.01903	   0.00000	  -0.00000	   0.00000	  -0.02676
N         	   3.85690	  -5.05568	   0.00000	   0.04849	   0.00623	   0.00000	   0.00623	  -0.04364	  -0.00000	   0.00000	  -0.00000	  -0.00485
N         	   3.88531	  -0.72560	   0.00000	   0.04275	  -0.00461	  -0.00000	  -0.00461	  -0.03491	  -0.00000	  -0.00000	  -0.00000	  -0.00784
N         	   3.85624	   3.61525	   0.00000	   0.05655	  -0.00312	   0.00000	  -0.00312	  -0.04569	  -0.00000	   0.00000	  -0.00000	  -0.01086
N         	   6.42090	  -5.05875	   0.00000	   0.04432	   0.00636	   0.00000	   0.00636	  -0.04297	  -0.00000	   0.00000	  -0.00000	  -0.00136
N         	   6.43089	  -0.72775	   0.00000	   0.03205	   0.00678	  -0.00000	   0.00678	  -0.03418	   0.00000	  -0.00000	   0.00000	   0.00213
N         	   6.41932	   3.60723	   0.00000	   0.04879	  -0.00015	   0.00000	  -0.00015	  -0.04123	   0.00000	   0.00000	   0.00000	  -0.00756
N         	   8.98098	  -5.06064	   0.00000	   0.04303	   0.00309	   0.00000	   0.00309	  -0.04037	  -0.00000	   0.00000	  -0.00000	  -0.00266
N         	   8.98422	  -0.72890	   0.00000	   0.03716	   0.00277	  -0.00000	   0.00277	  -0.03673	   0.00000	  -0.00000	   0.00000	  -0.00043
N         	   8.97987	   3.60359	   0.00000	   0.04577	   0.00079	  -0.00000	   0.00079	  -0.04083	  -0.00000	  -0.00000	  -0.00000	  -0.00494
N         	   1.40407	  -0.76058	   0.00000	   0.22596	  -0.26848	   0.00000	  -0.26848	  -0.07126	  -0.00000	   0.00000	  -0.00000	  -0.15469
N         	  -1.40407	  -0.76058	   0.00000	   0.22596	   0.26848	  -0.00000	   0.26848	  -0.07126	  -0.00000	  -0.00000	  -0.00000	  -0.15469
N         	   0.00000	   1.52117	   0.00000	  -0.15217	  -0.00000	  -0.00000	  -0.00000	   0.32064	   0.00000	  -0.00000	   0.00000	  -0.16847
