--------------------------------------------------------------------------------------------------------------------------------------------------------------------------
  AtomName	    r_1i_X	    r_1i_Y	    r_1i_Z	  iso[MHz]	       Axx	       Axy	       Axz	       Ayx	       Ayy	       Ayz	       Azx	       Azy	       Azz
--------------------------------------------------------------------------------------------------------------------------------------------------------------------------
10B  g-factor___:   0.600215 [No-unit]
11B  g-factor___:   1.792433 [No-unit]
14N  g-factor___:   0.403761 [No-unit]
15N  g-factor___:  -0.566378 [No-unit]
10B  etc____:	---       	---       	---       	   0.00000
11B  etc____:	---       	---       	---       	   0.00000
14N  etc____:	---       	---       	---       	   0.00000
15N  etc____:	---       	---       	---       	   0.00000
MinDif[A]:	 -11.53961	  -6.49736	   0.00000
MaxDif[A]:	  10.26115	   6.48922	   0.00000
--------------------------------------------------------------------------------------------------------------------------------------------------------------------------
B         	 -10.25935	  -4.34619	   0.00000	  -0.00000	   0.06098	   0.00000	   0.00000	   0.00000	  -0.01525	   0.00000	   0.00000	   0.00000	  -0.04574
B         	 -10.25973	  -0.01422	   0.00000	   0.01525	   0.09147	  -0.00000	   0.00000	  -0.00000	  -0.04574	   0.00000	   0.00000	   0.00000	  -0.04574
B         	 -10.25823	   4.31621	   0.00000	  -0.00000	   0.06098	  -0.00000	   0.00000	  -0.00000	  -0.01525	   0.00000	   0.00000	   0.00000	  -0.04574
B         	  -7.69702	  -4.34443	   0.00000	  -0.01525	   0.07623	   0.03049	  -0.00000	   0.03049	  -0.00000	  -0.00000	  -0.00000	  -0.00000	  -0.07623
B         	  -7.70123	  -0.01304	   0.00000	   0.28966	   0.18294	  -0.04574	  -0.00000	  -0.04574	  -0.06098	  -0.00000	  -0.00000	  -0.00000	  -0.10672
B         	  -7.69443	   4.31799	   0.00000	  -0.00000	   0.06098	  -0.03049	   0.00000	  -0.03049	  -0.00000	  -0.00000	   0.00000	  -0.00000	  -0.06098
B         	  -5.13416	  -4.34165	   0.00000	  -0.10672	   0.12196	   0.10672	   0.00000	   0.10672	   0.09147	   0.00000	   0.00000	   0.00000	  -0.19819
B         	  -5.14435	  -0.01008	   0.00000	   3.14051	   0.74701	  -0.51834	   0.00000	  -0.51834	  -0.12196	   0.00000	   0.00000	   0.00000	  -0.62505
B         	  -5.12971	   4.32178	   0.00000	  -0.03049	   0.07623	  -0.10672	  -0.00000	  -0.10672	   0.07623	   0.00000	  -0.00000	   0.00000	  -0.15245
B         	  -2.56857	  -4.33490	   0.00000	   3.75032	  -0.50309	   0.06098	   0.00000	   0.06098	   1.25011	  -0.00000	   0.00000	  -0.00000	  -0.74701
B         	  -2.58182	   0.00056	   0.00000	   1.85991	   3.09477	  -3.46066	   0.00000	  -3.46066	   1.20437	   0.00000	   0.00000	   0.00000	  -4.31439
B         	  -2.56137	   4.32374	   0.00000	   3.32345	   0.53358	  -0.67079	  -0.00000	  -0.67079	   0.15245	  -0.00000	  -0.00000	  -0.00000	  -0.68603
B         	   0.00000	  -4.32146	   0.00000	  -0.65554	  -0.18294	   0.00000	  -0.00000	   0.00000	   0.71652	   0.00000	  -0.00000	   0.00000	  -0.54883
B         	   0.00000	   4.32205	   0.00000	  -0.97569	  -0.28966	   0.00000	   0.00000	   0.00000	   1.20437	   0.00000	   0.00000	   0.00000	  -0.92996
B         	   2.56857	  -4.33490	   0.00000	   3.75032	  -0.50309	  -0.06098	  -0.00000	  -0.06098	   1.25011	  -0.00000	  -0.00000	  -0.00000	  -0.74701
B         	   2.58182	   0.00056	   0.00000	   1.85991	   3.09477	   3.46066	   0.00000	   3.46066	   1.20437	   0.00000	   0.00000	   0.00000	  -4.31439
B         	   2.56137	   4.32374	   0.00000	   3.32345	   0.53358	   0.67079	   0.00000	   0.67079	   0.15245	  -0.00000	   0.00000	  -0.00000	  -0.68603
B         	   5.13416	  -4.34165	   0.00000	  -0.10672	   0.12196	  -0.10672	  -0.00000	  -0.10672	   0.09147	   0.00000	  -0.00000	   0.00000	  -0.19819
B         	   5.14435	  -0.01008	   0.00000	   3.14051	   0.74701	   0.51834	   0.00000	   0.51834	  -0.12196	  -0.00000	   0.00000	  -0.00000	  -0.62505
B         	   5.12971	   4.32178	   0.00000	  -0.03049	   0.07623	   0.10672	   0.00000	   0.10672	   0.07623	  -0.00000	   0.00000	  -0.00000	  -0.15245
B         	   7.69702	  -4.34443	   0.00000	  -0.01525	   0.07623	  -0.03049	   0.00000	  -0.03049	  -0.00000	   0.00000	   0.00000	   0.00000	  -0.07623
B         	   7.70123	  -0.01304	   0.00000	   0.28966	   0.18294	   0.04574	  -0.00000	   0.04574	  -0.06098	   0.00000	  -0.00000	   0.00000	  -0.10672
B         	   7.69443	   4.31799	   0.00000	  -0.00000	   0.06098	   0.03049	  -0.00000	   0.03049	  -0.00000	   0.00000	  -0.00000	   0.00000	  -0.06098
B         	  10.25935	  -4.34619	   0.00000	  -0.00000	   0.06098	  -0.00000	   0.00000	  -0.00000	  -0.01525	  -0.00000	   0.00000	  -0.00000	  -0.04574
B         	  10.25973	  -0.01422	   0.00000	   0.01525	   0.09147	   0.00000	   0.00000	   0.00000	  -0.04574	  -0.00000	   0.00000	  -0.00000	  -0.04574
B         	  10.25823	   4.31621	   0.00000	  -0.00000	   0.06098	   0.00000	   0.00000	   0.00000	  -0.01525	  -0.00000	   0.00000	  -0.00000	  -0.04574
B         	 -11.53961	  -2.18031	   0.00000	  -0.00000	   0.07623	   0.00000	  -0.00000	   0.00000	  -0.03049	  -0.00000	  -0.00000	  -0.00000	  -0.04574
B         	 -11.53961	   2.15039	   0.00000	   0.00000	   0.07623	   0.00000	   0.00000	   0.00000	  -0.03049	  -0.00000	   0.00000	  -0.00000	  -0.04574
B         	 -11.53961	   6.48124	   0.00000	  -0.00000	   0.06098	  -0.00000	  -0.00000	  -0.00000	  -0.01525	  -0.00000	  -0.00000	  -0.00000	  -0.04574
B         	  -8.97934	  -2.17952	   0.00000	  -0.01525	   0.09147	   0.01525	   0.00000	   0.01525	  -0.03049	   0.00000	   0.00000	   0.00000	  -0.06098
B         	  -8.97712	   2.15237	   0.00000	   0.00000	   0.09147	  -0.01525	  -0.00000	  -0.01525	  -0.03049	   0.00000	  -0.00000	   0.00000	  -0.06098
B         	  -8.97687	   6.48232	   0.00000	  -0.00000	   0.06098	   0.00000	   0.00000	   0.00000	  -0.01525	  -0.00000	   0.00000	  -0.00000	  -0.04574
B         	  -6.41816	  -2.17849	   0.00000	  -0.10672	   0.21343	   0.09147	  -0.00000	   0.09147	  -0.03049	  -0.00000	  -0.00000	  -0.00000	  -0.16770
B         	  -6.41382	   2.15421	   0.00000	   0.01525	   0.15245	  -0.07623	   0.00000	  -0.07623	  -0.03049	  -0.00000	   0.00000	  -0.00000	  -0.12196
B         	  -6.41330	   6.48504	   0.00000	  -0.00000	   0.04574	   0.00000	  -0.00000	   0.00000	   0.03049	   0.00000	  -0.00000	   0.00000	  -0.09147
B         	  -3.85562	  -2.17297	   0.00000	  -1.32633	   0.79275	   0.53358	   0.00000	   0.53358	   0.13721	  -0.00000	   0.00000	  -0.00000	  -0.92996
B         	  -3.84917	   2.15889	   0.00000	  -0.77750	   0.41162	  -0.32015	  -0.00000	  -0.32015	   0.10672	   0.00000	  -0.00000	   0.00000	  -0.51834
B         	  -3.84762	   6.48922	   0.00000	   0.32015	  -0.04574	  -0.09147	  -0.00000	  -0.09147	   0.27441	   0.00000	  -0.00000	   0.00000	  -0.22868
B         	  -1.27941	  -2.15186	   0.00000	   0.47260	  -1.34158	  -1.11290	  -0.00000	  -1.11290	   5.83891	   0.00000	  -0.00000	   0.00000	  -4.49733
B         	  -1.27457	   2.13531	   0.00000	  -0.68603	   4.72601	  -2.56119	   0.00000	  -2.56119	  -0.32015	   0.00000	   0.00000	   0.00000	  -4.40586
B         	  -1.28072	  -6.49736	   0.00000	  -0.07623	  -0.16770	  -0.01525	   0.00000	  -0.01525	   0.44211	   0.00000	   0.00000	   0.00000	  -0.27441
B         	   1.27941	  -2.15186	   0.00000	   0.47260	  -1.34158	   1.11290	   0.00000	   1.11290	   5.83891	   0.00000	   0.00000	   0.00000	  -4.49733
B         	   1.27457	   2.13531	   0.00000	  -0.68603	   4.72601	   2.56119	  -0.00000	   2.56119	  -0.32015	   0.00000	  -0.00000	   0.00000	  -4.40586
B         	   1.28072	  -6.49736	   0.00000	  -0.07623	  -0.16770	   0.01525	  -0.00000	   0.01525	   0.44211	   0.00000	  -0.00000	   0.00000	  -0.27441
B         	   3.85562	  -2.17297	   0.00000	  -1.32633	   0.79275	  -0.53358	   0.00000	  -0.53358	   0.13721	  -0.00000	   0.00000	  -0.00000	  -0.92996
B         	   3.84917	   2.15889	   0.00000	  -0.77750	   0.41162	   0.32015	  -0.00000	   0.32015	   0.10672	  -0.00000	  -0.00000	  -0.00000	  -0.51834
B         	   3.84762	   6.48922	   0.00000	   0.32015	  -0.04574	   0.09147	   0.00000	   0.09147	   0.27441	   0.00000	   0.00000	   0.00000	  -0.22868
B         	   6.41816	  -2.17849	   0.00000	  -0.10672	   0.21343	  -0.09147	  -0.00000	  -0.09147	  -0.03049	   0.00000	  -0.00000	   0.00000	  -0.16770
B         	   6.41382	   2.15421	   0.00000	   0.01525	   0.15245	   0.07623	   0.00000	   0.07623	  -0.03049	   0.00000	   0.00000	   0.00000	  -0.12196
B         	   6.41330	   6.48504	   0.00000	  -0.00000	   0.04574	  -0.00000	   0.00000	  -0.00000	   0.03049	   0.00000	   0.00000	   0.00000	  -0.09147
B         	   8.97934	  -2.17952	   0.00000	  -0.01525	   0.09147	  -0.01525	   0.00000	  -0.01525	  -0.03049	  -0.00000	   0.00000	  -0.00000	  -0.06098
B         	   8.97712	   2.15237	   0.00000	   0.00000	   0.09147	   0.01525	  -0.00000	   0.01525	  -0.03049	  -0.00000	  -0.00000	  -0.00000	  -0.06098
B         	   8.97687	   6.48232	   0.00000	  -0.00000	   0.06098	  -0.00000	   0.00000	  -0.00000	  -0.01525	  -0.00000	   0.00000	  -0.00000	  -0.04574
N         	 -10.26115	  -2.89535	   0.00000	   0.00000	   0.07623	   0.01525	  -0.00000	   0.01525	  -0.03049	  -0.00000	  -0.00000	  -0.00000	  -0.04574
N         	 -10.26030	   1.43699	   0.00000	   0.00000	   0.07623	  -0.00000	  -0.00000	  -0.00000	  -0.03049	   0.00000	  -0.00000	   0.00000	  -0.04574
N         	 -10.25968	   5.76752	   0.00000	   0.00000	   0.06098	  -0.00000	   0.00000	  -0.00000	  -0.01525	   0.00000	   0.00000	   0.00000	  -0.04574
N         	  -7.70391	  -2.89462	   0.00000	   0.09147	   0.12196	   0.06098	  -0.00000	   0.06098	  -0.03049	   0.00000	  -0.00000	   0.00000	  -0.09147
N         	  -7.70250	   1.43892	   0.00000	   0.01525	   0.13721	  -0.03049	   0.00000	  -0.03049	  -0.04574	  -0.00000	   0.00000	  -0.00000	  -0.09147
N         	  -7.69931	   5.76959	   0.00000	   0.00000	   0.06098	  -0.00000	  -0.00000	  -0.00000	   0.01525	  -0.00000	  -0.00000	  -0.00000	  -0.06098
N         	  -5.14564	  -2.89405	   0.00000	   1.23486	   0.39637	   0.45736	   0.00000	   0.45736	   0.01525	  -0.00000	   0.00000	  -0.00000	  -0.41162
N         	  -5.14495	   1.44378	   0.00000	   0.07623	   0.39637	  -0.06098	  -0.00000	  -0.06098	  -0.04574	   0.00000	  -0.00000	   0.00000	  -0.35064
N         	  -5.13647	   5.77421	   0.00000	   0.07623	  -0.00000	   0.01525	  -0.00000	   0.01525	   0.16770	   0.00000	  -0.00000	   0.00000	  -0.16770
N         	  -2.58422	  -2.89426	   0.00000	  32.33504	   2.19531	   7.83603	  -0.00000	   7.83603	   3.06428	   0.00000	  -0.00000	   0.00000	  -5.25959
N         	  -2.58841	   1.45452	   0.00000	   5.18336	   0.07623	   1.67697	   0.00000	   1.67697	   3.32345	   0.00000	   0.00000	   0.00000	  -3.39968
N         	  -2.56826	   5.77984	   0.00000	   2.45447	  -0.24392	  -0.36588	  -0.00000	  -0.36588	   0.74701	  -0.00000	  -0.00000	  -0.00000	  -0.50309
N         	   0.00000	  -2.88350	   0.00000	   7.04328	   3.88752	  -0.00000	   0.00000	  -0.00000	  -0.45736	   0.00000	   0.00000	   0.00000	  -3.41492
N         	   0.00000	   5.78138	   0.00000	   0.88422	  -0.35064	  -0.00000	  -0.00000	  -0.00000	   0.79275	   0.00000	  -0.00000	   0.00000	  -0.44211
N         	   2.58422	  -2.89426	   0.00000	  32.33504	   2.19531	  -7.83603	  -0.00000	  -7.83603	   3.06428	  -0.00000	  -0.00000	  -0.00000	  -5.25959
N         	   2.58841	   1.45452	   0.00000	   5.18336	   0.07623	  -1.67697	   0.00000	  -1.67697	   3.32345	   0.00000	   0.00000	   0.00000	  -3.39968
N         	   2.56826	   5.77984	   0.00000	   2.45447	  -0.24392	   0.36588	   0.00000	   0.36588	   0.74701	  -0.00000	   0.00000	  -0.00000	  -0.50309
N         	   5.14564	  -2.89405	   0.00000	   1.23486	   0.39637	  -0.45736	   0.00000	  -0.45736	   0.01525	   0.00000	   0.00000	   0.00000	  -0.41162
N         	   5.14495	   1.44378	   0.00000	   0.07623	   0.39637	   0.06098	  -0.00000	   0.06098	  -0.04574	  -0.00000	  -0.00000	  -0.00000	  -0.35064
N         	   5.13647	   5.77421	   0.00000	   0.07623	  -0.00000	  -0.01525	   0.00000	  -0.01525	   0.16770	  -0.00000	   0.00000	  -0.00000	  -0.16770
N         	   7.70391	  -2.89462	   0.00000	   0.09147	   0.12196	  -0.06098	  -0.00000	  -0.06098	  -0.03049	  -0.00000	  -0.00000	  -0.00000	  -0.09147
N         	   7.70250	   1.43892	   0.00000	   0.01525	   0.13721	   0.03049	   0.00000	   0.03049	  -0.04574	   0.00000	   0.00000	   0.00000	  -0.09147
N         	   7.69931	   5.76959	   0.00000	   0.00000	   0.06098	   0.00000	  -0.00000	   0.00000	   0.01525	   0.00000	  -0.00000	   0.00000	  -0.06098
N         	  10.26115	  -2.89535	   0.00000	   0.00000	   0.07623	  -0.01525	   0.00000	  -0.01525	  -0.03049	   0.00000	   0.00000	   0.00000	  -0.04574
N         	  10.26030	   1.43699	   0.00000	   0.00000	   0.07623	   0.00000	  -0.00000	   0.00000	  -0.03049	  -0.00000	  -0.00000	  -0.00000	  -0.04574
N         	  10.25968	   5.76752	   0.00000	   0.00000	   0.06098	   0.00000	  -0.00000	   0.00000	  -0.01525	  -0.00000	  -0.00000	  -0.00000	  -0.04574
N         	 -11.53961	  -5.06146	   0.00000	   0.00000	   0.06098	  -0.00000	  -0.00000	  -0.00000	  -0.01525	  -0.00000	  -0.00000	  -0.00000	  -0.04574
N         	 -11.53961	  -0.72933	   0.00000	   0.01525	   0.09147	   0.00000	  -0.00000	   0.00000	  -0.04574	   0.00000	  -0.00000	   0.00000	  -0.04574
N         	 -11.53961	   3.60206	   0.00000	  -0.00000	   0.06098	   0.00000	   0.00000	   0.00000	  -0.03049	   0.00000	   0.00000	   0.00000	  -0.04574
N         	  -8.98098	  -5.06064	   0.00000	   0.01525	   0.06098	   0.01525	   0.00000	   0.01525	  -0.01525	  -0.00000	   0.00000	  -0.00000	  -0.04574
N         	  -8.98422	  -0.72890	   0.00000	   0.15245	   0.13721	   0.01525	   0.00000	   0.01525	  -0.06098	   0.00000	   0.00000	   0.00000	  -0.07623
N         	  -8.97987	   3.60359	   0.00000	  -0.00000	   0.07623	  -0.01525	   0.00000	  -0.01525	  -0.01525	   0.00000	   0.00000	   0.00000	  -0.04574
N         	  -6.42090	  -5.05875	   0.00000	   0.09147	   0.06098	   0.07623	  -0.00000	   0.07623	   0.04574	   0.00000	  -0.00000	   0.00000	  -0.10672
N         	  -6.43089	  -0.72775	   0.00000	   2.02761	   0.73177	   0.19819	  -0.00000	   0.19819	  -0.32015	  -0.00000	  -0.00000	  -0.00000	  -0.41162
N         	  -6.41932	   3.60723	   0.00000	  -0.00000	   0.09147	  -0.06098	  -0.00000	  -0.06098	   0.01525	   0.00000	  -0.00000	   0.00000	  -0.10672
N         	  -3.85690	  -5.05568	   0.00000	   2.11908	  -0.04574	   0.65554	   0.00000	   0.65554	   0.65554	   0.00000	   0.00000	   0.00000	  -0.60981
N         	  -3.88531	  -0.72560	   0.00000	  28.26458	   7.75980	   3.81130	   0.00000	   3.81130	  -3.26247	   0.00000	   0.00000	   0.00000	  -4.49733
N         	  -3.85624	   3.61525	   0.00000	   0.22868	   0.06098	  -0.25917	  -0.00000	  -0.25917	   0.33539	  -0.00000	  -0.00000	  -0.00000	  -0.39637
N         	  -1.28536	  -5.04857	   0.00000	   0.35064	  -0.07623	   0.16770	  -0.00000	   0.16770	   0.50309	   0.00000	  -0.00000	   0.00000	  -0.44211
N         	  -1.28713	   3.61796	   0.00000	  29.66713	  -3.61311	  -3.61311	   0.00000	  -3.61311	   8.29338	  -0.00000	   0.00000	  -0.00000	  -4.68027
N         	   1.28536	  -5.04857	   0.00000	   0.35064	  -0.07623	  -0.16770	   0.00000	  -0.16770	   0.50309	   0.00000	   0.00000	   0.00000	  -0.44211
N         	   1.28713	   3.61796	   0.00000	  29.66713	  -3.61311	   3.61311	  -0.00000	   3.61311	   8.29338	  -0.00000	  -0.00000	  -0.00000	  -4.68027
N         	   3.85690	  -5.05568	   0.00000	   2.11908	  -0.04574	  -0.65554	  -0.00000	  -0.65554	   0.65554	   0.00000	  -0.00000	   0.00000	  -0.60981
N         	   3.88531	  -0.72560	   0.00000	  28.26458	   7.75980	  -3.81130	   0.00000	  -3.81130	  -3.26247	  -0.00000	   0.00000	  -0.00000	  -4.49733
N         	   3.85624	   3.61525	   0.00000	   0.22868	   0.06098	   0.25917	   0.00000	   0.25917	   0.33539	  -0.00000	   0.00000	  -0.00000	  -0.39637
N         	   6.42090	  -5.05875	   0.00000	   0.09147	   0.06098	  -0.07623	  -0.00000	  -0.07623	   0.04574	  -0.00000	  -0.00000	  -0.00000	  -0.10672
N         	   6.43089	  -0.72775	   0.00000	   2.02761	   0.73177	  -0.19819	  -0.00000	  -0.19819	  -0.32015	   0.00000	  -0.00000	   0.00000	  -0.41162
N         	   6.41932	   3.60723	   0.00000	  -0.00000	   0.09147	   0.06098	   0.00000	   0.06098	   0.01525	   0.00000	   0.00000	   0.00000	  -0.10672
N         	   8.98098	  -5.06064	   0.00000	   0.01525	   0.06098	  -0.01525	   0.00000	  -0.01525	  -0.01525	  -0.00000	   0.00000	  -0.00000	  -0.04574
N         	   8.98422	  -0.72890	   0.00000	   0.15245	   0.13721	  -0.01525	   0.00000	  -0.01525	  -0.06098	   0.00000	   0.00000	   0.00000	  -0.07623
N         	   8.97987	   3.60359	   0.00000	  -0.00000	   0.07623	   0.01525	  -0.00000	   0.01525	  -0.01525	  -0.00000	  -0.00000	  -0.00000	  -0.04574
N         	   1.40407	  -0.76058	   0.00000	 286.88391	  80.35738	 -96.15139	   0.00000	 -96.15139	 -13.37003	   0.00000	   0.00000	   0.00000	 -66.98735
N         	  -1.40407	  -0.76058	   0.00000	 286.88391	  80.35738	  96.15139	   0.00000	  96.15139	 -13.37003	   0.00000	   0.00000	   0.00000	 -66.98735
N         	   0.00000	   1.52117	   0.00000	 291.50321	 -72.23169	  -0.00000	  -0.00000	  -0.00000	 138.86840	   0.00000	  -0.00000	   0.00000	 -66.63671
