--------------------------------------------------------------------------------------------------------------------------------------------------------------------------
  AtomName	    r_1i_X	    r_1i_Y	    r_1i_Z	  iso[MHz]	       Axx	       Axy	       Axz	       Ayx	       Ayy	       Ayz	       Azx	       Azy	       Azz
--------------------------------------------------------------------------------------------------------------------------------------------------------------------------
10B  g-factor___:   0.600215 [No-unit]
11B  g-factor___:   1.792433 [No-unit]
14N  g-factor___:   0.403761 [No-unit]
15N  g-factor___:  -0.566378 [No-unit]
10B  etc____:	---       	---       	---       	   0.00000
11B  etc____:	---       	---       	---       	   0.00000
14N  etc____:	---       	---       	---       	   0.00000
15N  etc____:	---       	---       	---       	   0.00000
MinDif[A]:	 -11.53961	  -6.49736	   0.00000
MaxDif[A]:	  10.26115	   6.48922	   0.00000
--------------------------------------------------------------------------------------------------------------------------------------------------------------------------
B         	 -10.25935	  -4.34619	   0.00000	   0.00000	   0.06098	   0.00000	   0.00000	   0.00000	  -0.01525	   0.00000	   0.00000	   0.00000	  -0.04574
B         	 -10.25973	  -0.01422	   0.00000	   0.01525	   0.09147	  -0.00000	   0.00000	  -0.00000	  -0.04574	   0.00000	   0.00000	   0.00000	  -0.04574
B         	 -10.25823	   4.31621	   0.00000	   0.00000	   0.06098	  -0.00000	  -0.00000	  -0.00000	  -0.01525	  -0.00000	  -0.00000	  -0.00000	  -0.04574
B         	  -7.69702	  -4.34443	   0.00000	  -0.01525	   0.07623	   0.03049	  -0.00000	   0.03049	  -0.00000	  -0.00000	  -0.00000	  -0.00000	  -0.07623
B         	  -7.70123	  -0.01304	   0.00000	   0.18294	   0.16770	  -0.03049	  -0.00000	  -0.03049	  -0.06098	  -0.00000	  -0.00000	  -0.00000	  -0.10672
B         	  -7.69443	   4.31799	   0.00000	   0.00000	   0.06098	  -0.03049	   0.00000	  -0.03049	  -0.00000	   0.00000	   0.00000	   0.00000	  -0.06098
B         	  -5.13416	  -4.34165	   0.00000	  -0.07623	   0.10672	   0.12196	   0.00000	   0.12196	   0.07623	  -0.00000	   0.00000	  -0.00000	  -0.18294
B         	  -5.14435	  -0.01008	   0.00000	   2.45447	   0.70128	  -0.45736	   0.00000	  -0.45736	  -0.12196	   0.00000	   0.00000	   0.00000	  -0.57932
B         	  -5.12971	   4.32178	   0.00000	  -0.03049	   0.07623	  -0.10672	  -0.00000	  -0.10672	   0.06098	  -0.00000	  -0.00000	  -0.00000	  -0.13721
B         	  -2.56857	  -4.33490	   0.00000	   3.01855	  -0.45736	   0.09147	  -0.00000	   0.09147	   1.14339	  -0.00000	  -0.00000	  -0.00000	  -0.68603
B         	  -2.58182	   0.00056	   0.00000	  -0.41162	   3.18624	  -3.82654	  -0.00000	  -3.82654	   1.28060	   0.00000	  -0.00000	   0.00000	  -4.46684
B         	  -2.56137	   4.32374	   0.00000	   2.45447	   0.44211	  -0.59456	  -0.00000	  -0.59456	   0.16770	  -0.00000	  -0.00000	  -0.00000	  -0.60981
B         	   0.00000	  -4.32146	   0.00000	  -0.82324	  -0.19819	   0.00000	   0.00000	   0.00000	   0.71652	   0.00000	   0.00000	   0.00000	  -0.51834
B         	   0.00000	   4.32205	   0.00000	  -0.79275	  -0.38113	   0.00000	  -0.00000	   0.00000	   1.26535	   0.00000	  -0.00000	   0.00000	  -0.88422
B         	   2.56857	  -4.33490	   0.00000	   3.01855	  -0.45736	  -0.09147	   0.00000	  -0.09147	   1.14339	  -0.00000	   0.00000	  -0.00000	  -0.68603
B         	   2.58182	   0.00056	   0.00000	  -0.41162	   3.18624	   3.82654	   0.00000	   3.82654	   1.28060	   0.00000	   0.00000	   0.00000	  -4.46684
B         	   2.56137	   4.32374	   0.00000	   2.45447	   0.44211	   0.59456	   0.00000	   0.59456	   0.16770	  -0.00000	   0.00000	  -0.00000	  -0.60981
B         	   5.13416	  -4.34165	   0.00000	  -0.07623	   0.10672	  -0.12196	  -0.00000	  -0.12196	   0.07623	  -0.00000	  -0.00000	  -0.00000	  -0.18294
B         	   5.14435	  -0.01008	   0.00000	   2.45447	   0.70128	   0.45736	  -0.00000	   0.45736	  -0.12196	  -0.00000	  -0.00000	  -0.00000	  -0.57932
B         	   5.12971	   4.32178	   0.00000	  -0.03049	   0.07623	   0.10672	  -0.00000	   0.10672	   0.06098	   0.00000	  -0.00000	   0.00000	  -0.13721
B         	   7.69702	  -4.34443	   0.00000	  -0.01525	   0.07623	  -0.03049	  -0.00000	  -0.03049	  -0.00000	   0.00000	  -0.00000	   0.00000	  -0.07623
B         	   7.70123	  -0.01304	   0.00000	   0.18294	   0.16770	   0.03049	  -0.00000	   0.03049	  -0.06098	   0.00000	  -0.00000	   0.00000	  -0.10672
B         	   7.69443	   4.31799	   0.00000	   0.00000	   0.06098	   0.03049	   0.00000	   0.03049	  -0.00000	   0.00000	   0.00000	   0.00000	  -0.06098
B         	  10.25935	  -4.34619	   0.00000	   0.00000	   0.06098	  -0.00000	  -0.00000	  -0.00000	  -0.01525	  -0.00000	  -0.00000	  -0.00000	  -0.04574
B         	  10.25973	  -0.01422	   0.00000	   0.01525	   0.09147	   0.00000	   0.00000	   0.00000	  -0.04574	  -0.00000	   0.00000	  -0.00000	  -0.04574
B         	  10.25823	   4.31621	   0.00000	   0.00000	   0.06098	   0.00000	   0.00000	   0.00000	  -0.01525	   0.00000	   0.00000	   0.00000	  -0.04574
B         	 -11.53961	  -2.18031	   0.00000	   0.00000	   0.06098	  -0.00000	   0.00000	  -0.00000	  -0.01525	   0.00000	   0.00000	   0.00000	  -0.04574
B         	 -11.53961	   2.15039	   0.00000	   0.00000	   0.07623	   0.00000	  -0.00000	   0.00000	  -0.03049	  -0.00000	  -0.00000	  -0.00000	  -0.04574
B         	 -11.53961	   6.48124	   0.00000	   0.00000	   0.07623	   0.00000	   0.00000	   0.00000	  -0.03049	  -0.00000	   0.00000	  -0.00000	  -0.04574
B         	  -8.97934	  -2.17952	   0.00000	   0.00000	   0.06098	   0.00000	  -0.00000	   0.00000	  -0.01525	  -0.00000	  -0.00000	  -0.00000	  -0.04574
B         	  -8.97712	   2.15237	   0.00000	   0.00000	   0.09147	   0.01525	   0.00000	   0.01525	  -0.03049	   0.00000	   0.00000	   0.00000	  -0.06098
B         	  -8.97687	   6.48232	   0.00000	   0.00000	   0.09147	  -0.01525	  -0.00000	  -0.01525	  -0.03049	   0.00000	  -0.00000	   0.00000	  -0.06098
B         	  -6.41816	  -2.17849	   0.00000	  -0.00000	   0.04574	   0.00000	   0.00000	   0.00000	   0.03049	   0.00000	   0.00000	   0.00000	  -0.07623
B         	  -6.41382	   2.15421	   0.00000	  -0.07623	   0.21343	   0.09147	  -0.00000	   0.09147	  -0.04574	  -0.00000	  -0.00000	  -0.00000	  -0.16770
B         	  -6.41330	   6.48504	   0.00000	   0.00000	   0.15245	  -0.07623	   0.00000	  -0.07623	  -0.03049	  -0.00000	   0.00000	  -0.00000	  -0.12196
B         	  -3.85562	  -2.17297	   0.00000	   0.12196	  -0.04574	  -0.06098	  -0.00000	  -0.06098	   0.24392	   0.00000	  -0.00000	   0.00000	  -0.19819
B         	  -3.84917	   2.15889	   0.00000	  -1.18912	   0.83849	   0.62505	   0.00000	   0.62505	   0.09147	   0.00000	   0.00000	   0.00000	  -0.91471
B         	  -3.84762	   6.48922	   0.00000	  -0.97569	   0.38113	  -0.32015	  -0.00000	  -0.32015	   0.09147	   0.00000	  -0.00000	   0.00000	  -0.47260
B         	  -1.27941	  -2.15186	   0.00000	  -0.07623	  -0.18294	  -0.01525	   0.00000	  -0.01525	   0.44211	  -0.00000	   0.00000	  -0.00000	  -0.24392
B         	  -1.27457	   2.13531	   0.00000	  -1.58550	  -1.55501	  -1.35682	  -0.00000	  -1.35682	   6.25053	  -0.00000	  -0.00000	  -0.00000	  -4.68027
B         	  -1.28072	  -6.49736	   0.00000	  -2.21055	   4.89370	  -2.65266	   0.00000	  -2.65266	  -0.44211	  -0.00000	   0.00000	  -0.00000	  -4.43635
B         	   1.27941	  -2.15186	   0.00000	  -0.07623	  -0.18294	   0.01525	  -0.00000	   0.01525	   0.44211	  -0.00000	  -0.00000	  -0.00000	  -0.24392
B         	   1.27457	   2.13531	   0.00000	  -1.58550	  -1.55501	   1.35682	   0.00000	   1.35682	   6.25053	  -0.00000	   0.00000	  -0.00000	  -4.68027
B         	   1.28072	  -6.49736	   0.00000	  -2.21055	   4.89370	   2.65266	  -0.00000	   2.65266	  -0.44211	  -0.00000	  -0.00000	  -0.00000	  -4.43635
B         	   3.85562	  -2.17297	   0.00000	   0.12196	  -0.04574	   0.06098	   0.00000	   0.06098	   0.24392	   0.00000	   0.00000	   0.00000	  -0.19819
B         	   3.84917	   2.15889	   0.00000	  -1.18912	   0.83849	  -0.62505	   0.00000	  -0.62505	   0.09147	   0.00000	   0.00000	   0.00000	  -0.91471
B         	   3.84762	   6.48922	   0.00000	  -0.97569	   0.38113	   0.32015	  -0.00000	   0.32015	   0.09147	  -0.00000	  -0.00000	  -0.00000	  -0.47260
B         	   6.41816	  -2.17849	   0.00000	  -0.00000	   0.04574	  -0.00000	  -0.00000	  -0.00000	   0.03049	  -0.00000	  -0.00000	  -0.00000	  -0.07623
B         	   6.41382	   2.15421	   0.00000	  -0.07623	   0.21343	  -0.09147	   0.00000	  -0.09147	  -0.04574	  -0.00000	   0.00000	  -0.00000	  -0.16770
B         	   6.41330	   6.48504	   0.00000	   0.00000	   0.15245	   0.07623	   0.00000	   0.07623	  -0.03049	   0.00000	   0.00000	   0.00000	  -0.12196
B         	   8.97934	  -2.17952	   0.00000	   0.00000	   0.06098	  -0.00000	  -0.00000	  -0.00000	  -0.01525	  -0.00000	  -0.00000	  -0.00000	  -0.04574
B         	   8.97712	   2.15237	   0.00000	   0.00000	   0.09147	  -0.01525	   0.00000	  -0.01525	  -0.03049	  -0.00000	   0.00000	  -0.00000	  -0.06098
B         	   8.97687	   6.48232	   0.00000	   0.00000	   0.09147	   0.01525	  -0.00000	   0.01525	  -0.03049	  -0.00000	  -0.00000	  -0.00000	  -0.06098
N         	 -10.26115	  -2.89535	   0.00000	   0.00000	   0.07623	   0.01525	  -0.00000	   0.01525	  -0.03049	  -0.00000	  -0.00000	  -0.00000	  -0.04574
N         	 -10.26030	   1.43699	   0.00000	   0.00000	   0.07623	  -0.00000	  -0.00000	  -0.00000	  -0.03049	   0.00000	  -0.00000	   0.00000	  -0.04574
N         	 -10.25968	   5.76752	   0.00000	   0.00000	   0.06098	  -0.00000	   0.00000	  -0.00000	  -0.01525	   0.00000	   0.00000	   0.00000	  -0.04574
N         	  -7.70391	  -2.89462	   0.00000	   0.04574	   0.12196	   0.04574	   0.00000	   0.04574	  -0.03049	   0.00000	   0.00000	   0.00000	  -0.07623
N         	  -7.70250	   1.43892	   0.00000	   0.00000	   0.13721	  -0.03049	   0.00000	  -0.03049	  -0.04574	  -0.00000	   0.00000	  -0.00000	  -0.09147
N         	  -7.69931	   5.76959	   0.00000	   0.00000	   0.06098	  -0.00000	   0.00000	  -0.00000	   0.00000	   0.00000	   0.00000	   0.00000	  -0.06098
N         	  -5.14564	  -2.89405	   0.00000	   0.65554	   0.32015	   0.33539	   0.00000	   0.33539	   0.00000	   0.00000	   0.00000	   0.00000	  -0.32015
N         	  -5.14495	   1.44378	   0.00000	  -0.06098	   0.36588	  -0.10672	  -0.00000	  -0.10672	  -0.04574	   0.00000	  -0.00000	   0.00000	  -0.32015
N         	  -5.13647	   5.77421	   0.00000	   0.03049	   0.01525	  -0.00000	  -0.00000	  -0.00000	   0.13721	  -0.00000	  -0.00000	  -0.00000	  -0.13721
N         	  -2.58422	  -2.89426	   0.00000	  29.13355	   1.75320	   6.90607	  -0.00000	   6.90607	   2.83560	   0.00000	  -0.00000	   0.00000	  -4.58880
N         	  -2.58841	   1.45452	   0.00000	   0.38113	   0.21343	   1.17388	   0.00000	   1.17388	   2.85085	   0.00000	   0.00000	   0.00000	  -3.06428
N         	  -2.56826	   5.77984	   0.00000	   1.70746	  -0.19819	  -0.27441	   0.00000	  -0.27441	   0.59456	  -0.00000	   0.00000	  -0.00000	  -0.39637
N         	   0.00000	  -2.88350	   0.00000	   2.94232	   3.11002	   0.00000	   0.00000	   0.00000	   0.04574	   0.00000	   0.00000	   0.00000	  -3.15575
N         	   0.00000	   5.78138	   0.00000	   0.38113	  -0.27441	   0.00000	  -0.00000	   0.00000	   0.65554	   0.00000	  -0.00000	   0.00000	  -0.38113
N         	   2.58422	  -2.89426	   0.00000	  29.13355	   1.75320	  -6.90607	   0.00000	  -6.90607	   2.83560	   0.00000	   0.00000	   0.00000	  -4.58880
N         	   2.58841	   1.45452	   0.00000	   0.38113	   0.21343	  -1.17388	   0.00000	  -1.17388	   2.85085	   0.00000	   0.00000	   0.00000	  -3.06428
N         	   2.56826	   5.77984	   0.00000	   1.70746	  -0.19819	   0.27441	   0.00000	   0.27441	   0.59456	  -0.00000	   0.00000	  -0.00000	  -0.39637
N         	   5.14564	  -2.89405	   0.00000	   0.65554	   0.32015	  -0.33539	   0.00000	  -0.33539	   0.00000	   0.00000	   0.00000	   0.00000	  -0.32015
N         	   5.14495	   1.44378	   0.00000	  -0.06098	   0.36588	   0.10672	  -0.00000	   0.10672	  -0.04574	  -0.00000	  -0.00000	  -0.00000	  -0.32015
N         	   5.13647	   5.77421	   0.00000	   0.03049	   0.01525	   0.00000	   0.00000	   0.00000	   0.13721	   0.00000	   0.00000	   0.00000	  -0.13721
N         	   7.70391	  -2.89462	   0.00000	   0.04574	   0.12196	  -0.04574	  -0.00000	  -0.04574	  -0.03049	  -0.00000	  -0.00000	  -0.00000	  -0.07623
N         	   7.70250	   1.43892	   0.00000	   0.00000	   0.13721	   0.03049	   0.00000	   0.03049	  -0.04574	   0.00000	   0.00000	   0.00000	  -0.09147
N         	   7.69931	   5.76959	   0.00000	   0.00000	   0.06098	   0.00000	  -0.00000	   0.00000	   0.00000	  -0.00000	  -0.00000	  -0.00000	  -0.06098
N         	  10.26115	  -2.89535	   0.00000	   0.00000	   0.07623	  -0.01525	  -0.00000	  -0.01525	  -0.03049	  -0.00000	  -0.00000	  -0.00000	  -0.04574
N         	  10.26030	   1.43699	   0.00000	   0.00000	   0.07623	   0.00000	  -0.00000	   0.00000	  -0.03049	  -0.00000	  -0.00000	  -0.00000	  -0.04574
N         	  10.25968	   5.76752	   0.00000	   0.00000	   0.06098	   0.00000	   0.00000	   0.00000	  -0.01525	   0.00000	   0.00000	   0.00000	  -0.04574
N         	 -11.53961	  -5.06146	   0.00000	   0.00000	   0.06098	  -0.00000	   0.00000	  -0.00000	  -0.01525	   0.00000	   0.00000	   0.00000	  -0.04574
N         	 -11.53961	  -0.72933	   0.00000	   0.00000	   0.09147	   0.00000	  -0.00000	   0.00000	  -0.04574	   0.00000	  -0.00000	   0.00000	  -0.04574
N         	 -11.53961	   3.60206	   0.00000	   0.00000	   0.06098	  -0.00000	  -0.00000	  -0.00000	  -0.03049	  -0.00000	  -0.00000	  -0.00000	  -0.04574
N         	  -8.98098	  -5.06064	   0.00000	   0.00000	   0.06098	   0.01525	  -0.00000	   0.01525	  -0.01525	  -0.00000	  -0.00000	  -0.00000	  -0.04574
N         	  -8.98422	  -0.72890	   0.00000	   0.07623	   0.12196	   0.01525	   0.00000	   0.01525	  -0.06098	  -0.00000	   0.00000	  -0.00000	  -0.07623
N         	  -8.97987	   3.60359	   0.00000	   0.00000	   0.07623	  -0.01525	   0.00000	  -0.01525	  -0.01525	   0.00000	   0.00000	   0.00000	  -0.04574
N         	  -6.42090	  -5.05875	   0.00000	   0.04574	   0.06098	   0.06098	   0.00000	   0.06098	   0.03049	  -0.00000	   0.00000	  -0.00000	  -0.09147
N         	  -6.43089	  -0.72775	   0.00000	   1.46354	   0.59456	   0.13721	  -0.00000	   0.13721	  -0.27441	  -0.00000	  -0.00000	  -0.00000	  -0.32015
N         	  -6.41932	   3.60723	   0.00000	  -0.01525	   0.09147	  -0.06098	  -0.00000	  -0.06098	   0.01525	  -0.00000	  -0.00000	  -0.00000	  -0.10672
N         	  -3.85690	  -5.05568	   0.00000	   1.41780	  -0.04574	   0.50309	   0.00000	   0.50309	   0.50309	   0.00000	   0.00000	   0.00000	  -0.45736
N         	  -3.88531	  -0.72560	   0.00000	  25.21554	   7.04328	   3.15575	   0.00000	   3.15575	  -3.09477	  -0.00000	   0.00000	  -0.00000	  -3.94850
N         	  -3.85624	   3.61525	   0.00000	   0.04574	   0.09147	  -0.25917	  -0.00000	  -0.25917	   0.25917	  -0.00000	  -0.00000	  -0.00000	  -0.36588
N         	  -1.28536	  -5.04857	   0.00000	   0.09147	  -0.12196	   0.13721	  -0.00000	   0.13721	   0.51834	  -0.00000	  -0.00000	  -0.00000	  -0.41162
N         	  -1.28713	   3.61796	   0.00000	  25.12407	  -2.98806	  -3.18624	   0.00000	  -3.18624	   6.89082	   0.00000	   0.00000	   0.00000	  -3.91801
N         	   1.28536	  -5.04857	   0.00000	   0.09147	  -0.12196	  -0.13721	   0.00000	  -0.13721	   0.51834	  -0.00000	   0.00000	  -0.00000	  -0.41162
N         	   1.28713	   3.61796	   0.00000	  25.12407	  -2.98806	   3.18624	  -0.00000	   3.18624	   6.89082	   0.00000	  -0.00000	   0.00000	  -3.91801
N         	   3.85690	  -5.05568	   0.00000	   1.41780	  -0.04574	  -0.50309	   0.00000	  -0.50309	   0.50309	   0.00000	   0.00000	   0.00000	  -0.45736
N         	   3.88531	  -0.72560	   0.00000	  25.21554	   7.04328	  -3.15575	   0.00000	  -3.15575	  -3.09477	  -0.00000	   0.00000	  -0.00000	  -3.94850
N         	   3.85624	   3.61525	   0.00000	   0.04574	   0.09147	   0.25917	   0.00000	   0.25917	   0.25917	  -0.00000	   0.00000	  -0.00000	  -0.36588
N         	   6.42090	  -5.05875	   0.00000	   0.04574	   0.06098	  -0.06098	  -0.00000	  -0.06098	   0.03049	   0.00000	  -0.00000	   0.00000	  -0.09147
N         	   6.43089	  -0.72775	   0.00000	   1.46354	   0.59456	  -0.13721	  -0.00000	  -0.13721	  -0.27441	   0.00000	  -0.00000	   0.00000	  -0.32015
N         	   6.41932	   3.60723	   0.00000	  -0.01525	   0.09147	   0.06098	  -0.00000	   0.06098	   0.01525	  -0.00000	  -0.00000	  -0.00000	  -0.10672
N         	   8.98098	  -5.06064	   0.00000	   0.00000	   0.06098	  -0.01525	  -0.00000	  -0.01525	  -0.01525	  -0.00000	  -0.00000	  -0.00000	  -0.04574
N         	   8.98422	  -0.72890	   0.00000	   0.07623	   0.12196	  -0.01525	   0.00000	  -0.01525	  -0.06098	  -0.00000	   0.00000	  -0.00000	  -0.07623
N         	   8.97987	   3.60359	   0.00000	   0.00000	   0.07623	   0.01525	   0.00000	   0.01525	  -0.01525	   0.00000	   0.00000	   0.00000	  -0.04574
N         	   1.40407	  -0.76058	   0.00000	 286.83818	  85.92187	-103.59104	   0.00000	-103.59104	 -15.39764	   0.00000	   0.00000	   0.00000	 -70.53948
N         	  -1.40407	  -0.76058	   0.00000	 286.83818	  85.92187	 103.59104	   0.00000	 103.59104	 -15.39764	   0.00000	   0.00000	   0.00000	 -70.53948
N         	   0.00000	   1.52117	   0.00000	 293.04297	 -74.91484	   0.00000	  -0.00000	   0.00000	 141.55155	  -0.00000	  -0.00000	  -0.00000	 -66.63671
