--------------------------------------------------------------------------------------------------------------------------------------------------------------------------
  AtomName	    r_1i_X	    r_1i_Y	    r_1i_Z	     EFGxx	     EFGxy	     EFGxz	     EFGyx	     EFGyy	     EFGyz	     EFGzx	     EFGzy	     EFGzz	[Hatree/Bohr_radius^2]
--------------------------------------------------------------------------------------------------------------------------------------------------------------------------
10B  eQ___:	  8.459000	[Q/milibarn]*(10^-1)
11B  eQ___:	  4.059000	[Q/milibarn]*(10^-1)
14N  eQ___:	  2.044000	[Q/milibarn]*(10^-1)
15N  eQ___:	  0.000000	[Q/milibarn]*(10^-1)
10B  etc____:	---       	---       	---       	  -0.18931	  -0.00000	  -0.00000	  -0.00000	  -0.19432	  -0.00000	  -0.00000	  -0.00000	   0.38364
11B  etc____:	---       	---       	---       	  -0.18931	  -0.00000	  -0.00000	  -0.00000	  -0.19432	  -0.00000	  -0.00000	  -0.00000	   0.38364
14N  etc____:	---       	---       	---       	   0.04680	   0.00000	  -0.00000	   0.00000	  -0.03813	   0.00000	  -0.00000	   0.00000	  -0.00868
15N  etc____:	---       	---       	---       	   0.04680	   0.00000	  -0.00000	   0.00000	  -0.03813	   0.00000	  -0.00000	   0.00000	  -0.00868
MinDif[A]:	 -11.53961	  -6.49736	   0.00000
MaxDif[A]:	  10.26115	   6.48922	   0.00000
--------------------------------------------------------------------------------------------------------------------------------------------------------------------------
B         	 -10.25935	  -4.34619	   0.00000	  -0.18810	   0.00295	   0.00000	   0.00295	  -0.19527	   0.00000	   0.00000	   0.00000	   0.38337
B         	 -10.25973	  -0.01422	   0.00000	  -0.18897	   0.00385	   0.00000	   0.00385	  -0.19481	   0.00000	   0.00000	   0.00000	   0.38378
B         	 -10.25823	   4.31621	   0.00000	  -0.18936	   0.00326	   0.00000	   0.00326	  -0.19410	  -0.00000	   0.00000	  -0.00000	   0.38346
B         	  -7.69702	  -4.34443	   0.00000	  -0.18663	   0.00913	   0.00000	   0.00913	  -0.19625	   0.00000	   0.00000	   0.00000	   0.38288
B         	  -7.70123	  -0.01304	   0.00000	  -0.18896	   0.01146	  -0.00000	   0.01146	  -0.19464	   0.00000	  -0.00000	   0.00000	   0.38359
B         	  -7.69443	   4.31799	   0.00000	  -0.18993	   0.01048	   0.00000	   0.01048	  -0.19324	  -0.00000	   0.00000	  -0.00000	   0.38318
B         	  -5.13416	  -4.34165	   0.00000	  -0.18254	   0.01224	  -0.00000	   0.01224	  -0.19920	  -0.00000	  -0.00000	  -0.00000	   0.38174
B         	  -5.14435	  -0.01008	   0.00000	  -0.19011	   0.02350	  -0.00000	   0.02350	  -0.19221	  -0.00000	  -0.00000	  -0.00000	   0.38233
B         	  -5.12971	   4.32178	   0.00000	  -0.19164	   0.01655	  -0.00000	   0.01655	  -0.19085	   0.00000	  -0.00000	   0.00000	   0.38249
B         	  -2.56857	  -4.33490	   0.00000	  -0.17219	   0.01129	   0.00000	   0.01129	  -0.20833	   0.00000	   0.00000	   0.00000	   0.38051
B         	  -2.58182	   0.00056	   0.00000	  -0.16754	   0.05443	   0.00000	   0.05443	  -0.19884	  -0.00000	   0.00000	  -0.00000	   0.36637
B         	  -2.56137	   4.32374	   0.00000	  -0.19646	   0.01867	   0.00000	   0.01867	  -0.18400	  -0.00000	   0.00000	  -0.00000	   0.38046
B         	   0.00000	  -4.32146	   0.00000	  -0.16439	  -0.00000	  -0.00000	  -0.00000	  -0.21430	   0.00000	  -0.00000	   0.00000	   0.37868
B         	   0.00000	   4.32205	   0.00000	  -0.19995	  -0.00000	   0.00000	  -0.00000	  -0.17791	  -0.00000	   0.00000	  -0.00000	   0.37786
B         	   2.56857	  -4.33490	   0.00000	  -0.17219	  -0.01129	  -0.00000	  -0.01129	  -0.20833	  -0.00000	  -0.00000	  -0.00000	   0.38051
B         	   2.58182	   0.00056	   0.00000	  -0.16754	  -0.05443	  -0.00000	  -0.05443	  -0.19884	  -0.00000	  -0.00000	  -0.00000	   0.36637
B         	   2.56137	   4.32374	   0.00000	  -0.19646	  -0.01867	  -0.00000	  -0.01867	  -0.18400	  -0.00000	  -0.00000	  -0.00000	   0.38046
B         	   5.13416	  -4.34165	   0.00000	  -0.18254	  -0.01224	   0.00000	  -0.01224	  -0.19920	   0.00000	   0.00000	   0.00000	   0.38174
B         	   5.14435	  -0.01008	   0.00000	  -0.19011	  -0.02350	  -0.00000	  -0.02350	  -0.19221	  -0.00000	  -0.00000	  -0.00000	   0.38233
B         	   5.12971	   4.32178	   0.00000	  -0.19164	  -0.01655	  -0.00000	  -0.01655	  -0.19085	  -0.00000	  -0.00000	  -0.00000	   0.38249
B         	   7.69702	  -4.34443	   0.00000	  -0.18663	  -0.00913	   0.00000	  -0.00913	  -0.19625	  -0.00000	   0.00000	  -0.00000	   0.38288
B         	   7.70123	  -0.01304	   0.00000	  -0.18896	  -0.01146	  -0.00000	  -0.01146	  -0.19464	  -0.00000	  -0.00000	  -0.00000	   0.38359
B         	   7.69443	   4.31799	   0.00000	  -0.18993	  -0.01048	   0.00000	  -0.01048	  -0.19324	  -0.00000	   0.00000	  -0.00000	   0.38318
B         	  10.25935	  -4.34619	   0.00000	  -0.18810	  -0.00295	   0.00000	  -0.00295	  -0.19527	   0.00000	   0.00000	   0.00000	   0.38337
B         	  10.25973	  -0.01422	   0.00000	  -0.18897	  -0.00385	   0.00000	  -0.00385	  -0.19481	   0.00000	   0.00000	   0.00000	   0.38378
B         	  10.25823	   4.31621	   0.00000	  -0.18936	  -0.00326	   0.00000	  -0.00326	  -0.19410	  -0.00000	   0.00000	  -0.00000	   0.38346
B         	 -11.53961	  -2.18031	   0.00000	  -0.18863	   0.00000	  -0.00000	   0.00000	  -0.19481	  -0.00000	  -0.00000	  -0.00000	   0.38344
B         	 -11.53961	   2.15039	   0.00000	  -0.18846	  -0.00000	   0.00000	  -0.00000	  -0.19506	   0.00000	   0.00000	   0.00000	   0.38351
B         	 -11.53961	   6.48124	   0.00000	  -0.18931	  -0.00000	  -0.00000	  -0.00000	  -0.19432	  -0.00000	  -0.00000	  -0.00000	   0.38364
B         	  -8.97934	  -2.17952	   0.00000	  -0.18803	   0.00590	   0.00000	   0.00590	  -0.19516	   0.00000	   0.00000	   0.00000	   0.38320
B         	  -8.97712	   2.15237	   0.00000	  -0.18807	   0.00693	   0.00000	   0.00693	  -0.19516	   0.00000	   0.00000	   0.00000	   0.38323
B         	  -8.97687	   6.48232	   0.00000	  -0.18944	   0.00790	  -0.00000	   0.00790	  -0.19406	  -0.00000	  -0.00000	  -0.00000	   0.38350
B         	  -6.41816	  -2.17849	   0.00000	  -0.18803	   0.01098	   0.00000	   0.01098	  -0.19490	   0.00000	   0.00000	   0.00000	   0.38293
B         	  -6.41382	   2.15421	   0.00000	  -0.18609	   0.01457	  -0.00000	   0.01457	  -0.19595	   0.00000	  -0.00000	   0.00000	   0.38204
B         	  -6.41330	   6.48504	   0.00000	  -0.19134	   0.01754	   0.00000	   0.01754	  -0.19139	  -0.00000	   0.00000	  -0.00000	   0.38274
B         	  -3.85562	  -2.17297	   0.00000	  -0.18625	   0.01277	   0.00000	   0.01277	  -0.19620	  -0.00000	   0.00000	  -0.00000	   0.38244
B         	  -3.84917	   2.15889	   0.00000	  -0.17688	   0.02193	   0.00000	   0.02193	  -0.20011	  -0.00000	   0.00000	  -0.00000	   0.37698
B         	  -3.84762	   6.48922	   0.00000	  -0.19671	   0.02935	  -0.00000	   0.02935	  -0.18335	  -0.00000	  -0.00000	  -0.00000	   0.38005
B         	  -1.27941	  -2.15186	   0.00000	  -0.18353	   0.00642	  -0.00000	   0.00642	  -0.19777	   0.00000	  -0.00000	   0.00000	   0.38130
B         	  -1.27457	   2.13531	   0.00000	  -0.13779	   0.04130	  -0.00000	   0.04130	  -0.22219	  -0.00000	  -0.00000	  -0.00000	   0.35999
B         	  -1.28072	  -6.49736	   0.00000	  -0.22663	   0.02863	  -0.00000	   0.02863	  -0.13426	   0.00000	  -0.00000	   0.00000	   0.36090
B         	   1.27941	  -2.15186	   0.00000	  -0.18353	  -0.00642	   0.00000	  -0.00642	  -0.19777	   0.00000	   0.00000	   0.00000	   0.38130
B         	   1.27457	   2.13531	   0.00000	  -0.13779	  -0.04130	   0.00000	  -0.04130	  -0.22219	   0.00000	   0.00000	   0.00000	   0.35999
B         	   1.28072	  -6.49736	   0.00000	  -0.22663	  -0.02863	   0.00000	  -0.02863	  -0.13426	   0.00000	   0.00000	   0.00000	   0.36090
B         	   3.85562	  -2.17297	   0.00000	  -0.18625	  -0.01277	  -0.00000	  -0.01277	  -0.19620	   0.00000	  -0.00000	   0.00000	   0.38244
B         	   3.84917	   2.15889	   0.00000	  -0.17688	  -0.02193	  -0.00000	  -0.02193	  -0.20011	  -0.00000	  -0.00000	  -0.00000	   0.37698
B         	   3.84762	   6.48922	   0.00000	  -0.19671	  -0.02935	  -0.00000	  -0.02935	  -0.18335	   0.00000	  -0.00000	   0.00000	   0.38005
B         	   6.41816	  -2.17849	   0.00000	  -0.18803	  -0.01098	   0.00000	  -0.01098	  -0.19490	  -0.00000	   0.00000	  -0.00000	   0.38293
B         	   6.41382	   2.15421	   0.00000	  -0.18609	  -0.01457	   0.00000	  -0.01457	  -0.19595	   0.00000	   0.00000	   0.00000	   0.38204
B         	   6.41330	   6.48504	   0.00000	  -0.19134	  -0.01754	   0.00000	  -0.01754	  -0.19139	   0.00000	   0.00000	   0.00000	   0.38274
B         	   8.97934	  -2.17952	   0.00000	  -0.18803	  -0.00590	   0.00000	  -0.00590	  -0.19516	  -0.00000	   0.00000	  -0.00000	   0.38320
B         	   8.97712	   2.15237	   0.00000	  -0.18807	  -0.00693	   0.00000	  -0.00693	  -0.19516	   0.00000	   0.00000	   0.00000	   0.38323
B         	   8.97687	   6.48232	   0.00000	  -0.18944	  -0.00790	  -0.00000	  -0.00790	  -0.19406	  -0.00000	  -0.00000	  -0.00000	   0.38350
N         	 -10.26115	  -2.89535	   0.00000	   0.04508	  -0.00190	   0.00000	  -0.00190	  -0.03725	   0.00000	   0.00000	   0.00000	  -0.00783
N         	 -10.26030	   1.43699	   0.00000	   0.04683	  -0.00049	  -0.00000	  -0.00049	  -0.03652	   0.00000	  -0.00000	   0.00000	  -0.01032
N         	 -10.25968	   5.76752	   0.00000	   0.04838	  -0.00077	  -0.00000	  -0.00077	  -0.03840	  -0.00000	  -0.00000	  -0.00000	  -0.00998
N         	  -7.70391	  -2.89462	   0.00000	   0.04373	  -0.00757	  -0.00000	  -0.00757	  -0.03790	  -0.00000	  -0.00000	  -0.00000	  -0.00581
N         	  -7.70250	   1.43892	   0.00000	   0.04609	  -0.00114	   0.00000	  -0.00114	  -0.03549	  -0.00000	   0.00000	  -0.00000	  -0.01060
N         	  -7.69931	   5.76959	   0.00000	   0.05071	  -0.00376	   0.00000	  -0.00376	  -0.04074	   0.00000	   0.00000	   0.00000	  -0.00997
N         	  -5.14564	  -2.89405	   0.00000	   0.04182	  -0.01369	  -0.00000	  -0.01369	  -0.03882	  -0.00000	  -0.00000	  -0.00000	  -0.00300
N         	  -5.14495	   1.44378	   0.00000	   0.04674	   0.00096	  -0.00000	   0.00096	  -0.03297	  -0.00000	  -0.00000	  -0.00000	  -0.01377
N         	  -5.13647	   5.77421	   0.00000	   0.05479	  -0.00328	  -0.00000	  -0.00328	  -0.04522	   0.00000	  -0.00000	   0.00000	  -0.00958
N         	  -2.58422	  -2.89426	   0.00000	   0.05932	   0.00583	   0.00000	   0.00583	  -0.03396	  -0.00000	   0.00000	  -0.00000	  -0.02536
N         	  -2.58841	   1.45452	   0.00000	   0.05696	   0.01315	   0.00000	   0.01315	  -0.02963	   0.00000	   0.00000	   0.00000	  -0.02733
N         	  -2.56826	   5.77984	   0.00000	   0.05645	  -0.00419	   0.00000	  -0.00419	  -0.04401	  -0.00000	   0.00000	  -0.00000	  -0.01244
N         	   0.00000	  -2.88350	   0.00000	   0.07661	   0.00000	   0.00000	   0.00000	  -0.03615	  -0.00000	   0.00000	  -0.00000	  -0.04045
N         	   0.00000	   5.78138	   0.00000	   0.05602	   0.00000	  -0.00000	   0.00000	  -0.04317	   0.00000	  -0.00000	   0.00000	  -0.01284
N         	   2.58422	  -2.89426	   0.00000	   0.05932	  -0.00583	  -0.00000	  -0.00583	  -0.03396	  -0.00000	  -0.00000	  -0.00000	  -0.02536
N         	   2.58841	   1.45452	   0.00000	   0.05696	  -0.01315	  -0.00000	  -0.01315	  -0.02963	   0.00000	  -0.00000	   0.00000	  -0.02733
N         	   2.56826	   5.77984	   0.00000	   0.05645	   0.00419	  -0.00000	   0.00419	  -0.04401	   0.00000	  -0.00000	   0.00000	  -0.01244
N         	   5.14564	  -2.89405	   0.00000	   0.04182	   0.01369	   0.00000	   0.01369	  -0.03882	   0.00000	   0.00000	   0.00000	  -0.00300
N         	   5.14495	   1.44378	   0.00000	   0.04674	  -0.00096	   0.00000	  -0.00096	  -0.03297	  -0.00000	   0.00000	  -0.00000	  -0.01377
N         	   5.13647	   5.77421	   0.00000	   0.05479	   0.00328	   0.00000	   0.00328	  -0.04522	   0.00000	   0.00000	   0.00000	  -0.00958
N         	   7.70391	  -2.89462	   0.00000	   0.04373	   0.00757	   0.00000	   0.00757	  -0.03790	   0.00000	   0.00000	   0.00000	  -0.00581
N         	   7.70250	   1.43892	   0.00000	   0.04609	   0.00114	  -0.00000	   0.00114	  -0.03549	  -0.00000	  -0.00000	  -0.00000	  -0.01060
N         	   7.69931	   5.76959	   0.00000	   0.05071	   0.00376	   0.00000	   0.00376	  -0.04074	  -0.00000	   0.00000	  -0.00000	  -0.00997
N         	  10.26115	  -2.89535	   0.00000	   0.04508	   0.00190	  -0.00000	   0.00190	  -0.03725	   0.00000	  -0.00000	   0.00000	  -0.00783
N         	  10.26030	   1.43699	   0.00000	   0.04683	   0.00049	  -0.00000	   0.00049	  -0.03652	   0.00000	  -0.00000	   0.00000	  -0.01032
N         	  10.25968	   5.76752	   0.00000	   0.04838	   0.00077	  -0.00000	   0.00077	  -0.03840	   0.00000	  -0.00000	   0.00000	  -0.00998
N         	 -11.53961	  -5.06146	   0.00000	   0.04680	   0.00000	  -0.00000	   0.00000	  -0.03813	   0.00000	  -0.00000	   0.00000	  -0.00868
N         	 -11.53961	  -0.72933	   0.00000	   0.04336	  -0.00000	   0.00000	  -0.00000	  -0.03523	  -0.00000	   0.00000	  -0.00000	  -0.00813
N         	 -11.53961	   3.60206	   0.00000	   0.04840	  -0.00000	   0.00000	  -0.00000	  -0.03807	  -0.00000	   0.00000	  -0.00000	  -0.01034
N         	  -8.98098	  -5.06064	   0.00000	   0.04747	  -0.00350	   0.00000	  -0.00350	  -0.03911	   0.00000	   0.00000	   0.00000	  -0.00838
N         	  -8.98422	  -0.72890	   0.00000	   0.04096	  -0.00341	   0.00000	  -0.00341	  -0.03420	   0.00000	   0.00000	   0.00000	  -0.00676
N         	  -8.97987	   3.60359	   0.00000	   0.04975	  -0.00144	   0.00000	  -0.00144	  -0.03903	  -0.00000	   0.00000	  -0.00000	  -0.01071
N         	  -6.42090	  -5.05875	   0.00000	   0.04753	  -0.00744	  -0.00000	  -0.00744	  -0.04094	  -0.00000	  -0.00000	  -0.00000	  -0.00661
N         	  -6.43089	  -0.72775	   0.00000	   0.03489	  -0.00940	  -0.00000	  -0.00940	  -0.03180	  -0.00000	  -0.00000	  -0.00000	  -0.00309
N         	  -6.41932	   3.60723	   0.00000	   0.05208	  -0.00115	  -0.00000	  -0.00115	  -0.03974	  -0.00000	  -0.00000	  -0.00000	  -0.01234
N         	  -3.85690	  -5.05568	   0.00000	   0.05037	  -0.00849	   0.00000	  -0.00849	  -0.04123	  -0.00000	   0.00000	  -0.00000	  -0.00915
N         	  -3.88531	  -0.72560	   0.00000	   0.04034	  -0.00279	  -0.00000	  -0.00279	  -0.03113	   0.00000	  -0.00000	   0.00000	  -0.00921
N         	  -3.85624	   3.61525	   0.00000	   0.05948	   0.00085	   0.00000	   0.00085	  -0.04590	   0.00000	   0.00000	   0.00000	  -0.01359
N         	  -1.28536	  -5.04857	   0.00000	   0.05686	  -0.00160	   0.00000	  -0.00160	  -0.03921	   0.00000	   0.00000	   0.00000	  -0.01765
N         	  -1.28713	   3.61796	   0.00000	   0.05206	  -0.00982	   0.00000	  -0.00982	  -0.02684	  -0.00000	   0.00000	  -0.00000	  -0.02522
N         	   1.28536	  -5.04857	   0.00000	   0.05686	   0.00160	  -0.00000	   0.00160	  -0.03921	   0.00000	  -0.00000	   0.00000	  -0.01765
N         	   1.28713	   3.61796	   0.00000	   0.05206	   0.00982	  -0.00000	   0.00982	  -0.02684	  -0.00000	  -0.00000	  -0.00000	  -0.02522
N         	   3.85690	  -5.05568	   0.00000	   0.05037	   0.00849	  -0.00000	   0.00849	  -0.04123	  -0.00000	  -0.00000	  -0.00000	  -0.00915
N         	   3.88531	  -0.72560	   0.00000	   0.04034	   0.00279	  -0.00000	   0.00279	  -0.03113	  -0.00000	  -0.00000	  -0.00000	  -0.00921
N         	   3.85624	   3.61525	   0.00000	   0.05948	  -0.00085	  -0.00000	  -0.00085	  -0.04590	   0.00000	  -0.00000	   0.00000	  -0.01359
N         	   6.42090	  -5.05875	   0.00000	   0.04753	   0.00744	   0.00000	   0.00744	  -0.04094	  -0.00000	   0.00000	  -0.00000	  -0.00661
N         	   6.43089	  -0.72775	   0.00000	   0.03489	   0.00940	   0.00000	   0.00940	  -0.03180	  -0.00000	   0.00000	  -0.00000	  -0.00309
N         	   6.41932	   3.60723	   0.00000	   0.05208	   0.00115	   0.00000	   0.00115	  -0.03974	   0.00000	   0.00000	   0.00000	  -0.01234
N         	   8.98098	  -5.06064	   0.00000	   0.04747	   0.00350	   0.00000	   0.00350	  -0.03911	  -0.00000	   0.00000	  -0.00000	  -0.00838
N         	   8.98422	  -0.72890	   0.00000	   0.04096	   0.00341	  -0.00000	   0.00341	  -0.03420	   0.00000	  -0.00000	   0.00000	  -0.00676
N         	   8.97987	   3.60359	   0.00000	   0.04975	   0.00144	   0.00000	   0.00144	  -0.03903	  -0.00000	   0.00000	  -0.00000	  -0.01071
N         	   1.40407	  -0.76058	   0.00000	   0.28696	  -0.32295	   0.00000	  -0.32295	  -0.06684	  -0.00000	   0.00000	  -0.00000	  -0.22012
N         	  -1.40407	  -0.76058	   0.00000	   0.28696	   0.32295	   0.00000	   0.32295	  -0.06684	  -0.00000	   0.00000	  -0.00000	  -0.22012
N         	   0.00000	   1.52117	   0.00000	  -0.16440	  -0.00000	  -0.00000	  -0.00000	   0.35814	   0.00000	  -0.00000	   0.00000	  -0.19375
