--------------------------------------------------------------------------------------------------------------------------------------------------------------------------
  AtomName	    r_1i_X	    r_1i_Y	    r_1i_Z	     EFGxx	     EFGxy	     EFGxz	     EFGyx	     EFGyy	     EFGyz	     EFGzx	     EFGzy	     EFGzz	[Hatree/Bohr_radius^2]
--------------------------------------------------------------------------------------------------------------------------------------------------------------------------
10B  eQ___:	  8.459000	[Q/milibarn]*(10^-1)
11B  eQ___:	  4.059000	[Q/milibarn]*(10^-1)
14N  eQ___:	  2.044000	[Q/milibarn]*(10^-1)
15N  eQ___:	  0.000000	[Q/milibarn]*(10^-1)
10B  etc____:	---       	---       	---       	  -0.19508	  -0.00000	   0.00000	  -0.00000	  -0.19335	  -0.00000	   0.00000	  -0.00000	   0.38844
11B  etc____:	---       	---       	---       	  -0.19508	  -0.00000	   0.00000	  -0.00000	  -0.19335	  -0.00000	   0.00000	  -0.00000	   0.38844
14N  etc____:	---       	---       	---       	  -0.00846	   0.00000	   0.00000	   0.00000	  -0.00785	   0.00000	   0.00000	   0.00000	   0.01631
15N  etc____:	---       	---       	---       	  -0.00846	   0.00000	   0.00000	   0.00000	  -0.00785	   0.00000	   0.00000	   0.00000	   0.01631
MinDif[A]:	 -11.31334	  -6.53303	   0.00000
MaxDif[A]:	  10.05795	   6.52563	   0.00000
--------------------------------------------------------------------------------------------------------------------------------------------------------------------------
B         	 -10.05626	  -4.36351	   0.00000	  -0.19462	   0.00276	  -0.00000	   0.00276	  -0.19373	   0.00000	  -0.00000	   0.00000	   0.38836
B         	 -10.05546	  -0.00986	   0.00000	  -0.19576	   0.00411	   0.00000	   0.00411	  -0.19264	  -0.00000	   0.00000	  -0.00000	   0.38841
B         	 -10.05598	   4.34402	   0.00000	  -0.19573	   0.00267	  -0.00000	   0.00267	  -0.19271	  -0.00000	  -0.00000	  -0.00000	   0.38844
B         	  -7.54130	  -4.36152	   0.00000	  -0.19335	   0.00898	  -0.00000	   0.00898	  -0.19456	   0.00000	  -0.00000	   0.00000	   0.38791
B         	  -7.54156	  -0.00824	   0.00000	  -0.19568	   0.01159	   0.00000	   0.01159	  -0.19231	   0.00000	   0.00000	   0.00000	   0.38799
B         	  -7.54024	   4.34620	   0.00000	  -0.19677	   0.00990	   0.00000	   0.00990	  -0.19132	   0.00000	   0.00000	   0.00000	   0.38808
B         	  -5.02822	  -4.35811	   0.00000	  -0.18843	   0.01240	   0.00000	   0.01240	  -0.19856	   0.00000	   0.00000	   0.00000	   0.38699
B         	  -5.02603	  -0.00591	   0.00000	  -0.19613	   0.02413	  -0.00000	   0.02413	  -0.18961	   0.00000	  -0.00000	   0.00000	   0.38574
B         	  -5.02509	   4.35043	   0.00000	  -0.19845	   0.01540	  -0.00000	   0.01540	  -0.18904	   0.00000	  -0.00000	   0.00000	   0.38748
B         	  -2.51367	  -4.35273	   0.00000	  -0.17838	   0.01143	  -0.00000	   0.01143	  -0.20802	  -0.00000	  -0.00000	  -0.00000	   0.38640
B         	  -2.49741	   0.00407	   0.00000	  -0.17440	   0.05806	   0.00000	   0.05806	  -0.19236	  -0.00000	   0.00000	  -0.00000	   0.36676
B         	  -2.51084	   4.35235	   0.00000	  -0.20337	   0.01612	   0.00000	   0.01612	  -0.18281	  -0.00000	   0.00000	  -0.00000	   0.38617
B         	   0.00000	  -4.34780	   0.00000	  -0.17019	  -0.00000	  -0.00000	  -0.00000	  -0.21558	  -0.00000	  -0.00000	  -0.00000	   0.38577
B         	   0.00000	   4.35224	   0.00000	  -0.20488	   0.00000	   0.00000	   0.00000	  -0.17855	   0.00000	   0.00000	   0.00000	   0.38342
B         	   2.51367	  -4.35273	   0.00000	  -0.17838	  -0.01143	  -0.00000	  -0.01143	  -0.20802	  -0.00000	  -0.00000	  -0.00000	   0.38640
B         	   2.49741	   0.00407	   0.00000	  -0.17440	  -0.05806	  -0.00000	  -0.05806	  -0.19236	  -0.00000	  -0.00000	  -0.00000	   0.36676
B         	   2.51084	   4.35235	   0.00000	  -0.20337	  -0.01612	   0.00000	  -0.01612	  -0.18281	  -0.00000	   0.00000	  -0.00000	   0.38617
B         	   5.02822	  -4.35811	   0.00000	  -0.18843	  -0.01240	   0.00000	  -0.01240	  -0.19856	   0.00000	   0.00000	   0.00000	   0.38699
B         	   5.02603	  -0.00591	   0.00000	  -0.19613	  -0.02413	   0.00000	  -0.02413	  -0.18961	   0.00000	   0.00000	   0.00000	   0.38574
B         	   5.02509	   4.35043	   0.00000	  -0.19845	  -0.01540	  -0.00000	  -0.01540	  -0.18904	  -0.00000	  -0.00000	  -0.00000	   0.38748
B         	   7.54130	  -4.36152	   0.00000	  -0.19335	  -0.00898	  -0.00000	  -0.00898	  -0.19456	  -0.00000	  -0.00000	  -0.00000	   0.38791
B         	   7.54156	  -0.00824	   0.00000	  -0.19568	  -0.01159	   0.00000	  -0.01159	  -0.19231	   0.00000	   0.00000	   0.00000	   0.38799
B         	   7.54024	   4.34620	   0.00000	  -0.19677	  -0.00990	  -0.00000	  -0.00990	  -0.19132	   0.00000	  -0.00000	   0.00000	   0.38808
B         	  10.05626	  -4.36351	   0.00000	  -0.19462	  -0.00276	  -0.00000	  -0.00276	  -0.19373	   0.00000	  -0.00000	   0.00000	   0.38836
B         	  10.05546	  -0.00986	   0.00000	  -0.19576	  -0.00411	   0.00000	  -0.00411	  -0.19264	   0.00000	   0.00000	   0.00000	   0.38841
B         	  10.05598	   4.34402	   0.00000	  -0.19573	  -0.00267	  -0.00000	  -0.00267	  -0.19271	  -0.00000	  -0.00000	  -0.00000	   0.38844
B         	 -11.31334	   6.52170	   0.00000	  -0.19508	  -0.00000	   0.00000	  -0.00000	  -0.19335	  -0.00000	   0.00000	  -0.00000	   0.38844
B         	 -11.31334	  -2.18557	   0.00000	  -0.19462	  -0.00000	   0.00000	  -0.00000	  -0.19383	  -0.00000	   0.00000	  -0.00000	   0.38844
B         	 -11.31334	   2.16635	   0.00000	  -0.19639	   0.00000	   0.00000	   0.00000	  -0.19209	  -0.00000	   0.00000	  -0.00000	   0.38849
B         	  -8.79888	   6.52304	   0.00000	  -0.19520	   0.00604	   0.00000	   0.00604	  -0.19298	  -0.00000	   0.00000	  -0.00000	   0.38818
B         	  -8.79880	  -2.18617	   0.00000	  -0.19517	   0.00676	  -0.00000	   0.00676	  -0.19305	   0.00000	  -0.00000	   0.00000	   0.38821
B         	  -8.79849	   2.16823	   0.00000	  -0.19591	   0.00703	   0.00000	   0.00703	  -0.19244	  -0.00000	   0.00000	  -0.00000	   0.38835
B         	  -6.28438	   6.52563	   0.00000	  -0.19431	   0.01050	  -0.00000	   0.01050	  -0.19367	  -0.00000	  -0.00000	  -0.00000	   0.38799
B         	  -6.28391	  -2.18354	   0.00000	  -0.19222	   0.01415	   0.00000	   0.01415	  -0.19481	  -0.00000	   0.00000	  -0.00000	   0.38703
B         	  -6.28230	   2.17017	   0.00000	  -0.19848	   0.01597	  -0.00000	   0.01597	  -0.18907	  -0.00000	  -0.00000	  -0.00000	   0.38755
B         	  -3.77004	  -6.53303	   0.00000	  -0.19253	   0.01177	   0.00000	   0.01177	  -0.19524	   0.00000	   0.00000	   0.00000	   0.38776
B         	  -3.76856	  -2.17847	   0.00000	  -0.18220	   0.02194	  -0.00000	   0.02194	  -0.20029	   0.00000	  -0.00000	   0.00000	   0.38248
B         	  -3.76771	   2.17362	   0.00000	  -0.20427	   0.02704	  -0.00000	   0.02704	  -0.18086	   0.00000	  -0.00000	   0.00000	   0.38514
B         	  -1.25602	  -6.52973	   0.00000	  -0.18981	   0.00550	   0.00000	   0.00550	  -0.19747	   0.00000	   0.00000	   0.00000	   0.38729
B         	  -1.24476	  -2.16211	   0.00000	  -0.14209	   0.03653	   0.00000	   0.03653	  -0.22604	   0.00000	   0.00000	   0.00000	   0.36812
B         	  -1.25050	   2.15773	   0.00000	  -0.23219	   0.02208	  -0.00000	   0.02208	  -0.13533	  -0.00000	  -0.00000	  -0.00000	   0.36753
B         	   1.25602	  -6.52973	   0.00000	  -0.18981	  -0.00550	  -0.00000	  -0.00550	  -0.19747	   0.00000	  -0.00000	   0.00000	   0.38729
B         	   1.24476	  -2.16211	   0.00000	  -0.14209	  -0.03653	   0.00000	  -0.03653	  -0.22604	   0.00000	   0.00000	   0.00000	   0.36812
B         	   1.25050	   2.15773	   0.00000	  -0.23219	  -0.02208	  -0.00000	  -0.02208	  -0.13533	  -0.00000	  -0.00000	  -0.00000	   0.36753
B         	   3.77004	  -6.53303	   0.00000	  -0.19253	  -0.01177	  -0.00000	  -0.01177	  -0.19524	   0.00000	  -0.00000	   0.00000	   0.38776
B         	   3.76856	  -2.17847	   0.00000	  -0.18220	  -0.02194	  -0.00000	  -0.02194	  -0.20029	  -0.00000	  -0.00000	  -0.00000	   0.38248
B         	   3.76771	   2.17362	   0.00000	  -0.20427	  -0.02704	   0.00000	  -0.02704	  -0.18086	   0.00000	   0.00000	   0.00000	   0.38514
B         	   6.28438	   6.52563	   0.00000	  -0.19431	  -0.01050	  -0.00000	  -0.01050	  -0.19367	  -0.00000	  -0.00000	  -0.00000	   0.38799
B         	   6.28391	  -2.18354	   0.00000	  -0.19222	  -0.01415	  -0.00000	  -0.01415	  -0.19481	   0.00000	  -0.00000	   0.00000	   0.38703
B         	   6.28230	   2.17017	   0.00000	  -0.19848	  -0.01597	  -0.00000	  -0.01597	  -0.18907	  -0.00000	  -0.00000	  -0.00000	   0.38755
B         	   8.79888	   6.52304	   0.00000	  -0.19520	  -0.00604	  -0.00000	  -0.00604	  -0.19298	  -0.00000	  -0.00000	  -0.00000	   0.38818
B         	   8.79880	  -2.18617	   0.00000	  -0.19517	  -0.00676	  -0.00000	  -0.00676	  -0.19305	   0.00000	  -0.00000	   0.00000	   0.38821
B         	   8.79849	   2.16823	   0.00000	  -0.19591	  -0.00703	   0.00000	  -0.00703	  -0.19244	  -0.00000	   0.00000	  -0.00000	   0.38835
N         	 -10.05795	  -2.91149	   0.00000	  -0.00829	  -0.00155	   0.00000	  -0.00155	  -0.00794	   0.00000	   0.00000	   0.00000	   0.01624
N         	 -10.05742	   1.44236	   0.00000	  -0.00839	  -0.00120	  -0.00000	  -0.00120	  -0.00713	   0.00000	  -0.00000	   0.00000	   0.01552
N         	 -10.05746	   5.79678	   0.00000	  -0.00710	  -0.00058	   0.00000	  -0.00058	  -0.00800	   0.00000	   0.00000	   0.00000	   0.01510
N         	  -7.54639	  -2.91066	   0.00000	  -0.00921	  -0.00375	  -0.00000	  -0.00375	  -0.00852	   0.00000	  -0.00000	   0.00000	   0.01773
N         	  -7.54619	   1.44465	   0.00000	  -0.00822	  -0.00365	   0.00000	  -0.00365	  -0.00710	   0.00000	   0.00000	   0.00000	   0.01532
N         	  -7.54535	   5.79909	   0.00000	  -0.00659	  -0.00200	  -0.00000	  -0.00200	  -0.00866	  -0.00000	  -0.00000	  -0.00000	   0.01524
N         	  -5.03552	  -2.90931	   0.00000	  -0.01136	  -0.00742	   0.00000	  -0.00742	  -0.00868	   0.00000	   0.00000	   0.00000	   0.02004
N         	  -5.03579	   1.44869	   0.00000	  -0.00755	  -0.00520	   0.00000	  -0.00520	  -0.00671	   0.00000	   0.00000	   0.00000	   0.01426
N         	  -5.03231	   5.80370	   0.00000	  -0.00496	  -0.00225	  -0.00000	  -0.00225	  -0.01139	  -0.00000	  -0.00000	  -0.00000	   0.01635
N         	  -2.52329	  -2.91080	   0.00000	  -0.00294	   0.00864	  -0.00000	   0.00864	  -0.00161	   0.00000	  -0.00000	   0.00000	   0.00455
N         	  -2.52869	   1.45856	   0.00000	  -0.00033	   0.00326	  -0.00000	   0.00326	  -0.00128	   0.00000	  -0.00000	   0.00000	   0.00161
N         	  -2.51738	   5.80804	   0.00000	  -0.00218	  -0.00424	   0.00000	  -0.00424	  -0.01469	   0.00000	   0.00000	   0.00000	   0.01686
N         	   0.00000	  -2.91414	   0.00000	   0.00730	   0.00000	   0.00000	   0.00000	  -0.00932	   0.00000	   0.00000	   0.00000	   0.00203
N         	   0.00000	   5.80958	   0.00000	   0.00146	   0.00000	   0.00000	   0.00000	  -0.01796	   0.00000	   0.00000	   0.00000	   0.01651
N         	   2.52329	  -2.91080	   0.00000	  -0.00294	  -0.00864	   0.00000	  -0.00864	  -0.00161	  -0.00000	   0.00000	  -0.00000	   0.00455
N         	   2.52869	   1.45856	   0.00000	  -0.00033	  -0.00326	  -0.00000	  -0.00326	  -0.00128	   0.00000	  -0.00000	   0.00000	   0.00161
N         	   2.51738	   5.80804	   0.00000	  -0.00218	   0.00424	  -0.00000	   0.00424	  -0.01469	   0.00000	  -0.00000	   0.00000	   0.01686
N         	   5.03552	  -2.90931	   0.00000	  -0.01136	   0.00742	  -0.00000	   0.00742	  -0.00868	   0.00000	  -0.00000	   0.00000	   0.02004
N         	   5.03579	   1.44869	   0.00000	  -0.00755	   0.00520	   0.00000	   0.00520	  -0.00671	  -0.00000	   0.00000	  -0.00000	   0.01426
N         	   5.03231	   5.80370	   0.00000	  -0.00496	   0.00225	  -0.00000	   0.00225	  -0.01139	  -0.00000	  -0.00000	  -0.00000	   0.01635
N         	   7.54639	  -2.91066	   0.00000	  -0.00921	   0.00375	  -0.00000	   0.00375	  -0.00852	   0.00000	  -0.00000	   0.00000	   0.01773
N         	   7.54619	   1.44465	   0.00000	  -0.00822	   0.00365	  -0.00000	   0.00365	  -0.00710	  -0.00000	  -0.00000	  -0.00000	   0.01532
N         	   7.54535	   5.79909	   0.00000	  -0.00659	   0.00200	  -0.00000	   0.00200	  -0.00866	   0.00000	  -0.00000	   0.00000	   0.01524
N         	  10.05795	  -2.91149	   0.00000	  -0.00829	   0.00155	   0.00000	   0.00155	  -0.00794	  -0.00000	   0.00000	  -0.00000	   0.01624
N         	  10.05742	   1.44236	   0.00000	  -0.00839	   0.00120	   0.00000	   0.00120	  -0.00713	  -0.00000	   0.00000	  -0.00000	   0.01552
N         	  10.05746	   5.79678	   0.00000	  -0.00710	   0.00058	   0.00000	   0.00058	  -0.00800	   0.00000	   0.00000	   0.00000	   0.01510
N         	 -11.31334	  -5.08948	   0.00000	  -0.00846	   0.00000	   0.00000	   0.00000	  -0.00785	   0.00000	   0.00000	   0.00000	   0.01631
N         	 -11.31334	  -0.73415	   0.00000	  -0.00742	  -0.00000	  -0.00000	  -0.00000	  -0.00822	  -0.00000	  -0.00000	  -0.00000	   0.01564
N         	 -11.31334	   3.61900	   0.00000	  -0.00842	   0.00000	  -0.00000	   0.00000	  -0.00657	  -0.00000	  -0.00000	  -0.00000	   0.01499
N         	  -8.80165	  -5.08836	   0.00000	  -0.00745	  -0.00226	  -0.00000	  -0.00226	  -0.00792	  -0.00000	  -0.00000	  -0.00000	   0.01537
N         	  -8.80219	  -0.73441	   0.00000	  -0.00920	  -0.00249	  -0.00000	  -0.00249	  -0.00735	   0.00000	  -0.00000	   0.00000	   0.01655
N         	  -8.80123	   3.62075	   0.00000	  -0.00617	  -0.00161	   0.00000	  -0.00161	  -0.00846	   0.00000	   0.00000	   0.00000	   0.01463
N         	  -6.28992	  -5.08662	   0.00000	  -0.00877	  -0.00358	   0.00000	  -0.00358	  -0.00886	  -0.00000	   0.00000	  -0.00000	   0.01763
N         	  -6.29218	  -0.73247	   0.00000	  -0.00967	  -0.00647	   0.00000	  -0.00647	  -0.00874	  -0.00000	   0.00000	  -0.00000	   0.01841
N         	  -6.28875	   3.62445	   0.00000	  -0.00535	  -0.00192	  -0.00000	  -0.00192	  -0.00848	  -0.00000	  -0.00000	  -0.00000	   0.01383
N         	  -3.77675	  -5.08336	   0.00000	  -0.00889	  -0.00547	  -0.00000	  -0.00547	  -0.00877	   0.00000	  -0.00000	   0.00000	   0.01767
N         	  -3.78490	  -0.73013	   0.00000	   0.00762	   0.00067	  -0.00000	   0.00067	  -0.01448	   0.00000	  -0.00000	   0.00000	   0.00685
N         	  -3.77669	   3.63112	   0.00000	   0.00009	  -0.00139	   0.00000	  -0.00139	  -0.01359	  -0.00000	   0.00000	  -0.00000	   0.01350
N         	  -1.25961	  -5.08206	   0.00000	  -0.00318	  -0.00434	   0.00000	  -0.00434	  -0.01130	  -0.00000	   0.00000	  -0.00000	   0.01448
N         	  -1.26084	   3.63771	   0.00000	  -0.00534	  -0.00855	   0.00000	  -0.00855	   0.00208	  -0.00000	   0.00000	  -0.00000	   0.00325
N         	   1.25961	  -5.08206	   0.00000	  -0.00318	   0.00434	  -0.00000	   0.00434	  -0.01130	  -0.00000	  -0.00000	  -0.00000	   0.01448
N         	   1.26084	   3.63771	   0.00000	  -0.00534	   0.00855	   0.00000	   0.00855	   0.00208	  -0.00000	   0.00000	  -0.00000	   0.00325
N         	   3.77675	  -5.08336	   0.00000	  -0.00889	   0.00547	   0.00000	   0.00547	  -0.00877	   0.00000	   0.00000	   0.00000	   0.01767
N         	   3.78490	  -0.73013	   0.00000	   0.00762	  -0.00067	   0.00000	  -0.00067	  -0.01448	   0.00000	   0.00000	   0.00000	   0.00685
N         	   3.77669	   3.63112	   0.00000	   0.00009	   0.00139	   0.00000	   0.00139	  -0.01359	  -0.00000	   0.00000	  -0.00000	   0.01350
N         	   6.28992	  -5.08662	   0.00000	  -0.00877	   0.00358	  -0.00000	   0.00358	  -0.00886	   0.00000	  -0.00000	   0.00000	   0.01763
N         	   6.29218	  -0.73247	   0.00000	  -0.00967	   0.00647	   0.00000	   0.00647	  -0.00874	  -0.00000	   0.00000	  -0.00000	   0.01841
N         	   6.28875	   3.62445	   0.00000	  -0.00535	   0.00192	   0.00000	   0.00192	  -0.00848	  -0.00000	   0.00000	  -0.00000	   0.01383
N         	   8.80165	  -5.08836	   0.00000	  -0.00745	   0.00226	  -0.00000	   0.00226	  -0.00792	  -0.00000	  -0.00000	  -0.00000	   0.01537
N         	   8.80219	  -0.73441	   0.00000	  -0.00920	   0.00249	  -0.00000	   0.00249	  -0.00735	   0.00000	  -0.00000	   0.00000	   0.01655
N         	   8.80123	   3.62075	   0.00000	  -0.00617	   0.00161	  -0.00000	   0.00161	  -0.00846	   0.00000	  -0.00000	   0.00000	   0.01463
N         	   1.32892	  -0.76450	   0.00000	   0.27033	  -0.30061	  -0.00000	  -0.30061	  -0.07387	  -0.00000	  -0.00000	  -0.00000	  -0.19646
N         	  -1.32892	  -0.76450	   0.00000	   0.27033	   0.30061	  -0.00000	   0.30061	  -0.07387	  -0.00000	  -0.00000	  -0.00000	  -0.19646
N         	   0.00000	   1.52899	   0.00000	  -0.24693	   0.00000	  -0.00000	   0.00000	   0.44456	   0.00000	  -0.00000	   0.00000	  -0.19763
