--------------------------------------------------------------------------------------------------------------------------------------------------------------------------
  AtomName	    r_1i_X	    r_1i_Y	    r_1i_Z	     EFGxx	     EFGxy	     EFGxz	     EFGyx	     EFGyy	     EFGyz	     EFGzx	     EFGzy	     EFGzz	[Hatree/Bohr_radius^2]
--------------------------------------------------------------------------------------------------------------------------------------------------------------------------
10B  eQ___:	  8.459000	[Q/milibarn]*(10^-1)
11B  eQ___:	  4.059000	[Q/milibarn]*(10^-1)
14N  eQ___:	  2.044000	[Q/milibarn]*(10^-1)
15N  eQ___:	  0.000000	[Q/milibarn]*(10^-1)
10B  etc____:	---       	---       	---       	  -0.19508	  -0.00000	   0.00000	  -0.00000	  -0.19335	  -0.00000	   0.00000	  -0.00000	   0.38844
11B  etc____:	---       	---       	---       	  -0.19508	  -0.00000	   0.00000	  -0.00000	  -0.19335	  -0.00000	   0.00000	  -0.00000	   0.38844
14N  etc____:	---       	---       	---       	  -0.00846	   0.00000	   0.00000	   0.00000	  -0.00785	   0.00000	   0.00000	   0.00000	   0.01631
15N  etc____:	---       	---       	---       	  -0.00846	   0.00000	   0.00000	   0.00000	  -0.00785	   0.00000	   0.00000	   0.00000	   0.01631
MinDif[A]:	 -11.21869	  -6.47596	   0.00000
MaxDif[A]:	   9.97358	   6.46239	   0.00000
--------------------------------------------------------------------------------------------------------------------------------------------------------------------------
B         	  -9.97219	  -4.32232	   0.00000	  -0.19462	   0.00276	  -0.00000	   0.00276	  -0.19373	   0.00000	  -0.00000	   0.00000	   0.38836
B         	  -9.97093	  -0.00947	   0.00000	  -0.19576	   0.00411	   0.00000	   0.00411	  -0.19264	  -0.00000	   0.00000	  -0.00000	   0.38841
B         	  -9.97247	   4.30510	   0.00000	  -0.19573	   0.00267	  -0.00000	   0.00267	  -0.19271	  -0.00000	  -0.00000	  -0.00000	   0.38844
B         	  -7.47762	  -4.32052	   0.00000	  -0.19335	   0.00898	  -0.00000	   0.00898	  -0.19456	   0.00000	  -0.00000	   0.00000	   0.38791
B         	  -7.47720	  -0.00788	   0.00000	  -0.19568	   0.01159	   0.00000	   0.01159	  -0.19231	   0.00000	   0.00000	   0.00000	   0.38799
B         	  -7.47707	   4.30586	   0.00000	  -0.19677	   0.00990	   0.00000	   0.00990	  -0.19132	   0.00000	   0.00000	   0.00000	   0.38808
B         	  -4.98436	  -4.31552	   0.00000	  -0.18843	   0.01240	   0.00000	   0.01240	  -0.19856	   0.00000	   0.00000	   0.00000	   0.38699
B         	  -4.98022	  -0.00600	   0.00000	  -0.19613	   0.02413	  -0.00000	   0.02413	  -0.18961	   0.00000	  -0.00000	   0.00000	   0.38574
B         	  -4.98291	   4.30937	   0.00000	  -0.19845	   0.01540	  -0.00000	   0.01540	  -0.18904	   0.00000	  -0.00000	   0.00000	   0.38748
B         	  -2.49096	  -4.30995	   0.00000	  -0.17838	   0.01143	  -0.00000	   0.01143	  -0.20802	  -0.00000	  -0.00000	  -0.00000	   0.38640
B         	  -2.47013	   0.00415	   0.00000	  -0.17440	   0.05806	   0.00000	   0.05806	  -0.19236	  -0.00000	   0.00000	  -0.00000	   0.36676
B         	  -2.48844	   4.30961	   0.00000	  -0.20337	   0.01612	   0.00000	   0.01612	  -0.18281	  -0.00000	   0.00000	  -0.00000	   0.38617
B         	   0.00000	  -4.30993	   0.00000	  -0.17019	  -0.00000	  -0.00000	  -0.00000	  -0.21558	  -0.00000	  -0.00000	  -0.00000	   0.38577
B         	   0.00000	   4.30964	   0.00000	  -0.20488	   0.00000	   0.00000	   0.00000	  -0.17855	   0.00000	   0.00000	   0.00000	   0.38342
B         	   2.49096	  -4.30995	   0.00000	  -0.17838	  -0.01143	  -0.00000	  -0.01143	  -0.20802	  -0.00000	  -0.00000	  -0.00000	   0.38640
B         	   2.47013	   0.00415	   0.00000	  -0.17440	  -0.05806	  -0.00000	  -0.05806	  -0.19236	  -0.00000	  -0.00000	  -0.00000	   0.36676
B         	   2.48844	   4.30961	   0.00000	  -0.20337	  -0.01612	   0.00000	  -0.01612	  -0.18281	  -0.00000	   0.00000	  -0.00000	   0.38617
B         	   4.98436	  -4.31552	   0.00000	  -0.18843	  -0.01240	   0.00000	  -0.01240	  -0.19856	   0.00000	   0.00000	   0.00000	   0.38699
B         	   4.98022	  -0.00600	   0.00000	  -0.19613	  -0.02413	   0.00000	  -0.02413	  -0.18961	   0.00000	   0.00000	   0.00000	   0.38574
B         	   4.98291	   4.30937	   0.00000	  -0.19845	  -0.01540	  -0.00000	  -0.01540	  -0.18904	  -0.00000	  -0.00000	  -0.00000	   0.38748
B         	   7.47762	  -4.32052	   0.00000	  -0.19335	  -0.00898	  -0.00000	  -0.00898	  -0.19456	  -0.00000	  -0.00000	  -0.00000	   0.38791
B         	   7.47720	  -0.00788	   0.00000	  -0.19568	  -0.01159	   0.00000	  -0.01159	  -0.19231	   0.00000	   0.00000	   0.00000	   0.38799
B         	   7.47707	   4.30586	   0.00000	  -0.19677	  -0.00990	  -0.00000	  -0.00990	  -0.19132	   0.00000	  -0.00000	   0.00000	   0.38808
B         	   9.97219	  -4.32232	   0.00000	  -0.19462	  -0.00276	  -0.00000	  -0.00276	  -0.19373	   0.00000	  -0.00000	   0.00000	   0.38836
B         	   9.97093	  -0.00947	   0.00000	  -0.19576	  -0.00411	   0.00000	  -0.00411	  -0.19264	   0.00000	   0.00000	   0.00000	   0.38841
B         	   9.97247	   4.30510	   0.00000	  -0.19573	  -0.00267	  -0.00000	  -0.00267	  -0.19271	  -0.00000	  -0.00000	  -0.00000	   0.38844
B         	 -11.21869	   6.46239	   0.00000	  -0.19508	  -0.00000	   0.00000	  -0.00000	  -0.19335	  -0.00000	   0.00000	  -0.00000	   0.38844
B         	 -11.21869	  -2.16542	   0.00000	  -0.19462	  -0.00000	   0.00000	  -0.00000	  -0.19383	  -0.00000	   0.00000	  -0.00000	   0.38844
B         	 -11.21869	   2.14690	   0.00000	  -0.19639	   0.00000	   0.00000	   0.00000	  -0.19209	  -0.00000	   0.00000	  -0.00000	   0.38849
B         	  -8.72450	   6.46231	   0.00000	  -0.19520	   0.00604	   0.00000	   0.00604	  -0.19298	  -0.00000	   0.00000	  -0.00000	   0.38818
B         	  -8.72471	  -2.16602	   0.00000	  -0.19517	   0.00676	  -0.00000	   0.00676	  -0.19305	   0.00000	  -0.00000	   0.00000	   0.38821
B         	  -8.72496	   2.14889	   0.00000	  -0.19591	   0.00703	   0.00000	   0.00703	  -0.19244	  -0.00000	   0.00000	  -0.00000	   0.38835
B         	  -6.23083	  -6.47596	   0.00000	  -0.19431	   0.01050	  -0.00000	   0.01050	  -0.19367	  -0.00000	  -0.00000	  -0.00000	   0.38799
B         	  -6.23018	  -2.16224	   0.00000	  -0.19222	   0.01415	   0.00000	   0.01415	  -0.19481	  -0.00000	   0.00000	  -0.00000	   0.38703
B         	  -6.22979	   2.14944	   0.00000	  -0.19848	   0.01597	  -0.00000	   0.01597	  -0.18907	  -0.00000	  -0.00000	  -0.00000	   0.38755
B         	  -3.73698	  -6.47193	   0.00000	  -0.19253	   0.01177	   0.00000	   0.01177	  -0.19524	   0.00000	   0.00000	   0.00000	   0.38776
B         	  -3.73346	  -2.15626	   0.00000	  -0.18220	   0.02194	  -0.00000	   0.02194	  -0.20029	   0.00000	  -0.00000	   0.00000	   0.38248
B         	  -3.73515	   2.15218	   0.00000	  -0.20427	   0.02704	  -0.00000	   0.02704	  -0.18086	   0.00000	  -0.00000	   0.00000	   0.38514
B         	  -1.24586	  -6.46980	   0.00000	  -0.18981	   0.00550	   0.00000	   0.00550	  -0.19747	   0.00000	   0.00000	   0.00000	   0.38729
B         	  -1.23043	  -2.14087	   0.00000	  -0.14209	   0.03653	   0.00000	   0.03653	  -0.22604	   0.00000	   0.00000	   0.00000	   0.36812
B         	  -1.23891	   2.13559	   0.00000	  -0.23219	   0.02208	  -0.00000	   0.02208	  -0.13533	  -0.00000	  -0.00000	  -0.00000	   0.36753
B         	   1.24586	  -6.46980	   0.00000	  -0.18981	  -0.00550	  -0.00000	  -0.00550	  -0.19747	   0.00000	  -0.00000	   0.00000	   0.38729
B         	   1.23043	  -2.14087	   0.00000	  -0.14209	  -0.03653	   0.00000	  -0.03653	  -0.22604	   0.00000	   0.00000	   0.00000	   0.36812
B         	   1.23891	   2.13559	   0.00000	  -0.23219	  -0.02208	  -0.00000	  -0.02208	  -0.13533	  -0.00000	  -0.00000	  -0.00000	   0.36753
B         	   3.73698	  -6.47193	   0.00000	  -0.19253	  -0.01177	  -0.00000	  -0.01177	  -0.19524	   0.00000	  -0.00000	   0.00000	   0.38776
B         	   3.73346	  -2.15626	   0.00000	  -0.18220	  -0.02194	  -0.00000	  -0.02194	  -0.20029	  -0.00000	  -0.00000	  -0.00000	   0.38248
B         	   3.73515	   2.15218	   0.00000	  -0.20427	  -0.02704	   0.00000	  -0.02704	  -0.18086	   0.00000	   0.00000	   0.00000	   0.38514
B         	   6.23083	  -6.47596	   0.00000	  -0.19431	  -0.01050	  -0.00000	  -0.01050	  -0.19367	  -0.00000	  -0.00000	  -0.00000	   0.38799
B         	   6.23018	  -2.16224	   0.00000	  -0.19222	  -0.01415	  -0.00000	  -0.01415	  -0.19481	   0.00000	  -0.00000	   0.00000	   0.38703
B         	   6.22979	   2.14944	   0.00000	  -0.19848	  -0.01597	  -0.00000	  -0.01597	  -0.18907	  -0.00000	  -0.00000	  -0.00000	   0.38755
B         	   8.72450	   6.46231	   0.00000	  -0.19520	  -0.00604	  -0.00000	  -0.00604	  -0.19298	  -0.00000	  -0.00000	  -0.00000	   0.38818
B         	   8.72471	  -2.16602	   0.00000	  -0.19517	  -0.00676	  -0.00000	  -0.00676	  -0.19305	   0.00000	  -0.00000	   0.00000	   0.38821
B         	   8.72496	   2.14889	   0.00000	  -0.19591	  -0.00703	   0.00000	  -0.00703	  -0.19244	  -0.00000	   0.00000	  -0.00000	   0.38835
N         	  -9.97358	  -2.88415	   0.00000	  -0.00829	  -0.00155	   0.00000	  -0.00155	  -0.00794	   0.00000	   0.00000	   0.00000	   0.01624
N         	  -9.97321	   1.42959	   0.00000	  -0.00839	  -0.00120	  -0.00000	  -0.00120	  -0.00713	   0.00000	  -0.00000	   0.00000	   0.01552
N         	  -9.97333	   5.74403	   0.00000	  -0.00710	  -0.00058	   0.00000	  -0.00058	  -0.00800	   0.00000	   0.00000	   0.00000	   0.01510
N         	  -7.48234	  -2.88289	   0.00000	  -0.00921	  -0.00375	  -0.00000	  -0.00375	  -0.00852	   0.00000	  -0.00000	   0.00000	   0.01773
N         	  -7.48306	   1.43155	   0.00000	  -0.00822	  -0.00365	   0.00000	  -0.00365	  -0.00710	   0.00000	   0.00000	   0.00000	   0.01532
N         	  -7.48151	   5.74543	   0.00000	  -0.00659	  -0.00200	  -0.00000	  -0.00200	  -0.00866	  -0.00000	  -0.00000	  -0.00000	   0.01524
N         	  -4.99094	  -2.88010	   0.00000	  -0.01136	  -0.00742	   0.00000	  -0.00742	  -0.00868	   0.00000	   0.00000	   0.00000	   0.02004
N         	  -4.99285	   1.43496	   0.00000	  -0.00755	  -0.00520	   0.00000	  -0.00520	  -0.00671	   0.00000	   0.00000	   0.00000	   0.01426
N         	  -4.98943	   5.74970	   0.00000	  -0.00496	  -0.00225	  -0.00000	  -0.00225	  -0.01139	  -0.00000	  -0.00000	  -0.00000	   0.01635
N         	  -2.49783	  -2.88048	   0.00000	  -0.00294	   0.00864	  -0.00000	   0.00864	  -0.00161	   0.00000	  -0.00000	   0.00000	   0.00455
N         	  -2.50573	   1.44429	   0.00000	  -0.00033	   0.00326	  -0.00000	   0.00326	  -0.00128	   0.00000	  -0.00000	   0.00000	   0.00161
N         	  -2.49578	   5.75237	   0.00000	  -0.00218	  -0.00424	   0.00000	  -0.00424	  -0.01469	   0.00000	   0.00000	   0.00000	   0.01686
N         	   0.00000	  -2.88864	   0.00000	   0.00730	   0.00000	   0.00000	   0.00000	  -0.00932	   0.00000	   0.00000	   0.00000	   0.00203
N         	   0.00000	   5.75413	   0.00000	   0.00146	   0.00000	   0.00000	   0.00000	  -0.01796	   0.00000	   0.00000	   0.00000	   0.01651
N         	   2.49783	  -2.88048	   0.00000	  -0.00294	  -0.00864	   0.00000	  -0.00864	  -0.00161	  -0.00000	   0.00000	  -0.00000	   0.00455
N         	   2.50573	   1.44429	   0.00000	  -0.00033	  -0.00326	  -0.00000	  -0.00326	  -0.00128	   0.00000	  -0.00000	   0.00000	   0.00161
N         	   2.49578	   5.75237	   0.00000	  -0.00218	   0.00424	  -0.00000	   0.00424	  -0.01469	   0.00000	  -0.00000	   0.00000	   0.01686
N         	   4.99094	  -2.88010	   0.00000	  -0.01136	   0.00742	  -0.00000	   0.00742	  -0.00868	   0.00000	  -0.00000	   0.00000	   0.02004
N         	   4.99285	   1.43496	   0.00000	  -0.00755	   0.00520	   0.00000	   0.00520	  -0.00671	  -0.00000	   0.00000	  -0.00000	   0.01426
N         	   4.98943	   5.74970	   0.00000	  -0.00496	   0.00225	  -0.00000	   0.00225	  -0.01139	  -0.00000	  -0.00000	  -0.00000	   0.01635
N         	   7.48234	  -2.88289	   0.00000	  -0.00921	   0.00375	  -0.00000	   0.00375	  -0.00852	   0.00000	  -0.00000	   0.00000	   0.01773
N         	   7.48306	   1.43155	   0.00000	  -0.00822	   0.00365	  -0.00000	   0.00365	  -0.00710	  -0.00000	  -0.00000	  -0.00000	   0.01532
N         	   7.48151	   5.74543	   0.00000	  -0.00659	   0.00200	  -0.00000	   0.00200	  -0.00866	   0.00000	  -0.00000	   0.00000	   0.01524
N         	   9.97358	  -2.88415	   0.00000	  -0.00829	   0.00155	   0.00000	   0.00155	  -0.00794	  -0.00000	   0.00000	  -0.00000	   0.01624
N         	   9.97321	   1.42959	   0.00000	  -0.00839	   0.00120	   0.00000	   0.00120	  -0.00713	  -0.00000	   0.00000	  -0.00000	   0.01552
N         	   9.97333	   5.74403	   0.00000	  -0.00710	   0.00058	   0.00000	   0.00058	  -0.00800	   0.00000	   0.00000	   0.00000	   0.01510
N         	 -11.21869	  -5.04093	   0.00000	  -0.00846	   0.00000	   0.00000	   0.00000	  -0.00785	   0.00000	   0.00000	   0.00000	   0.01631
N         	 -11.21869	  -0.72722	   0.00000	  -0.00742	  -0.00000	  -0.00000	  -0.00000	  -0.00822	  -0.00000	  -0.00000	  -0.00000	   0.01564
N         	 -11.21869	   3.58630	   0.00000	  -0.00842	   0.00000	  -0.00000	   0.00000	  -0.00657	  -0.00000	  -0.00000	  -0.00000	   0.01499
N         	  -8.72775	  -5.04040	   0.00000	  -0.00745	  -0.00226	  -0.00000	  -0.00226	  -0.00792	  -0.00000	  -0.00000	  -0.00000	   0.01537
N         	  -8.72781	  -0.72727	   0.00000	  -0.00920	  -0.00249	  -0.00000	  -0.00249	  -0.00735	   0.00000	  -0.00000	   0.00000	   0.01655
N         	  -8.72795	   3.58803	   0.00000	  -0.00617	  -0.00161	   0.00000	  -0.00161	  -0.00846	   0.00000	   0.00000	   0.00000	   0.01463
N         	  -6.23600	  -5.03790	   0.00000	  -0.00877	  -0.00358	   0.00000	  -0.00358	  -0.00886	  -0.00000	   0.00000	  -0.00000	   0.01763
N         	  -6.23733	  -0.72465	   0.00000	  -0.00967	  -0.00647	   0.00000	  -0.00647	  -0.00874	  -0.00000	   0.00000	  -0.00000	   0.01841
N         	  -6.23602	   3.59039	   0.00000	  -0.00535	  -0.00192	  -0.00000	  -0.00192	  -0.00848	  -0.00000	  -0.00000	  -0.00000	   0.01383
N         	  -3.74355	  -5.03491	   0.00000	  -0.00889	  -0.00547	  -0.00000	  -0.00547	  -0.00877	   0.00000	  -0.00000	   0.00000	   0.01767
N         	  -3.74708	  -0.72143	   0.00000	   0.00762	   0.00067	  -0.00000	   0.00067	  -0.01448	   0.00000	  -0.00000	   0.00000	   0.00685
N         	  -3.74468	   3.59621	   0.00000	   0.00009	  -0.00139	   0.00000	  -0.00139	  -0.01359	  -0.00000	   0.00000	  -0.00000	   0.01350
N         	  -1.24908	  -5.03545	   0.00000	  -0.00318	  -0.00434	   0.00000	  -0.00434	  -0.01130	  -0.00000	   0.00000	  -0.00000	   0.01448
N         	  -1.24923	   3.60004	   0.00000	  -0.00534	  -0.00855	   0.00000	  -0.00855	   0.00208	  -0.00000	   0.00000	  -0.00000	   0.00325
N         	   1.24908	  -5.03545	   0.00000	  -0.00318	   0.00434	  -0.00000	   0.00434	  -0.01130	  -0.00000	  -0.00000	  -0.00000	   0.01448
N         	   1.24923	   3.60004	   0.00000	  -0.00534	   0.00855	   0.00000	   0.00855	   0.00208	  -0.00000	   0.00000	  -0.00000	   0.00325
N         	   3.74355	  -5.03491	   0.00000	  -0.00889	   0.00547	   0.00000	   0.00547	  -0.00877	   0.00000	   0.00000	   0.00000	   0.01767
N         	   3.74708	  -0.72143	   0.00000	   0.00762	  -0.00067	   0.00000	  -0.00067	  -0.01448	   0.00000	   0.00000	   0.00000	   0.00685
N         	   3.74468	   3.59621	   0.00000	   0.00009	   0.00139	   0.00000	   0.00139	  -0.01359	  -0.00000	   0.00000	  -0.00000	   0.01350
N         	   6.23600	  -5.03790	   0.00000	  -0.00877	   0.00358	  -0.00000	   0.00358	  -0.00886	   0.00000	  -0.00000	   0.00000	   0.01763
N         	   6.23733	  -0.72465	   0.00000	  -0.00967	   0.00647	   0.00000	   0.00647	  -0.00874	  -0.00000	   0.00000	  -0.00000	   0.01841
N         	   6.23602	   3.59039	   0.00000	  -0.00535	   0.00192	   0.00000	   0.00192	  -0.00848	  -0.00000	   0.00000	  -0.00000	   0.01383
N         	   8.72775	  -5.04040	   0.00000	  -0.00745	   0.00226	  -0.00000	   0.00226	  -0.00792	  -0.00000	  -0.00000	  -0.00000	   0.01537
N         	   8.72781	  -0.72727	   0.00000	  -0.00920	   0.00249	  -0.00000	   0.00249	  -0.00735	   0.00000	  -0.00000	   0.00000	   0.01655
N         	   8.72795	   3.58803	   0.00000	  -0.00617	   0.00161	  -0.00000	   0.00161	  -0.00846	   0.00000	  -0.00000	   0.00000	   0.01463
N         	   1.30049	  -0.74940	   0.00000	   0.27033	  -0.30061	  -0.00000	  -0.30061	  -0.07387	  -0.00000	  -0.00000	  -0.00000	  -0.19646
N         	  -1.30049	  -0.74940	   0.00000	   0.27033	   0.30061	  -0.00000	   0.30061	  -0.07387	  -0.00000	  -0.00000	  -0.00000	  -0.19646
N         	   0.00000	   1.49879	   0.00000	  -0.24693	   0.00000	  -0.00000	   0.00000	   0.44456	   0.00000	  -0.00000	   0.00000	  -0.19763
