--------------------------------------------------------------------------------------------------------------------------------------------------------------------------
  AtomName	    r_1i_X	    r_1i_Y	    r_1i_Z	  iso[MHz]	       Axx	       Axy	       Axz	       Ayx	       Ayy	       Ayz	       Azx	       Azy	       Azz
--------------------------------------------------------------------------------------------------------------------------------------------------------------------------
10B  g-factor___:   0.600215 [No-unit]
11B  g-factor___:   1.792433 [No-unit]
14N  g-factor___:   0.403761 [No-unit]
15N  g-factor___:  -0.566378 [No-unit]
10B  etc____:	---       	---       	---       	   0.00000
11B  etc____:	---       	---       	---       	   0.00000
14N  etc____:	---       	---       	---       	   0.00000
15N  etc____:	---       	---       	---       	   0.00000
MinDif[A]:	 -11.21869	  -6.47596	   0.00000
MaxDif[A]:	   9.97358	   6.46239	   0.00000
--------------------------------------------------------------------------------------------------------------------------------------------------------------------------
B         	  -9.97219	  -4.32232	   0.00000	   0.00000	   0.06098	   0.00000	   0.00000	   0.00000	  -0.01525	   0.00000	   0.00000	   0.00000	  -0.04574
B         	  -9.97093	  -0.00947	   0.00000	   0.01525	   0.09147	  -0.00000	   0.00000	  -0.00000	  -0.04574	  -0.00000	   0.00000	  -0.00000	  -0.04574
B         	  -9.97247	   4.30510	   0.00000	   0.00000	   0.06098	  -0.00000	   0.00000	  -0.00000	  -0.01525	  -0.00000	   0.00000	  -0.00000	  -0.04574
B         	  -7.47762	  -4.32052	   0.00000	  -0.01525	   0.07623	   0.03049	  -0.00000	   0.03049	  -0.00000	   0.00000	  -0.00000	   0.00000	  -0.07623
B         	  -7.47720	  -0.00788	   0.00000	   0.19819	   0.18294	  -0.04574	   0.00000	  -0.04574	  -0.06098	   0.00000	   0.00000	   0.00000	  -0.10672
B         	  -7.47707	   4.30586	   0.00000	   0.00000	   0.07623	  -0.03049	   0.00000	  -0.03049	  -0.00000	  -0.00000	   0.00000	  -0.00000	  -0.06098
B         	  -4.98436	  -4.31552	   0.00000	  -0.06098	   0.10672	   0.12196	   0.00000	   0.12196	   0.07623	   0.00000	   0.00000	   0.00000	  -0.18294
B         	  -4.98022	  -0.00600	   0.00000	   2.51546	   0.74701	  -0.48785	   0.00000	  -0.48785	  -0.13721	  -0.00000	   0.00000	  -0.00000	  -0.60981
B         	  -4.98291	   4.30937	   0.00000	  -0.04574	   0.07623	  -0.10672	  -0.00000	  -0.10672	   0.06098	  -0.00000	  -0.00000	  -0.00000	  -0.13721
B         	  -2.49096	  -4.30995	   0.00000	   2.53070	  -0.39637	   0.10672	  -0.00000	   0.10672	   1.03667	  -0.00000	  -0.00000	  -0.00000	  -0.62505
B         	  -2.47013	   0.00415	   0.00000	  -0.19819	   3.32345	  -3.91801	  -0.00000	  -3.91801	   1.32633	   0.00000	  -0.00000	   0.00000	  -4.64978
B         	  -2.48844	   4.30961	   0.00000	   2.56119	   0.45736	  -0.62505	  -0.00000	  -0.62505	   0.18294	  -0.00000	  -0.00000	  -0.00000	  -0.64030
B         	   0.00000	  -4.30993	   0.00000	  -0.91471	  -0.21343	  -0.00000	   0.00000	  -0.00000	   0.71652	   0.00000	   0.00000	   0.00000	  -0.50309
B         	   0.00000	   4.30964	   0.00000	  -0.96045	  -0.38113	  -0.00000	   0.00000	  -0.00000	   1.29584	   0.00000	   0.00000	   0.00000	  -0.91471
B         	   2.49096	  -4.30995	   0.00000	   2.53070	  -0.39637	  -0.10672	  -0.00000	  -0.10672	   1.03667	  -0.00000	  -0.00000	  -0.00000	  -0.62505
B         	   2.47013	   0.00415	   0.00000	  -0.19819	   3.32345	   3.91801	   0.00000	   3.91801	   1.32633	   0.00000	   0.00000	   0.00000	  -4.64978
B         	   2.48844	   4.30961	   0.00000	   2.56119	   0.45736	   0.62505	   0.00000	   0.62505	   0.18294	  -0.00000	   0.00000	  -0.00000	  -0.64030
B         	   4.98436	  -4.31552	   0.00000	  -0.06098	   0.10672	  -0.12196	   0.00000	  -0.12196	   0.07623	   0.00000	   0.00000	   0.00000	  -0.18294
B         	   4.98022	  -0.00600	   0.00000	   2.51546	   0.74701	   0.48785	  -0.00000	   0.48785	  -0.13721	  -0.00000	  -0.00000	  -0.00000	  -0.60981
B         	   4.98291	   4.30937	   0.00000	  -0.04574	   0.07623	   0.10672	  -0.00000	   0.10672	   0.06098	  -0.00000	  -0.00000	  -0.00000	  -0.13721
B         	   7.47762	  -4.32052	   0.00000	  -0.01525	   0.07623	  -0.03049	   0.00000	  -0.03049	  -0.00000	  -0.00000	   0.00000	  -0.00000	  -0.07623
B         	   7.47720	  -0.00788	   0.00000	   0.19819	   0.18294	   0.04574	   0.00000	   0.04574	  -0.06098	  -0.00000	   0.00000	  -0.00000	  -0.10672
B         	   7.47707	   4.30586	   0.00000	   0.00000	   0.07623	   0.03049	  -0.00000	   0.03049	  -0.00000	  -0.00000	  -0.00000	  -0.00000	  -0.06098
B         	   9.97219	  -4.32232	   0.00000	   0.00000	   0.06098	  -0.00000	   0.00000	  -0.00000	  -0.01525	   0.00000	   0.00000	   0.00000	  -0.04574
B         	   9.97093	  -0.00947	   0.00000	   0.01525	   0.09147	   0.00000	  -0.00000	   0.00000	  -0.04574	   0.00000	  -0.00000	   0.00000	  -0.04574
B         	   9.97247	   4.30510	   0.00000	   0.00000	   0.06098	   0.00000	   0.00000	   0.00000	  -0.01525	  -0.00000	   0.00000	  -0.00000	  -0.04574
B         	 -11.21869	   6.46239	   0.00000	   0.00000	   0.06098	   0.00000	   0.00000	   0.00000	  -0.01525	  -0.00000	   0.00000	  -0.00000	  -0.04574
B         	 -11.21869	  -2.16542	   0.00000	   0.00000	   0.07623	  -0.00000	  -0.00000	  -0.00000	  -0.03049	  -0.00000	  -0.00000	  -0.00000	  -0.04574
B         	 -11.21869	   2.14690	   0.00000	   0.00000	   0.07623	  -0.00000	   0.00000	  -0.00000	  -0.03049	   0.00000	   0.00000	   0.00000	  -0.04574
B         	  -8.72450	   6.46231	   0.00000	   0.00000	   0.06098	   0.00000	  -0.00000	   0.00000	  -0.00000	   0.00000	  -0.00000	   0.00000	  -0.04574
B         	  -8.72471	  -2.16602	   0.00000	   0.00000	   0.10672	   0.01525	  -0.00000	   0.01525	  -0.03049	   0.00000	  -0.00000	   0.00000	  -0.06098
B         	  -8.72496	   2.14889	   0.00000	   0.00000	   0.09147	  -0.01525	  -0.00000	  -0.01525	  -0.03049	   0.00000	  -0.00000	   0.00000	  -0.06098
B         	  -6.23083	  -6.47596	   0.00000	  -0.00000	   0.04574	   0.00000	  -0.00000	   0.00000	   0.03049	   0.00000	  -0.00000	   0.00000	  -0.07623
B         	  -6.23018	  -2.16224	   0.00000	  -0.07623	   0.21343	   0.10672	  -0.00000	   0.10672	  -0.04574	  -0.00000	  -0.00000	  -0.00000	  -0.16770
B         	  -6.22979	   2.14944	   0.00000	   0.00000	   0.16770	  -0.09147	   0.00000	  -0.09147	  -0.03049	  -0.00000	   0.00000	  -0.00000	  -0.13721
B         	  -3.73698	  -6.47193	   0.00000	   0.10672	  -0.04574	  -0.06098	  -0.00000	  -0.06098	   0.22868	   0.00000	  -0.00000	   0.00000	  -0.19819
B         	  -3.73346	  -2.15626	   0.00000	  -1.05192	   0.80799	   0.64030	  -0.00000	   0.64030	   0.10672	   0.00000	  -0.00000	   0.00000	  -0.91471
B         	  -3.73515	   2.15218	   0.00000	  -0.92996	   0.41162	  -0.32015	  -0.00000	  -0.32015	   0.07623	   0.00000	  -0.00000	   0.00000	  -0.50309
B         	  -1.24586	  -6.46980	   0.00000	  -0.07623	  -0.18294	  -0.01525	   0.00000	  -0.01525	   0.44211	  -0.00000	   0.00000	  -0.00000	  -0.25917
B         	  -1.23043	  -2.14087	   0.00000	  -0.44211	  -1.64648	  -1.03667	  -0.00000	  -1.03667	   6.25053	  -0.00000	  -0.00000	  -0.00000	  -4.60405
B         	  -1.23891	   2.13559	   0.00000	  -0.64030	   5.15287	  -2.89659	   0.00000	  -2.89659	  -0.50309	  -0.00000	   0.00000	  -0.00000	  -4.66503
B         	   1.24586	  -6.46980	   0.00000	  -0.07623	  -0.18294	   0.01525	  -0.00000	   0.01525	   0.44211	  -0.00000	  -0.00000	  -0.00000	  -0.25917
B         	   1.23043	  -2.14087	   0.00000	  -0.44211	  -1.64648	   1.03667	   0.00000	   1.03667	   6.25053	  -0.00000	   0.00000	  -0.00000	  -4.60405
B         	   1.23891	   2.13559	   0.00000	  -0.64030	   5.15287	   2.89659	  -0.00000	   2.89659	  -0.50309	  -0.00000	  -0.00000	  -0.00000	  -4.66503
B         	   3.73698	  -6.47193	   0.00000	   0.10672	  -0.04574	   0.06098	   0.00000	   0.06098	   0.22868	   0.00000	   0.00000	   0.00000	  -0.19819
B         	   3.73346	  -2.15626	   0.00000	  -1.05192	   0.80799	  -0.64030	  -0.00000	  -0.64030	   0.10672	  -0.00000	  -0.00000	  -0.00000	  -0.91471
B         	   3.73515	   2.15218	   0.00000	  -0.92996	   0.41162	   0.32015	  -0.00000	   0.32015	   0.07623	  -0.00000	  -0.00000	  -0.00000	  -0.50309
B         	   6.23083	  -6.47596	   0.00000	  -0.00000	   0.04574	  -0.00000	   0.00000	  -0.00000	   0.03049	   0.00000	   0.00000	   0.00000	  -0.07623
B         	   6.23018	  -2.16224	   0.00000	  -0.07623	   0.21343	  -0.10672	   0.00000	  -0.10672	  -0.04574	   0.00000	   0.00000	   0.00000	  -0.16770
B         	   6.22979	   2.14944	   0.00000	   0.00000	   0.16770	   0.09147	   0.00000	   0.09147	  -0.03049	   0.00000	   0.00000	   0.00000	  -0.13721
B         	   8.72450	   6.46231	   0.00000	   0.00000	   0.06098	  -0.00000	   0.00000	  -0.00000	  -0.00000	  -0.00000	   0.00000	  -0.00000	  -0.04574
B         	   8.72471	  -2.16602	   0.00000	   0.00000	   0.10672	  -0.01525	   0.00000	  -0.01525	  -0.03049	  -0.00000	   0.00000	  -0.00000	  -0.06098
B         	   8.72496	   2.14889	   0.00000	   0.00000	   0.09147	   0.01525	  -0.00000	   0.01525	  -0.03049	  -0.00000	  -0.00000	  -0.00000	  -0.06098
N         	  -9.97358	  -2.88415	   0.00000	   0.00000	   0.07623	   0.01525	   0.00000	   0.01525	  -0.03049	  -0.00000	   0.00000	  -0.00000	  -0.04574
N         	  -9.97321	   1.42959	   0.00000	   0.00000	   0.09147	  -0.00000	  -0.00000	  -0.00000	  -0.03049	   0.00000	  -0.00000	   0.00000	  -0.04574
N         	  -9.97333	   5.74403	   0.00000	   0.00000	   0.06098	  -0.00000	   0.00000	  -0.00000	  -0.01525	  -0.00000	   0.00000	  -0.00000	  -0.04574
N         	  -7.48234	  -2.88289	   0.00000	   0.04574	   0.12196	   0.04574	  -0.00000	   0.04574	  -0.03049	  -0.00000	  -0.00000	  -0.00000	  -0.09147
N         	  -7.48306	   1.43155	   0.00000	   0.00000	   0.13721	  -0.03049	   0.00000	  -0.03049	  -0.04574	  -0.00000	   0.00000	  -0.00000	  -0.09147
N         	  -7.48151	   5.74543	   0.00000	   0.00000	   0.06098	  -0.01525	  -0.00000	  -0.01525	   0.01525	  -0.00000	  -0.00000	  -0.00000	  -0.06098
N         	  -4.99094	  -2.88010	   0.00000	   0.60981	   0.32015	   0.32015	  -0.00000	   0.32015	  -0.00000	   0.00000	  -0.00000	   0.00000	  -0.32015
N         	  -4.99285	   1.43496	   0.00000	   0.00000	   0.41162	  -0.10672	   0.00000	  -0.10672	  -0.06098	   0.00000	   0.00000	   0.00000	  -0.35064
N         	  -4.98943	   5.74970	   0.00000	   0.01525	   0.01525	  -0.01525	   0.00000	  -0.01525	   0.12196	  -0.00000	   0.00000	  -0.00000	  -0.13721
N         	  -2.49783	  -2.88048	   0.00000	  25.99304	   1.79893	   6.20479	   0.00000	   6.20479	   2.33251	  -0.00000	   0.00000	  -0.00000	  -4.14669
N         	  -2.50573	   1.44429	   0.00000	   0.97569	   0.68603	   1.40256	   0.00000	   1.40256	   2.43923	  -0.00000	   0.00000	  -0.00000	  -3.12526
N         	  -2.49578	   5.75237	   0.00000	   1.69222	  -0.21343	  -0.28966	  -0.00000	  -0.28966	   0.62505	  -0.00000	  -0.00000	  -0.00000	  -0.41162
N         	   0.00000	  -2.88864	   0.00000	   1.17388	   3.14051	   0.00000	   0.00000	   0.00000	  -0.01525	  -0.00000	   0.00000	  -0.00000	  -3.11002
N         	   0.00000	   5.75413	   0.00000	   0.54883	  -0.30490	  -0.00000	   0.00000	  -0.00000	   0.71652	   0.00000	   0.00000	   0.00000	  -0.39637
N         	   2.49783	  -2.88048	   0.00000	  25.99304	   1.79893	  -6.20479	  -0.00000	  -6.20479	   2.33251	  -0.00000	  -0.00000	  -0.00000	  -4.14669
N         	   2.50573	   1.44429	   0.00000	   0.97569	   0.68603	  -1.40256	   0.00000	  -1.40256	   2.43923	   0.00000	   0.00000	   0.00000	  -3.12526
N         	   2.49578	   5.75237	   0.00000	   1.69222	  -0.21343	   0.28966	   0.00000	   0.28966	   0.62505	   0.00000	   0.00000	   0.00000	  -0.41162
N         	   4.99094	  -2.88010	   0.00000	   0.60981	   0.32015	  -0.32015	   0.00000	  -0.32015	  -0.00000	   0.00000	   0.00000	   0.00000	  -0.32015
N         	   4.99285	   1.43496	   0.00000	   0.00000	   0.41162	   0.10672	  -0.00000	   0.10672	  -0.06098	  -0.00000	  -0.00000	  -0.00000	  -0.35064
N         	   4.98943	   5.74970	   0.00000	   0.01525	   0.01525	   0.01525	   0.00000	   0.01525	   0.12196	  -0.00000	   0.00000	  -0.00000	  -0.13721
N         	   7.48234	  -2.88289	   0.00000	   0.04574	   0.12196	  -0.04574	   0.00000	  -0.04574	  -0.03049	  -0.00000	   0.00000	  -0.00000	  -0.09147
N         	   7.48306	   1.43155	   0.00000	   0.00000	   0.13721	   0.03049	   0.00000	   0.03049	  -0.04574	   0.00000	   0.00000	   0.00000	  -0.09147
N         	   7.48151	   5.74543	   0.00000	   0.00000	   0.06098	   0.01525	   0.00000	   0.01525	   0.01525	  -0.00000	   0.00000	  -0.00000	  -0.06098
N         	   9.97358	  -2.88415	   0.00000	   0.00000	   0.07623	  -0.01525	  -0.00000	  -0.01525	  -0.03049	  -0.00000	  -0.00000	  -0.00000	  -0.04574
N         	   9.97321	   1.42959	   0.00000	   0.00000	   0.09147	   0.00000	  -0.00000	   0.00000	  -0.03049	  -0.00000	  -0.00000	  -0.00000	  -0.04574
N         	   9.97333	   5.74403	   0.00000	   0.00000	   0.06098	   0.00000	  -0.00000	   0.00000	  -0.01525	  -0.00000	  -0.00000	  -0.00000	  -0.04574
N         	 -11.21869	  -5.04093	   0.00000	   0.00000	   0.06098	   0.00000	   0.00000	   0.00000	  -0.01525	  -0.00000	   0.00000	  -0.00000	  -0.04574
N         	 -11.21869	  -0.72722	   0.00000	   0.01525	   0.09147	  -0.00000	   0.00000	  -0.00000	  -0.04574	   0.00000	   0.00000	   0.00000	  -0.04574
N         	 -11.21869	   3.58630	   0.00000	   0.00000	   0.06098	   0.00000	   0.00000	   0.00000	  -0.03049	   0.00000	   0.00000	   0.00000	  -0.04574
N         	  -8.72775	  -5.04040	   0.00000	   0.00000	   0.06098	   0.01525	   0.00000	   0.01525	  -0.01525	   0.00000	   0.00000	   0.00000	  -0.04574
N         	  -8.72781	  -0.72727	   0.00000	   0.09147	   0.13721	   0.01525	  -0.00000	   0.01525	  -0.06098	  -0.00000	  -0.00000	  -0.00000	  -0.07623
N         	  -8.72795	   3.58803	   0.00000	   0.00000	   0.07623	  -0.01525	   0.00000	  -0.01525	  -0.01525	  -0.00000	   0.00000	  -0.00000	  -0.06098
N         	  -6.23600	  -5.03790	   0.00000	   0.03049	   0.06098	   0.06098	   0.00000	   0.06098	   0.03049	   0.00000	   0.00000	   0.00000	  -0.09147
N         	  -6.23733	  -0.72465	   0.00000	   1.52452	   0.62505	   0.13721	   0.00000	   0.13721	  -0.28966	  -0.00000	   0.00000	  -0.00000	  -0.33539
N         	  -6.23602	   3.59039	   0.00000	  -0.01525	   0.10672	  -0.06098	  -0.00000	  -0.06098	   0.01525	  -0.00000	  -0.00000	  -0.00000	  -0.10672
N         	  -3.74355	  -5.03491	   0.00000	   1.18912	  -0.04574	   0.44211	  -0.00000	   0.44211	   0.47260	  -0.00000	  -0.00000	  -0.00000	  -0.42687
N         	  -3.74708	  -0.72143	   0.00000	  26.28270	   7.33293	   2.97281	  -0.00000	   2.97281	  -3.29296	  -0.00000	  -0.00000	  -0.00000	  -4.03997
N         	  -3.74468	   3.59621	   0.00000	  -0.03049	   0.10672	  -0.25917	  -0.00000	  -0.25917	   0.25917	   0.00000	  -0.00000	   0.00000	  -0.36588
N         	  -1.24908	  -5.03545	   0.00000	   0.13721	  -0.12196	   0.13721	   0.00000	   0.13721	   0.51834	  -0.00000	   0.00000	  -0.00000	  -0.41162
N         	  -1.24923	   3.60004	   0.00000	  25.94731	  -3.24722	  -3.24722	   0.00000	  -3.24722	   7.37867	   0.00000	   0.00000	   0.00000	  -4.13145
N         	   1.24908	  -5.03545	   0.00000	   0.13721	  -0.12196	  -0.13721	   0.00000	  -0.13721	   0.51834	  -0.00000	   0.00000	  -0.00000	  -0.41162
N         	   1.24923	   3.60004	   0.00000	  25.94731	  -3.24722	   3.24722	   0.00000	   3.24722	   7.37867	   0.00000	   0.00000	   0.00000	  -4.13145
N         	   3.74355	  -5.03491	   0.00000	   1.18912	  -0.04574	  -0.44211	  -0.00000	  -0.44211	   0.47260	  -0.00000	  -0.00000	  -0.00000	  -0.42687
N         	   3.74708	  -0.72143	   0.00000	  26.28270	   7.33293	  -2.97281	  -0.00000	  -2.97281	  -3.29296	  -0.00000	  -0.00000	  -0.00000	  -4.03997
N         	   3.74468	   3.59621	   0.00000	  -0.03049	   0.10672	   0.25917	  -0.00000	   0.25917	   0.25917	  -0.00000	  -0.00000	  -0.00000	  -0.36588
N         	   6.23600	  -5.03790	   0.00000	   0.03049	   0.06098	  -0.06098	  -0.00000	  -0.06098	   0.03049	   0.00000	  -0.00000	   0.00000	  -0.09147
N         	   6.23733	  -0.72465	   0.00000	   1.52452	   0.62505	  -0.13721	   0.00000	  -0.13721	  -0.28966	   0.00000	   0.00000	   0.00000	  -0.33539
N         	   6.23602	   3.59039	   0.00000	  -0.01525	   0.10672	   0.06098	  -0.00000	   0.06098	   0.01525	  -0.00000	  -0.00000	  -0.00000	  -0.10672
N         	   8.72775	  -5.04040	   0.00000	   0.00000	   0.06098	  -0.01525	   0.00000	  -0.01525	  -0.01525	  -0.00000	   0.00000	  -0.00000	  -0.04574
N         	   8.72781	  -0.72727	   0.00000	   0.09147	   0.13721	  -0.01525	  -0.00000	  -0.01525	  -0.06098	   0.00000	  -0.00000	   0.00000	  -0.07623
N         	   8.72795	   3.58803	   0.00000	   0.00000	   0.07623	   0.01525	  -0.00000	   0.01525	  -0.01525	  -0.00000	  -0.00000	  -0.00000	  -0.06098
N         	   1.30049	  -0.74940	   0.00000	 310.04135	  90.35822	 -97.59968	   0.00000	 -97.59968	 -21.32802	   0.00000	   0.00000	   0.00000	 -69.03020
N         	  -1.30049	  -0.74940	   0.00000	 310.04135	  90.35822	  97.59968	   0.00000	  97.59968	 -21.32802	   0.00000	   0.00000	   0.00000	 -69.03020
N         	   0.00000	   1.49879	   0.00000	 310.13282	 -78.22305	  -0.00000	  -0.00000	  -0.00000	 147.45144	   0.00000	  -0.00000	   0.00000	 -69.22839
