--------------------------------------------------------------------------------------------------------------------------------------------------------------------------
  AtomName	    r_1i_X	    r_1i_Y	    r_1i_Z	  iso[MHz]	       Axx	       Axy	       Axz	       Ayx	       Ayy	       Ayz	       Azx	       Azy	       Azz
--------------------------------------------------------------------------------------------------------------------------------------------------------------------------
10B  g-factor___:   0.600215 [No-unit]
11B  g-factor___:   1.792433 [No-unit]
14N  g-factor___:   0.403761 [No-unit]
15N  g-factor___:  -0.566378 [No-unit]
10B  etc____:	---       	---       	---       	   0.00000
11B  etc____:	---       	---       	---       	   0.00000
14N  etc____:	---       	---       	---       	   0.00000
15N  etc____:	---       	---       	---       	   0.00000
MinDif[A]:	 -11.31334	  -6.53303	   0.00000
MaxDif[A]:	  10.05795	   6.52563	   0.00000
--------------------------------------------------------------------------------------------------------------------------------------------------------------------------
B         	 -10.05626	  -4.36351	   0.00000	   0.00000	   0.06098	   0.00000	   0.00000	   0.00000	  -0.01525	   0.00000	   0.00000	   0.00000	  -0.04574
B         	 -10.05546	  -0.00986	   0.00000	   0.01525	   0.09147	  -0.00000	   0.00000	  -0.00000	  -0.04574	  -0.00000	   0.00000	  -0.00000	  -0.04574
B         	 -10.05598	   4.34402	   0.00000	   0.00000	   0.06098	  -0.00000	   0.00000	  -0.00000	  -0.01525	  -0.00000	   0.00000	  -0.00000	  -0.04574
B         	  -7.54130	  -4.36152	   0.00000	  -0.01525	   0.07623	   0.03049	  -0.00000	   0.03049	  -0.00000	   0.00000	  -0.00000	   0.00000	  -0.07623
B         	  -7.54156	  -0.00824	   0.00000	   0.19819	   0.18294	  -0.04574	   0.00000	  -0.04574	  -0.06098	   0.00000	   0.00000	   0.00000	  -0.10672
B         	  -7.54024	   4.34620	   0.00000	   0.00000	   0.07623	  -0.03049	   0.00000	  -0.03049	  -0.00000	  -0.00000	   0.00000	  -0.00000	  -0.06098
B         	  -5.02822	  -4.35811	   0.00000	  -0.06098	   0.10672	   0.12196	   0.00000	   0.12196	   0.07623	   0.00000	   0.00000	   0.00000	  -0.18294
B         	  -5.02603	  -0.00591	   0.00000	   2.51546	   0.74701	  -0.48785	   0.00000	  -0.48785	  -0.13721	  -0.00000	   0.00000	  -0.00000	  -0.60981
B         	  -5.02509	   4.35043	   0.00000	  -0.04574	   0.07623	  -0.10672	  -0.00000	  -0.10672	   0.06098	  -0.00000	  -0.00000	  -0.00000	  -0.13721
B         	  -2.51367	  -4.35273	   0.00000	   2.53070	  -0.39637	   0.10672	  -0.00000	   0.10672	   1.03667	  -0.00000	  -0.00000	  -0.00000	  -0.62505
B         	  -2.49741	   0.00407	   0.00000	  -0.19819	   3.32345	  -3.91801	  -0.00000	  -3.91801	   1.32633	   0.00000	  -0.00000	   0.00000	  -4.64978
B         	  -2.51084	   4.35235	   0.00000	   2.56119	   0.45736	  -0.62505	  -0.00000	  -0.62505	   0.18294	  -0.00000	  -0.00000	  -0.00000	  -0.64030
B         	   0.00000	  -4.34780	   0.00000	  -0.91471	  -0.21343	  -0.00000	   0.00000	  -0.00000	   0.71652	   0.00000	   0.00000	   0.00000	  -0.50309
B         	   0.00000	   4.35224	   0.00000	  -0.96045	  -0.38113	  -0.00000	   0.00000	  -0.00000	   1.29584	   0.00000	   0.00000	   0.00000	  -0.91471
B         	   2.51367	  -4.35273	   0.00000	   2.53070	  -0.39637	  -0.10672	  -0.00000	  -0.10672	   1.03667	  -0.00000	  -0.00000	  -0.00000	  -0.62505
B         	   2.49741	   0.00407	   0.00000	  -0.19819	   3.32345	   3.91801	   0.00000	   3.91801	   1.32633	   0.00000	   0.00000	   0.00000	  -4.64978
B         	   2.51084	   4.35235	   0.00000	   2.56119	   0.45736	   0.62505	   0.00000	   0.62505	   0.18294	  -0.00000	   0.00000	  -0.00000	  -0.64030
B         	   5.02822	  -4.35811	   0.00000	  -0.06098	   0.10672	  -0.12196	   0.00000	  -0.12196	   0.07623	   0.00000	   0.00000	   0.00000	  -0.18294
B         	   5.02603	  -0.00591	   0.00000	   2.51546	   0.74701	   0.48785	  -0.00000	   0.48785	  -0.13721	  -0.00000	  -0.00000	  -0.00000	  -0.60981
B         	   5.02509	   4.35043	   0.00000	  -0.04574	   0.07623	   0.10672	  -0.00000	   0.10672	   0.06098	  -0.00000	  -0.00000	  -0.00000	  -0.13721
B         	   7.54130	  -4.36152	   0.00000	  -0.01525	   0.07623	  -0.03049	   0.00000	  -0.03049	  -0.00000	  -0.00000	   0.00000	  -0.00000	  -0.07623
B         	   7.54156	  -0.00824	   0.00000	   0.19819	   0.18294	   0.04574	   0.00000	   0.04574	  -0.06098	  -0.00000	   0.00000	  -0.00000	  -0.10672
B         	   7.54024	   4.34620	   0.00000	   0.00000	   0.07623	   0.03049	  -0.00000	   0.03049	  -0.00000	  -0.00000	  -0.00000	  -0.00000	  -0.06098
B         	  10.05626	  -4.36351	   0.00000	   0.00000	   0.06098	  -0.00000	   0.00000	  -0.00000	  -0.01525	   0.00000	   0.00000	   0.00000	  -0.04574
B         	  10.05546	  -0.00986	   0.00000	   0.01525	   0.09147	   0.00000	  -0.00000	   0.00000	  -0.04574	   0.00000	  -0.00000	   0.00000	  -0.04574
B         	  10.05598	   4.34402	   0.00000	   0.00000	   0.06098	   0.00000	   0.00000	   0.00000	  -0.01525	  -0.00000	   0.00000	  -0.00000	  -0.04574
B         	 -11.31334	   6.52170	   0.00000	   0.00000	   0.06098	   0.00000	   0.00000	   0.00000	  -0.01525	  -0.00000	   0.00000	  -0.00000	  -0.04574
B         	 -11.31334	  -2.18557	   0.00000	   0.00000	   0.07623	  -0.00000	  -0.00000	  -0.00000	  -0.03049	  -0.00000	  -0.00000	  -0.00000	  -0.04574
B         	 -11.31334	   2.16635	   0.00000	   0.00000	   0.07623	  -0.00000	   0.00000	  -0.00000	  -0.03049	   0.00000	   0.00000	   0.00000	  -0.04574
B         	  -8.79888	   6.52304	   0.00000	   0.00000	   0.06098	   0.00000	  -0.00000	   0.00000	  -0.00000	   0.00000	  -0.00000	   0.00000	  -0.04574
B         	  -8.79880	  -2.18617	   0.00000	   0.00000	   0.10672	   0.01525	  -0.00000	   0.01525	  -0.03049	   0.00000	  -0.00000	   0.00000	  -0.06098
B         	  -8.79849	   2.16823	   0.00000	   0.00000	   0.09147	  -0.01525	  -0.00000	  -0.01525	  -0.03049	   0.00000	  -0.00000	   0.00000	  -0.06098
B         	  -6.28438	   6.52563	   0.00000	  -0.00000	   0.04574	   0.00000	  -0.00000	   0.00000	   0.03049	   0.00000	  -0.00000	   0.00000	  -0.07623
B         	  -6.28391	  -2.18354	   0.00000	  -0.07623	   0.21343	   0.10672	  -0.00000	   0.10672	  -0.04574	  -0.00000	  -0.00000	  -0.00000	  -0.16770
B         	  -6.28230	   2.17017	   0.00000	   0.00000	   0.16770	  -0.09147	   0.00000	  -0.09147	  -0.03049	  -0.00000	   0.00000	  -0.00000	  -0.13721
B         	  -3.77004	  -6.53303	   0.00000	   0.10672	  -0.04574	  -0.06098	  -0.00000	  -0.06098	   0.22868	   0.00000	  -0.00000	   0.00000	  -0.19819
B         	  -3.76856	  -2.17847	   0.00000	  -1.05192	   0.80799	   0.64030	  -0.00000	   0.64030	   0.10672	   0.00000	  -0.00000	   0.00000	  -0.91471
B         	  -3.76771	   2.17362	   0.00000	  -0.92996	   0.41162	  -0.32015	  -0.00000	  -0.32015	   0.07623	   0.00000	  -0.00000	   0.00000	  -0.50309
B         	  -1.25602	  -6.52973	   0.00000	  -0.07623	  -0.18294	  -0.01525	   0.00000	  -0.01525	   0.44211	  -0.00000	   0.00000	  -0.00000	  -0.25917
B         	  -1.24476	  -2.16211	   0.00000	  -0.44211	  -1.64648	  -1.03667	  -0.00000	  -1.03667	   6.25053	  -0.00000	  -0.00000	  -0.00000	  -4.60405
B         	  -1.25050	   2.15773	   0.00000	  -0.64030	   5.15287	  -2.89659	   0.00000	  -2.89659	  -0.50309	  -0.00000	   0.00000	  -0.00000	  -4.66503
B         	   1.25602	  -6.52973	   0.00000	  -0.07623	  -0.18294	   0.01525	  -0.00000	   0.01525	   0.44211	  -0.00000	  -0.00000	  -0.00000	  -0.25917
B         	   1.24476	  -2.16211	   0.00000	  -0.44211	  -1.64648	   1.03667	   0.00000	   1.03667	   6.25053	  -0.00000	   0.00000	  -0.00000	  -4.60405
B         	   1.25050	   2.15773	   0.00000	  -0.64030	   5.15287	   2.89659	  -0.00000	   2.89659	  -0.50309	  -0.00000	  -0.00000	  -0.00000	  -4.66503
B         	   3.77004	  -6.53303	   0.00000	   0.10672	  -0.04574	   0.06098	   0.00000	   0.06098	   0.22868	   0.00000	   0.00000	   0.00000	  -0.19819
B         	   3.76856	  -2.17847	   0.00000	  -1.05192	   0.80799	  -0.64030	  -0.00000	  -0.64030	   0.10672	  -0.00000	  -0.00000	  -0.00000	  -0.91471
B         	   3.76771	   2.17362	   0.00000	  -0.92996	   0.41162	   0.32015	  -0.00000	   0.32015	   0.07623	  -0.00000	  -0.00000	  -0.00000	  -0.50309
B         	   6.28438	   6.52563	   0.00000	  -0.00000	   0.04574	  -0.00000	   0.00000	  -0.00000	   0.03049	   0.00000	   0.00000	   0.00000	  -0.07623
B         	   6.28391	  -2.18354	   0.00000	  -0.07623	   0.21343	  -0.10672	   0.00000	  -0.10672	  -0.04574	   0.00000	   0.00000	   0.00000	  -0.16770
B         	   6.28230	   2.17017	   0.00000	   0.00000	   0.16770	   0.09147	   0.00000	   0.09147	  -0.03049	   0.00000	   0.00000	   0.00000	  -0.13721
B         	   8.79888	   6.52304	   0.00000	   0.00000	   0.06098	  -0.00000	   0.00000	  -0.00000	  -0.00000	  -0.00000	   0.00000	  -0.00000	  -0.04574
B         	   8.79880	  -2.18617	   0.00000	   0.00000	   0.10672	  -0.01525	   0.00000	  -0.01525	  -0.03049	  -0.00000	   0.00000	  -0.00000	  -0.06098
B         	   8.79849	   2.16823	   0.00000	   0.00000	   0.09147	   0.01525	  -0.00000	   0.01525	  -0.03049	  -0.00000	  -0.00000	  -0.00000	  -0.06098
N         	 -10.05795	  -2.91149	   0.00000	   0.00000	   0.07623	   0.01525	   0.00000	   0.01525	  -0.03049	  -0.00000	   0.00000	  -0.00000	  -0.04574
N         	 -10.05742	   1.44236	   0.00000	   0.00000	   0.09147	  -0.00000	  -0.00000	  -0.00000	  -0.03049	   0.00000	  -0.00000	   0.00000	  -0.04574
N         	 -10.05746	   5.79678	   0.00000	   0.00000	   0.06098	  -0.00000	   0.00000	  -0.00000	  -0.01525	  -0.00000	   0.00000	  -0.00000	  -0.04574
N         	  -7.54639	  -2.91066	   0.00000	   0.04574	   0.12196	   0.04574	  -0.00000	   0.04574	  -0.03049	  -0.00000	  -0.00000	  -0.00000	  -0.09147
N         	  -7.54619	   1.44465	   0.00000	   0.00000	   0.13721	  -0.03049	   0.00000	  -0.03049	  -0.04574	  -0.00000	   0.00000	  -0.00000	  -0.09147
N         	  -7.54535	   5.79909	   0.00000	   0.00000	   0.06098	  -0.01525	  -0.00000	  -0.01525	   0.01525	  -0.00000	  -0.00000	  -0.00000	  -0.06098
N         	  -5.03552	  -2.90931	   0.00000	   0.60981	   0.32015	   0.32015	  -0.00000	   0.32015	  -0.00000	   0.00000	  -0.00000	   0.00000	  -0.32015
N         	  -5.03579	   1.44869	   0.00000	   0.00000	   0.41162	  -0.10672	   0.00000	  -0.10672	  -0.06098	   0.00000	   0.00000	   0.00000	  -0.35064
N         	  -5.03231	   5.80370	   0.00000	   0.01525	   0.01525	  -0.01525	   0.00000	  -0.01525	   0.12196	  -0.00000	   0.00000	  -0.00000	  -0.13721
N         	  -2.52329	  -2.91080	   0.00000	  25.99304	   1.79893	   6.20479	   0.00000	   6.20479	   2.33251	  -0.00000	   0.00000	  -0.00000	  -4.14669
N         	  -2.52869	   1.45856	   0.00000	   0.97569	   0.68603	   1.40256	   0.00000	   1.40256	   2.43923	  -0.00000	   0.00000	  -0.00000	  -3.12526
N         	  -2.51738	   5.80804	   0.00000	   1.69222	  -0.21343	  -0.28966	  -0.00000	  -0.28966	   0.62505	  -0.00000	  -0.00000	  -0.00000	  -0.41162
N         	   0.00000	  -2.91414	   0.00000	   1.17388	   3.14051	   0.00000	   0.00000	   0.00000	  -0.01525	  -0.00000	   0.00000	  -0.00000	  -3.11002
N         	   0.00000	   5.80958	   0.00000	   0.54883	  -0.30490	  -0.00000	   0.00000	  -0.00000	   0.71652	   0.00000	   0.00000	   0.00000	  -0.39637
N         	   2.52329	  -2.91080	   0.00000	  25.99304	   1.79893	  -6.20479	  -0.00000	  -6.20479	   2.33251	  -0.00000	  -0.00000	  -0.00000	  -4.14669
N         	   2.52869	   1.45856	   0.00000	   0.97569	   0.68603	  -1.40256	   0.00000	  -1.40256	   2.43923	   0.00000	   0.00000	   0.00000	  -3.12526
N         	   2.51738	   5.80804	   0.00000	   1.69222	  -0.21343	   0.28966	   0.00000	   0.28966	   0.62505	   0.00000	   0.00000	   0.00000	  -0.41162
N         	   5.03552	  -2.90931	   0.00000	   0.60981	   0.32015	  -0.32015	   0.00000	  -0.32015	  -0.00000	   0.00000	   0.00000	   0.00000	  -0.32015
N         	   5.03579	   1.44869	   0.00000	   0.00000	   0.41162	   0.10672	  -0.00000	   0.10672	  -0.06098	  -0.00000	  -0.00000	  -0.00000	  -0.35064
N         	   5.03231	   5.80370	   0.00000	   0.01525	   0.01525	   0.01525	   0.00000	   0.01525	   0.12196	  -0.00000	   0.00000	  -0.00000	  -0.13721
N         	   7.54639	  -2.91066	   0.00000	   0.04574	   0.12196	  -0.04574	   0.00000	  -0.04574	  -0.03049	  -0.00000	   0.00000	  -0.00000	  -0.09147
N         	   7.54619	   1.44465	   0.00000	   0.00000	   0.13721	   0.03049	   0.00000	   0.03049	  -0.04574	   0.00000	   0.00000	   0.00000	  -0.09147
N         	   7.54535	   5.79909	   0.00000	   0.00000	   0.06098	   0.01525	   0.00000	   0.01525	   0.01525	  -0.00000	   0.00000	  -0.00000	  -0.06098
N         	  10.05795	  -2.91149	   0.00000	   0.00000	   0.07623	  -0.01525	  -0.00000	  -0.01525	  -0.03049	  -0.00000	  -0.00000	  -0.00000	  -0.04574
N         	  10.05742	   1.44236	   0.00000	   0.00000	   0.09147	   0.00000	  -0.00000	   0.00000	  -0.03049	  -0.00000	  -0.00000	  -0.00000	  -0.04574
N         	  10.05746	   5.79678	   0.00000	   0.00000	   0.06098	   0.00000	  -0.00000	   0.00000	  -0.01525	  -0.00000	  -0.00000	  -0.00000	  -0.04574
N         	 -11.31334	  -5.08948	   0.00000	   0.00000	   0.06098	   0.00000	   0.00000	   0.00000	  -0.01525	  -0.00000	   0.00000	  -0.00000	  -0.04574
N         	 -11.31334	  -0.73415	   0.00000	   0.01525	   0.09147	  -0.00000	   0.00000	  -0.00000	  -0.04574	   0.00000	   0.00000	   0.00000	  -0.04574
N         	 -11.31334	   3.61900	   0.00000	   0.00000	   0.06098	   0.00000	   0.00000	   0.00000	  -0.03049	   0.00000	   0.00000	   0.00000	  -0.04574
N         	  -8.80165	  -5.08836	   0.00000	   0.00000	   0.06098	   0.01525	   0.00000	   0.01525	  -0.01525	   0.00000	   0.00000	   0.00000	  -0.04574
N         	  -8.80219	  -0.73441	   0.00000	   0.09147	   0.13721	   0.01525	  -0.00000	   0.01525	  -0.06098	  -0.00000	  -0.00000	  -0.00000	  -0.07623
N         	  -8.80123	   3.62075	   0.00000	   0.00000	   0.07623	  -0.01525	   0.00000	  -0.01525	  -0.01525	  -0.00000	   0.00000	  -0.00000	  -0.06098
N         	  -6.28992	  -5.08662	   0.00000	   0.03049	   0.06098	   0.06098	   0.00000	   0.06098	   0.03049	   0.00000	   0.00000	   0.00000	  -0.09147
N         	  -6.29218	  -0.73247	   0.00000	   1.52452	   0.62505	   0.13721	   0.00000	   0.13721	  -0.28966	  -0.00000	   0.00000	  -0.00000	  -0.33539
N         	  -6.28875	   3.62445	   0.00000	  -0.01525	   0.10672	  -0.06098	  -0.00000	  -0.06098	   0.01525	  -0.00000	  -0.00000	  -0.00000	  -0.10672
N         	  -3.77675	  -5.08336	   0.00000	   1.18912	  -0.04574	   0.44211	  -0.00000	   0.44211	   0.47260	  -0.00000	  -0.00000	  -0.00000	  -0.42687
N         	  -3.78490	  -0.73013	   0.00000	  26.28270	   7.33293	   2.97281	  -0.00000	   2.97281	  -3.29296	  -0.00000	  -0.00000	  -0.00000	  -4.03997
N         	  -3.77669	   3.63112	   0.00000	  -0.03049	   0.10672	  -0.25917	  -0.00000	  -0.25917	   0.25917	   0.00000	  -0.00000	   0.00000	  -0.36588
N         	  -1.25961	  -5.08206	   0.00000	   0.13721	  -0.12196	   0.13721	   0.00000	   0.13721	   0.51834	  -0.00000	   0.00000	  -0.00000	  -0.41162
N         	  -1.26084	   3.63771	   0.00000	  25.94731	  -3.24722	  -3.24722	   0.00000	  -3.24722	   7.37867	   0.00000	   0.00000	   0.00000	  -4.13145
N         	   1.25961	  -5.08206	   0.00000	   0.13721	  -0.12196	  -0.13721	   0.00000	  -0.13721	   0.51834	  -0.00000	   0.00000	  -0.00000	  -0.41162
N         	   1.26084	   3.63771	   0.00000	  25.94731	  -3.24722	   3.24722	   0.00000	   3.24722	   7.37867	   0.00000	   0.00000	   0.00000	  -4.13145
N         	   3.77675	  -5.08336	   0.00000	   1.18912	  -0.04574	  -0.44211	  -0.00000	  -0.44211	   0.47260	  -0.00000	  -0.00000	  -0.00000	  -0.42687
N         	   3.78490	  -0.73013	   0.00000	  26.28270	   7.33293	  -2.97281	  -0.00000	  -2.97281	  -3.29296	  -0.00000	  -0.00000	  -0.00000	  -4.03997
N         	   3.77669	   3.63112	   0.00000	  -0.03049	   0.10672	   0.25917	  -0.00000	   0.25917	   0.25917	  -0.00000	  -0.00000	  -0.00000	  -0.36588
N         	   6.28992	  -5.08662	   0.00000	   0.03049	   0.06098	  -0.06098	  -0.00000	  -0.06098	   0.03049	   0.00000	  -0.00000	   0.00000	  -0.09147
N         	   6.29218	  -0.73247	   0.00000	   1.52452	   0.62505	  -0.13721	   0.00000	  -0.13721	  -0.28966	   0.00000	   0.00000	   0.00000	  -0.33539
N         	   6.28875	   3.62445	   0.00000	  -0.01525	   0.10672	   0.06098	  -0.00000	   0.06098	   0.01525	  -0.00000	  -0.00000	  -0.00000	  -0.10672
N         	   8.80165	  -5.08836	   0.00000	   0.00000	   0.06098	  -0.01525	   0.00000	  -0.01525	  -0.01525	  -0.00000	   0.00000	  -0.00000	  -0.04574
N         	   8.80219	  -0.73441	   0.00000	   0.09147	   0.13721	  -0.01525	  -0.00000	  -0.01525	  -0.06098	   0.00000	  -0.00000	   0.00000	  -0.07623
N         	   8.80123	   3.62075	   0.00000	   0.00000	   0.07623	   0.01525	  -0.00000	   0.01525	  -0.01525	  -0.00000	  -0.00000	  -0.00000	  -0.06098
N         	   1.32892	  -0.76450	   0.00000	 310.04135	  90.35822	 -97.59968	   0.00000	 -97.59968	 -21.32802	   0.00000	   0.00000	   0.00000	 -69.03020
N         	  -1.32892	  -0.76450	   0.00000	 310.04135	  90.35822	  97.59968	   0.00000	  97.59968	 -21.32802	   0.00000	   0.00000	   0.00000	 -69.03020
N         	   0.00000	   1.52899	   0.00000	 310.13282	 -78.22305	  -0.00000	  -0.00000	  -0.00000	 147.45144	   0.00000	  -0.00000	   0.00000	 -69.22839
