--------------------------------------------------------------------------------------------------------------------------------------------------------------------------
  AtomName	    r_1i_X	    r_1i_Y	    r_1i_Z	     EFGxx	     EFGxy	     EFGxz	     EFGyx	     EFGyy	     EFGyz	     EFGzx	     EFGzy	     EFGzz	[Hatree/Bohr_radius^2]
--------------------------------------------------------------------------------------------------------------------------------------------------------------------------
10B  eQ___:	  8.459000	[Q/milibarn]*(10^-1)
11B  eQ___:	  4.059000	[Q/milibarn]*(10^-1)
14N  eQ___:	  2.044000	[Q/milibarn]*(10^-1)
15N  eQ___:	  0.000000	[Q/milibarn]*(10^-1)
10B  etc____:	---       	---       	---       	  -0.17799	  -0.00000	  -0.00000	  -0.00000	  -0.17488	   0.00000	  -0.00000	   0.00000	   0.35287
11B  etc____:	---       	---       	---       	  -0.17799	  -0.00000	  -0.00000	  -0.00000	  -0.17488	   0.00000	  -0.00000	   0.00000	   0.35287
14N  etc____:	---       	---       	---       	  -0.01156	   0.00000	   0.00000	   0.00000	  -0.00648	  -0.00000	   0.00000	  -0.00000	   0.01804
15N  etc____:	---       	---       	---       	  -0.01156	   0.00000	   0.00000	   0.00000	  -0.00648	  -0.00000	   0.00000	  -0.00000	   0.01804
MinDif[A]:	 -11.31334	  -6.53303	   0.00000
MaxDif[A]:	  10.05795	   6.52563	   0.00000
--------------------------------------------------------------------------------------------------------------------------------------------------------------------------
B         	 -10.05626	  -4.36351	   0.00000	  -0.17735	   0.00283	  -0.00000	   0.00283	  -0.17545	  -0.00000	  -0.00000	  -0.00000	   0.35280
B         	 -10.05546	  -0.00986	   0.00000	  -0.17834	   0.00382	   0.00000	   0.00382	  -0.17475	   0.00000	   0.00000	   0.00000	   0.35310
B         	 -10.05598	   4.34402	   0.00000	  -0.17874	   0.00300	  -0.00000	   0.00300	  -0.17421	   0.00000	  -0.00000	   0.00000	   0.35296
B         	  -7.54130	  -4.36152	   0.00000	  -0.17573	   0.00860	  -0.00000	   0.00860	  -0.17662	   0.00000	  -0.00000	   0.00000	   0.35235
B         	  -7.54156	  -0.00824	   0.00000	  -0.17817	   0.01088	  -0.00000	   0.01088	  -0.17446	   0.00000	  -0.00000	   0.00000	   0.35264
B         	  -7.54024	   4.34620	   0.00000	  -0.17915	   0.00960	   0.00000	   0.00960	  -0.17345	   0.00000	   0.00000	   0.00000	   0.35261
B         	  -5.02822	  -4.35811	   0.00000	  -0.17180	   0.01141	  -0.00000	   0.01141	  -0.17954	  -0.00000	  -0.00000	  -0.00000	   0.35134
B         	  -5.02603	  -0.00591	   0.00000	  -0.17789	   0.02249	   0.00000	   0.02249	  -0.17221	  -0.00000	   0.00000	  -0.00000	   0.35009
B         	  -5.02509	   4.35043	   0.00000	  -0.18075	   0.01491	  -0.00000	   0.01491	  -0.17120	  -0.00000	  -0.00000	  -0.00000	   0.35196
B         	  -2.51367	  -4.35273	   0.00000	  -0.16249	   0.01134	   0.00000	   0.01134	  -0.18828	   0.00000	   0.00000	   0.00000	   0.35077
B         	  -2.49741	   0.00407	   0.00000	  -0.15368	   0.05928	   0.00000	   0.05928	  -0.17769	   0.00000	   0.00000	   0.00000	   0.33138
B         	  -2.51084	   4.35235	   0.00000	  -0.18533	   0.01450	  -0.00000	   0.01450	  -0.16516	   0.00000	  -0.00000	   0.00000	   0.35049
B         	   0.00000	  -4.34780	   0.00000	  -0.15206	  -0.00000	  -0.00000	  -0.00000	  -0.19731	  -0.00000	  -0.00000	  -0.00000	   0.34936
B         	   0.00000	   4.35224	   0.00000	  -0.18615	   0.00000	   0.00000	   0.00000	  -0.16090	  -0.00000	   0.00000	  -0.00000	   0.34706
B         	   2.51367	  -4.35273	   0.00000	  -0.16249	  -0.01134	  -0.00000	  -0.01134	  -0.18828	  -0.00000	  -0.00000	  -0.00000	   0.35077
B         	   2.49741	   0.00407	   0.00000	  -0.15368	  -0.05928	   0.00000	  -0.05928	  -0.17769	   0.00000	   0.00000	   0.00000	   0.33138
B         	   2.51084	   4.35235	   0.00000	  -0.18533	  -0.01450	  -0.00000	  -0.01450	  -0.16516	  -0.00000	  -0.00000	  -0.00000	   0.35049
B         	   5.02822	  -4.35811	   0.00000	  -0.17180	  -0.01141	  -0.00000	  -0.01141	  -0.17954	  -0.00000	  -0.00000	  -0.00000	   0.35134
B         	   5.02603	  -0.00591	   0.00000	  -0.17789	  -0.02249	   0.00000	  -0.02249	  -0.17221	  -0.00000	   0.00000	  -0.00000	   0.35009
B         	   5.02509	   4.35043	   0.00000	  -0.18075	  -0.01491	   0.00000	  -0.01491	  -0.17120	  -0.00000	   0.00000	  -0.00000	   0.35196
B         	   7.54130	  -4.36152	   0.00000	  -0.17573	  -0.00860	  -0.00000	  -0.00860	  -0.17662	   0.00000	  -0.00000	   0.00000	   0.35235
B         	   7.54156	  -0.00824	   0.00000	  -0.17817	  -0.01088	  -0.00000	  -0.01088	  -0.17446	  -0.00000	  -0.00000	  -0.00000	   0.35264
B         	   7.54024	   4.34620	   0.00000	  -0.17915	  -0.00960	  -0.00000	  -0.00960	  -0.17345	  -0.00000	  -0.00000	  -0.00000	   0.35261
B         	  10.05626	  -4.36351	   0.00000	  -0.17735	  -0.00283	  -0.00000	  -0.00283	  -0.17545	   0.00000	  -0.00000	   0.00000	   0.35280
B         	  10.05546	  -0.00986	   0.00000	  -0.17834	  -0.00382	   0.00000	  -0.00382	  -0.17475	   0.00000	   0.00000	   0.00000	   0.35310
B         	  10.05598	   4.34402	   0.00000	  -0.17874	  -0.00300	   0.00000	  -0.00300	  -0.17421	  -0.00000	   0.00000	  -0.00000	   0.35296
B         	 -11.31334	   6.52170	   0.00000	  -0.17799	  -0.00000	  -0.00000	  -0.00000	  -0.17488	   0.00000	  -0.00000	   0.00000	   0.35287
B         	 -11.31334	  -2.18557	   0.00000	  -0.17707	   0.00000	  -0.00000	   0.00000	  -0.17595	   0.00000	  -0.00000	   0.00000	   0.35303
B         	 -11.31334	   2.16635	   0.00000	  -0.17884	  -0.00000	   0.00000	  -0.00000	  -0.17425	   0.00000	   0.00000	   0.00000	   0.35310
B         	  -8.79888	   6.52304	   0.00000	  -0.17749	   0.00539	  -0.00000	   0.00539	  -0.17519	  -0.00000	  -0.00000	  -0.00000	   0.35269
B         	  -8.79880	  -2.18617	   0.00000	  -0.17742	   0.00639	   0.00000	   0.00639	  -0.17535	   0.00000	   0.00000	   0.00000	   0.35277
B         	  -8.79849	   2.16823	   0.00000	  -0.17866	   0.00684	  -0.00000	   0.00684	  -0.17428	   0.00000	  -0.00000	   0.00000	   0.35295
B         	  -6.28438	   6.52563	   0.00000	  -0.17720	   0.00979	   0.00000	   0.00979	  -0.17539	  -0.00000	   0.00000	  -0.00000	   0.35259
B         	  -6.28391	  -2.18354	   0.00000	  -0.17502	   0.01365	  -0.00000	   0.01365	  -0.17634	   0.00000	  -0.00000	   0.00000	   0.35136
B         	  -6.28230	   2.17017	   0.00000	  -0.18060	   0.01575	  -0.00000	   0.01575	  -0.17136	  -0.00000	  -0.00000	  -0.00000	   0.35197
B         	  -3.77004	  -6.53303	   0.00000	  -0.17542	   0.01065	   0.00000	   0.01065	  -0.17698	   0.00000	   0.00000	   0.00000	   0.35240
B         	  -3.76856	  -2.17847	   0.00000	  -0.16520	   0.02042	  -0.00000	   0.02042	  -0.18093	   0.00000	  -0.00000	   0.00000	   0.34613
B         	  -3.76771	   2.17362	   0.00000	  -0.18583	   0.02583	  -0.00000	   0.02583	  -0.16315	   0.00000	  -0.00000	   0.00000	   0.34899
B         	  -1.25602	  -6.52973	   0.00000	  -0.17230	   0.00567	   0.00000	   0.00567	  -0.17914	  -0.00000	   0.00000	  -0.00000	   0.35144
B         	  -1.24476	  -2.16211	   0.00000	  -0.12368	   0.03990	  -0.00000	   0.03990	  -0.20877	  -0.00000	  -0.00000	  -0.00000	   0.33245
B         	  -1.25050	   2.15773	   0.00000	  -0.21889	   0.02053	  -0.00000	   0.02053	  -0.11288	   0.00000	  -0.00000	   0.00000	   0.33177
B         	   1.25602	  -6.52973	   0.00000	  -0.17230	  -0.00567	  -0.00000	  -0.00567	  -0.17914	   0.00000	  -0.00000	   0.00000	   0.35144
B         	   1.24476	  -2.16211	   0.00000	  -0.12368	  -0.03990	   0.00000	  -0.03990	  -0.20877	   0.00000	   0.00000	   0.00000	   0.33245
B         	   1.25050	   2.15773	   0.00000	  -0.21889	  -0.02054	  -0.00000	  -0.02054	  -0.11288	  -0.00000	  -0.00000	  -0.00000	   0.33177
B         	   3.77004	  -6.53303	   0.00000	  -0.17542	  -0.01065	   0.00000	  -0.01065	  -0.17698	  -0.00000	   0.00000	  -0.00000	   0.35240
B         	   3.76856	  -2.17847	   0.00000	  -0.16520	  -0.02042	   0.00000	  -0.02042	  -0.18093	   0.00000	   0.00000	   0.00000	   0.34613
B         	   3.76771	   2.17362	   0.00000	  -0.18583	  -0.02583	  -0.00000	  -0.02583	  -0.16315	  -0.00000	  -0.00000	  -0.00000	   0.34899
B         	   6.28438	   6.52563	   0.00000	  -0.17720	  -0.00979	   0.00000	  -0.00979	  -0.17539	  -0.00000	   0.00000	  -0.00000	   0.35259
B         	   6.28391	  -2.18354	   0.00000	  -0.17502	  -0.01365	  -0.00000	  -0.01365	  -0.17634	  -0.00000	  -0.00000	  -0.00000	   0.35136
B         	   6.28230	   2.17017	   0.00000	  -0.18060	  -0.01575	   0.00000	  -0.01575	  -0.17136	  -0.00000	   0.00000	  -0.00000	   0.35197
B         	   8.79888	   6.52304	   0.00000	  -0.17749	  -0.00539	  -0.00000	  -0.00539	  -0.17519	   0.00000	  -0.00000	   0.00000	   0.35269
B         	   8.79880	  -2.18617	   0.00000	  -0.17742	  -0.00639	   0.00000	  -0.00639	  -0.17535	   0.00000	   0.00000	   0.00000	   0.35277
B         	   8.79849	   2.16823	   0.00000	  -0.17866	  -0.00684	  -0.00000	  -0.00684	  -0.17428	  -0.00000	  -0.00000	  -0.00000	   0.35295
N         	 -10.05795	  -2.91149	   0.00000	  -0.01205	  -0.00157	   0.00000	  -0.00157	  -0.00654	  -0.00000	   0.00000	  -0.00000	   0.01860
N         	 -10.05742	   1.44236	   0.00000	  -0.01088	  -0.00077	   0.00000	  -0.00077	  -0.00710	   0.00000	   0.00000	   0.00000	   0.01798
N         	 -10.05746	   5.79678	   0.00000	  -0.01070	  -0.00032	   0.00000	  -0.00032	  -0.00679	  -0.00000	   0.00000	  -0.00000	   0.01749
N         	  -7.54639	  -2.91066	   0.00000	  -0.01302	  -0.00417	  -0.00000	  -0.00417	  -0.00766	   0.00000	  -0.00000	   0.00000	   0.02067
N         	  -7.54619	   1.44465	   0.00000	  -0.01109	  -0.00211	  -0.00000	  -0.00211	  -0.00620	  -0.00000	  -0.00000	  -0.00000	   0.01729
N         	  -7.54535	   5.79909	   0.00000	  -0.00967	  -0.00229	   0.00000	  -0.00229	  -0.00830	   0.00000	   0.00000	   0.00000	   0.01797
N         	  -5.03552	  -2.90931	   0.00000	  -0.01536	  -0.00688	  -0.00000	  -0.00688	  -0.00774	  -0.00000	  -0.00000	  -0.00000	   0.02310
N         	  -5.03579	   1.44869	   0.00000	  -0.01078	  -0.00217	  -0.00000	  -0.00217	  -0.00393	  -0.00000	  -0.00000	  -0.00000	   0.01472
N         	  -5.03231	   5.80370	   0.00000	  -0.00756	  -0.00208	   0.00000	  -0.00208	  -0.01136	  -0.00000	   0.00000	  -0.00000	   0.01892
N         	  -2.52329	  -2.91080	   0.00000	  -0.00001	   0.01461	   0.00000	   0.01461	  -0.00179	   0.00000	   0.00000	   0.00000	   0.00180
N         	  -2.52869	   1.45856	   0.00000	  -0.00267	   0.01136	  -0.00000	   0.01136	   0.00779	  -0.00000	  -0.00000	  -0.00000	  -0.00512
N         	  -2.51738	   5.80804	   0.00000	  -0.00391	  -0.00315	   0.00000	  -0.00315	  -0.01414	   0.00000	   0.00000	   0.00000	   0.01805
N         	   0.00000	  -2.91414	   0.00000	   0.01951	   0.00000	  -0.00000	   0.00000	  -0.01407	  -0.00000	  -0.00000	  -0.00000	  -0.00544
N         	   0.00000	   5.80958	   0.00000	  -0.00219	   0.00000	  -0.00000	   0.00000	  -0.01698	  -0.00000	  -0.00000	  -0.00000	   0.01917
N         	   2.52329	  -2.91080	   0.00000	  -0.00001	  -0.01461	   0.00000	  -0.01461	  -0.00179	  -0.00000	   0.00000	  -0.00000	   0.00180
N         	   2.52869	   1.45856	   0.00000	  -0.00267	  -0.01136	  -0.00000	  -0.01136	   0.00779	   0.00000	  -0.00000	   0.00000	  -0.00512
N         	   2.51738	   5.80804	   0.00000	  -0.00391	   0.00315	  -0.00000	   0.00315	  -0.01414	  -0.00000	  -0.00000	  -0.00000	   0.01805
N         	   5.03552	  -2.90931	   0.00000	  -0.01536	   0.00688	   0.00000	   0.00688	  -0.00774	   0.00000	   0.00000	   0.00000	   0.02310
N         	   5.03579	   1.44869	   0.00000	  -0.01078	   0.00217	  -0.00000	   0.00217	  -0.00393	   0.00000	  -0.00000	   0.00000	   0.01472
N         	   5.03231	   5.80370	   0.00000	  -0.00756	   0.00208	  -0.00000	   0.00208	  -0.01136	  -0.00000	  -0.00000	  -0.00000	   0.01892
N         	   7.54639	  -2.91066	   0.00000	  -0.01302	   0.00417	  -0.00000	   0.00417	  -0.00766	  -0.00000	  -0.00000	  -0.00000	   0.02067
N         	   7.54619	   1.44465	   0.00000	  -0.01109	   0.00211	   0.00000	   0.00211	  -0.00620	  -0.00000	   0.00000	  -0.00000	   0.01729
N         	   7.54535	   5.79909	   0.00000	  -0.00967	   0.00229	   0.00000	   0.00229	  -0.00830	   0.00000	   0.00000	   0.00000	   0.01797
N         	  10.05795	  -2.91149	   0.00000	  -0.01205	   0.00157	   0.00000	   0.00157	  -0.00654	   0.00000	   0.00000	   0.00000	   0.01860
N         	  10.05742	   1.44236	   0.00000	  -0.01088	   0.00077	   0.00000	   0.00077	  -0.00710	  -0.00000	   0.00000	  -0.00000	   0.01798
N         	  10.05746	   5.79678	   0.00000	  -0.01070	   0.00032	   0.00000	   0.00032	  -0.00679	   0.00000	   0.00000	   0.00000	   0.01749
N         	 -11.31334	  -5.08948	   0.00000	  -0.01156	   0.00000	   0.00000	   0.00000	  -0.00648	  -0.00000	   0.00000	  -0.00000	   0.01804
N         	 -11.31334	  -0.73415	   0.00000	  -0.01092	  -0.00000	   0.00000	  -0.00000	  -0.00775	  -0.00000	   0.00000	  -0.00000	   0.01868
N         	 -11.31334	   3.61900	   0.00000	  -0.01019	   0.00000	   0.00000	   0.00000	  -0.00699	  -0.00000	   0.00000	  -0.00000	   0.01717
N         	  -8.80165	  -5.08836	   0.00000	  -0.01122	  -0.00181	   0.00000	  -0.00181	  -0.00717	  -0.00000	   0.00000	  -0.00000	   0.01838
N         	  -8.80219	  -0.73441	   0.00000	  -0.01279	  -0.00225	   0.00000	  -0.00225	  -0.00670	  -0.00000	   0.00000	  -0.00000	   0.01949
N         	  -8.80123	   3.62075	   0.00000	  -0.00922	  -0.00084	   0.00000	  -0.00084	  -0.00797	  -0.00000	   0.00000	  -0.00000	   0.01719
N         	  -6.28992	  -5.08662	   0.00000	  -0.01224	  -0.00404	  -0.00000	  -0.00404	  -0.00861	   0.00000	  -0.00000	   0.00000	   0.02085
N         	  -6.29218	  -0.73247	   0.00000	  -0.01387	  -0.00559	  -0.00000	  -0.00559	  -0.00686	   0.00000	  -0.00000	   0.00000	   0.02073
N         	  -6.28875	   3.62445	   0.00000	  -0.00819	  -0.00125	   0.00000	  -0.00125	  -0.00753	  -0.00000	   0.00000	  -0.00000	   0.01572
N         	  -3.77675	  -5.08336	   0.00000	  -0.01061	  -0.00444	   0.00000	  -0.00444	  -0.00947	   0.00000	   0.00000	   0.00000	   0.02008
N         	  -3.78490	  -0.73013	   0.00000	   0.00809	   0.00706	   0.00000	   0.00706	  -0.01279	   0.00000	   0.00000	   0.00000	   0.00470
N         	  -3.77669	   3.63112	   0.00000	  -0.00363	   0.00008	  -0.00000	   0.00008	  -0.01063	   0.00000	  -0.00000	   0.00000	   0.01426
N         	  -1.25961	  -5.08206	   0.00000	  -0.00362	  -0.00260	  -0.00000	  -0.00260	  -0.01120	  -0.00000	  -0.00000	  -0.00000	   0.01482
N         	  -1.26084	   3.63771	   0.00000	  -0.01252	  -0.00809	  -0.00000	  -0.00809	   0.01155	   0.00000	  -0.00000	   0.00000	   0.00098
N         	   1.25961	  -5.08206	   0.00000	  -0.00362	   0.00260	  -0.00000	   0.00260	  -0.01120	  -0.00000	  -0.00000	  -0.00000	   0.01482
N         	   1.26084	   3.63771	   0.00000	  -0.01252	   0.00809	  -0.00000	   0.00809	   0.01155	  -0.00000	  -0.00000	  -0.00000	   0.00098
N         	   3.77675	  -5.08336	   0.00000	  -0.01061	   0.00444	   0.00000	   0.00444	  -0.00947	  -0.00000	   0.00000	  -0.00000	   0.02008
N         	   3.78490	  -0.73013	   0.00000	   0.00809	  -0.00706	   0.00000	  -0.00706	  -0.01279	  -0.00000	   0.00000	  -0.00000	   0.00470
N         	   3.77669	   3.63112	   0.00000	  -0.00363	  -0.00008	  -0.00000	  -0.00008	  -0.01063	  -0.00000	  -0.00000	  -0.00000	   0.01426
N         	   6.28992	  -5.08662	   0.00000	  -0.01224	   0.00404	  -0.00000	   0.00404	  -0.00861	   0.00000	  -0.00000	   0.00000	   0.02085
N         	   6.29218	  -0.73247	   0.00000	  -0.01387	   0.00559	  -0.00000	   0.00559	  -0.00686	  -0.00000	  -0.00000	  -0.00000	   0.02073
N         	   6.28875	   3.62445	   0.00000	  -0.00819	   0.00125	   0.00000	   0.00125	  -0.00753	   0.00000	   0.00000	   0.00000	   0.01572
N         	   8.80165	  -5.08836	   0.00000	  -0.01122	   0.00181	   0.00000	   0.00181	  -0.00717	  -0.00000	   0.00000	  -0.00000	   0.01838
N         	   8.80219	  -0.73441	   0.00000	  -0.01279	   0.00225	   0.00000	   0.00225	  -0.00670	   0.00000	   0.00000	   0.00000	   0.01949
N         	   8.80123	   3.62075	   0.00000	  -0.00922	   0.00084	   0.00000	   0.00084	  -0.00797	  -0.00000	   0.00000	  -0.00000	   0.01719
N         	   1.32892	  -0.76450	   0.00000	   0.22277	  -0.25964	  -0.00000	  -0.25964	  -0.07222	   0.00000	  -0.00000	   0.00000	  -0.15054
N         	  -1.32892	  -0.76450	   0.00000	   0.22278	   0.25964	  -0.00000	   0.25964	  -0.07222	  -0.00000	  -0.00000	  -0.00000	  -0.15054
N         	   0.00000	   1.52899	   0.00000	  -0.22220	  -0.00000	   0.00000	  -0.00000	   0.36891	  -0.00000	   0.00000	  -0.00000	  -0.14671
