2109.00000	   0.00000	   0.00000	   0.00000
   1.42045	   2.11290	   7.50000	       11B
   1.42045	   6.36090	   7.50000	       11B
   1.42045	  10.60889	   7.50000	       11B
   4.26136	   2.11290	   7.50000	       11B
   4.26136	   6.36090	   7.50000	       11B
   4.26136	  10.60889	   7.50000	       10B
   7.10227	   2.11290	   7.50000	       11B
   7.10227	   6.36090	   7.50000	       10B
   7.10227	  10.60889	   7.50000	       11B
   9.94317	   2.11290	   7.50000	       11B
   9.94317	   6.36090	   7.50000	       11B
   9.94317	  10.60889	   7.50000	       10B
  12.78408	   2.11290	   7.50000	       11B
  12.78408	   6.36090	   7.50000	       11B
  12.78408	  10.60889	   7.50000	       11B
  15.62499	   2.11290	   7.50000	       11B
  15.62499	   6.36090	   7.50000	       11B
  15.62499	  10.60889	   7.50000	       10B
  18.46589	   2.11290	   7.50000	       10B
  18.46589	   6.36090	   7.50000	       11B
  18.46589	  10.60889	   7.50000	       11B
  21.30680	   2.11290	   7.50000	       11B
  21.30680	   6.36090	   7.50000	       10B
  21.30680	  10.60889	   7.50000	       11B
  24.14771	   2.11290	   7.50000	       11B
  24.14771	   6.36090	   7.50000	       11B
  24.14771	  10.60889	   7.50000	       11B
   0.00000	   4.23689	   7.50000	       10B
   0.00000	   8.48489	   7.50000	       11B
   0.00000	  12.73289	   7.50000	       11B
   2.84091	   4.23689	   7.50000	       10B
   2.84091	   8.48489	   7.50000	       10B
   2.84091	  12.73289	   7.50000	       11B
   5.68181	   4.23689	   7.50000	       10B
   5.68181	   8.48489	   7.50000	       11B
   5.68181	  12.73289	   7.50000	       11B
   8.52272	   4.23689	   7.50000	       11B
   8.52272	   8.48489	   7.50000	       11B
   8.52272	  12.73289	   7.50000	       11B
  11.36363	   4.23689	   7.50000	       10B
  11.36363	   8.48489	   7.50000	       11B
  11.36363	  12.73289	   7.50000	       11B
  14.20453	   4.23689	   7.50000	       11B
  14.20453	   8.48489	   7.50000	       11B
  14.20453	  12.73289	   7.50000	       10B
  17.04544	   4.23689	   7.50000	       11B
  17.04544	   8.48489	   7.50000	       11B
  17.04544	  12.73289	   7.50000	       11B
  19.88635	   4.23689	   7.50000	       11B
  19.88635	   8.48489	   7.50000	       11B
  19.88635	  12.73289	   7.50000	       11B
  22.72725	   4.23689	   7.50000	       11B
  22.72725	   8.48489	   7.50000	       11B
  22.72725	  12.73289	   7.50000	       11B
   1.42045	   3.55351	   7.50000	       14N
   1.42045	   7.80151	   7.50000	       14N
   1.42045	  12.04951	   7.50000	       14N
   4.26136	   3.55351	   7.50000	       14N
   4.26136	   7.80151	   7.50000	       14N
   4.26136	  12.04951	   7.50000	       14N
   7.10227	   3.55351	   7.50000	       14N
   7.10227	   7.80151	   7.50000	       14N
   7.10227	  12.04951	   7.50000	       14N
   9.94317	   3.55351	   7.50000	       14N
   9.94317	   7.80151	   7.50000	       14N
   9.94317	  12.04951	   7.50000	       15N
  12.78408	   3.55351	   7.50000	       14N
  12.78408	   7.80151	   7.50000	       14N
  12.78408	  12.04951	   7.50000	       14N
  15.62499	   3.55351	   7.50000	       14N
  15.62499	   7.80151	   7.50000	       14N
  15.62499	  12.04951	   7.50000	       14N
  18.46589	   3.55351	   7.50000	       14N
  18.46589	   7.80151	   7.50000	       14N
  18.46589	  12.04951	   7.50000	       14N
  21.30680	   3.55351	   7.50000	       14N
  21.30680	   7.80151	   7.50000	       14N
  21.30680	  12.04951	   7.50000	       14N
  24.14771	   3.55351	   7.50000	       14N
  24.14771	   7.80151	   7.50000	       14N
  24.14771	  12.04951	   7.50000	       14N
   0.00000	   1.42951	   7.50000	       14N
   0.00000	   5.67751	   7.50000	       14N
   0.00000	   9.92550	   7.50000	       14N
   2.84091	   1.42951	   7.50000	       14N
   2.84091	   5.67751	   7.50000	       14N
   2.84091	   9.92550	   7.50000	       14N
   5.68181	   1.42951	   7.50000	       14N
   5.68181	   5.67751	   7.50000	       14N
   5.68181	   9.92550	   7.50000	       14N
   8.52272	   1.42951	   7.50000	       14N
   8.52272	   5.67751	   7.50000	       14N
   8.52272	   9.92550	   7.50000	       14N
  11.36363	   1.42951	   7.50000	       14N
  11.36363	   5.67751	   7.50000	       14N
  11.36363	   9.92550	   7.50000	       14N
  14.20453	   1.42951	   7.50000	       14N
  14.20453	   5.67751	   7.50000	       14N
  14.20453	   9.92550	   7.50000	       14N
  17.04544	   1.42951	   7.50000	       14N
  17.04544	   5.67751	   7.50000	       14N
  17.04544	   9.92550	   7.50000	       14N
  19.88635	   1.42951	   7.50000	       14N
  19.88635	   5.67751	   7.50000	       14N
  19.88635	   9.92550	   7.50000	       14N
  22.72725	   1.42951	   7.50000	       14N
  22.72725	   5.67751	   7.50000	       14N
  22.72725	   9.92550	   7.50000	       14N
   1.42045	  14.85689	   7.50000	       10B
   1.42045	  19.10489	   7.50000	       11B
   1.42045	  23.35289	   7.50000	       11B
   4.26136	  14.85689	   7.50000	       11B
   4.26136	  19.10489	   7.50000	       11B
   4.26136	  23.35289	   7.50000	       11B
   7.10227	  14.85689	   7.50000	       11B
   7.10227	  19.10489	   7.50000	       11B
   7.10227	  23.35289	   7.50000	       10B
   9.94317	  14.85689	   7.50000	       10B
   9.94317	  19.10489	   7.50000	       11B
   9.94317	  23.35289	   7.50000	       11B
  12.78408	  14.85689	   7.50000	       11B
  12.78408	  19.10489	   7.50000	       11B
  12.78408	  23.35289	   7.50000	       11B
  15.62499	  14.85689	   7.50000	       11B
  15.62499	  19.10489	   7.50000	       11B
  15.62499	  23.35289	   7.50000	       10B
  18.46589	  14.85689	   7.50000	       11B
  18.46589	  19.10489	   7.50000	       10B
  18.46589	  23.35289	   7.50000	       11B
  21.30680	  14.85689	   7.50000	       11B
  21.30680	  19.10489	   7.50000	       11B
  21.30680	  23.35289	   7.50000	       11B
  24.14771	  14.85689	   7.50000	       11B
  24.14771	  19.10489	   7.50000	       11B
  24.14771	  23.35289	   7.50000	       11B
   0.00000	  16.98089	   7.50000	       11B
   0.00000	  21.22889	   7.50000	       11B
   0.00000	  25.47689	   7.50000	       11B
   2.84091	  16.98089	   7.50000	       11B
   2.84091	  21.22889	   7.50000	       11B
   2.84091	  25.47689	   7.50000	       11B
   5.68181	  16.98089	   7.50000	       11B
   5.68181	  21.22889	   7.50000	       11B
   5.68181	  25.47689	   7.50000	       11B
   8.52272	  16.98089	   7.50000	       11B
   8.52272	  21.22889	   7.50000	       11B
   8.52272	  25.47689	   7.50000	       11B
  11.36363	  16.98089	   7.50000	       11B
  11.36363	  21.22889	   7.50000	       11B
  11.36363	  25.47689	   7.50000	       10B
  14.20453	  16.98089	   7.50000	       11B
  14.20453	  21.22889	   7.50000	       11B
  14.20453	  25.47689	   7.50000	       11B
  17.04544	  16.98089	   7.50000	       11B
  17.04544	  21.22889	   7.50000	       11B
  17.04544	  25.47689	   7.50000	       10B
  19.88635	  16.98089	   7.50000	       10B
  19.88635	  21.22889	   7.50000	       11B
  19.88635	  25.47689	   7.50000	       10B
  22.72725	  16.98089	   7.50000	       11B
  22.72725	  21.22889	   7.50000	       11B
  22.72725	  25.47689	   7.50000	       11B
   1.42045	  16.29751	   7.50000	       14N
   1.42045	  20.54550	   7.50000	       14N
   1.42045	  24.79350	   7.50000	       14N
   4.26136	  16.29751	   7.50000	       14N
   4.26136	  20.54550	   7.50000	       14N
   4.26136	  24.79350	   7.50000	       14N
   7.10227	  16.29751	   7.50000	       14N
   7.10227	  20.54550	   7.50000	       14N
   7.10227	  24.79350	   7.50000	       14N
   9.94317	  16.29751	   7.50000	       14N
   9.94317	  20.54550	   7.50000	       14N
   9.94317	  24.79350	   7.50000	       14N
  12.78408	  16.29751	   7.50000	       14N
  12.78408	  20.54550	   7.50000	       14N
  12.78408	  24.79350	   7.50000	       14N
  15.62499	  16.29751	   7.50000	       14N
  15.62499	  20.54550	   7.50000	       14N
  15.62499	  24.79350	   7.50000	       14N
  18.46589	  16.29751	   7.50000	       14N
  18.46589	  20.54550	   7.50000	       14N
  18.46589	  24.79350	   7.50000	       14N
  21.30680	  16.29751	   7.50000	       14N
  21.30680	  20.54550	   7.50000	       14N
  21.30680	  24.79350	   7.50000	       14N
  24.14771	  16.29751	   7.50000	       14N
  24.14771	  20.54550	   7.50000	       14N
  24.14771	  24.79350	   7.50000	       14N
   0.00000	  14.17350	   7.50000	       14N
   0.00000	  18.42150	   7.50000	       14N
   0.00000	  22.66950	   7.50000	       14N
   2.84091	  14.17350	   7.50000	       14N
   2.84091	  18.42150	   7.50000	       14N
   2.84091	  22.66950	   7.50000	       14N
   5.68181	  14.17350	   7.50000	       14N
   5.68181	  18.42150	   7.50000	       14N
   5.68181	  22.66950	   7.50000	       14N
   8.52272	  14.17350	   7.50000	       14N
   8.52272	  18.42150	   7.50000	       14N
   8.52272	  22.66950	   7.50000	       14N
  11.36363	  14.17350	   7.50000	       14N
  11.36363	  18.42150	   7.50000	       14N
  11.36363	  22.66950	   7.50000	       14N
  14.20453	  14.17350	   7.50000	       14N
  14.20453	  18.42150	   7.50000	       14N
  14.20453	  22.66950	   7.50000	       14N
  17.04544	  14.17350	   7.50000	       14N
  17.04544	  18.42150	   7.50000	       14N
  17.04544	  22.66950	   7.50000	       14N
  19.88635	  14.17350	   7.50000	       14N
  19.88635	  18.42150	   7.50000	       14N
  19.88635	  22.66950	   7.50000	       14N
  22.72725	  14.17350	   7.50000	       14N
  22.72725	  18.42150	   7.50000	       14N
  22.72725	  22.66950	   7.50000	       14N
   1.42045	  27.60089	   7.50000	       11B
   1.42045	  31.84889	   7.50000	       11B
   1.42045	  36.09688	   7.50000	       11B
   4.26136	  27.60089	   7.50000	       11B
   4.26136	  31.84889	   7.50000	       10B
   4.26136	  36.09688	   7.50000	       11B
   7.10227	  27.60089	   7.50000	       10B
   7.10227	  31.84889	   7.50000	       11B
   7.10227	  36.09688	   7.50000	       10B
   9.94317	  27.60089	   7.50000	       10B
   9.94317	  31.84889	   7.50000	       11B
   9.94317	  36.09688	   7.50000	       11B
  12.78408	  27.60089	   7.50000	       11B
  12.78408	  31.84889	   7.50000	       11B
  12.78408	  36.09688	   7.50000	       11B
  15.62499	  27.60089	   7.50000	       11B
  15.62499	  31.84889	   7.50000	       11B
  15.62499	  36.09688	   7.50000	       11B
  18.46589	  27.60089	   7.50000	       11B
  18.46589	  31.84889	   7.50000	       11B
  18.46589	  36.09688	   7.50000	       10B
  21.30680	  27.60089	   7.50000	       11B
  21.30680	  31.84889	   7.50000	       11B
  21.30680	  36.09688	   7.50000	       11B
  24.14771	  27.60089	   7.50000	       11B
  24.14771	  31.84889	   7.50000	       11B
  24.14771	  36.09688	   7.50000	       11B
   0.00000	  29.72488	   7.50000	       11B
   0.00000	  33.97288	   7.50000	       10B
   0.00000	  38.22088	   7.50000	       11B
   2.84091	  29.72488	   7.50000	       11B
   2.84091	  33.97288	   7.50000	       10B
   2.84091	  38.22088	   7.50000	       10B
   5.68181	  29.72488	   7.50000	       11B
   5.68181	  33.97288	   7.50000	       11B
   5.68181	  38.22088	   7.50000	       11B
   8.52272	  29.72488	   7.50000	       11B
   8.52272	  33.97288	   7.50000	       11B
   8.52272	  38.22088	   7.50000	       10B
  11.36363	  29.72488	   7.50000	       10B
  11.36363	  33.97288	   7.50000	       11B
  11.36363	  38.22088	   7.50000	       11B
  14.20453	  29.72488	   7.50000	       10B
  14.20453	  33.97288	   7.50000	       11B
  14.20453	  38.22088	   7.50000	       11B
  17.04544	  29.72488	   7.50000	       11B
  17.04544	  33.97288	   7.50000	       10B
  17.04544	  38.22088	   7.50000	       11B
  19.88635	  29.72488	   7.50000	       11B
  19.88635	  33.97288	   7.50000	       10B
  19.88635	  38.22088	   7.50000	       10B
  22.72725	  29.72488	   7.50000	       11B
  22.72725	  33.97288	   7.50000	       11B
  22.72725	  38.22088	   7.50000	       11B
   1.42045	  29.04150	   7.50000	       14N
   1.42045	  33.28950	   7.50000	       14N
   1.42045	  37.53750	   7.50000	       14N
   4.26136	  29.04150	   7.50000	       14N
   4.26136	  33.28950	   7.50000	       14N
   4.26136	  37.53750	   7.50000	       14N
   7.10227	  29.04150	   7.50000	       14N
   7.10227	  33.28950	   7.50000	       14N
   7.10227	  37.53750	   7.50000	       14N
   9.94317	  29.04150	   7.50000	       14N
   9.94317	  33.28950	   7.50000	       14N
   9.94317	  37.53750	   7.50000	       14N
  12.78408	  29.04150	   7.50000	       14N
  12.78408	  33.28950	   7.50000	       14N
  12.78408	  37.53750	   7.50000	       15N
  15.62499	  29.04150	   7.50000	       14N
  15.62499	  33.28950	   7.50000	       14N
  15.62499	  37.53750	   7.50000	       14N
  18.46589	  29.04150	   7.50000	       14N
  18.46589	  33.28950	   7.50000	       14N
  18.46589	  37.53750	   7.50000	       14N
  21.30680	  29.04150	   7.50000	       14N
  21.30680	  33.28950	   7.50000	       14N
  21.30680	  37.53750	   7.50000	       14N
  24.14771	  29.04150	   7.50000	       14N
  24.14771	  33.28950	   7.50000	       14N
  24.14771	  37.53750	   7.50000	       14N
   0.00000	  26.91750	   7.50000	       14N
   0.00000	  31.16550	   7.50000	       14N
   0.00000	  35.41350	   7.50000	       14N
   2.84091	  26.91750	   7.50000	       14N
   2.84091	  31.16550	   7.50000	       14N
   2.84091	  35.41350	   7.50000	       14N
   5.68181	  26.91750	   7.50000	       14N
   5.68181	  31.16550	   7.50000	       14N
   5.68181	  35.41350	   7.50000	       14N
   8.52272	  26.91750	   7.50000	       14N
   8.52272	  31.16550	   7.50000	       14N
   8.52272	  35.41350	   7.50000	       14N
  11.36363	  26.91750	   7.50000	       14N
  11.36363	  31.16550	   7.50000	       14N
  11.36363	  35.41350	   7.50000	       14N
  14.20453	  26.91750	   7.50000	       14N
  14.20453	  31.16550	   7.50000	       14N
  14.20453	  35.41350	   7.50000	       14N
  17.04544	  26.91750	   7.50000	       14N
  17.04544	  31.16550	   7.50000	       14N
  17.04544	  35.41350	   7.50000	       14N
  19.88635	  26.91750	   7.50000	       14N
  19.88635	  31.16550	   7.50000	       14N
  19.88635	  35.41350	   7.50000	       14N
  22.72725	  26.91750	   7.50000	       14N
  22.72725	  31.16550	   7.50000	       14N
  22.72725	  35.41350	   7.50000	       14N
   1.42045	  40.34488	   7.50000	       10B
   1.42045	  44.59288	   7.50000	       10B
   1.42045	  48.84088	   7.50000	       10B
   4.26136	  40.34488	   7.50000	       10B
   4.26136	  44.59288	   7.50000	       11B
   4.26136	  48.84088	   7.50000	       10B
   7.10227	  40.34488	   7.50000	       10B
   7.10227	  44.59288	   7.50000	       11B
   7.10227	  48.84088	   7.50000	       10B
   9.94317	  40.34488	   7.50000	       11B
   9.94317	  44.59288	   7.50000	       10B
   9.94317	  48.84088	   7.50000	       11B
  12.78408	  40.34488	   7.50000	       11B
  12.78408	  44.59288	   7.50000	       10B
  12.78408	  48.84088	   7.50000	       11B
  15.62499	  40.34488	   7.50000	       11B
  15.62499	  44.59288	   7.50000	       11B
  15.62499	  48.84088	   7.50000	       11B
  18.46589	  40.34488	   7.50000	       11B
  18.46589	  44.59288	   7.50000	       11B
  18.46589	  48.84088	   7.50000	       11B
  21.30680	  40.34488	   7.50000	       11B
  21.30680	  44.59288	   7.50000	       11B
  21.30680	  48.84088	   7.50000	       10B
  24.14771	  40.34488	   7.50000	       11B
  24.14771	  44.59288	   7.50000	       11B
  24.14771	  48.84088	   7.50000	       11B
   0.00000	  42.46888	   7.50000	       10B
   0.00000	  46.71688	   7.50000	       11B
   0.00000	  50.96488	   7.50000	       11B
   2.84091	  42.46888	   7.50000	       11B
   2.84091	  46.71688	   7.50000	       11B
   2.84091	  50.96488	   7.50000	       11B
   5.68181	  42.46888	   7.50000	       11B
   5.68181	  46.71688	   7.50000	       10B
   5.68181	  50.96488	   7.50000	       11B
   8.52272	  42.46888	   7.50000	       11B
   8.52272	  46.71688	   7.50000	       10B
   8.52272	  50.96488	   7.50000	       11B
  11.36363	  42.46888	   7.50000	       11B
  11.36363	  46.71688	   7.50000	       11B
  11.36363	  50.96488	   7.50000	       11B
  14.20453	  42.46888	   7.50000	       11B
  14.20453	  46.71688	   7.50000	       11B
  14.20453	  50.96488	   7.50000	       11B
  17.04544	  42.46888	   7.50000	       11B
  17.04544	  46.71688	   7.50000	       11B
  17.04544	  50.96488	   7.50000	       11B
  19.88635	  42.46888	   7.50000	       11B
  19.88635	  46.71688	   7.50000	       11B
  19.88635	  50.96488	   7.50000	       11B
  22.72725	  42.46888	   7.50000	       11B
  22.72725	  46.71688	   7.50000	       11B
  22.72725	  50.96488	   7.50000	       10B
   1.42045	  41.78550	   7.50000	       14N
   1.42045	  46.03349	   7.50000	       14N
   1.42045	  50.28149	   7.50000	       14N
   4.26136	  41.78550	   7.50000	       14N
   4.26136	  46.03349	   7.50000	       14N
   4.26136	  50.28149	   7.50000	       14N
   7.10227	  41.78550	   7.50000	       14N
   7.10227	  46.03349	   7.50000	       14N
   7.10227	  50.28149	   7.50000	       14N
   9.94317	  41.78550	   7.50000	       14N
   9.94317	  46.03349	   7.50000	       14N
   9.94317	  50.28149	   7.50000	       14N
  12.78408	  41.78550	   7.50000	       14N
  12.78408	  46.03349	   7.50000	       14N
  12.78408	  50.28149	   7.50000	       14N
  15.62499	  41.78550	   7.50000	       14N
  15.62499	  46.03349	   7.50000	       14N
  15.62499	  50.28149	   7.50000	       14N
  18.46589	  41.78550	   7.50000	       14N
  18.46589	  46.03349	   7.50000	       14N
  18.46589	  50.28149	   7.50000	       14N
  21.30680	  41.78550	   7.50000	       14N
  21.30680	  46.03349	   7.50000	       14N
  21.30680	  50.28149	   7.50000	       14N
  24.14771	  41.78550	   7.50000	       14N
  24.14771	  46.03349	   7.50000	       14N
  24.14771	  50.28149	   7.50000	       14N
   0.00000	  39.66149	   7.50000	       14N
   0.00000	  43.90949	   7.50000	       14N
   0.00000	  48.15749	   7.50000	       14N
   2.84091	  39.66149	   7.50000	       14N
   2.84091	  43.90949	   7.50000	       14N
   2.84091	  48.15749	   7.50000	       14N
   5.68181	  39.66149	   7.50000	       14N
   5.68181	  43.90949	   7.50000	       14N
   5.68181	  48.15749	   7.50000	       14N
   8.52272	  39.66149	   7.50000	       14N
   8.52272	  43.90949	   7.50000	       14N
   8.52272	  48.15749	   7.50000	       14N
  11.36363	  39.66149	   7.50000	       14N
  11.36363	  43.90949	   7.50000	       14N
  11.36363	  48.15749	   7.50000	       14N
  14.20453	  39.66149	   7.50000	       14N
  14.20453	  43.90949	   7.50000	       14N
  14.20453	  48.15749	   7.50000	       14N
  17.04544	  39.66149	   7.50000	       14N
  17.04544	  43.90949	   7.50000	       14N
  17.04544	  48.15749	   7.50000	       14N
  19.88635	  39.66149	   7.50000	       14N
  19.88635	  43.90949	   7.50000	       14N
  19.88635	  48.15749	   7.50000	       14N
  22.72725	  39.66149	   7.50000	       14N
  22.72725	  43.90949	   7.50000	       14N
  22.72725	  48.15749	   7.50000	       14N
   1.42045	  53.08888	   7.50000	       11B
   1.42045	  57.33688	   7.50000	       11B
   1.42045	  61.58488	   7.50000	       11B
   4.26136	  53.08888	   7.50000	       10B
   4.26136	  57.33688	   7.50000	       11B
   4.26136	  61.58488	   7.50000	       11B
   7.10227	  53.08888	   7.50000	       11B
   7.10227	  57.33688	   7.50000	       11B
   7.10227	  61.58488	   7.50000	       11B
   9.94317	  53.08888	   7.50000	       11B
   9.94317	  57.33688	   7.50000	       11B
   9.94317	  61.58488	   7.50000	       11B
  12.78408	  53.08888	   7.50000	       11B
  12.78408	  57.33688	   7.50000	       11B
  12.78408	  61.58488	   7.50000	       11B
  15.62499	  53.08888	   7.50000	       10B
  15.62499	  57.33688	   7.50000	       11B
  15.62499	  61.58488	   7.50000	       10B
  18.46589	  53.08888	   7.50000	       11B
  18.46589	  57.33688	   7.50000	       10B
  18.46589	  61.58488	   7.50000	       11B
  21.30680	  53.08888	   7.50000	       11B
  21.30680	  57.33688	   7.50000	       11B
  21.30680	  61.58488	   7.50000	       11B
  24.14771	  53.08888	   7.50000	       11B
  24.14771	  57.33688	   7.50000	       11B
  24.14771	  61.58488	   7.50000	       11B
   0.00000	  55.21287	   7.50000	       11B
   0.00000	  59.46087	   7.50000	       11B
   0.00000	  63.70887	   7.50000	       10B
   2.84091	  55.21287	   7.50000	       11B
   2.84091	  59.46087	   7.50000	       11B
   2.84091	  63.70887	   7.50000	       11B
   5.68181	  55.21287	   7.50000	       10B
   5.68181	  59.46087	   7.50000	       11B
   5.68181	  63.70887	   7.50000	       11B
   8.52272	  55.21287	   7.50000	       11B
   8.52272	  59.46087	   7.50000	       11B
   8.52272	  63.70887	   7.50000	       11B
  11.36363	  55.21287	   7.50000	       11B
  11.36363	  59.46087	   7.50000	       11B
  11.36363	  63.70887	   7.50000	       10B
  14.20453	  55.21287	   7.50000	       11B
  14.20453	  59.46087	   7.50000	       10B
  14.20453	  63.70887	   7.50000	       11B
  17.04544	  55.21287	   7.50000	       11B
  17.04544	  59.46087	   7.50000	       11B
  17.04544	  63.70887	   7.50000	       11B
  19.88635	  55.21287	   7.50000	       10B
  19.88635	  59.46087	   7.50000	       10B
  19.88635	  63.70887	   7.50000	       11B
  22.72725	  55.21287	   7.50000	       10B
  22.72725	  59.46087	   7.50000	       11B
  22.72725	  63.70887	   7.50000	       11B
   1.42045	  54.52949	   7.50000	       14N
   1.42045	  58.77749	   7.50000	       14N
   1.42045	  63.02549	   7.50000	       14N
   4.26136	  54.52949	   7.50000	       14N
   4.26136	  58.77749	   7.50000	       14N
   4.26136	  63.02549	   7.50000	       14N
   7.10227	  54.52949	   7.50000	       14N
   7.10227	  58.77749	   7.50000	       14N
   7.10227	  63.02549	   7.50000	       14N
   9.94317	  54.52949	   7.50000	       14N
   9.94317	  58.77749	   7.50000	       14N
   9.94317	  63.02549	   7.50000	       14N
  12.78408	  54.52949	   7.50000	       14N
  12.78408	  58.77749	   7.50000	       14N
  12.78408	  63.02549	   7.50000	       14N
  15.62499	  54.52949	   7.50000	       14N
  15.62499	  58.77749	   7.50000	       14N
  15.62499	  63.02549	   7.50000	       14N
  18.46589	  54.52949	   7.50000	       14N
  18.46589	  58.77749	   7.50000	       14N
  18.46589	  63.02549	   7.50000	       14N
  21.30680	  54.52949	   7.50000	       14N
  21.30680	  58.77749	   7.50000	       14N
  21.30680	  63.02549	   7.50000	       14N
  24.14771	  54.52949	   7.50000	       14N
  24.14771	  58.77749	   7.50000	       14N
  24.14771	  63.02549	   7.50000	       14N
   0.00000	  52.40549	   7.50000	       14N
   0.00000	  56.65349	   7.50000	       14N
   0.00000	  60.90149	   7.50000	       14N
   2.84091	  52.40549	   7.50000	       14N
   2.84091	  56.65349	   7.50000	       14N
   2.84091	  60.90149	   7.50000	       14N
   5.68181	  52.40549	   7.50000	       14N
   5.68181	  56.65349	   7.50000	       14N
   5.68181	  60.90149	   7.50000	       14N
   8.52272	  52.40549	   7.50000	       14N
   8.52272	  56.65349	   7.50000	       14N
   8.52272	  60.90149	   7.50000	       14N
  11.36363	  52.40549	   7.50000	       14N
  11.36363	  56.65349	   7.50000	       14N
  11.36363	  60.90149	   7.50000	       14N
  14.20453	  52.40549	   7.50000	       14N
  14.20453	  56.65349	   7.50000	       14N
  14.20453	  60.90149	   7.50000	       14N
  17.04544	  52.40549	   7.50000	       14N
  17.04544	  56.65349	   7.50000	       14N
  17.04544	  60.90149	   7.50000	       14N
  19.88635	  52.40549	   7.50000	       14N
  19.88635	  56.65349	   7.50000	       14N
  19.88635	  60.90149	   7.50000	       14N
  22.72725	  52.40549	   7.50000	       14N
  22.72725	  56.65349	   7.50000	       14N
  22.72725	  60.90149	   7.50000	       14N
   1.42045	  65.83287	   7.50000	       10B
   1.42045	  70.08087	   7.50000	       11B
   1.42045	  74.32887	   7.50000	       11B
   4.26136	  65.83287	   7.50000	       11B
   4.26136	  70.08087	   7.50000	       11B
   4.26136	  74.32887	   7.50000	       11B
   7.10227	  65.83287	   7.50000	       11B
   7.10227	  70.08087	   7.50000	       11B
   7.10227	  74.32887	   7.50000	       11B
   9.94317	  65.83287	   7.50000	       11B
   9.94317	  70.08087	   7.50000	       11B
   9.94317	  74.32887	   7.50000	       10B
  12.78408	  65.83287	   7.50000	       11B
  12.78408	  70.08087	   7.50000	       11B
  12.78408	  74.32887	   7.50000	       11B
  15.62499	  65.83287	   7.50000	       11B
  15.62499	  70.08087	   7.50000	       11B
  15.62499	  74.32887	   7.50000	       10B
  18.46589	  65.83287	   7.50000	       11B
  18.46589	  70.08087	   7.50000	       11B
  18.46589	  74.32887	   7.50000	       11B
  21.30680	  65.83287	   7.50000	       11B
  21.30680	  70.08087	   7.50000	       10B
  21.30680	  74.32887	   7.50000	       11B
  24.14771	  65.83287	   7.50000	       10B
  24.14771	  70.08087	   7.50000	       10B
  24.14771	  74.32887	   7.50000	       11B
   0.00000	  67.95687	   7.50000	       11B
   0.00000	  72.20487	   7.50000	       10B
   0.00000	  76.45287	   7.50000	       11B
   2.84091	  67.95687	   7.50000	       10B
   2.84091	  72.20487	   7.50000	       11B
   2.84091	  76.45287	   7.50000	       10B
   5.68181	  67.95687	   7.50000	       10B
   5.68181	  72.20487	   7.50000	       10B
   5.68181	  76.45287	   7.50000	       11B
   8.52272	  67.95687	   7.50000	       10B
   8.52272	  72.20487	   7.50000	       11B
   8.52272	  76.45287	   7.50000	       11B
  11.36363	  67.95687	   7.50000	       10B
  11.36363	  72.20487	   7.50000	       11B
  11.36363	  76.45287	   7.50000	       11B
  14.20453	  67.95687	   7.50000	       11B
  14.20453	  72.20487	   7.50000	       11B
  14.20453	  76.45287	   7.50000	       11B
  17.04544	  67.95687	   7.50000	       11B
  17.04544	  72.20487	   7.50000	       11B
  17.04544	  76.45287	   7.50000	       11B
  19.88635	  67.95687	   7.50000	       11B
  19.88635	  72.20487	   7.50000	       10B
  19.88635	  76.45287	   7.50000	       11B
  22.72725	  67.95687	   7.50000	       11B
  22.72725	  72.20487	   7.50000	       11B
  22.72725	  76.45287	   7.50000	       11B
   1.42045	  67.27349	   7.50000	       14N
   1.42045	  71.52149	   7.50000	       14N
   1.42045	  75.76948	   7.50000	       14N
   4.26136	  67.27349	   7.50000	       14N
   4.26136	  71.52149	   7.50000	       14N
   4.26136	  75.76948	   7.50000	       14N
   7.10227	  67.27349	   7.50000	       14N
   7.10227	  71.52149	   7.50000	       14N
   7.10227	  75.76948	   7.50000	       14N
   9.94317	  67.27349	   7.50000	       14N
   9.94317	  71.52149	   7.50000	       14N
   9.94317	  75.76948	   7.50000	       14N
  12.78408	  67.27349	   7.50000	       14N
  12.78408	  71.52149	   7.50000	       14N
  12.78408	  75.76948	   7.50000	       14N
  15.62499	  67.27349	   7.50000	       14N
  15.62499	  71.52149	   7.50000	       14N
  15.62499	  75.76948	   7.50000	       14N
  18.46589	  67.27349	   7.50000	       14N
  18.46589	  71.52149	   7.50000	       14N
  18.46589	  75.76948	   7.50000	       14N
  21.30680	  67.27349	   7.50000	       14N
  21.30680	  71.52149	   7.50000	       14N
  21.30680	  75.76948	   7.50000	       14N
  24.14771	  67.27349	   7.50000	       14N
  24.14771	  71.52149	   7.50000	       14N
  24.14771	  75.76948	   7.50000	       14N
   0.00000	  65.14948	   7.50000	       14N
   0.00000	  69.39748	   7.50000	       14N
   0.00000	  73.64548	   7.50000	       14N
   2.84091	  65.14948	   7.50000	       14N
   2.84091	  69.39748	   7.50000	       14N
   2.84091	  73.64548	   7.50000	       14N
   5.68181	  65.14948	   7.50000	       14N
   5.68181	  69.39748	   7.50000	       14N
   5.68181	  73.64548	   7.50000	       14N
   8.52272	  65.14948	   7.50000	       14N
   8.52272	  69.39748	   7.50000	       14N
   8.52272	  73.64548	   7.50000	       14N
  11.36363	  65.14948	   7.50000	       14N
  11.36363	  69.39748	   7.50000	       14N
  11.36363	  73.64548	   7.50000	       14N
  14.20453	  65.14948	   7.50000	       14N
  14.20453	  69.39748	   7.50000	       14N
  14.20453	  73.64548	   7.50000	       14N
  17.04544	  65.14948	   7.50000	       14N
  17.04544	  69.39748	   7.50000	       14N
  17.04544	  73.64548	   7.50000	       14N
  19.88635	  65.14948	   7.50000	       14N
  19.88635	  69.39748	   7.50000	       14N
  19.88635	  73.64548	   7.50000	       14N
  22.72725	  65.14948	   7.50000	       14N
  22.72725	  69.39748	   7.50000	       14N
  22.72725	  73.64548	   7.50000	       14N
   1.42045	  78.57687	   7.50000	       11B
   4.26136	  78.57687	   7.50000	       11B
   7.10227	  78.57687	   7.50000	       10B
   9.94317	  78.57687	   7.50000	       11B
  12.78408	  78.57687	   7.50000	       11B
  15.62499	  78.57687	   7.50000	       11B
  18.46589	  78.57687	   7.50000	       11B
  21.30680	  78.57687	   7.50000	       11B
  24.14771	  78.57687	   7.50000	       11B
   0.00000	  77.89348	   7.50000	       14N
   2.84091	  77.89348	   7.50000	       14N
   5.68181	  77.89348	   7.50000	       14N
   8.52272	  77.89348	   7.50000	       14N
  11.36363	  77.89348	   7.50000	       14N
  14.20453	  77.89348	   7.50000	       14N
  17.04544	  77.89348	   7.50000	       14N
  19.88635	  77.89348	   7.50000	       14N
  22.72725	  77.89348	   7.50000	       14N
  26.98861	   2.11290	   7.50000	       11B
  26.98861	   6.36090	   7.50000	       11B
  26.98861	  10.60889	   7.50000	       11B
  29.82952	   2.11290	   7.50000	       10B
  29.82952	   6.36090	   7.50000	       11B
  29.82952	  10.60889	   7.50000	       11B
  32.67042	   2.11290	   7.50000	       11B
  32.67042	   6.36090	   7.50000	       11B
  32.67042	  10.60889	   7.50000	       11B
  35.51133	   2.11290	   7.50000	       10B
  35.51133	   6.36090	   7.50000	       11B
  35.51133	  10.60889	   7.50000	       11B
  38.35224	   2.11290	   7.50000	       11B
  38.35224	   6.36090	   7.50000	       10B
  38.35224	  10.60889	   7.50000	       11B
  41.19314	   2.11290	   7.50000	       10B
  41.19314	   6.36090	   7.50000	       11B
  41.19314	  10.60889	   7.50000	       11B
  44.03405	   2.11290	   7.50000	       11B
  44.03405	   6.36090	   7.50000	       11B
  44.03405	  10.60889	   7.50000	       11B
  46.87496	   2.11290	   7.50000	       11B
  46.87496	   6.36090	   7.50000	       10B
  46.87496	  10.60889	   7.50000	       11B
  49.71586	   2.11290	   7.50000	       11B
  49.71586	   6.36090	   7.50000	       10B
  49.71586	  10.60889	   7.50000	       10B
  25.56816	   4.23689	   7.50000	       11B
  25.56816	   8.48489	   7.50000	       10B
  25.56816	  12.73289	   7.50000	       11B
  28.40906	   4.23689	   7.50000	       11B
  28.40906	   8.48489	   7.50000	       11B
  28.40906	  12.73289	   7.50000	       11B
  31.24997	   4.23689	   7.50000	       11B
  31.24997	   8.48489	   7.50000	       11B
  31.24997	  12.73289	   7.50000	       11B
  34.09088	   4.23689	   7.50000	       11B
  34.09088	   8.48489	   7.50000	       10B
  34.09088	  12.73289	   7.50000	       10B
  36.93178	   4.23689	   7.50000	       11B
  36.93178	   8.48489	   7.50000	       11B
  36.93178	  12.73289	   7.50000	       11B
  39.77269	   4.23689	   7.50000	       11B
  39.77269	   8.48489	   7.50000	       11B
  39.77269	  12.73289	   7.50000	       11B
  42.61360	   4.23689	   7.50000	       11B
  42.61360	   8.48489	   7.50000	       10B
  42.61360	  12.73289	   7.50000	       11B
  45.45450	   4.23689	   7.50000	       11B
  45.45450	   8.48489	   7.50000	       11B
  45.45450	  12.73289	   7.50000	       11B
  48.29541	   4.23689	   7.50000	       11B
  48.29541	   8.48489	   7.50000	       11B
  48.29541	  12.73289	   7.50000	       10B
  26.98861	   3.55351	   7.50000	       14N
  26.98861	   7.80151	   7.50000	       14N
  26.98861	  12.04951	   7.50000	       14N
  29.82952	   3.55351	   7.50000	       14N
  29.82952	   7.80151	   7.50000	       14N
  29.82952	  12.04951	   7.50000	       14N
  32.67042	   3.55351	   7.50000	       14N
  32.67042	   7.80151	   7.50000	       14N
  32.67042	  12.04951	   7.50000	       14N
  35.51133	   3.55351	   7.50000	       14N
  35.51133	   7.80151	   7.50000	       14N
  35.51133	  12.04951	   7.50000	       14N
  38.35224	   3.55351	   7.50000	       14N
  38.35224	   7.80151	   7.50000	       14N
  38.35224	  12.04951	   7.50000	       14N
  41.19314	   3.55351	   7.50000	       14N
  41.19314	   7.80151	   7.50000	       14N
  41.19314	  12.04951	   7.50000	       14N
  44.03405	   3.55351	   7.50000	       14N
  44.03405	   7.80151	   7.50000	       14N
  44.03405	  12.04951	   7.50000	       14N
  46.87496	   3.55351	   7.50000	       14N
  46.87496	   7.80151	   7.50000	       14N
  46.87496	  12.04951	   7.50000	       14N
  49.71586	   3.55351	   7.50000	       14N
  49.71586	   7.80151	   7.50000	       14N
  49.71586	  12.04951	   7.50000	       14N
  25.56816	   1.42951	   7.50000	       14N
  25.56816	   5.67751	   7.50000	       14N
  25.56816	   9.92550	   7.50000	       14N
  28.40906	   1.42951	   7.50000	       14N
  28.40906	   5.67751	   7.50000	       14N
  28.40906	   9.92550	   7.50000	       14N
  31.24997	   1.42951	   7.50000	       14N
  31.24997	   5.67751	   7.50000	       14N
  31.24997	   9.92550	   7.50000	       14N
  34.09088	   1.42951	   7.50000	       14N
  34.09088	   5.67751	   7.50000	       14N
  34.09088	   9.92550	   7.50000	       14N
  36.93178	   1.42951	   7.50000	       14N
  36.93178	   5.67751	   7.50000	       14N
  36.93178	   9.92550	   7.50000	       14N
  39.77269	   1.42951	   7.50000	       14N
  39.77269	   5.67751	   7.50000	       14N
  39.77269	   9.92550	   7.50000	       14N
  42.61360	   1.42951	   7.50000	       14N
  42.61360	   5.67751	   7.50000	       14N
  42.61360	   9.92550	   7.50000	       14N
  45.45450	   1.42951	   7.50000	       14N
  45.45450	   5.67751	   7.50000	       14N
  45.45450	   9.92550	   7.50000	       14N
  48.29541	   1.42951	   7.50000	       14N
  48.29541	   5.67751	   7.50000	       14N
  48.29541	   9.92550	   7.50000	       14N
  26.98861	  14.85689	   7.50000	       11B
  26.98861	  19.10489	   7.50000	       11B
  26.98861	  23.35289	   7.50000	       10B
  29.82952	  14.85689	   7.50000	       11B
  29.82952	  19.10489	   7.50000	       11B
  29.82952	  23.35289	   7.50000	       11B
  32.67042	  14.85689	   7.50000	       10B
  32.67042	  19.10489	   7.50000	       11B
  32.67042	  23.35289	   7.50000	       11B
  35.51133	  14.85689	   7.50000	       10B
  35.51133	  19.10489	   7.50000	       11B
  35.51133	  23.35289	   7.50000	       11B
  38.35224	  14.85689	   7.50000	       11B
  38.35224	  19.10489	   7.50000	       11B
  38.35224	  23.35289	   7.50000	       10B
  41.19314	  14.85689	   7.50000	       10B
  41.19314	  19.10489	   7.50000	       11B
  41.19314	  23.35289	   7.50000	       11B
  44.03405	  14.85689	   7.50000	       10B
  44.03405	  19.10489	   7.50000	       11B
  44.03405	  23.35289	   7.50000	       11B
  46.87496	  14.85689	   7.50000	       11B
  46.87496	  19.10489	   7.50000	       11B
  46.87496	  23.35289	   7.50000	       11B
  49.71586	  14.85689	   7.50000	       11B
  49.71586	  19.10489	   7.50000	       11B
  49.71586	  23.35289	   7.50000	       11B
  25.56816	  16.98089	   7.50000	       11B
  25.56816	  21.22889	   7.50000	       11B
  25.56816	  25.47689	   7.50000	       11B
  28.40906	  16.98089	   7.50000	       11B
  28.40906	  21.22889	   7.50000	       11B
  28.40906	  25.47689	   7.50000	       11B
  31.24997	  16.98089	   7.50000	       11B
  31.24997	  21.22889	   7.50000	       11B
  31.24997	  25.47689	   7.50000	       11B
  34.09088	  16.98089	   7.50000	       11B
  34.09088	  21.22889	   7.50000	       11B
  34.09088	  25.47689	   7.50000	       11B
  36.93178	  16.98089	   7.50000	       11B
  36.93178	  21.22889	   7.50000	       11B
  36.93178	  25.47689	   7.50000	       10B
  39.77269	  16.98089	   7.50000	       11B
  39.77269	  21.22889	   7.50000	       11B
  39.77269	  25.47689	   7.50000	       11B
  42.61360	  16.98089	   7.50000	       11B
  42.61360	  21.22889	   7.50000	       10B
  42.61360	  25.47689	   7.50000	       11B
  45.45450	  16.98089	   7.50000	       11B
  45.45450	  21.22889	   7.50000	       10B
  45.45450	  25.47689	   7.50000	       10B
  48.29541	  16.98089	   7.50000	       10B
  48.29541	  21.22889	   7.50000	       11B
  48.29541	  25.47689	   7.50000	       11B
  26.98861	  16.29751	   7.50000	       14N
  26.98861	  20.54550	   7.50000	       14N
  26.98861	  24.79350	   7.50000	       14N
  29.82952	  16.29751	   7.50000	       14N
  29.82952	  20.54550	   7.50000	       14N
  29.82952	  24.79350	   7.50000	       14N
  32.67042	  16.29751	   7.50000	       14N
  32.67042	  20.54550	   7.50000	       14N
  32.67042	  24.79350	   7.50000	       14N
  35.51133	  16.29751	   7.50000	       14N
  35.51133	  20.54550	   7.50000	       14N
  35.51133	  24.79350	   7.50000	       14N
  38.35224	  16.29751	   7.50000	       14N
  38.35224	  20.54550	   7.50000	       14N
  38.35224	  24.79350	   7.50000	       14N
  41.19314	  16.29751	   7.50000	       14N
  41.19314	  20.54550	   7.50000	       14N
  41.19314	  24.79350	   7.50000	       14N
  44.03405	  16.29751	   7.50000	       14N
  44.03405	  20.54550	   7.50000	       14N
  44.03405	  24.79350	   7.50000	       14N
  46.87496	  16.29751	   7.50000	       14N
  46.87496	  20.54550	   7.50000	       14N
  46.87496	  24.79350	   7.50000	       14N
  49.71586	  16.29751	   7.50000	       14N
  49.71586	  20.54550	   7.50000	       14N
  49.71586	  24.79350	   7.50000	       14N
  25.56816	  14.17350	   7.50000	       14N
  25.56816	  18.42150	   7.50000	       14N
  25.56816	  22.66950	   7.50000	       14N
  28.40906	  14.17350	   7.50000	       14N
  28.40906	  18.42150	   7.50000	       14N
  28.40906	  22.66950	   7.50000	       14N
  31.24997	  14.17350	   7.50000	       14N
  31.24997	  18.42150	   7.50000	       14N
  31.24997	  22.66950	   7.50000	       14N
  34.09088	  14.17350	   7.50000	       14N
  34.09088	  18.42150	   7.50000	       14N
  34.09088	  22.66950	   7.50000	       14N
  36.93178	  14.17350	   7.50000	       14N
  36.93178	  18.42150	   7.50000	       14N
  36.93178	  22.66950	   7.50000	       14N
  39.77269	  14.17350	   7.50000	       14N
  39.77269	  18.42150	   7.50000	       14N
  39.77269	  22.66950	   7.50000	       14N
  42.61360	  14.17350	   7.50000	       14N
  42.61360	  18.42150	   7.50000	       14N
  42.61360	  22.66950	   7.50000	       14N
  45.45450	  14.17350	   7.50000	       14N
  45.45450	  18.42150	   7.50000	       14N
  45.45450	  22.66950	   7.50000	       14N
  48.29541	  14.17350	   7.50000	       14N
  48.29541	  18.42150	   7.50000	       14N
  48.29541	  22.66950	   7.50000	       14N
  26.98861	  27.60089	   7.50000	       11B
  26.98861	  31.84889	   7.50000	       11B
  26.98861	  36.09688	   7.50000	       11B
  29.82952	  27.60089	   7.50000	       10B
  29.82952	  31.84889	   7.50000	       11B
  29.82952	  36.09688	   7.50000	       11B
  32.67042	  27.60089	   7.50000	       11B
  32.67042	  31.84889	   7.50000	       11B
  32.67042	  36.09688	   7.50000	       11B
  35.51133	  27.60089	   7.50000	       11B
  35.51133	  31.84889	   7.50000	       11B
  35.51133	  36.09688	   7.50000	       11B
  38.35224	  27.60089	   7.50000	       10B
  38.35224	  31.84889	   7.50000	       11B
  38.35224	  36.09688	   7.50000	       11B
  41.19314	  27.60089	   7.50000	       10B
  41.19314	  31.84889	   7.50000	       11B
  41.19314	  36.09688	   7.50000	       11B
  44.03405	  27.60089	   7.50000	       11B
  44.03405	  31.84889	   7.50000	       11B
  44.03405	  36.09688	   7.50000	       11B
  46.87496	  27.60089	   7.50000	       10B
  46.87496	  31.84889	   7.50000	       11B
  46.87496	  36.09688	   7.50000	       11B
  49.71586	  27.60089	   7.50000	       11B
  49.71586	  31.84889	   7.50000	       11B
  49.71586	  36.09688	   7.50000	       11B
  25.56816	  29.72488	   7.50000	       11B
  25.56816	  33.97288	   7.50000	       10B
  25.56816	  38.22088	   7.50000	       10B
  28.40906	  29.72488	   7.50000	       11B
  28.40906	  33.97288	   7.50000	       11B
  28.40906	  38.22088	   7.50000	       11B
  31.24997	  29.72488	   7.50000	       11B
  31.24997	  33.97288	   7.50000	       11B
  31.24997	  38.22088	   7.50000	       10B
  34.09088	  29.72488	   7.50000	       11B
  34.09088	  33.97288	   7.50000	       11B
  34.09088	  38.22088	   7.50000	       10B
  36.93178	  29.72488	   7.50000	       10B
  36.93178	  33.97288	   7.50000	       11B
  36.93178	  38.22088	   7.50000	       11B
  39.77269	  29.72488	   7.50000	       11B
  39.77269	  33.97288	   7.50000	       11B
  39.77269	  38.22088	   7.50000	       11B
  42.61360	  29.72488	   7.50000	       11B
  42.61360	  33.97288	   7.50000	       11B
  42.61360	  38.22088	   7.50000	       11B
  45.45450	  29.72488	   7.50000	       10B
  45.45450	  33.97288	   7.50000	       11B
  45.45450	  38.22088	   7.50000	       10B
  48.29541	  29.72488	   7.50000	       11B
  48.29541	  33.97288	   7.50000	       11B
  48.29541	  38.22088	   7.50000	       11B
  26.98861	  29.04150	   7.50000	       14N
  26.98861	  33.28950	   7.50000	       14N
  26.98861	  37.53750	   7.50000	       14N
  29.82952	  29.04150	   7.50000	       14N
  29.82952	  33.28950	   7.50000	       14N
  29.82952	  37.53750	   7.50000	       14N
  32.67042	  29.04150	   7.50000	       14N
  32.67042	  33.28950	   7.50000	       14N
  32.67042	  37.53750	   7.50000	       14N
  35.51133	  29.04150	   7.50000	       14N
  35.51133	  33.28950	   7.50000	       14N
  35.51133	  37.53750	   7.50000	       14N
  38.35224	  29.04150	   7.50000	       14N
  38.35224	  33.28950	   7.50000	       14N
  38.35224	  37.53750	   7.50000	       14N
  41.19314	  29.04150	   7.50000	       14N
  41.19314	  33.28950	   7.50000	       14N
  41.19314	  37.53750	   7.50000	       14N
  44.03405	  29.04150	   7.50000	       14N
  44.03405	  33.28950	   7.50000	       14N
  44.03405	  37.53750	   7.50000	       14N
  46.87496	  29.04150	   7.50000	       14N
  46.87496	  33.28950	   7.50000	       14N
  46.87496	  37.53750	   7.50000	       14N
  49.71586	  29.04150	   7.50000	       14N
  49.71586	  33.28950	   7.50000	       14N
  49.71586	  37.53750	   7.50000	       14N
  25.56816	  26.91750	   7.50000	       14N
  25.56816	  31.16550	   7.50000	       14N
  25.56816	  35.41350	   7.50000	       14N
  28.40906	  26.91750	   7.50000	       14N
  28.40906	  31.16550	   7.50000	       14N
  28.40906	  35.41350	   7.50000	       14N
  31.24997	  26.91750	   7.50000	       14N
  31.24997	  31.16550	   7.50000	       14N
  31.24997	  35.41350	   7.50000	       14N
  34.09088	  26.91750	   7.50000	       14N
  34.09088	  31.16550	   7.50000	       14N
  34.09088	  35.41350	   7.50000	       14N
  36.93178	  26.91750	   7.50000	       14N
  36.93178	  31.16550	   7.50000	       14N
  36.93178	  35.41350	   7.50000	       14N
  39.77269	  26.91750	   7.50000	       14N
  39.77269	  31.16550	   7.50000	       14N
  39.77269	  35.41350	   7.50000	       14N
  42.61360	  26.91750	   7.50000	       14N
  42.61360	  31.16550	   7.50000	       14N
  42.61360	  35.41350	   7.50000	       14N
  45.45450	  26.91750	   7.50000	       14N
  45.45450	  31.16550	   7.50000	       14N
  45.45450	  35.41350	   7.50000	       14N
  48.29541	  26.91750	   7.50000	       14N
  48.29541	  31.16550	   7.50000	       14N
  48.29541	  35.41350	   7.50000	       14N
  26.97555	  40.32799	   7.50000	       11B
  26.97180	  44.58027	   7.50000	       11B
  26.97647	  48.82711	   7.50000	       11B
  29.78981	  40.33030	   7.50000	       11B
  29.77322	  44.58533	   7.50000	       11B
  29.80115	  48.83156	   7.50000	       11B
  32.61118	  40.33147	   7.50000	       11B
  32.55406	  44.59703	   7.50000	       11B
  32.63798	  48.84318	   7.50000	       11B
  35.45476	  40.35297	   7.50000	       11B
  35.28710	  44.60764	   7.50000	       11B
  35.49814	  48.84975	   7.50000	       11B
  38.35224	  40.42980	   7.50000	       11B
  38.35224	  48.85291	   7.50000	       11B
  41.24971	  40.35297	   7.50000	       11B
  41.41738	  44.60764	   7.50000	       11B
  41.20634	  48.84975	   7.50000	       11B
  44.09330	  40.33147	   7.50000	       11B
  44.15042	  44.59703	   7.50000	       10B
  44.06650	  48.84318	   7.50000	       11B
  46.91466	  40.33030	   7.50000	       11B
  46.93126	  44.58533	   7.50000	       11B
  46.90333	  48.83156	   7.50000	       11B
  49.72892	  40.32799	   7.50000	       11B
  49.73267	  44.58027	   7.50000	       10B
  49.72800	  48.82711	   7.50000	       10B
  25.56816	  42.45332	   7.50000	       11B
  25.56816	  46.70309	   7.50000	       11B
  25.56816	  50.94895	   7.50000	       11B
  28.37505	  42.45488	   7.50000	       11B
  28.38329	  46.70772	   7.50000	       11B
  28.38810	  50.94938	   7.50000	       11B
  31.18229	  42.45828	   7.50000	       10B
  31.20215	  46.71799	   7.50000	       11B
  31.21301	  50.95381	   7.50000	       11B
  33.98243	  42.46552	   7.50000	       11B
  34.03818	  46.73299	   7.50000	       11B
  34.05695	  50.96343	   7.50000	       11B
  36.85396	  42.52785	   7.50000	       11B
  36.95395	  46.68906	   7.50000	       11B
  36.92713	  51.00050	   7.50000	       11B
  39.85051	  42.52785	   7.50000	       10B
  39.75052	  46.68906	   7.50000	       10B
  39.77735	  51.00050	   7.50000	       11B
  42.72204	  42.46552	   7.50000	       10B
  42.66629	  46.73299	   7.50000	       11B
  42.64752	  50.96343	   7.50000	       11B
  45.52218	  42.45828	   7.50000	       11B
  45.50233	  46.71799	   7.50000	       10B
  45.49147	  50.95381	   7.50000	       11B
  48.32942	  42.45488	   7.50000	       11B
  48.32118	  46.70772	   7.50000	       11B
  48.31638	  50.94938	   7.50000	       11B
  26.97074	  41.76920	   7.50000	       14N
  26.97120	  46.02157	   7.50000	       14N
  26.97457	  50.26819	   7.50000	       14N
  29.77573	  41.77068	   7.50000	       14N
  29.77672	  46.02770	   7.50000	       14N
  29.79196	  50.27236	   7.50000	       14N
  32.57988	  41.76933	   7.50000	       14N
  32.58045	  46.04134	   7.50000	       14N
  32.62316	  50.28330	   7.50000	       14N
  35.39217	  41.77568	   7.50000	       14N
  35.39315	  46.05190	   7.50000	       14N
  35.48752	  50.29804	   7.50000	       14N
  38.35224	  41.87659	   7.50000	       14N
  38.35224	  50.30762	   7.50000	       14N
  41.31230	  41.77568	   7.50000	       14N
  41.31133	  46.05190	   7.50000	       14N
  41.21695	  50.29804	   7.50000	       14N
  44.12460	  41.76933	   7.50000	       14N
  44.12403	  46.04134	   7.50000	       14N
  44.08132	  50.28330	   7.50000	       14N
  46.92875	  41.77068	   7.50000	       14N
  46.92776	  46.02770	   7.50000	       14N
  46.91251	  50.27236	   7.50000	       14N
  49.73373	  41.76920	   7.50000	       14N
  49.73327	  46.02157	   7.50000	       14N
  49.72991	  50.26819	   7.50000	       14N
  25.56816	  39.64579	   7.50000	       14N
  25.56816	  43.89476	   7.50000	       14N
  25.56816	  48.14481	   7.50000	       14N
  28.37956	  39.64647	   7.50000	       14N
  28.36787	  43.89652	   7.50000	       14N
  28.38031	  48.14869	   7.50000	       14N
  31.19562	  39.64886	   7.50000	       14N
  31.15702	  43.90116	   7.50000	       14N
  31.19944	  48.15988	   7.50000	       14N
  34.02977	  39.65572	   7.50000	       14N
  33.90492	  43.90660	   7.50000	       14N
  34.03604	  48.17881	   7.50000	       14N
  36.91171	  39.70179	   7.50000	       14N
  36.90991	  48.16735	   7.50000	       14N
  39.79276	  39.70179	   7.50000	       14N
  39.79457	  48.16735	   7.50000	       14N
  42.67470	  39.65572	   7.50000	       14N
  42.79955	  43.90660	   7.50000	       14N
  42.66844	  48.17881	   7.50000	       14N
  45.50886	  39.64886	   7.50000	       14N
  45.54746	  43.90116	   7.50000	       14N
  45.50504	  48.15988	   7.50000	       14N
  48.32492	  39.64647	   7.50000	       14N
  48.33661	  43.89652	   7.50000	       14N
  48.32417	  48.14869	   7.50000	       14N
  40.19593	  43.86287	   7.50000	       14N
  36.50854	  43.86287	   7.50000	       14N
  38.35224	  46.15363	   7.50000	       14N
  26.98861	  53.08888	   7.50000	       10B
  26.98861	  57.33688	   7.50000	       11B
  26.98861	  61.58488	   7.50000	       11B
  29.82952	  53.08888	   7.50000	       11B
  29.82952	  57.33688	   7.50000	       10B
  29.82952	  61.58488	   7.50000	       11B
  32.67042	  53.08888	   7.50000	       11B
  32.67042	  57.33688	   7.50000	       10B
  32.67042	  61.58488	   7.50000	       11B
  35.51133	  53.08888	   7.50000	       11B
  35.51133	  57.33688	   7.50000	       11B
  35.51133	  61.58488	   7.50000	       11B
  38.35224	  53.08888	   7.50000	       11B
  38.35224	  57.33688	   7.50000	       11B
  38.35224	  61.58488	   7.50000	       11B
  41.19314	  53.08888	   7.50000	       11B
  41.19314	  57.33688	   7.50000	       11B
  41.19314	  61.58488	   7.50000	       11B
  44.03405	  53.08888	   7.50000	       11B
  44.03405	  57.33688	   7.50000	       11B
  44.03405	  61.58488	   7.50000	       11B
  46.87496	  53.08888	   7.50000	       11B
  46.87496	  57.33688	   7.50000	       11B
  46.87496	  61.58488	   7.50000	       11B
  49.71586	  53.08888	   7.50000	       11B
  49.71586	  57.33688	   7.50000	       11B
  49.71586	  61.58488	   7.50000	       11B
  25.56816	  55.21287	   7.50000	       11B
  25.56816	  59.46087	   7.50000	       10B
  25.56816	  63.70887	   7.50000	       11B
  28.40906	  55.21287	   7.50000	       11B
  28.40906	  59.46087	   7.50000	       11B
  28.40906	  63.70887	   7.50000	       11B
  31.24997	  55.21287	   7.50000	       11B
  31.24997	  59.46087	   7.50000	       11B
  31.24997	  63.70887	   7.50000	       11B
  34.09088	  55.21287	   7.50000	       11B
  34.09088	  59.46087	   7.50000	       10B
  34.09088	  63.70887	   7.50000	       10B
  36.93178	  55.21287	   7.50000	       11B
  36.93178	  59.46087	   7.50000	       11B
  36.93178	  63.70887	   7.50000	       11B
  39.77269	  55.21287	   7.50000	       11B
  39.77269	  59.46087	   7.50000	       11B
  39.77269	  63.70887	   7.50000	       10B
  42.61360	  55.21287	   7.50000	       11B
  42.61360	  59.46087	   7.50000	       11B
  42.61360	  63.70887	   7.50000	       11B
  45.45450	  55.21287	   7.50000	       11B
  45.45450	  59.46087	   7.50000	       11B
  45.45450	  63.70887	   7.50000	       11B
  48.29541	  55.21287	   7.50000	       11B
  48.29541	  59.46087	   7.50000	       11B
  48.29541	  63.70887	   7.50000	       11B
  26.98861	  54.52949	   7.50000	       14N
  26.98861	  58.77749	   7.50000	       14N
  26.98861	  63.02549	   7.50000	       14N
  29.82952	  54.52949	   7.50000	       14N
  29.82952	  58.77749	   7.50000	       14N
  29.82952	  63.02549	   7.50000	       14N
  32.67042	  54.52949	   7.50000	       14N
  32.67042	  58.77749	   7.50000	       14N
  32.67042	  63.02549	   7.50000	       14N
  35.51133	  54.52949	   7.50000	       14N
  35.51133	  58.77749	   7.50000	       14N
  35.51133	  63.02549	   7.50000	       14N
  38.35224	  54.52949	   7.50000	       14N
  38.35224	  58.77749	   7.50000	       14N
  38.35224	  63.02549	   7.50000	       14N
  41.19314	  54.52949	   7.50000	       14N
  41.19314	  58.77749	   7.50000	       14N
  41.19314	  63.02549	   7.50000	       14N
  44.03405	  54.52949	   7.50000	       14N
  44.03405	  58.77749	   7.50000	       14N
  44.03405	  63.02549	   7.50000	       14N
  46.87496	  54.52949	   7.50000	       14N
  46.87496	  58.77749	   7.50000	       14N
  46.87496	  63.02549	   7.50000	       14N
  49.71586	  54.52949	   7.50000	       14N
  49.71586	  58.77749	   7.50000	       14N
  49.71586	  63.02549	   7.50000	       14N
  25.56816	  52.40549	   7.50000	       14N
  25.56816	  56.65349	   7.50000	       14N
  25.56816	  60.90149	   7.50000	       14N
  28.40906	  52.40549	   7.50000	       14N
  28.40906	  56.65349	   7.50000	       14N
  28.40906	  60.90149	   7.50000	       14N
  31.24997	  52.40549	   7.50000	       14N
  31.24997	  56.65349	   7.50000	       14N
  31.24997	  60.90149	   7.50000	       14N
  34.09088	  52.40549	   7.50000	       14N
  34.09088	  56.65349	   7.50000	       14N
  34.09088	  60.90149	   7.50000	       14N
  36.93178	  52.40549	   7.50000	       14N
  36.93178	  56.65349	   7.50000	       14N
  36.93178	  60.90149	   7.50000	       14N
  39.77269	  52.40549	   7.50000	       14N
  39.77269	  56.65349	   7.50000	       14N
  39.77269	  60.90149	   7.50000	       14N
  42.61360	  52.40549	   7.50000	       14N
  42.61360	  56.65349	   7.50000	       14N
  42.61360	  60.90149	   7.50000	       14N
  45.45450	  52.40549	   7.50000	       14N
  45.45450	  56.65349	   7.50000	       14N
  45.45450	  60.90149	   7.50000	       14N
  48.29541	  52.40549	   7.50000	       14N
  48.29541	  56.65349	   7.50000	       14N
  48.29541	  60.90149	   7.50000	       14N
  26.98861	  65.83287	   7.50000	       11B
  26.98861	  70.08087	   7.50000	       11B
  26.98861	  74.32887	   7.50000	       11B
  29.82952	  65.83287	   7.50000	       11B
  29.82952	  70.08087	   7.50000	       10B
  29.82952	  74.32887	   7.50000	       11B
  32.67042	  65.83287	   7.50000	       10B
  32.67042	  70.08087	   7.50000	       10B
  32.67042	  74.32887	   7.50000	       11B
  35.51133	  65.83287	   7.50000	       11B
  35.51133	  70.08087	   7.50000	       10B
  35.51133	  74.32887	   7.50000	       10B
  38.35224	  65.83287	   7.50000	       11B
  38.35224	  70.08087	   7.50000	       11B
  38.35224	  74.32887	   7.50000	       10B
  41.19314	  65.83287	   7.50000	       10B
  41.19314	  70.08087	   7.50000	       11B
  41.19314	  74.32887	   7.50000	       11B
  44.03405	  65.83287	   7.50000	       11B
  44.03405	  70.08087	   7.50000	       10B
  44.03405	  74.32887	   7.50000	       10B
  46.87496	  65.83287	   7.50000	       11B
  46.87496	  70.08087	   7.50000	       11B
  46.87496	  74.32887	   7.50000	       11B
  49.71586	  65.83287	   7.50000	       11B
  49.71586	  70.08087	   7.50000	       11B
  49.71586	  74.32887	   7.50000	       11B
  25.56816	  67.95687	   7.50000	       11B
  25.56816	  72.20487	   7.50000	       11B
  25.56816	  76.45287	   7.50000	       11B
  28.40906	  67.95687	   7.50000	       11B
  28.40906	  72.20487	   7.50000	       11B
  28.40906	  76.45287	   7.50000	       10B
  31.24997	  67.95687	   7.50000	       11B
  31.24997	  72.20487	   7.50000	       11B
  31.24997	  76.45287	   7.50000	       11B
  34.09088	  67.95687	   7.50000	       10B
  34.09088	  72.20487	   7.50000	       11B
  34.09088	  76.45287	   7.50000	       11B
  36.93178	  67.95687	   7.50000	       10B
  36.93178	  72.20487	   7.50000	       11B
  36.93178	  76.45287	   7.50000	       11B
  39.77269	  67.95687	   7.50000	       11B
  39.77269	  72.20487	   7.50000	       11B
  39.77269	  76.45287	   7.50000	       11B
  42.61360	  67.95687	   7.50000	       11B
  42.61360	  72.20487	   7.50000	       11B
  42.61360	  76.45287	   7.50000	       10B
  45.45450	  67.95687	   7.50000	       11B
  45.45450	  72.20487	   7.50000	       11B
  45.45450	  76.45287	   7.50000	       11B
  48.29541	  67.95687	   7.50000	       11B
  48.29541	  72.20487	   7.50000	       10B
  48.29541	  76.45287	   7.50000	       11B
  26.98861	  67.27349	   7.50000	       14N
  26.98861	  71.52149	   7.50000	       14N
  26.98861	  75.76948	   7.50000	       14N
  29.82952	  67.27349	   7.50000	       14N
  29.82952	  71.52149	   7.50000	       14N
  29.82952	  75.76948	   7.50000	       14N
  32.67042	  67.27349	   7.50000	       14N
  32.67042	  71.52149	   7.50000	       14N
  32.67042	  75.76948	   7.50000	       14N
  35.51133	  67.27349	   7.50000	       14N
  35.51133	  71.52149	   7.50000	       14N
  35.51133	  75.76948	   7.50000	       14N
  38.35224	  67.27349	   7.50000	       14N
  38.35224	  71.52149	   7.50000	       14N
  38.35224	  75.76948	   7.50000	       14N
  41.19314	  67.27349	   7.50000	       14N
  41.19314	  71.52149	   7.50000	       14N
  41.19314	  75.76948	   7.50000	       14N
  44.03405	  67.27349	   7.50000	       14N
  44.03405	  71.52149	   7.50000	       14N
  44.03405	  75.76948	   7.50000	       14N
  46.87496	  67.27349	   7.50000	       14N
  46.87496	  71.52149	   7.50000	       14N
  46.87496	  75.76948	   7.50000	       14N
  49.71586	  67.27349	   7.50000	       14N
  49.71586	  71.52149	   7.50000	       14N
  49.71586	  75.76948	   7.50000	       14N
  25.56816	  65.14948	   7.50000	       14N
  25.56816	  69.39748	   7.50000	       14N
  25.56816	  73.64548	   7.50000	       14N
  28.40906	  65.14948	   7.50000	       14N
  28.40906	  69.39748	   7.50000	       14N
  28.40906	  73.64548	   7.50000	       14N
  31.24997	  65.14948	   7.50000	       14N
  31.24997	  69.39748	   7.50000	       14N
  31.24997	  73.64548	   7.50000	       14N
  34.09088	  65.14948	   7.50000	       14N
  34.09088	  69.39748	   7.50000	       14N
  34.09088	  73.64548	   7.50000	       14N
  36.93178	  65.14948	   7.50000	       14N
  36.93178	  69.39748	   7.50000	       14N
  36.93178	  73.64548	   7.50000	       14N
  39.77269	  65.14948	   7.50000	       14N
  39.77269	  69.39748	   7.50000	       14N
  39.77269	  73.64548	   7.50000	       14N
  42.61360	  65.14948	   7.50000	       14N
  42.61360	  69.39748	   7.50000	       14N
  42.61360	  73.64548	   7.50000	       14N
  45.45450	  65.14948	   7.50000	       14N
  45.45450	  69.39748	   7.50000	       14N
  45.45450	  73.64548	   7.50000	       14N
  48.29541	  65.14948	   7.50000	       14N
  48.29541	  69.39748	   7.50000	       14N
  48.29541	  73.64548	   7.50000	       14N
  26.98861	  78.57687	   7.50000	       10B
  29.82952	  78.57687	   7.50000	       11B
  32.67042	  78.57687	   7.50000	       10B
  35.51133	  78.57687	   7.50000	       11B
  38.35224	  78.57687	   7.50000	       11B
  41.19314	  78.57687	   7.50000	       11B
  44.03405	  78.57687	   7.50000	       11B
  46.87496	  78.57687	   7.50000	       10B
  49.71586	  78.57687	   7.50000	       11B
  25.56816	  77.89348	   7.50000	       14N
  28.40906	  77.89348	   7.50000	       14N
  31.24997	  77.89348	   7.50000	       14N
  34.09088	  77.89348	   7.50000	       14N
  36.93178	  77.89348	   7.50000	       14N
  39.77269	  77.89348	   7.50000	       14N
  42.61360	  77.89348	   7.50000	       14N
  45.45450	  77.89348	   7.50000	       14N
  48.29541	  77.89348	   7.50000	       14N
  52.55677	   2.11290	   7.50000	       11B
  52.55677	   6.36090	   7.50000	       11B
  52.55677	  10.60889	   7.50000	       10B
  55.39768	   2.11290	   7.50000	       11B
  55.39768	   6.36090	   7.50000	       11B
  55.39768	  10.60889	   7.50000	       10B
  58.23858	   2.11290	   7.50000	       10B
  58.23858	   6.36090	   7.50000	       10B
  58.23858	  10.60889	   7.50000	       11B
  61.07949	   2.11290	   7.50000	       11B
  61.07949	   6.36090	   7.50000	       11B
  61.07949	  10.60889	   7.50000	       10B
  63.92040	   2.11290	   7.50000	       11B
  63.92040	   6.36090	   7.50000	       10B
  63.92040	  10.60889	   7.50000	       11B
  66.76130	   2.11290	   7.50000	       11B
  66.76130	   6.36090	   7.50000	       11B
  66.76130	  10.60889	   7.50000	       10B
  69.60221	   2.11290	   7.50000	       10B
  69.60221	   6.36090	   7.50000	       11B
  69.60221	  10.60889	   7.50000	       11B
  72.44312	   2.11290	   7.50000	       11B
  72.44312	   6.36090	   7.50000	       11B
  72.44312	  10.60889	   7.50000	       11B
  75.28402	   2.11290	   7.50000	       10B
  75.28402	   6.36090	   7.50000	       10B
  75.28402	  10.60889	   7.50000	       11B
  51.13632	   4.23689	   7.50000	       11B
  51.13632	   8.48489	   7.50000	       11B
  51.13632	  12.73289	   7.50000	       10B
  53.97722	   4.23689	   7.50000	       11B
  53.97722	   8.48489	   7.50000	       11B
  53.97722	  12.73289	   7.50000	       11B
  56.81813	   4.23689	   7.50000	       11B
  56.81813	   8.48489	   7.50000	       11B
  56.81813	  12.73289	   7.50000	       11B
  59.65904	   4.23689	   7.50000	       11B
  59.65904	   8.48489	   7.50000	       11B
  59.65904	  12.73289	   7.50000	       11B
  62.49994	   4.23689	   7.50000	       11B
  62.49994	   8.48489	   7.50000	       11B
  62.49994	  12.73289	   7.50000	       11B
  65.34085	   4.23689	   7.50000	       11B
  65.34085	   8.48489	   7.50000	       11B
  65.34085	  12.73289	   7.50000	       11B
  68.18176	   4.23689	   7.50000	       10B
  68.18176	   8.48489	   7.50000	       11B
  68.18176	  12.73289	   7.50000	       11B
  71.02266	   4.23689	   7.50000	       11B
  71.02266	   8.48489	   7.50000	       11B
  71.02266	  12.73289	   7.50000	       11B
  73.86357	   4.23689	   7.50000	       11B
  73.86357	   8.48489	   7.50000	       11B
  73.86357	  12.73289	   7.50000	       10B
  52.55677	   3.55351	   7.50000	       14N
  52.55677	   7.80151	   7.50000	       14N
  52.55677	  12.04951	   7.50000	       14N
  55.39768	   3.55351	   7.50000	       14N
  55.39768	   7.80151	   7.50000	       14N
  55.39768	  12.04951	   7.50000	       14N
  58.23858	   3.55351	   7.50000	       14N
  58.23858	   7.80151	   7.50000	       14N
  58.23858	  12.04951	   7.50000	       14N
  61.07949	   3.55351	   7.50000	       14N
  61.07949	   7.80151	   7.50000	       14N
  61.07949	  12.04951	   7.50000	       14N
  63.92040	   3.55351	   7.50000	       14N
  63.92040	   7.80151	   7.50000	       14N
  63.92040	  12.04951	   7.50000	       14N
  66.76130	   3.55351	   7.50000	       14N
  66.76130	   7.80151	   7.50000	       14N
  66.76130	  12.04951	   7.50000	       14N
  69.60221	   3.55351	   7.50000	       14N
  69.60221	   7.80151	   7.50000	       14N
  69.60221	  12.04951	   7.50000	       14N
  72.44312	   3.55351	   7.50000	       14N
  72.44312	   7.80151	   7.50000	       14N
  72.44312	  12.04951	   7.50000	       14N
  75.28402	   3.55351	   7.50000	       14N
  75.28402	   7.80151	   7.50000	       14N
  75.28402	  12.04951	   7.50000	       14N
  51.13632	   1.42951	   7.50000	       14N
  51.13632	   5.67751	   7.50000	       14N
  51.13632	   9.92550	   7.50000	       14N
  53.97722	   1.42951	   7.50000	       14N
  53.97722	   5.67751	   7.50000	       14N
  53.97722	   9.92550	   7.50000	       14N
  56.81813	   1.42951	   7.50000	       14N
  56.81813	   5.67751	   7.50000	       14N
  56.81813	   9.92550	   7.50000	       14N
  59.65904	   1.42951	   7.50000	       14N
  59.65904	   5.67751	   7.50000	       14N
  59.65904	   9.92550	   7.50000	       14N
  62.49994	   1.42951	   7.50000	       14N
  62.49994	   5.67751	   7.50000	       14N
  62.49994	   9.92550	   7.50000	       14N
  65.34085	   1.42951	   7.50000	       14N
  65.34085	   5.67751	   7.50000	       14N
  65.34085	   9.92550	   7.50000	       14N
  68.18176	   1.42951	   7.50000	       14N
  68.18176	   5.67751	   7.50000	       14N
  68.18176	   9.92550	   7.50000	       14N
  71.02266	   1.42951	   7.50000	       14N
  71.02266	   5.67751	   7.50000	       14N
  71.02266	   9.92550	   7.50000	       14N
  73.86357	   1.42951	   7.50000	       14N
  73.86357	   5.67751	   7.50000	       14N
  73.86357	   9.92550	   7.50000	       14N
  52.55677	  14.85689	   7.50000	       11B
  52.55677	  19.10489	   7.50000	       11B
  52.55677	  23.35289	   7.50000	       10B
  55.39768	  14.85689	   7.50000	       10B
  55.39768	  19.10489	   7.50000	       11B
  55.39768	  23.35289	   7.50000	       11B
  58.23858	  14.85689	   7.50000	       11B
  58.23858	  19.10489	   7.50000	       11B
  58.23858	  23.35289	   7.50000	       11B
  61.07949	  14.85689	   7.50000	       10B
  61.07949	  19.10489	   7.50000	       11B
  61.07949	  23.35289	   7.50000	       10B
  63.92040	  14.85689	   7.50000	       11B
  63.92040	  19.10489	   7.50000	       11B
  63.92040	  23.35289	   7.50000	       11B
  66.76130	  14.85689	   7.50000	       11B
  66.76130	  19.10489	   7.50000	       11B
  66.76130	  23.35289	   7.50000	       11B
  69.60221	  14.85689	   7.50000	       11B
  69.60221	  19.10489	   7.50000	       10B
  69.60221	  23.35289	   7.50000	       11B
  72.44312	  14.85689	   7.50000	       11B
  72.44312	  19.10489	   7.50000	       11B
  72.44312	  23.35289	   7.50000	       11B
  75.28402	  14.85689	   7.50000	       10B
  75.28402	  19.10489	   7.50000	       11B
  75.28402	  23.35289	   7.50000	       11B
  51.13632	  16.98089	   7.50000	       11B
  51.13632	  21.22889	   7.50000	       11B
  51.13632	  25.47689	   7.50000	       10B
  53.97722	  16.98089	   7.50000	       11B
  53.97722	  21.22889	   7.50000	       11B
  53.97722	  25.47689	   7.50000	       11B
  56.81813	  16.98089	   7.50000	       11B
  56.81813	  21.22889	   7.50000	       10B
  56.81813	  25.47689	   7.50000	       10B
  59.65904	  16.98089	   7.50000	       10B
  59.65904	  21.22889	   7.50000	       11B
  59.65904	  25.47689	   7.50000	       11B
  62.49994	  16.98089	   7.50000	       11B
  62.49994	  21.22889	   7.50000	       11B
  62.49994	  25.47689	   7.50000	       11B
  65.34085	  16.98089	   7.50000	       11B
  65.34085	  21.22889	   7.50000	       11B
  65.34085	  25.47689	   7.50000	       11B
  68.18176	  16.98089	   7.50000	       11B
  68.18176	  21.22889	   7.50000	       11B
  68.18176	  25.47689	   7.50000	       11B
  71.02266	  16.98089	   7.50000	       11B
  71.02266	  21.22889	   7.50000	       11B
  71.02266	  25.47689	   7.50000	       11B
  73.86357	  16.98089	   7.50000	       10B
  73.86357	  21.22889	   7.50000	       11B
  73.86357	  25.47689	   7.50000	       11B
  52.55677	  16.29751	   7.50000	       14N
  52.55677	  20.54550	   7.50000	       14N
  52.55677	  24.79350	   7.50000	       14N
  55.39768	  16.29751	   7.50000	       14N
  55.39768	  20.54550	   7.50000	       14N
  55.39768	  24.79350	   7.50000	       14N
  58.23858	  16.29751	   7.50000	       14N
  58.23858	  20.54550	   7.50000	       14N
  58.23858	  24.79350	   7.50000	       14N
  61.07949	  16.29751	   7.50000	       14N
  61.07949	  20.54550	   7.50000	       14N
  61.07949	  24.79350	   7.50000	       14N
  63.92040	  16.29751	   7.50000	       14N
  63.92040	  20.54550	   7.50000	       14N
  63.92040	  24.79350	   7.50000	       14N
  66.76130	  16.29751	   7.50000	       14N
  66.76130	  20.54550	   7.50000	       14N
  66.76130	  24.79350	   7.50000	       14N
  69.60221	  16.29751	   7.50000	       14N
  69.60221	  20.54550	   7.50000	       14N
  69.60221	  24.79350	   7.50000	       14N
  72.44312	  16.29751	   7.50000	       14N
  72.44312	  20.54550	   7.50000	       14N
  72.44312	  24.79350	   7.50000	       14N
  75.28402	  16.29751	   7.50000	       14N
  75.28402	  20.54550	   7.50000	       14N
  75.28402	  24.79350	   7.50000	       14N
  51.13632	  14.17350	   7.50000	       14N
  51.13632	  18.42150	   7.50000	       14N
  51.13632	  22.66950	   7.50000	       14N
  53.97722	  14.17350	   7.50000	       14N
  53.97722	  18.42150	   7.50000	       14N
  53.97722	  22.66950	   7.50000	       14N
  56.81813	  14.17350	   7.50000	       14N
  56.81813	  18.42150	   7.50000	       14N
  56.81813	  22.66950	   7.50000	       14N
  59.65904	  14.17350	   7.50000	       14N
  59.65904	  18.42150	   7.50000	       14N
  59.65904	  22.66950	   7.50000	       14N
  62.49994	  14.17350	   7.50000	       14N
  62.49994	  18.42150	   7.50000	       14N
  62.49994	  22.66950	   7.50000	       14N
  65.34085	  14.17350	   7.50000	       14N
  65.34085	  18.42150	   7.50000	       14N
  65.34085	  22.66950	   7.50000	       14N
  68.18176	  14.17350	   7.50000	       14N
  68.18176	  18.42150	   7.50000	       14N
  68.18176	  22.66950	   7.50000	       14N
  71.02266	  14.17350	   7.50000	       14N
  71.02266	  18.42150	   7.50000	       14N
  71.02266	  22.66950	   7.50000	       14N
  73.86357	  14.17350	   7.50000	       14N
  73.86357	  18.42150	   7.50000	       14N
  73.86357	  22.66950	   7.50000	       14N
  52.55677	  27.60089	   7.50000	       11B
  52.55677	  31.84889	   7.50000	       11B
  52.55677	  36.09688	   7.50000	       10B
  55.39768	  27.60089	   7.50000	       11B
  55.39768	  31.84889	   7.50000	       11B
  55.39768	  36.09688	   7.50000	       10B
  58.23858	  27.60089	   7.50000	       11B
  58.23858	  31.84889	   7.50000	       10B
  58.23858	  36.09688	   7.50000	       11B
  61.07949	  27.60089	   7.50000	       11B
  61.07949	  31.84889	   7.50000	       10B
  61.07949	  36.09688	   7.50000	       10B
  63.92040	  27.60089	   7.50000	       11B
  63.92040	  31.84889	   7.50000	       11B
  63.92040	  36.09688	   7.50000	       11B
  66.76130	  27.60089	   7.50000	       11B
  66.76130	  31.84889	   7.50000	       11B
  66.76130	  36.09688	   7.50000	       11B
  69.60221	  27.60089	   7.50000	       11B
  69.60221	  31.84889	   7.50000	       11B
  69.60221	  36.09688	   7.50000	       11B
  72.44312	  27.60089	   7.50000	       11B
  72.44312	  31.84889	   7.50000	       11B
  72.44312	  36.09688	   7.50000	       11B
  75.28402	  27.60089	   7.50000	       11B
  75.28402	  31.84889	   7.50000	       11B
  75.28402	  36.09688	   7.50000	       11B
  51.13632	  29.72488	   7.50000	       11B
  51.13632	  33.97288	   7.50000	       11B
  51.13632	  38.22088	   7.50000	       11B
  53.97722	  29.72488	   7.50000	       11B
  53.97722	  33.97288	   7.50000	       11B
  53.97722	  38.22088	   7.50000	       10B
  56.81813	  29.72488	   7.50000	       11B
  56.81813	  33.97288	   7.50000	       11B
  56.81813	  38.22088	   7.50000	       10B
  59.65904	  29.72488	   7.50000	       11B
  59.65904	  33.97288	   7.50000	       11B
  59.65904	  38.22088	   7.50000	       11B
  62.49994	  29.72488	   7.50000	       11B
  62.49994	  33.97288	   7.50000	       11B
  62.49994	  38.22088	   7.50000	       11B
  65.34085	  29.72488	   7.50000	       11B
  65.34085	  33.97288	   7.50000	       11B
  65.34085	  38.22088	   7.50000	       11B
  68.18176	  29.72488	   7.50000	       10B
  68.18176	  33.97288	   7.50000	       10B
  68.18176	  38.22088	   7.50000	       11B
  71.02266	  29.72488	   7.50000	       10B
  71.02266	  33.97288	   7.50000	       11B
  71.02266	  38.22088	   7.50000	       10B
  73.86357	  29.72488	   7.50000	       11B
  73.86357	  33.97288	   7.50000	       11B
  73.86357	  38.22088	   7.50000	       11B
  52.55677	  29.04150	   7.50000	       14N
  52.55677	  33.28950	   7.50000	       14N
  52.55677	  37.53750	   7.50000	       14N
  55.39768	  29.04150	   7.50000	       14N
  55.39768	  33.28950	   7.50000	       14N
  55.39768	  37.53750	   7.50000	       14N
  58.23858	  29.04150	   7.50000	       14N
  58.23858	  33.28950	   7.50000	       14N
  58.23858	  37.53750	   7.50000	       14N
  61.07949	  29.04150	   7.50000	       14N
  61.07949	  33.28950	   7.50000	       14N
  61.07949	  37.53750	   7.50000	       14N
  63.92040	  29.04150	   7.50000	       14N
  63.92040	  33.28950	   7.50000	       14N
  63.92040	  37.53750	   7.50000	       14N
  66.76130	  29.04150	   7.50000	       14N
  66.76130	  33.28950	   7.50000	       14N
  66.76130	  37.53750	   7.50000	       14N
  69.60221	  29.04150	   7.50000	       14N
  69.60221	  33.28950	   7.50000	       14N
  69.60221	  37.53750	   7.50000	       14N
  72.44312	  29.04150	   7.50000	       14N
  72.44312	  33.28950	   7.50000	       14N
  72.44312	  37.53750	   7.50000	       14N
  75.28402	  29.04150	   7.50000	       14N
  75.28402	  33.28950	   7.50000	       14N
  75.28402	  37.53750	   7.50000	       14N
  51.13632	  26.91750	   7.50000	       14N
  51.13632	  31.16550	   7.50000	       14N
  51.13632	  35.41350	   7.50000	       14N
  53.97722	  26.91750	   7.50000	       14N
  53.97722	  31.16550	   7.50000	       14N
  53.97722	  35.41350	   7.50000	       14N
  56.81813	  26.91750	   7.50000	       14N
  56.81813	  31.16550	   7.50000	       14N
  56.81813	  35.41350	   7.50000	       14N
  59.65904	  26.91750	   7.50000	       14N
  59.65904	  31.16550	   7.50000	       14N
  59.65904	  35.41350	   7.50000	       14N
  62.49994	  26.91750	   7.50000	       14N
  62.49994	  31.16550	   7.50000	       14N
  62.49994	  35.41350	   7.50000	       14N
  65.34085	  26.91750	   7.50000	       14N
  65.34085	  31.16550	   7.50000	       14N
  65.34085	  35.41350	   7.50000	       14N
  68.18176	  26.91750	   7.50000	       14N
  68.18176	  31.16550	   7.50000	       14N
  68.18176	  35.41350	   7.50000	       14N
  71.02266	  26.91750	   7.50000	       14N
  71.02266	  31.16550	   7.50000	       14N
  71.02266	  35.41350	   7.50000	       14N
  73.86357	  26.91750	   7.50000	       14N
  73.86357	  31.16550	   7.50000	       14N
  73.86357	  35.41350	   7.50000	       14N
  52.55677	  40.34488	   7.50000	       11B
  52.55677	  44.59288	   7.50000	       10B
  52.55677	  48.84088	   7.50000	       11B
  55.39768	  40.34488	   7.50000	       11B
  55.39768	  44.59288	   7.50000	       11B
  55.39768	  48.84088	   7.50000	       11B
  58.23858	  40.34488	   7.50000	       10B
  58.23858	  44.59288	   7.50000	       11B
  58.23858	  48.84088	   7.50000	       11B
  61.07949	  40.34488	   7.50000	       11B
  61.07949	  44.59288	   7.50000	       11B
  61.07949	  48.84088	   7.50000	       11B
  63.92040	  40.34488	   7.50000	       11B
  63.92040	  44.59288	   7.50000	       11B
  63.92040	  48.84088	   7.50000	       11B
  66.76130	  40.34488	   7.50000	       11B
  66.76130	  44.59288	   7.50000	       11B
  66.76130	  48.84088	   7.50000	       11B
  69.60221	  40.34488	   7.50000	       11B
  69.60221	  44.59288	   7.50000	       10B
  69.60221	  48.84088	   7.50000	       11B
  72.44312	  40.34488	   7.50000	       11B
  72.44312	  44.59288	   7.50000	       11B
  72.44312	  48.84088	   7.50000	       11B
  75.28402	  40.34488	   7.50000	       11B
  75.28402	  44.59288	   7.50000	       11B
  75.28402	  48.84088	   7.50000	       11B
  51.13632	  42.46888	   7.50000	       11B
  51.13632	  46.71688	   7.50000	       11B
  51.13632	  50.96488	   7.50000	       11B
  53.97722	  42.46888	   7.50000	       11B
  53.97722	  46.71688	   7.50000	       10B
  53.97722	  50.96488	   7.50000	       10B
  56.81813	  42.46888	   7.50000	       11B
  56.81813	  46.71688	   7.50000	       10B
  56.81813	  50.96488	   7.50000	       11B
  59.65904	  42.46888	   7.50000	       11B
  59.65904	  46.71688	   7.50000	       11B
  59.65904	  50.96488	   7.50000	       11B
  62.49994	  42.46888	   7.50000	       11B
  62.49994	  46.71688	   7.50000	       10B
  62.49994	  50.96488	   7.50000	       11B
  65.34085	  42.46888	   7.50000	       11B
  65.34085	  46.71688	   7.50000	       10B
  65.34085	  50.96488	   7.50000	       11B
  68.18176	  42.46888	   7.50000	       11B
  68.18176	  46.71688	   7.50000	       11B
  68.18176	  50.96488	   7.50000	       10B
  71.02266	  42.46888	   7.50000	       11B
  71.02266	  46.71688	   7.50000	       11B
  71.02266	  50.96488	   7.50000	       10B
  73.86357	  42.46888	   7.50000	       11B
  73.86357	  46.71688	   7.50000	       11B
  73.86357	  50.96488	   7.50000	       11B
  52.55677	  41.78550	   7.50000	       14N
  52.55677	  46.03349	   7.50000	       14N
  52.55677	  50.28149	   7.50000	       14N
  55.39768	  41.78550	   7.50000	       14N
  55.39768	  46.03349	   7.50000	       14N
  55.39768	  50.28149	   7.50000	       14N
  58.23858	  41.78550	   7.50000	       14N
  58.23858	  46.03349	   7.50000	       14N
  58.23858	  50.28149	   7.50000	       14N
  61.07949	  41.78550	   7.50000	       14N
  61.07949	  46.03349	   7.50000	       14N
  61.07949	  50.28149	   7.50000	       14N
  63.92040	  41.78550	   7.50000	       14N
  63.92040	  46.03349	   7.50000	       14N
  63.92040	  50.28149	   7.50000	       14N
  66.76130	  41.78550	   7.50000	       14N
  66.76130	  46.03349	   7.50000	       14N
  66.76130	  50.28149	   7.50000	       14N
  69.60221	  41.78550	   7.50000	       14N
  69.60221	  46.03349	   7.50000	       14N
  69.60221	  50.28149	   7.50000	       14N
  72.44312	  41.78550	   7.50000	       14N
  72.44312	  46.03349	   7.50000	       14N
  72.44312	  50.28149	   7.50000	       14N
  75.28402	  41.78550	   7.50000	       14N
  75.28402	  46.03349	   7.50000	       14N
  75.28402	  50.28149	   7.50000	       14N
  51.13632	  39.66149	   7.50000	       14N
  51.13632	  43.90949	   7.50000	       14N
  51.13632	  48.15749	   7.50000	       14N
  53.97722	  39.66149	   7.50000	       14N
  53.97722	  43.90949	   7.50000	       14N
  53.97722	  48.15749	   7.50000	       14N
  56.81813	  39.66149	   7.50000	       14N
  56.81813	  43.90949	   7.50000	       14N
  56.81813	  48.15749	   7.50000	       14N
  59.65904	  39.66149	   7.50000	       14N
  59.65904	  43.90949	   7.50000	       14N
  59.65904	  48.15749	   7.50000	       14N
  62.49994	  39.66149	   7.50000	       14N
  62.49994	  43.90949	   7.50000	       14N
  62.49994	  48.15749	   7.50000	       14N
  65.34085	  39.66149	   7.50000	       14N
  65.34085	  43.90949	   7.50000	       14N
  65.34085	  48.15749	   7.50000	       14N
  68.18176	  39.66149	   7.50000	       14N
  68.18176	  43.90949	   7.50000	       14N
  68.18176	  48.15749	   7.50000	       14N
  71.02266	  39.66149	   7.50000	       14N
  71.02266	  43.90949	   7.50000	       14N
  71.02266	  48.15749	   7.50000	       14N
  73.86357	  39.66149	   7.50000	       14N
  73.86357	  43.90949	   7.50000	       14N
  73.86357	  48.15749	   7.50000	       14N
  52.55677	  53.08888	   7.50000	       11B
  52.55677	  57.33688	   7.50000	       10B
  52.55677	  61.58488	   7.50000	       11B
  55.39768	  53.08888	   7.50000	       11B
  55.39768	  57.33688	   7.50000	       11B
  55.39768	  61.58488	   7.50000	       11B
  58.23858	  53.08888	   7.50000	       10B
  58.23858	  57.33688	   7.50000	       10B
  58.23858	  61.58488	   7.50000	       11B
  61.07949	  53.08888	   7.50000	       11B
  61.07949	  57.33688	   7.50000	       11B
  61.07949	  61.58488	   7.50000	       11B
  63.92040	  53.08888	   7.50000	       11B
  63.92040	  57.33688	   7.50000	       11B
  63.92040	  61.58488	   7.50000	       11B
  66.76130	  53.08888	   7.50000	       11B
  66.76130	  57.33688	   7.50000	       11B
  66.76130	  61.58488	   7.50000	       11B
  69.60221	  53.08888	   7.50000	       11B
  69.60221	  57.33688	   7.50000	       11B
  69.60221	  61.58488	   7.50000	       11B
  72.44312	  53.08888	   7.50000	       11B
  72.44312	  57.33688	   7.50000	       11B
  72.44312	  61.58488	   7.50000	       11B
  75.28402	  53.08888	   7.50000	       11B
  75.28402	  57.33688	   7.50000	       10B
  75.28402	  61.58488	   7.50000	       10B
  51.13632	  55.21287	   7.50000	       11B
  51.13632	  59.46087	   7.50000	       11B
  51.13632	  63.70887	   7.50000	       11B
  53.97722	  55.21287	   7.50000	       11B
  53.97722	  59.46087	   7.50000	       11B
  53.97722	  63.70887	   7.50000	       10B
  56.81813	  55.21287	   7.50000	       10B
  56.81813	  59.46087	   7.50000	       10B
  56.81813	  63.70887	   7.50000	       11B
  59.65904	  55.21287	   7.50000	       11B
  59.65904	  59.46087	   7.50000	       11B
  59.65904	  63.70887	   7.50000	       11B
  62.49994	  55.21287	   7.50000	       11B
  62.49994	  59.46087	   7.50000	       11B
  62.49994	  63.70887	   7.50000	       10B
  65.34085	  55.21287	   7.50000	       11B
  65.34085	  59.46087	   7.50000	       10B
  65.34085	  63.70887	   7.50000	       10B
  68.18176	  55.21287	   7.50000	       11B
  68.18176	  59.46087	   7.50000	       11B
  68.18176	  63.70887	   7.50000	       11B
  71.02266	  55.21287	   7.50000	       11B
  71.02266	  59.46087	   7.50000	       11B
  71.02266	  63.70887	   7.50000	       11B
  73.86357	  55.21287	   7.50000	       11B
  73.86357	  59.46087	   7.50000	       11B
  73.86357	  63.70887	   7.50000	       11B
  52.55677	  54.52949	   7.50000	       14N
  52.55677	  58.77749	   7.50000	       14N
  52.55677	  63.02549	   7.50000	       14N
  55.39768	  54.52949	   7.50000	       14N
  55.39768	  58.77749	   7.50000	       14N
  55.39768	  63.02549	   7.50000	       14N
  58.23858	  54.52949	   7.50000	       14N
  58.23858	  58.77749	   7.50000	       14N
  58.23858	  63.02549	   7.50000	       14N
  61.07949	  54.52949	   7.50000	       14N
  61.07949	  58.77749	   7.50000	       14N
  61.07949	  63.02549	   7.50000	       14N
  63.92040	  54.52949	   7.50000	       14N
  63.92040	  58.77749	   7.50000	       14N
  63.92040	  63.02549	   7.50000	       14N
  66.76130	  54.52949	   7.50000	       14N
  66.76130	  58.77749	   7.50000	       14N
  66.76130	  63.02549	   7.50000	       14N
  69.60221	  54.52949	   7.50000	       14N
  69.60221	  58.77749	   7.50000	       14N
  69.60221	  63.02549	   7.50000	       14N
  72.44312	  54.52949	   7.50000	       14N
  72.44312	  58.77749	   7.50000	       14N
  72.44312	  63.02549	   7.50000	       14N
  75.28402	  54.52949	   7.50000	       14N
  75.28402	  58.77749	   7.50000	       14N
  75.28402	  63.02549	   7.50000	       14N
  51.13632	  52.40549	   7.50000	       14N
  51.13632	  56.65349	   7.50000	       14N
  51.13632	  60.90149	   7.50000	       14N
  53.97722	  52.40549	   7.50000	       14N
  53.97722	  56.65349	   7.50000	       14N
  53.97722	  60.90149	   7.50000	       14N
  56.81813	  52.40549	   7.50000	       14N
  56.81813	  56.65349	   7.50000	       14N
  56.81813	  60.90149	   7.50000	       14N
  59.65904	  52.40549	   7.50000	       14N
  59.65904	  56.65349	   7.50000	       14N
  59.65904	  60.90149	   7.50000	       14N
  62.49994	  52.40549	   7.50000	       14N
  62.49994	  56.65349	   7.50000	       14N
  62.49994	  60.90149	   7.50000	       14N
  65.34085	  52.40549	   7.50000	       14N
  65.34085	  56.65349	   7.50000	       14N
  65.34085	  60.90149	   7.50000	       14N
  68.18176	  52.40549	   7.50000	       14N
  68.18176	  56.65349	   7.50000	       14N
  68.18176	  60.90149	   7.50000	       14N
  71.02266	  52.40549	   7.50000	       14N
  71.02266	  56.65349	   7.50000	       14N
  71.02266	  60.90149	   7.50000	       14N
  73.86357	  52.40549	   7.50000	       14N
  73.86357	  56.65349	   7.50000	       14N
  73.86357	  60.90149	   7.50000	       14N
  52.55677	  65.83287	   7.50000	       10B
  52.55677	  70.08087	   7.50000	       11B
  52.55677	  74.32887	   7.50000	       11B
  55.39768	  65.83287	   7.50000	       11B
  55.39768	  70.08087	   7.50000	       10B
  55.39768	  74.32887	   7.50000	       10B
  58.23858	  65.83287	   7.50000	       11B
  58.23858	  70.08087	   7.50000	       10B
  58.23858	  74.32887	   7.50000	       10B
  61.07949	  65.83287	   7.50000	       11B
  61.07949	  70.08087	   7.50000	       10B
  61.07949	  74.32887	   7.50000	       11B
  63.92040	  65.83287	   7.50000	       11B
  63.92040	  70.08087	   7.50000	       11B
  63.92040	  74.32887	   7.50000	       11B
  66.76130	  65.83287	   7.50000	       10B
  66.76130	  70.08087	   7.50000	       11B
  66.76130	  74.32887	   7.50000	       10B
  69.60221	  65.83287	   7.50000	       11B
  69.60221	  70.08087	   7.50000	       10B
  69.60221	  74.32887	   7.50000	       11B
  72.44312	  65.83287	   7.50000	       11B
  72.44312	  70.08087	   7.50000	       11B
  72.44312	  74.32887	   7.50000	       11B
  75.28402	  65.83287	   7.50000	       11B
  75.28402	  70.08087	   7.50000	       11B
  75.28402	  74.32887	   7.50000	       11B
  51.13632	  67.95687	   7.50000	       10B
  51.13632	  72.20487	   7.50000	       11B
  51.13632	  76.45287	   7.50000	       11B
  53.97722	  67.95687	   7.50000	       10B
  53.97722	  72.20487	   7.50000	       11B
  53.97722	  76.45287	   7.50000	       10B
  56.81813	  67.95687	   7.50000	       10B
  56.81813	  72.20487	   7.50000	       11B
  56.81813	  76.45287	   7.50000	       11B
  59.65904	  67.95687	   7.50000	       11B
  59.65904	  72.20487	   7.50000	       11B
  59.65904	  76.45287	   7.50000	       11B
  62.49994	  67.95687	   7.50000	       11B
  62.49994	  72.20487	   7.50000	       11B
  62.49994	  76.45287	   7.50000	       10B
  65.34085	  67.95687	   7.50000	       10B
  65.34085	  72.20487	   7.50000	       11B
  65.34085	  76.45287	   7.50000	       11B
  68.18176	  67.95687	   7.50000	       10B
  68.18176	  72.20487	   7.50000	       11B
  68.18176	  76.45287	   7.50000	       11B
  71.02266	  67.95687	   7.50000	       11B
  71.02266	  72.20487	   7.50000	       11B
  71.02266	  76.45287	   7.50000	       10B
  73.86357	  67.95687	   7.50000	       11B
  73.86357	  72.20487	   7.50000	       11B
  73.86357	  76.45287	   7.50000	       10B
  52.55677	  67.27349	   7.50000	       14N
  52.55677	  71.52149	   7.50000	       14N
  52.55677	  75.76948	   7.50000	       14N
  55.39768	  67.27349	   7.50000	       14N
  55.39768	  71.52149	   7.50000	       14N
  55.39768	  75.76948	   7.50000	       14N
  58.23858	  67.27349	   7.50000	       15N
  58.23858	  71.52149	   7.50000	       14N
  58.23858	  75.76948	   7.50000	       14N
  61.07949	  67.27349	   7.50000	       14N
  61.07949	  71.52149	   7.50000	       14N
  61.07949	  75.76948	   7.50000	       14N
  63.92040	  67.27349	   7.50000	       14N
  63.92040	  71.52149	   7.50000	       14N
  63.92040	  75.76948	   7.50000	       14N
  66.76130	  67.27349	   7.50000	       14N
  66.76130	  71.52149	   7.50000	       14N
  66.76130	  75.76948	   7.50000	       14N
  69.60221	  67.27349	   7.50000	       14N
  69.60221	  71.52149	   7.50000	       14N
  69.60221	  75.76948	   7.50000	       14N
  72.44312	  67.27349	   7.50000	       14N
  72.44312	  71.52149	   7.50000	       14N
  72.44312	  75.76948	   7.50000	       14N
  75.28402	  67.27349	   7.50000	       14N
  75.28402	  71.52149	   7.50000	       14N
  75.28402	  75.76948	   7.50000	       14N
  51.13632	  65.14948	   7.50000	       14N
  51.13632	  69.39748	   7.50000	       14N
  51.13632	  73.64548	   7.50000	       14N
  53.97722	  65.14948	   7.50000	       14N
  53.97722	  69.39748	   7.50000	       14N
  53.97722	  73.64548	   7.50000	       14N
  56.81813	  65.14948	   7.50000	       14N
  56.81813	  69.39748	   7.50000	       14N
  56.81813	  73.64548	   7.50000	       14N
  59.65904	  65.14948	   7.50000	       14N
  59.65904	  69.39748	   7.50000	       14N
  59.65904	  73.64548	   7.50000	       14N
  62.49994	  65.14948	   7.50000	       14N
  62.49994	  69.39748	   7.50000	       14N
  62.49994	  73.64548	   7.50000	       14N
  65.34085	  65.14948	   7.50000	       14N
  65.34085	  69.39748	   7.50000	       14N
  65.34085	  73.64548	   7.50000	       14N
  68.18176	  65.14948	   7.50000	       14N
  68.18176	  69.39748	   7.50000	       14N
  68.18176	  73.64548	   7.50000	       14N
  71.02266	  65.14948	   7.50000	       14N
  71.02266	  69.39748	   7.50000	       14N
  71.02266	  73.64548	   7.50000	       14N
  73.86357	  65.14948	   7.50000	       14N
  73.86357	  69.39748	   7.50000	       14N
  73.86357	  73.64548	   7.50000	       14N
  52.55677	  78.57687	   7.50000	       11B
  55.39768	  78.57687	   7.50000	       11B
  58.23858	  78.57687	   7.50000	       11B
  61.07949	  78.57687	   7.50000	       11B
  63.92040	  78.57687	   7.50000	       11B
  66.76130	  78.57687	   7.50000	       11B
  69.60221	  78.57687	   7.50000	       11B
  72.44312	  78.57687	   7.50000	       11B
  75.28402	  78.57687	   7.50000	       11B
  51.13632	  77.89348	   7.50000	       14N
  53.97722	  77.89348	   7.50000	       14N
  56.81813	  77.89348	   7.50000	       14N
  59.65904	  77.89348	   7.50000	       14N
  62.49994	  77.89348	   7.50000	       14N
  65.34085	  77.89348	   7.50000	       14N
  68.18176	  77.89348	   7.50000	       14N
  71.02266	  77.89348	   7.50000	       14N
  73.86357	  77.89348	   7.50000	       14N
  78.12493	   2.11290	   7.50000	       11B
  78.12493	   6.36090	   7.50000	       11B
  78.12493	  10.60889	   7.50000	       11B
  76.70448	   4.23689	   7.50000	       11B
  76.70448	   8.48489	   7.50000	       10B
  76.70448	  12.73289	   7.50000	       11B
  79.54538	   4.23689	   7.50000	       10B
  79.54538	   8.48489	   7.50000	       11B
  79.54538	  12.73289	   7.50000	       11B
  78.12493	   3.55351	   7.50000	       14N
  78.12493	   7.80151	   7.50000	       14N
  78.12493	  12.04951	   7.50000	       14N
  76.70448	   1.42951	   7.50000	       14N
  76.70448	   5.67751	   7.50000	       15N
  76.70448	   9.92550	   7.50000	       14N
  79.54538	   1.42951	   7.50000	       14N
  79.54538	   5.67751	   7.50000	       14N
  79.54538	   9.92550	   7.50000	       14N
  78.12493	  14.85689	   7.50000	       11B
  78.12493	  19.10489	   7.50000	       11B
  78.12493	  23.35289	   7.50000	       11B
  76.70448	  16.98089	   7.50000	       11B
  76.70448	  21.22889	   7.50000	       11B
  76.70448	  25.47689	   7.50000	       10B
  79.54538	  16.98089	   7.50000	       11B
  79.54538	  21.22889	   7.50000	       11B
  79.54538	  25.47689	   7.50000	       11B
  78.12493	  16.29751	   7.50000	       14N
  78.12493	  20.54550	   7.50000	       14N
  78.12493	  24.79350	   7.50000	       14N
  76.70448	  14.17350	   7.50000	       14N
  76.70448	  18.42150	   7.50000	       14N
  76.70448	  22.66950	   7.50000	       14N
  79.54538	  14.17350	   7.50000	       14N
  79.54538	  18.42150	   7.50000	       14N
  79.54538	  22.66950	   7.50000	       14N
  78.12493	  27.60089	   7.50000	       11B
  78.12493	  31.84889	   7.50000	       11B
  78.12493	  36.09688	   7.50000	       10B
  76.70448	  29.72488	   7.50000	       11B
  76.70448	  33.97288	   7.50000	       10B
  76.70448	  38.22088	   7.50000	       10B
  79.54538	  29.72488	   7.50000	       11B
  79.54538	  33.97288	   7.50000	       11B
  79.54538	  38.22088	   7.50000	       11B
  78.12493	  29.04150	   7.50000	       14N
  78.12493	  33.28950	   7.50000	       14N
  78.12493	  37.53750	   7.50000	       14N
  76.70448	  26.91750	   7.50000	       14N
  76.70448	  31.16550	   7.50000	       14N
  76.70448	  35.41350	   7.50000	       14N
  79.54538	  26.91750	   7.50000	       14N
  79.54538	  31.16550	   7.50000	       14N
  79.54538	  35.41350	   7.50000	       14N
  78.12493	  40.34488	   7.50000	       11B
  78.12493	  44.59288	   7.50000	       11B
  78.12493	  48.84088	   7.50000	       11B
  76.70448	  42.46888	   7.50000	       11B
  76.70448	  46.71688	   7.50000	       11B
  76.70448	  50.96488	   7.50000	       11B
  79.54538	  42.46888	   7.50000	       11B
  79.54538	  46.71688	   7.50000	       11B
  79.54538	  50.96488	   7.50000	       10B
  78.12493	  41.78550	   7.50000	       14N
  78.12493	  46.03349	   7.50000	       14N
  78.12493	  50.28149	   7.50000	       14N
  76.70448	  39.66149	   7.50000	       14N
  76.70448	  43.90949	   7.50000	       14N
  76.70448	  48.15749	   7.50000	       14N
  79.54538	  39.66149	   7.50000	       14N
  79.54538	  43.90949	   7.50000	       14N
  79.54538	  48.15749	   7.50000	       14N
  78.12493	  53.08888	   7.50000	       11B
  78.12493	  57.33688	   7.50000	       10B
  78.12493	  61.58488	   7.50000	       11B
  76.70448	  55.21287	   7.50000	       11B
  76.70448	  59.46087	   7.50000	       11B
  76.70448	  63.70887	   7.50000	       11B
  79.54538	  55.21287	   7.50000	       10B
  79.54538	  59.46087	   7.50000	       10B
  79.54538	  63.70887	   7.50000	       11B
  78.12493	  54.52949	   7.50000	       14N
  78.12493	  58.77749	   7.50000	       14N
  78.12493	  63.02549	   7.50000	       14N
  76.70448	  52.40549	   7.50000	       14N
  76.70448	  56.65349	   7.50000	       14N
  76.70448	  60.90149	   7.50000	       14N
  79.54538	  52.40549	   7.50000	       14N
  79.54538	  56.65349	   7.50000	       14N
  79.54538	  60.90149	   7.50000	       14N
  78.12493	  65.83287	   7.50000	       10B
  78.12493	  70.08087	   7.50000	       10B
  78.12493	  74.32887	   7.50000	       11B
  76.70448	  67.95687	   7.50000	       11B
  76.70448	  72.20487	   7.50000	       11B
  76.70448	  76.45287	   7.50000	       10B
  79.54538	  67.95687	   7.50000	       11B
  79.54538	  72.20487	   7.50000	       10B
  79.54538	  76.45287	   7.50000	       11B
  78.12493	  67.27349	   7.50000	       14N
  78.12493	  71.52149	   7.50000	       14N
  78.12493	  75.76948	   7.50000	       14N
  76.70448	  65.14948	   7.50000	       14N
  76.70448	  69.39748	   7.50000	       14N
  76.70448	  73.64548	   7.50000	       14N
  79.54538	  65.14948	   7.50000	       14N
  79.54538	  69.39748	   7.50000	       14N
  79.54538	  73.64548	   7.50000	       14N
  78.12493	  78.57687	   7.50000	       11B
  76.70448	  77.89348	   7.50000	       14N
  79.54538	  77.89348	   7.50000	       14N
