--------------------------------------------------------------------------------------------------------------------------------------------------------------------------
  AtomName	    r_1i_X	    r_1i_Y	    r_1i_Z	  iso[MHz]	       Axx	       Axy	       Axz	       Ayx	       Ayy	       Ayz	       Azx	       Azy	       Azz
--------------------------------------------------------------------------------------------------------------------------------------------------------------------------
10B  g-factor___:   0.600215 [No-unit]
11B  g-factor___:   1.792433 [No-unit]
14N  g-factor___:   0.403761 [No-unit]
15N  g-factor___:  -0.566378 [No-unit]
10B  etc____:	---       	---       	---       	   0.00000
11B  etc____:	---       	---       	---       	   0.00000
14N  etc____:	---       	---       	---       	   0.00000
15N  etc____:	---       	---       	---       	   0.00000
MinDif[A]:	 -12.78408	  -6.36995	   0.00000
MaxDif[A]:	  11.38150	   6.33697	   0.00000
--------------------------------------------------------------------------------------------------------------------------------------------------------------------------
B         	 -11.37668	  -4.29846	   0.00000	  -0.00000	   0.06098	   0.00000	  -0.00000	   0.00000	  -0.01525	   0.00000	  -0.00000	   0.00000	  -0.03049
B         	 -11.38044	  -0.04618	   0.00000	   0.01525	   0.07623	  -0.00000	   0.00000	  -0.00000	  -0.03049	   0.00000	   0.00000	   0.00000	  -0.04574
B         	 -11.37576	   4.20065	   0.00000	  -0.00000	   0.06098	  -0.00000	   0.00000	  -0.00000	  -0.01525	  -0.00000	   0.00000	  -0.00000	  -0.03049
B         	  -8.56243	  -4.29616	   0.00000	  -0.01525	   0.07623	   0.01525	   0.00000	   0.01525	  -0.01525	  -0.00000	   0.00000	  -0.00000	  -0.06098
B         	  -8.57902	  -0.04113	   0.00000	   0.22868	   0.12196	  -0.03049	  -0.00000	  -0.03049	  -0.04574	  -0.00000	  -0.00000	  -0.00000	  -0.07623
B         	  -8.55109	   4.20511	   0.00000	  -0.00000	   0.06098	  -0.01525	  -0.00000	  -0.01525	  -0.00000	  -0.00000	  -0.00000	  -0.00000	  -0.06098
B         	  -5.74106	  -4.29499	   0.00000	  -0.21343	   0.13721	   0.07623	  -0.00000	   0.07623	   0.07623	  -0.00000	  -0.00000	  -0.00000	  -0.22868
B         	  -5.79818	  -0.02943	   0.00000	   2.57644	   0.48785	  -0.33539	  -0.00000	  -0.33539	  -0.07623	   0.00000	  -0.00000	   0.00000	  -0.41162
B         	  -5.71426	   4.21672	   0.00000	   0.09147	   0.07623	  -0.13721	   0.00000	  -0.13721	   0.09147	   0.00000	   0.00000	   0.00000	  -0.16770
B         	  -2.89747	  -4.27349	   0.00000	   6.70788	  -0.79275	  -0.15245	  -0.00000	  -0.15245	   1.93614	  -0.00000	  -0.00000	  -0.00000	  -1.14339
B         	  -3.06514	  -0.01882	   0.00000	   4.13145	   2.27153	  -2.68315	  -0.00000	  -2.68315	   1.00618	   0.00000	  -0.00000	   0.00000	  -3.27772
B         	  -2.85410	   4.22329	   0.00000	   4.81748	   0.53358	  -0.73177	   0.00000	  -0.73177	   0.15245	  -0.00000	   0.00000	  -0.00000	  -0.68603
B         	   0.00000	  -4.19666	   0.00000	  -0.71652	  -0.09147	   0.00000	   0.00000	   0.00000	   0.67079	  -0.00000	   0.00000	  -0.00000	  -0.57932
B         	   0.00000	   4.22645	   0.00000	  -0.67079	  -0.36588	   0.00000	   0.00000	   0.00000	   1.23486	   0.00000	   0.00000	   0.00000	  -0.86898
B         	   2.89747	  -4.27349	   0.00000	   6.70788	  -0.79275	   0.15245	   0.00000	   0.15245	   1.93614	  -0.00000	   0.00000	  -0.00000	  -1.14339
B         	   3.06514	  -0.01882	   0.00000	   4.13145	   2.27153	   2.68315	  -0.00000	   2.68315	   1.00618	   0.00000	  -0.00000	   0.00000	  -3.27772
B         	   2.85410	   4.22329	   0.00000	   4.81748	   0.53358	   0.73177	   0.00000	   0.73177	   0.15245	  -0.00000	   0.00000	  -0.00000	  -0.68603
B         	   5.74106	  -4.29499	   0.00000	  -0.21343	   0.13721	  -0.07623	  -0.00000	  -0.07623	   0.07623	  -0.00000	  -0.00000	  -0.00000	  -0.22868
B         	   5.79818	  -0.02943	   0.00000	   2.57644	   0.48785	   0.33539	  -0.00000	   0.33539	  -0.07623	  -0.00000	  -0.00000	  -0.00000	  -0.41162
B         	   5.71426	   4.21672	   0.00000	   0.09147	   0.07623	   0.13721	  -0.00000	   0.13721	   0.09147	  -0.00000	  -0.00000	  -0.00000	  -0.16770
B         	   8.56243	  -4.29616	   0.00000	  -0.01525	   0.07623	  -0.01525	   0.00000	  -0.01525	  -0.01525	   0.00000	   0.00000	   0.00000	  -0.06098
B         	   8.57902	  -0.04113	   0.00000	   0.22868	   0.12196	   0.03049	  -0.00000	   0.03049	  -0.04574	   0.00000	  -0.00000	   0.00000	  -0.07623
B         	   8.55109	   4.20511	   0.00000	  -0.00000	   0.06098	   0.01525	  -0.00000	   0.01525	  -0.00000	  -0.00000	  -0.00000	  -0.00000	  -0.06098
B         	  11.37668	  -4.29846	   0.00000	  -0.00000	   0.06098	  -0.00000	  -0.00000	  -0.00000	  -0.01525	  -0.00000	  -0.00000	  -0.00000	  -0.03049
B         	  11.38044	  -0.04618	   0.00000	   0.01525	   0.07623	   0.00000	   0.00000	   0.00000	  -0.03049	  -0.00000	   0.00000	  -0.00000	  -0.04574
B         	  11.37576	   4.20065	   0.00000	  -0.00000	   0.06098	   0.00000	   0.00000	   0.00000	  -0.01525	   0.00000	   0.00000	   0.00000	  -0.03049
B         	 -12.78408	  -2.17314	   0.00000	  -0.00000	   0.06098	   0.00000	  -0.00000	   0.00000	  -0.03049	   0.00000	  -0.00000	   0.00000	  -0.03049
B         	 -12.78408	   2.07664	   0.00000	  -0.00000	   0.06098	  -0.00000	  -0.00000	  -0.00000	  -0.03049	   0.00000	  -0.00000	   0.00000	  -0.03049
B         	 -12.78408	   6.32249	   0.00000	  -0.00000	   0.06098	  -0.00000	   0.00000	  -0.00000	  -0.01525	  -0.00000	   0.00000	  -0.00000	  -0.03049
B         	  -9.97719	  -2.17158	   0.00000	  -0.00000	   0.07623	   0.01525	   0.00000	   0.01525	  -0.03049	  -0.00000	   0.00000	  -0.00000	  -0.04574
B         	  -9.96895	   2.08126	   0.00000	  -0.00000	   0.07623	  -0.01525	   0.00000	  -0.01525	  -0.03049	  -0.00000	   0.00000	  -0.00000	  -0.04574
B         	  -9.96414	   6.32292	   0.00000	  -0.00000	   0.06098	   0.00000	  -0.00000	   0.00000	  -0.01525	   0.00000	  -0.00000	   0.00000	  -0.04574
B         	  -7.16995	  -2.16818	   0.00000	  -0.12196	   0.18294	   0.06098	  -0.00000	   0.06098	  -0.04574	   0.00000	  -0.00000	   0.00000	  -0.13721
B         	  -7.15009	   2.09153	   0.00000	  -0.03049	   0.12196	  -0.06098	   0.00000	  -0.06098	  -0.01525	   0.00000	   0.00000	   0.00000	  -0.09147
B         	  -7.13923	   6.32735	   0.00000	  -0.03049	   0.06098	  -0.00000	  -0.00000	  -0.00000	   0.03049	  -0.00000	  -0.00000	  -0.00000	  -0.09147
B         	  -4.36980	  -2.16094	   0.00000	  -2.24104	   0.80799	   0.36588	  -0.00000	   0.36588	   0.07623	  -0.00000	  -0.00000	  -0.00000	  -0.88422
B         	  -4.31405	   2.10653	   0.00000	  -0.42687	   0.38113	  -0.33539	   0.00000	  -0.33539	   0.09147	   0.00000	   0.00000	   0.00000	  -0.47260
B         	  -4.29528	   6.33697	   0.00000	   0.82324	  -0.07623	  -0.10672	   0.00000	  -0.10672	   0.35064	  -0.00000	   0.00000	  -0.00000	  -0.27441
B         	  -1.49828	  -2.09861	   0.00000	  -6.06758	  -0.70128	  -2.37825	   0.00000	  -2.37825	   5.38155	   0.00000	   0.00000	   0.00000	  -4.68027
B         	  -1.39829	   2.06261	   0.00000	  -8.03421	   4.36012	  -1.78369	   0.00000	  -1.78369	  -0.42687	  -0.00000	   0.00000	  -0.00000	  -3.93326
B         	  -1.42511	  -6.36995	   0.00000	  -0.13721	  -0.16770	  -0.03049	   0.00000	  -0.03049	   0.44211	  -0.00000	   0.00000	  -0.00000	  -0.27441
B         	   1.49828	  -2.09861	   0.00000	  -6.06758	  -0.70128	   2.37825	  -0.00000	   2.37825	   5.38155	   0.00000	  -0.00000	   0.00000	  -4.68027
B         	   1.39829	   2.06261	   0.00000	  -8.03421	   4.36012	   1.78369	  -0.00000	   1.78369	  -0.42687	  -0.00000	  -0.00000	  -0.00000	  -3.93326
B         	   1.42511	  -6.36995	   0.00000	  -0.13721	  -0.16770	   0.03049	  -0.00000	   0.03049	   0.44211	  -0.00000	  -0.00000	  -0.00000	  -0.27441
B         	   4.36980	  -2.16094	   0.00000	  -2.24104	   0.80799	  -0.36588	  -0.00000	  -0.36588	   0.07623	   0.00000	  -0.00000	   0.00000	  -0.88422
B         	   4.31405	   2.10653	   0.00000	  -0.42687	   0.38113	   0.33539	   0.00000	   0.33539	   0.09147	  -0.00000	   0.00000	  -0.00000	  -0.47260
B         	   4.29528	   6.33697	   0.00000	   0.82324	  -0.07623	   0.10672	  -0.00000	   0.10672	   0.35064	  -0.00000	  -0.00000	  -0.00000	  -0.27441
B         	   7.16995	  -2.16818	   0.00000	  -0.12196	   0.18294	  -0.06098	  -0.00000	  -0.06098	  -0.04574	  -0.00000	  -0.00000	  -0.00000	  -0.13721
B         	   7.15009	   2.09153	   0.00000	  -0.03049	   0.12196	   0.06098	   0.00000	   0.06098	  -0.01525	  -0.00000	   0.00000	  -0.00000	  -0.09147
B         	   7.13923	   6.32735	   0.00000	  -0.03049	   0.06098	   0.00000	  -0.00000	   0.00000	   0.03049	   0.00000	  -0.00000	   0.00000	  -0.09147
B         	   9.97719	  -2.17158	   0.00000	  -0.00000	   0.07623	  -0.01525	   0.00000	  -0.01525	  -0.03049	   0.00000	   0.00000	   0.00000	  -0.04574
B         	   9.96895	   2.08126	   0.00000	  -0.00000	   0.07623	   0.01525	   0.00000	   0.01525	  -0.03049	   0.00000	   0.00000	   0.00000	  -0.04574
B         	   9.96414	   6.32292	   0.00000	  -0.00000	   0.06098	  -0.00000	  -0.00000	  -0.00000	  -0.01525	  -0.00000	  -0.00000	  -0.00000	  -0.04574
N         	 -11.38150	  -2.85726	   0.00000	   0.00000	   0.06098	   0.00000	  -0.00000	   0.00000	  -0.03049	  -0.00000	  -0.00000	  -0.00000	  -0.04574
N         	 -11.38103	   1.39511	   0.00000	  -0.00000	   0.06098	  -0.00000	  -0.00000	  -0.00000	  -0.03049	  -0.00000	  -0.00000	  -0.00000	  -0.03049
N         	 -11.37767	   5.64173	   0.00000	   0.00000	   0.06098	   0.00000	   0.00000	   0.00000	  -0.01525	  -0.00000	   0.00000	  -0.00000	  -0.03049
N         	  -8.57651	  -2.85578	   0.00000	   0.09147	   0.10672	   0.04574	   0.00000	   0.04574	  -0.01525	   0.00000	   0.00000	   0.00000	  -0.07623
N         	  -8.57552	   1.40125	   0.00000	  -0.03049	   0.09147	  -0.03049	   0.00000	  -0.03049	  -0.03049	   0.00000	   0.00000	   0.00000	  -0.06098
N         	  -8.56028	   5.64590	   0.00000	   0.03049	   0.06098	   0.00000	  -0.00000	   0.00000	   0.01525	   0.00000	  -0.00000	   0.00000	  -0.06098
N         	  -5.77236	  -2.85713	   0.00000	   1.67697	   0.32015	   0.60981	  -0.00000	   0.60981	   0.16770	  -0.00000	  -0.00000	  -0.00000	  -0.48785
N         	  -5.77179	   1.41488	   0.00000	  -0.18294	   0.24392	  -0.12196	  -0.00000	  -0.12196	  -0.01525	  -0.00000	  -0.00000	  -0.00000	  -0.21343
N         	  -5.72908	   5.65684	   0.00000	   0.24392	  -0.03049	   0.09147	   0.00000	   0.09147	   0.25917	   0.00000	   0.00000	   0.00000	  -0.22868
N         	  -2.96007	  -2.85078	   0.00000	  53.26668	   1.78369	  12.80596	   0.00000	  12.80596	   6.69264	  -0.00000	   0.00000	  -0.00000	  -8.47632
N         	  -2.95909	   1.42544	   0.00000	   5.80842	  -1.21961	   0.10672	   0.00000	   0.10672	   4.48208	   0.00000	   0.00000	   0.00000	  -3.27772
N         	  -2.86471	   5.67158	   0.00000	   2.63742	  -0.07623	  -0.38113	   0.00000	  -0.38113	   0.53358	  -0.00000	   0.00000	  -0.00000	  -0.45736
N         	   0.00000	  -2.74987	   0.00000	  10.44295	   4.34488	  -0.00000	  -0.00000	  -0.00000	  -0.86898	  -0.00000	  -0.00000	  -0.00000	  -3.49115
N         	   0.00000	   5.68116	   0.00000	  -0.16770	  -0.18294	  -0.00000	   0.00000	  -0.00000	   0.50309	  -0.00000	   0.00000	  -0.00000	  -0.32015
N         	   2.96007	  -2.85078	   0.00000	  53.26668	   1.78369	 -12.80596	   0.00000	 -12.80596	   6.69264	  -0.00000	   0.00000	  -0.00000	  -8.47632
N         	   2.95909	   1.42544	   0.00000	   5.80842	  -1.21961	  -0.10672	   0.00000	  -0.10672	   4.48208	   0.00000	   0.00000	   0.00000	  -3.27772
N         	   2.86471	   5.67158	   0.00000	   2.63742	  -0.07623	   0.38113	  -0.00000	   0.38113	   0.53358	   0.00000	  -0.00000	   0.00000	  -0.45736
N         	   5.77236	  -2.85713	   0.00000	   1.67697	   0.32015	  -0.60981	  -0.00000	  -0.60981	   0.16770	  -0.00000	  -0.00000	  -0.00000	  -0.48785
N         	   5.77179	   1.41488	   0.00000	  -0.18294	   0.24392	   0.12196	  -0.00000	   0.12196	  -0.01525	   0.00000	  -0.00000	   0.00000	  -0.21343
N         	   5.72908	   5.65684	   0.00000	   0.24392	  -0.03049	  -0.09147	   0.00000	  -0.09147	   0.25917	  -0.00000	   0.00000	  -0.00000	  -0.22868
N         	   8.57651	  -2.85578	   0.00000	   0.09147	   0.10672	  -0.04574	   0.00000	  -0.04574	  -0.01525	  -0.00000	   0.00000	  -0.00000	  -0.07623
N         	   8.57552	   1.40125	   0.00000	  -0.03049	   0.09147	   0.03049	   0.00000	   0.03049	  -0.03049	  -0.00000	   0.00000	  -0.00000	  -0.06098
N         	   8.56028	   5.64590	   0.00000	   0.03049	   0.06098	  -0.00000	   0.00000	  -0.00000	   0.01525	  -0.00000	   0.00000	  -0.00000	  -0.06098
N         	  11.38150	  -2.85726	   0.00000	   0.00000	   0.06098	  -0.00000	  -0.00000	  -0.00000	  -0.03049	   0.00000	  -0.00000	   0.00000	  -0.04574
N         	  11.38103	   1.39511	   0.00000	  -0.00000	   0.06098	   0.00000	  -0.00000	   0.00000	  -0.03049	   0.00000	  -0.00000	   0.00000	  -0.03049
N         	  11.37767	   5.64173	   0.00000	   0.00000	   0.06098	  -0.00000	   0.00000	  -0.00000	  -0.01525	  -0.00000	   0.00000	  -0.00000	  -0.03049
N         	 -12.78408	  -4.98067	   0.00000	   0.00000	   0.06098	  -0.00000	   0.00000	  -0.00000	  -0.01525	   0.00000	   0.00000	   0.00000	  -0.03049
N         	 -12.78408	  -0.73170	   0.00000	   0.01525	   0.07623	   0.00000	  -0.00000	   0.00000	  -0.03049	  -0.00000	  -0.00000	  -0.00000	  -0.03049
N         	 -12.78408	   3.51835	   0.00000	  -0.00000	   0.06098	  -0.00000	  -0.00000	  -0.00000	  -0.01525	  -0.00000	  -0.00000	  -0.00000	  -0.03049
N         	  -9.97268	  -4.97999	   0.00000	   0.01525	   0.06098	   0.01525	  -0.00000	   0.01525	  -0.01525	  -0.00000	  -0.00000	  -0.00000	  -0.04574
N         	  -9.98437	  -0.72994	   0.00000	   0.09147	   0.10672	   0.01525	   0.00000	   0.01525	  -0.04574	   0.00000	   0.00000	   0.00000	  -0.06098
N         	  -9.97193	   3.52223	   0.00000	   0.00000	   0.06098	  -0.01525	  -0.00000	  -0.01525	  -0.01525	  -0.00000	  -0.00000	  -0.00000	  -0.04574
N         	  -7.15662	  -4.97760	   0.00000	   0.22868	   0.06098	   0.12196	   0.00000	   0.12196	   0.07623	  -0.00000	   0.00000	  -0.00000	  -0.13721
N         	  -7.19522	  -0.72529	   0.00000	   1.29584	   0.45736	   0.18294	  -0.00000	   0.18294	  -0.18294	   0.00000	  -0.00000	   0.00000	  -0.27441
N         	  -7.15280	   3.53342	   0.00000	  -0.00000	   0.07623	  -0.04574	  -0.00000	  -0.04574	   0.01525	   0.00000	  -0.00000	   0.00000	  -0.09147
N         	  -4.32246	  -4.97074	   0.00000	   5.00042	   0.06098	   1.32633	   0.00000	   1.32633	   0.97569	  -0.00000	   0.00000	  -0.00000	  -1.03667
N         	  -4.44731	  -0.71986	   0.00000	  20.91640	   5.12238	   3.99424	  -0.00000	   3.99424	  -1.61599	  -0.00000	  -0.00000	  -0.00000	  -3.49115
N         	  -4.31620	   3.55235	   0.00000	   1.57025	   0.12196	  -0.38113	  -0.00000	  -0.38113	   0.28966	   0.00000	  -0.00000	   0.00000	  -0.41162
N         	  -1.44052	  -4.92467	   0.00000	   0.07623	  -0.04574	   0.13721	   0.00000	   0.13721	   0.51834	  -0.00000	   0.00000	  -0.00000	  -0.47260
N         	  -1.44233	   3.54089	   0.00000	  31.03920	  -1.76844	  -4.39061	  -0.00000	  -4.39061	   5.64072	   0.00000	  -0.00000	   0.00000	  -3.87228
N         	   1.44052	  -4.92467	   0.00000	   0.07623	  -0.04574	  -0.13721	   0.00000	  -0.13721	   0.51834	  -0.00000	   0.00000	  -0.00000	  -0.47260
N         	   1.44233	   3.54089	   0.00000	  31.03920	  -1.76844	   4.39061	   0.00000	   4.39061	   5.64072	   0.00000	   0.00000	   0.00000	  -3.87228
N         	   4.32246	  -4.97074	   0.00000	   5.00042	   0.06098	  -1.32633	   0.00000	  -1.32633	   0.97569	   0.00000	   0.00000	   0.00000	  -1.03667
N         	   4.44731	  -0.71986	   0.00000	  20.91640	   5.12238	  -3.99424	  -0.00000	  -3.99424	  -1.61599	   0.00000	  -0.00000	   0.00000	  -3.49115
N         	   4.31620	   3.55235	   0.00000	   1.57025	   0.12196	   0.38113	  -0.00000	   0.38113	   0.28966	   0.00000	  -0.00000	   0.00000	  -0.41162
N         	   7.15662	  -4.97760	   0.00000	   0.22868	   0.06098	  -0.12196	   0.00000	  -0.12196	   0.07623	   0.00000	   0.00000	   0.00000	  -0.13721
N         	   7.19522	  -0.72529	   0.00000	   1.29584	   0.45736	  -0.18294	  -0.00000	  -0.18294	  -0.18294	  -0.00000	  -0.00000	  -0.00000	  -0.27441
N         	   7.15280	   3.53342	   0.00000	  -0.00000	   0.07623	   0.04574	   0.00000	   0.04574	   0.01525	  -0.00000	   0.00000	  -0.00000	  -0.09147
N         	   9.97268	  -4.97999	   0.00000	   0.01525	   0.06098	  -0.01525	  -0.00000	  -0.01525	  -0.01525	   0.00000	  -0.00000	   0.00000	  -0.04574
N         	   9.98437	  -0.72994	   0.00000	   0.09147	   0.10672	  -0.01525	   0.00000	  -0.01525	  -0.04574	  -0.00000	   0.00000	  -0.00000	  -0.06098
N         	   9.97193	   3.52223	   0.00000	   0.00000	   0.06098	   0.01525	  -0.00000	   0.01525	  -0.01525	   0.00000	  -0.00000	   0.00000	  -0.04574
N         	   1.84369	  -0.76358	   0.00000	 199.57473	  47.01615	-104.35330	   0.00000	-104.35330	  18.35520	   0.00000	   0.00000	   0.00000	 -65.37136
N         	  -1.84369	  -0.76358	   0.00000	 199.57473	  47.01615	 104.35330	   0.00000	 104.35330	  18.35520	   0.00000	   0.00000	   0.00000	 -65.37136
N         	   0.00000	   1.52717	   0.00000	 220.94848	 -70.09737	   0.00000	  -0.00000	   0.00000	 136.32245	   0.00000	  -0.00000	   0.00000	 -66.22509
