--------------------------------------------------------------------------------------------------------------------------------------------------------------------------
  AtomName	    r_1i_X	    r_1i_Y	    r_1i_Z	     EFGxx	     EFGxy	     EFGxz	     EFGyx	     EFGyy	     EFGyz	     EFGzx	     EFGzy	     EFGzz	[Hatree/Bohr_radius^2]
--------------------------------------------------------------------------------------------------------------------------------------------------------------------------
10B  eQ___:	  8.459000	[Q/milibarn]*(10^-1)
11B  eQ___:	  4.059000	[Q/milibarn]*(10^-1)
14N  eQ___:	  2.044000	[Q/milibarn]*(10^-1)
15N  eQ___:	  0.000000	[Q/milibarn]*(10^-1)
10B  etc____:	---       	---       	---       	  -0.11359	   0.00000	   0.00000	   0.00000	  -0.20059	  -0.00000	   0.00000	  -0.00000	   0.31419
11B  etc____:	---       	---       	---       	  -0.11359	   0.00000	   0.00000	   0.00000	  -0.20059	  -0.00000	   0.00000	  -0.00000	   0.31419
14N  etc____:	---       	---       	---       	   0.28728	  -0.00000	  -0.00000	  -0.00000	  -0.17283	   0.00000	  -0.00000	   0.00000	  -0.11444
15N  etc____:	---       	---       	---       	   0.28728	  -0.00000	  -0.00000	  -0.00000	  -0.17283	   0.00000	  -0.00000	   0.00000	  -0.11444
MinDif[A]:	 -12.78408	  -6.36995	   0.00000
MaxDif[A]:	  11.38150	   6.33697	   0.00000
--------------------------------------------------------------------------------------------------------------------------------------------------------------------------
B         	 -11.37668	  -4.29846	   0.00000	  -0.11330	   0.00332	  -0.00000	   0.00332	  -0.20072	   0.00000	  -0.00000	   0.00000	   0.31403
B         	 -11.38044	  -0.04618	   0.00000	  -0.11376	   0.00473	   0.00000	   0.00473	  -0.20144	   0.00000	   0.00000	   0.00000	   0.31520
B         	 -11.37576	   4.20065	   0.00000	  -0.11396	   0.00420	   0.00000	   0.00420	  -0.20035	   0.00000	   0.00000	   0.00000	   0.31431
B         	  -8.56243	  -4.29616	   0.00000	  -0.11098	   0.00768	  -0.00000	   0.00768	  -0.20177	   0.00000	  -0.00000	   0.00000	   0.31275
B         	  -8.57902	  -0.04113	   0.00000	  -0.11483	   0.01339	  -0.00000	   0.01339	  -0.20130	  -0.00000	  -0.00000	  -0.00000	   0.31611
B         	  -8.55109	   4.20511	   0.00000	  -0.11390	   0.01632	   0.00000	   0.01632	  -0.19942	   0.00000	   0.00000	   0.00000	   0.31332
B         	  -5.74106	  -4.29499	   0.00000	  -0.10532	   0.01024	  -0.00000	   0.01024	  -0.20332	  -0.00000	  -0.00000	  -0.00000	   0.30864
B         	  -5.79818	  -0.02943	   0.00000	  -0.11889	   0.02438	  -0.00000	   0.02438	  -0.20144	  -0.00000	  -0.00000	  -0.00000	   0.32034
B         	  -5.71426	   4.21672	   0.00000	  -0.11108	   0.02670	  -0.00000	   0.02670	  -0.19850	  -0.00000	  -0.00000	  -0.00000	   0.30959
B         	  -2.89747	  -4.27349	   0.00000	  -0.08597	   0.01400	   0.00000	   0.01400	  -0.21078	  -0.00000	   0.00000	  -0.00000	   0.29675
B         	  -3.06514	  -0.01882	   0.00000	  -0.10967	   0.04698	  -0.00000	   0.04698	  -0.21278	   0.00000	  -0.00000	   0.00000	   0.32246
B         	  -2.85410	   4.22329	   0.00000	  -0.10439	   0.02514	  -0.00000	   0.02514	  -0.19666	  -0.00000	  -0.00000	  -0.00000	   0.30105
B         	   0.00000	  -4.19666	   0.00000	  -0.06971	  -0.00000	   0.00000	  -0.00000	  -0.21482	  -0.00000	   0.00000	  -0.00000	   0.28453
B         	   0.00000	   4.22645	   0.00000	  -0.10714	   0.00000	  -0.00000	   0.00000	  -0.19051	   0.00000	  -0.00000	   0.00000	   0.29764
B         	   2.89747	  -4.27349	   0.00000	  -0.08597	  -0.01400	   0.00000	  -0.01400	  -0.21078	  -0.00000	   0.00000	  -0.00000	   0.29675
B         	   3.06514	  -0.01882	   0.00000	  -0.10967	  -0.04698	   0.00000	  -0.04698	  -0.21278	   0.00000	   0.00000	   0.00000	   0.32246
B         	   2.85410	   4.22329	   0.00000	  -0.10439	  -0.02514	  -0.00000	  -0.02514	  -0.19666	  -0.00000	  -0.00000	  -0.00000	   0.30105
B         	   5.74106	  -4.29499	   0.00000	  -0.10532	  -0.01024	   0.00000	  -0.01024	  -0.20332	  -0.00000	   0.00000	  -0.00000	   0.30864
B         	   5.79818	  -0.02943	   0.00000	  -0.11889	  -0.02438	   0.00000	  -0.02438	  -0.20144	  -0.00000	   0.00000	  -0.00000	   0.32034
B         	   5.71426	   4.21672	   0.00000	  -0.11108	  -0.02670	   0.00000	  -0.02670	  -0.19850	  -0.00000	   0.00000	  -0.00000	   0.30959
B         	   8.56243	  -4.29616	   0.00000	  -0.11098	  -0.00768	   0.00000	  -0.00768	  -0.20177	  -0.00000	   0.00000	  -0.00000	   0.31275
B         	   8.57902	  -0.04113	   0.00000	  -0.11483	  -0.01339	   0.00000	  -0.01339	  -0.20130	  -0.00000	   0.00000	  -0.00000	   0.31611
B         	   8.55109	   4.20511	   0.00000	  -0.11390	  -0.01632	  -0.00000	  -0.01632	  -0.19942	  -0.00000	  -0.00000	  -0.00000	   0.31332
B         	  11.37668	  -4.29846	   0.00000	  -0.11330	  -0.00332	  -0.00000	  -0.00332	  -0.20072	   0.00000	  -0.00000	   0.00000	   0.31403
B         	  11.38044	  -0.04618	   0.00000	  -0.11376	  -0.00473	  -0.00000	  -0.00473	  -0.20144	   0.00000	  -0.00000	   0.00000	   0.31520
B         	  11.37576	   4.20065	   0.00000	  -0.11396	  -0.00420	   0.00000	  -0.00420	  -0.20035	   0.00000	   0.00000	   0.00000	   0.31431
B         	 -12.78408	  -2.17314	   0.00000	  -0.11307	   0.00000	   0.00000	   0.00000	  -0.20130	  -0.00000	   0.00000	  -0.00000	   0.31436
B         	 -12.78408	   2.07664	   0.00000	  -0.11484	   0.00000	   0.00000	   0.00000	  -0.20015	  -0.00000	   0.00000	  -0.00000	   0.31497
B         	 -12.78408	   6.32249	   0.00000	  -0.11359	   0.00000	   0.00000	   0.00000	  -0.20059	  -0.00000	   0.00000	  -0.00000	   0.31419
B         	  -9.97719	  -2.17158	   0.00000	  -0.11292	   0.00518	   0.00000	   0.00518	  -0.20126	  -0.00000	   0.00000	  -0.00000	   0.31418
B         	  -9.96895	   2.08126	   0.00000	  -0.11365	   0.01229	  -0.00000	   0.01229	  -0.20096	  -0.00000	  -0.00000	  -0.00000	   0.31461
B         	  -9.96414	   6.32292	   0.00000	  -0.11339	   0.00819	   0.00000	   0.00819	  -0.20013	  -0.00000	   0.00000	  -0.00000	   0.31352
B         	  -7.16995	  -2.16818	   0.00000	  -0.11191	   0.01215	   0.00000	   0.01215	  -0.20102	  -0.00000	   0.00000	  -0.00000	   0.31293
B         	  -7.15009	   2.09153	   0.00000	  -0.11453	   0.02812	  -0.00000	   0.02812	  -0.19909	  -0.00000	  -0.00000	  -0.00000	   0.31362
B         	  -7.13923	   6.32735	   0.00000	  -0.11012	   0.01303	   0.00000	   0.01303	  -0.20116	  -0.00000	   0.00000	  -0.00000	   0.31128
B         	  -4.36980	  -2.16094	   0.00000	  -0.10510	   0.01727	  -0.00000	   0.01727	  -0.20019	   0.00000	  -0.00000	   0.00000	   0.30529
B         	  -4.31405	   2.10653	   0.00000	  -0.11339	   0.05158	  -0.00000	   0.05158	  -0.19211	   0.00000	  -0.00000	   0.00000	   0.30550
B         	  -4.29528	   6.33697	   0.00000	  -0.10182	   0.01336	   0.00000	   0.01336	  -0.20464	   0.00000	   0.00000	   0.00000	   0.30646
B         	  -1.49828	  -2.09861	   0.00000	  -0.05373	   0.08131	  -0.00000	   0.08131	  -0.20499	   0.00000	  -0.00000	   0.00000	   0.25872
B         	  -1.39829	   2.06261	   0.00000	  -0.12602	   0.06202	  -0.00000	   0.06202	  -0.14738	   0.00000	  -0.00000	   0.00000	   0.27340
B         	  -1.42511	  -6.36995	   0.00000	  -0.09310	   0.01046	   0.00000	   0.01046	  -0.20476	   0.00000	   0.00000	   0.00000	   0.29787
B         	   1.49828	  -2.09861	   0.00000	  -0.05373	  -0.08131	  -0.00000	  -0.08131	  -0.20499	  -0.00000	  -0.00000	  -0.00000	   0.25872
B         	   1.39829	   2.06261	   0.00000	  -0.12602	  -0.06202	  -0.00000	  -0.06202	  -0.14738	  -0.00000	  -0.00000	  -0.00000	   0.27340
B         	   1.42511	  -6.36995	   0.00000	  -0.09310	  -0.01046	   0.00000	  -0.01046	  -0.20476	   0.00000	   0.00000	   0.00000	   0.29787
B         	   4.36980	  -2.16094	   0.00000	  -0.10510	  -0.01727	  -0.00000	  -0.01727	  -0.20019	   0.00000	  -0.00000	   0.00000	   0.30529
B         	   4.31405	   2.10653	   0.00000	  -0.11339	  -0.05158	   0.00000	  -0.05158	  -0.19211	   0.00000	   0.00000	   0.00000	   0.30550
B         	   4.29528	   6.33697	   0.00000	  -0.10182	  -0.01336	   0.00000	  -0.01336	  -0.20464	   0.00000	   0.00000	   0.00000	   0.30646
B         	   7.16995	  -2.16818	   0.00000	  -0.11191	  -0.01215	  -0.00000	  -0.01215	  -0.20102	   0.00000	  -0.00000	   0.00000	   0.31293
B         	   7.15009	   2.09153	   0.00000	  -0.11453	  -0.02812	   0.00000	  -0.02812	  -0.19909	   0.00000	   0.00000	   0.00000	   0.31362
B         	   7.13923	   6.32735	   0.00000	  -0.11012	  -0.01303	  -0.00000	  -0.01303	  -0.20116	   0.00000	  -0.00000	   0.00000	   0.31128
B         	   9.97719	  -2.17158	   0.00000	  -0.11292	  -0.00518	   0.00000	  -0.00518	  -0.20126	  -0.00000	   0.00000	  -0.00000	   0.31418
B         	   9.96895	   2.08126	   0.00000	  -0.11365	  -0.01229	  -0.00000	  -0.01229	  -0.20096	   0.00000	  -0.00000	   0.00000	   0.31461
B         	   9.96414	   6.32292	   0.00000	  -0.11339	  -0.00819	  -0.00000	  -0.00819	  -0.20013	   0.00000	  -0.00000	   0.00000	   0.31352
N         	 -11.38150	  -2.85726	   0.00000	   0.27862	  -0.00339	   0.00000	  -0.00339	  -0.16735	  -0.00000	   0.00000	  -0.00000	  -0.11127
N         	 -11.38103	   1.39511	   0.00000	   0.28317	   0.00219	  -0.00000	   0.00219	  -0.16637	  -0.00000	  -0.00000	  -0.00000	  -0.11679
N         	 -11.37767	   5.64173	   0.00000	   0.29239	  -0.00009	  -0.00000	  -0.00009	  -0.17436	  -0.00000	  -0.00000	  -0.00000	  -0.11804
N         	  -8.57651	  -2.85578	   0.00000	   0.27636	  -0.01281	   0.00000	  -0.01281	  -0.16920	  -0.00000	   0.00000	  -0.00000	  -0.10717
N         	  -8.57552	   1.40125	   0.00000	   0.28320	   0.00984	   0.00000	   0.00984	  -0.16278	   0.00000	   0.00000	   0.00000	  -0.12041
N         	  -8.56028	   5.64590	   0.00000	   0.30017	  -0.00136	   0.00000	  -0.00136	  -0.17981	   0.00000	   0.00000	   0.00000	  -0.12036
N         	  -5.77236	  -2.85713	   0.00000	   0.27250	  -0.03110	   0.00000	  -0.03110	  -0.17225	   0.00000	   0.00000	   0.00000	  -0.10025
N         	  -5.77179	   1.41488	   0.00000	   0.29209	   0.03339	  -0.00000	   0.03339	  -0.16060	   0.00000	  -0.00000	   0.00000	  -0.13149
N         	  -5.72908	   5.65684	   0.00000	   0.31961	   0.00078	   0.00000	   0.00078	  -0.19030	   0.00000	   0.00000	   0.00000	  -0.12933
N         	  -2.96007	  -2.85078	   0.00000	   0.34538	   0.02019	   0.00000	   0.02019	  -0.17716	   0.00000	   0.00000	   0.00000	  -0.16822
N         	  -2.95909	   1.42544	   0.00000	   0.34067	   0.08172	  -0.00000	   0.08172	  -0.16244	  -0.00000	  -0.00000	  -0.00000	  -0.17823
N         	  -2.86471	   5.67158	   0.00000	   0.33615	   0.00814	   0.00000	   0.00814	  -0.17691	   0.00000	   0.00000	   0.00000	  -0.15924
N         	   0.00000	  -2.74987	   0.00000	   0.43848	   0.00000	  -0.00000	   0.00000	  -0.18070	   0.00000	  -0.00000	   0.00000	  -0.25779
N         	   0.00000	   5.68116	   0.00000	   0.32370	  -0.00000	   0.00000	  -0.00000	  -0.16280	   0.00000	   0.00000	   0.00000	  -0.16090
N         	   2.96007	  -2.85078	   0.00000	   0.34538	  -0.02019	   0.00000	  -0.02019	  -0.17716	   0.00000	   0.00000	   0.00000	  -0.16822
N         	   2.95909	   1.42544	   0.00000	   0.34067	  -0.08172	  -0.00000	  -0.08172	  -0.16244	   0.00000	  -0.00000	   0.00000	  -0.17823
N         	   2.86471	   5.67158	   0.00000	   0.33615	  -0.00814	  -0.00000	  -0.00814	  -0.17691	  -0.00000	  -0.00000	  -0.00000	  -0.15924
N         	   5.77236	  -2.85713	   0.00000	   0.27250	   0.03110	  -0.00000	   0.03110	  -0.17225	   0.00000	  -0.00000	   0.00000	  -0.10025
N         	   5.77179	   1.41488	   0.00000	   0.29209	  -0.03339	   0.00000	  -0.03339	  -0.16060	   0.00000	   0.00000	   0.00000	  -0.13149
N         	   5.72908	   5.65684	   0.00000	   0.31961	  -0.00078	   0.00000	  -0.00078	  -0.19030	   0.00000	   0.00000	   0.00000	  -0.12933
N         	   8.57651	  -2.85578	   0.00000	   0.27636	   0.01281	   0.00000	   0.01281	  -0.16920	   0.00000	   0.00000	   0.00000	  -0.10717
N         	   8.57552	   1.40125	   0.00000	   0.28320	  -0.00984	  -0.00000	  -0.00984	  -0.16278	   0.00000	  -0.00000	   0.00000	  -0.12041
N         	   8.56028	   5.64590	   0.00000	   0.30017	   0.00136	  -0.00000	   0.00136	  -0.17981	   0.00000	  -0.00000	   0.00000	  -0.12036
N         	  11.38150	  -2.85726	   0.00000	   0.27862	   0.00339	   0.00000	   0.00339	  -0.16735	  -0.00000	   0.00000	  -0.00000	  -0.11127
N         	  11.38103	   1.39511	   0.00000	   0.28317	  -0.00219	  -0.00000	  -0.00219	  -0.16637	  -0.00000	  -0.00000	  -0.00000	  -0.11679
N         	  11.37767	   5.64173	   0.00000	   0.29239	   0.00009	  -0.00000	   0.00009	  -0.17436	   0.00000	  -0.00000	   0.00000	  -0.11804
N         	 -12.78408	  -4.98067	   0.00000	   0.28728	  -0.00000	  -0.00000	  -0.00000	  -0.17283	   0.00000	  -0.00000	   0.00000	  -0.11444
N         	 -12.78408	  -0.73170	   0.00000	   0.27528	  -0.00000	   0.00000	  -0.00000	  -0.16312	   0.00000	   0.00000	   0.00000	  -0.11216
N         	 -12.78408	   3.51835	   0.00000	   0.28883	  -0.00000	  -0.00000	  -0.00000	  -0.16994	  -0.00000	  -0.00000	  -0.00000	  -0.11889
N         	  -9.97268	  -4.97999	   0.00000	   0.28764	  -0.00581	   0.00000	  -0.00581	  -0.17350	  -0.00000	   0.00000	  -0.00000	  -0.11414
N         	  -9.98437	  -0.72994	   0.00000	   0.26864	  -0.00211	   0.00000	  -0.00211	  -0.15963	  -0.00000	   0.00000	  -0.00000	  -0.10901
N         	  -9.97193	   3.52223	   0.00000	   0.29483	   0.00333	  -0.00000	   0.00333	  -0.17366	   0.00000	  -0.00000	   0.00000	  -0.12117
N         	  -7.15662	  -4.97760	   0.00000	   0.29516	  -0.01486	   0.00000	  -0.01486	  -0.18213	   0.00000	   0.00000	   0.00000	  -0.11303
N         	  -7.19522	  -0.72529	   0.00000	   0.24280	  -0.00862	   0.00000	  -0.00862	  -0.14392	  -0.00000	   0.00000	  -0.00000	  -0.09888
N         	  -7.15280	   3.53342	   0.00000	   0.30855	   0.01368	  -0.00000	   0.01368	  -0.17813	   0.00000	  -0.00000	   0.00000	  -0.13042
N         	  -4.32246	  -4.97074	   0.00000	   0.31770	  -0.01445	   0.00000	  -0.01445	  -0.18700	  -0.00000	   0.00000	  -0.00000	  -0.13070
N         	  -4.44731	  -0.71986	   0.00000	   0.19178	  -0.00532	   0.00000	  -0.00532	  -0.11287	   0.00000	   0.00000	   0.00000	  -0.07891
N         	  -4.31620	   3.55235	   0.00000	   0.33506	   0.02618	  -0.00000	   0.02618	  -0.18413	  -0.00000	  -0.00000	  -0.00000	  -0.15094
N         	  -1.44052	  -4.92467	   0.00000	   0.34862	   0.02327	  -0.00000	   0.02327	  -0.16920	   0.00000	  -0.00000	   0.00000	  -0.17942
N         	  -1.44233	   3.54089	   0.00000	   0.32478	  -0.00554	   0.00000	  -0.00554	  -0.12929	  -0.00000	   0.00000	  -0.00000	  -0.19548
N         	   1.44052	  -4.92467	   0.00000	   0.34862	  -0.02327	   0.00000	  -0.02327	  -0.16920	  -0.00000	   0.00000	  -0.00000	  -0.17942
N         	   1.44233	   3.54089	   0.00000	   0.32478	   0.00554	  -0.00000	   0.00554	  -0.12929	  -0.00000	  -0.00000	  -0.00000	  -0.19548
N         	   4.32246	  -4.97074	   0.00000	   0.31770	   0.01445	  -0.00000	   0.01445	  -0.18700	  -0.00000	  -0.00000	  -0.00000	  -0.13070
N         	   4.44731	  -0.71986	   0.00000	   0.19178	   0.00532	  -0.00000	   0.00532	  -0.11288	   0.00000	  -0.00000	   0.00000	  -0.07891
N         	   4.31620	   3.55235	   0.00000	   0.33506	  -0.02618	   0.00000	  -0.02618	  -0.18413	  -0.00000	   0.00000	  -0.00000	  -0.15094
N         	   7.15662	  -4.97760	   0.00000	   0.29516	   0.01486	  -0.00000	   0.01486	  -0.18213	  -0.00000	  -0.00000	  -0.00000	  -0.11303
N         	   7.19522	  -0.72529	   0.00000	   0.24280	   0.00862	  -0.00000	   0.00862	  -0.14392	  -0.00000	  -0.00000	  -0.00000	  -0.09888
N         	   7.15280	   3.53342	   0.00000	   0.30855	  -0.01368	   0.00000	  -0.01368	  -0.17813	  -0.00000	   0.00000	  -0.00000	  -0.13042
N         	   9.97268	  -4.97999	   0.00000	   0.28764	   0.00581	   0.00000	   0.00581	  -0.17350	  -0.00000	   0.00000	  -0.00000	  -0.11414
N         	   9.98437	  -0.72994	   0.00000	   0.26864	   0.00211	   0.00000	   0.00211	  -0.15963	  -0.00000	   0.00000	  -0.00000	  -0.10901
N         	   9.97193	   3.52223	   0.00000	   0.29483	  -0.00333	   0.00000	  -0.00333	  -0.17366	  -0.00000	   0.00000	  -0.00000	  -0.12117
N         	   1.84369	  -0.76358	   0.00000	   0.18935	  -0.24621	   0.00000	  -0.24621	  -0.04988	   0.00000	   0.00000	   0.00000	  -0.13948
N         	  -1.84369	  -0.76358	   0.00000	   0.18935	   0.24621	  -0.00000	   0.24621	  -0.04988	   0.00000	  -0.00000	   0.00000	  -0.13947
N         	   0.00000	   1.52717	   0.00000	   0.15311	   0.00000	   0.00000	   0.00000	   0.18465	   0.00000	   0.00000	   0.00000	  -0.33776
